0 774.551567
1 747.599854
2 732.366797
3 720.602140
4 709.412136
5 697.750467
6 685.217585
7 671.618233
8 656.882404
9 641.037172
10 624.323849
11 607.194197
12 589.815752
13 572.448876
14 555.342432
15 539.005153
16 523.837489
17 509.784452
18 497.030012
19 485.352814
20 474.762688
21 465.205642
22 456.606169
23 448.863809
24 441.865471
25 435.505150
26 429.691767
27 424.346692
28 419.378738
29 414.623613
30 410.223582
31 406.258723
32 402.549662
33 399.065332
34 395.774211
35 392.649850
36 389.663865
37 386.570494
38 383.511749
39 380.864374
40 378.291486
41 375.820935
42 373.462512
43 371.198002
44 369.109372
45 367.153619
46 365.300318
47 363.525795
48 361.823362
49 360.224994
50 358.705598
51 357.249235
52 355.855046
53 354.510142
54 353.218240
55 351.958085
56 350.719169
57 349.376688
58 347.615112
59 346.474748
60 345.416241
61 344.398507
62 343.415763
63 342.459717
64 341.519412
65 340.587652
66 339.691288
67 338.793282
68 337.844632
69 337.031952
70 336.263512
71 335.528125
72 334.817607
73 334.130331
74 333.462311
75 332.814087
76 332.179851
77 331.554081
78 330.892161
79 329.968686
80 329.283947
81 328.717590
82 328.196362
83 327.707813
84 327.208728
85 326.752267
86 326.267692
87 325.843308
88 325.371066
89 324.988802
90 324.536580
91 324.191419
92 323.755552
93 323.433397
94 323.009059
95 322.697181
96 322.286949
97 321.991313
98 321.597541
99 321.314077
100 320.931634
101 320.657090
102 320.284872
103 320.017740
104 319.654578
105 319.392728
106 319.040176
107 318.783691
108 318.444106
109 318.190614
110 317.862265
111 317.604105
112 317.275238
113 316.981675
114 316.573729
115 316.190082
116 315.912099
117 315.684022
118 315.437883
119 315.215948
120 314.980385
121 314.748921
122 314.445759
123 313.990253
124 313.767154
125 313.561534
126 313.359806
127 313.164703
128 312.972572
129 312.784916
130 312.600502
131 312.419614
132 312.241593
133 312.066199
134 311.892582
135 311.718886
136 311.537048
137 311.326520
138 311.149072
139 310.985795
140 310.824499
141 310.664293
142 310.502459
143 310.318486
144 310.048788
145 309.901220
146 309.734933
147 309.631117
148 309.446106
149 309.311522
150 309.080646
151 309.398397
152 308.373223
153 308.232509
154 308.084643
155 307.942352
156 307.800288
157 307.654180
158 307.511547
159 307.377165
160 307.246265
161 307.116925
162 306.987191
163 306.855414
164 306.712675
165 306.508589
166 306.234204
167 306.109055
168 305.985742
169 305.864028
170 305.743557
171 305.623864
172 305.505097
173 305.386738
174 305.268962
175 305.151156
176 305.033417
177 304.914937
178 304.795652
179 304.674535
180 304.551537
181 304.426147
182 304.299451
183 304.172743
184 304.047971
185 303.926052
186 303.807191
187 303.690964
188 303.576882
189 303.464483
190 303.353414
191 303.243398
192 303.134226
193 303.025733
194 302.917788
195 302.810286
196 302.703132
197 302.596244
198 302.489541
199 302.382934
200 302.276314
201 302.169530
202 302.062342
203 301.954333
204 301.844696
205 301.731702
206 301.611371
207 301.476229
208 301.331865
209 301.208806
210 301.098572
211 300.993070
212 300.889855
213 300.787877
214 300.686680
215 300.586027
216 300.485774
217 300.385819
218 300.286087
219 300.186513
220 300.087045
221 299.987636
222 299.888244
223 299.788833
224 299.689370
225 299.589826
226 299.490172
227 299.390384
228 299.290438
229 299.190310
230 299.089979
231 298.989423
232 298.888621
233 298.787552
234 298.686196
235 298.584529
236 298.482529
237 298.380174
238 298.277436
239 298.174288
240 298.070698
241 297.966630
242 297.862035
243 297.756854
244 297.650997
245 297.544323
246 297.436585
247 297.327323
248 297.215734
249 297.101073
250 296.984682
251 296.869436
252 296.755544
253 296.642082
254 296.528461
255 296.414335
256 296.299462
257 296.183613
258 296.066513
259 295.947778
260 295.826832
261 295.702849
262 295.575345
263 295.450735
264 295.345301
265 295.207836
266 295.109199
267 294.963811
268 294.861195
269 294.714580
270 294.623849
271 294.467239
272 294.347966
273 294.210064
274 294.104943
275 293.944970
276 293.858471
277 293.687084
278 293.546356
279 293.433896
280 293.262880
281 293.181323
282 292.992584
283 292.823617
284 292.751008
285 292.543171
286 292.348670
287 292.195140
288 291.976523
289 291.810619
290 291.593214
291 291.405982
292 291.260270
293 291.067796
294 290.994168
295 290.765589
296 290.563805
297 290.382497
298 290.218952
299 289.994568
300 289.880144
301 289.567619
302 289.329006
303 289.101192
304 288.967517
305 288.692897
306 288.442127
307 288.271440
308 287.990750
309 287.728484
310 287.489516
311 287.215416
312 287.081351
313 286.780369
314 286.508697
315 286.254554
316 286.037699
317 285.739007
318 285.535859
319 285.216340
320 284.923104
321 284.715317
322 284.378220
323 284.063873
324 283.869026
325 283.513231
326 283.182688
327 282.879564
328 282.560954
329 282.252492
330 281.902481
331 281.661149
332 281.263803
333 280.888068
334 280.552080
335 280.162828
336 279.897963
337 279.459374
338 279.046763
339 278.638045
340 278.309060
341 277.848022
342 277.401957
343 277.052715
344 276.564227
345 276.090310
346 275.681409
347 275.173321
348 274.697552
349 274.208911
350 273.701409
351 273.188455
352 272.632612
353 272.151596
354 271.561775
355 270.981601
356 270.480029
357 269.838603
358 269.216180
359 268.627270
360 267.995659
361 267.428201
362 266.758665
363 266.097570
364 265.488829
365 264.802246
366 264.129209
367 263.487726
368 262.791211
369 262.118586
370 261.426981
371 260.754645
372 260.044874
373 259.358791
374 258.639952
375 257.939999
376 257.211070
377 256.494282
378 255.745653
379 255.010095
380 254.266626
381 253.536544
382 252.792069
383 252.054515
384 251.304918
385 250.559161
386 249.802940
387 249.046057
388 248.274846
389 247.486084
390 246.661487
391 245.812123
392 244.925678
393 244.122637
394 243.350986
395 242.572954
396 241.791394
397 241.018016
398 240.247761
399 239.479136
400 238.710979
401 237.944489
402 237.179135
403 236.416176
404 235.654260
405 234.894592
406 234.134611
407 233.376320
408 232.615844
409 231.857862
410 231.095597
411 230.338830
412 229.573898
413 228.820412
414 228.052676
415 227.300212
416 226.532401
417 225.775295
418 225.009264
419 224.257286
420 223.490979
421 222.733170
422 221.969640
423 221.220325
424 220.456620
425 219.696700
426 218.936898
427 218.191237
428 217.429935
429 216.666561
430 215.910244
431 215.165482
432 214.405256
433 213.643296
434 212.887765
435 212.142929
436 211.385506
437 210.616739
438 209.864405
439 209.118258
440 208.359259
441 207.596729
442 206.841727
443 206.087389
444 205.329311
445 204.543532
446 203.776500
447 203.012834
448 202.250021
449 201.470308
450 200.717785
451 199.963763
452 199.209941
453 198.420331
454 197.670644
455 196.910122
456 196.149940
457 195.381049
458 194.631144
459 193.847388
460 193.100882
461 192.331365
462 191.587814
463 190.810281
464 190.073340
465 189.308377
466 188.574796
467 187.811420
468 187.083906
469 186.327126
470 185.603333
471 184.851831
472 184.131917
473 183.385454
474 182.668989
475 181.927098
476 181.213825
477 180.476029
478 179.765686
479 179.031517
480 178.323826
481 177.592823
482 176.887492
483 176.159210
484 175.455952
485 174.729982
486 174.028542
487 173.304538
488 172.604712
489 171.882400
490 171.184010
491 170.463171
492 169.766114
493 169.047011
494 168.352418
495 167.637509
496 166.947422
497 166.236603
498 165.550267
499 164.844953
500 164.164422
501 163.464893
502 162.787261
503 162.084985
504 161.399374
505 160.706724
506 160.050715
507 159.376898
508 158.711120
509 157.713510
510 156.969537
511 156.288182
512 155.631059
513 154.944232
514 154.228203
515 153.382801
516 152.716968
517 152.061384
518 151.430300
519 150.782642
520 150.157988
521 149.516656
522 148.898107
523 148.262465
524 147.648960
525 147.018530
526 146.409361
527 145.784235
528 145.179551
529 144.560949
530 143.962057
531 143.351005
532 142.757082
533 142.152070
534 141.561690
535 140.961988
536 140.374451
537 139.779468
538 139.194096
539 138.603178
540 138.019640
541 137.432698
542 136.851663
543 136.269406
544 135.692044
545 135.115117
546 134.542267
547 133.970931
548 133.403090
549 132.837405
550 132.274843
551 131.714761
552 131.157563
553 130.602942
554 130.051022
555 129.501627
556 128.954738
557 128.410205
558 127.867930
559 127.327734
560 126.789455
561 126.252882
562 125.717831
563 125.184143
564 124.651797
565 124.120964
566 123.592076
567 123.065723
568 122.542474
569 122.022723
570 121.506678
571 120.994383
572 120.485749
573 119.980598
574 119.478752
575 118.980073
576 118.484475
577 117.991905
578 117.502325
579 117.015701
580 116.531994
581 116.051142
582 115.573045
583 115.097494
584 114.623870
585 114.146452
586 113.612811
587 113.138120
588 112.677110
589 112.214522
590 111.756748
591 111.304226
592 110.854628
593 110.407860
594 109.963262
595 109.521926
596 109.083167
597 108.647720
598 108.214627
599 107.784715
600 107.357047
601 106.932579
602 106.510272
603 106.091153
604 105.674078
605 105.260167
606 104.848192
607 104.439362
608 104.032384
609 103.628545
610 103.226528
611 102.827688
612 102.430682
613 102.036887
614 101.644886
615 101.256089
616 100.869010
617 100.485122
618 100.102936
619 99.723929
620 99.346719
621 98.972593
622 98.600391
623 98.231066
624 97.863772
625 97.499144
626 97.136636
627 96.776650
628 96.418852
629 96.063485
630 95.710340
631 95.359563
632 95.011016
633 94.664781
634 94.320764
635 93.979008
636 93.639445
637 93.302091
638 92.966892
639 92.633847
640 92.302910
641 91.974066
642 91.647267
643 91.322489
644 90.999678
645 90.678792
646 90.359765
647 90.042529
648 89.726984
649 89.413005
650 89.100401
651 88.788889
652 88.477999
653 88.167039
654 87.855401
655 87.544232
656 87.236641
657 86.932932
658 86.631607
659 86.331892
660 86.033415
661 85.735984
662 85.439437
663 85.143722
664 84.848789
665 84.554829
666 84.262013
667 83.970919
668 83.681828
669 83.395500
670 83.111733
671 82.831175
672 82.552884
673 82.277846
674 82.004541
675 81.734847
676 81.466405
677 81.202224
678 80.938175
679 80.677629
680 80.411386
681 80.142250
682 79.861008
683 79.583925
684 79.304925
685 79.041386
686 78.774690
687 78.525685
688 78.267864
689 78.028758
690 77.775991
691 77.542690
692 77.293561
693 77.064039
694 76.818409
695 76.592384
696 76.350232
697 76.127732
698 75.888857
699 75.669765
700 75.433976
701 75.218120
702 74.985355
703 74.772476
704 74.542776
705 74.332471
706 74.105981
707 73.897755
708 73.674724
709 73.468172
710 73.248859
711 73.043867
712 72.828394
713 72.625120
714 72.413420
715 72.212061
716 72.003951
717 71.804614
718 71.599896
719 71.402619
720 71.201120
721 71.005910
722 70.807480
723 70.614340
724 70.418842
725 70.227775
726 70.035086
727 69.846096
728 69.656103
729 69.469196
730 69.281791
731 69.096973
732 68.912061
733 68.729335
734 68.546827
735 68.366189
736 68.186006
737 68.007451
738 67.829523
739 67.653038
740 67.477302
741 67.302873
742 67.129276
743 66.956887
744 66.785384
745 66.615019
746 66.445575
747 66.277212
748 66.109783
749 65.943383
750 65.777907
751 65.613409
752 65.449817
753 65.287166
754 65.125410
755 64.964573
756 64.804627
757 64.645584
758 64.487425
759 64.330157
760 64.173763
761 64.018244
762 63.863589
763 63.709794
764 63.556849
765 63.404749
766 63.253484
767 63.103047
768 62.953425
769 62.804610
770 62.656586
771 62.509340
772 62.362855
773 62.217114
774 62.072102
775 61.927809
776 61.784233
777 61.641379
778 61.499260
779 61.357885
780 61.217262
781 61.077385
782 60.938249
783 60.799848
784 60.662180
785 60.525233
786 60.388990
787 60.253441
788 60.118598
789 59.984456
790 59.850964
791 59.718061
792 59.585809
793 59.454375
794 59.323714
795 59.193281
796 59.062665
797 58.933143
798 58.807403
799 58.684663
800 58.553322
801 58.404327
802 58.275475
803 58.283514
804 58.471110
805 58.306589
806 58.031338
807 57.617505
808 57.486107
809 57.358373
810 57.228299
811 57.136853
812 57.057862
813 57.255182
814 57.166279
815 57.021836
816 56.861862
817 56.728025
818 56.589799
819 56.465983
820 56.354009
821 56.215165
822 56.099460
823 55.995953
824 55.851128
825 55.744771
826 55.647145
827 55.497451
828 55.396401
829 55.305422
830 55.152732
831 55.053128
832 54.969080
833 54.815779
834 54.714988
835 54.637158
836 54.484862
837 54.381836
838 54.308199
839 54.157906
840 54.051359
841 53.977406
842 53.826693
843 53.709157
844 53.557025
845 53.164766
846 53.036306
847 52.950876
848 52.819037
849 52.709365
850 52.640060
851 52.511384
852 52.400741
853 52.332864
854 52.210588
855 52.098618
856 52.030319
857 51.916385
858 51.801818
859 51.731862
860 51.629485
861 51.509811
862 51.435840
863 51.353392
864 51.223127
865 51.141538
866 51.088463
867 50.948251
868 50.851940
869 50.793846
870 50.682141
871 50.573447
872 50.509941
873 50.416393
874 50.300213
875 50.230284
876 50.164459
877 50.033330
878 49.951402
879 49.909710
880 49.782156
881 49.681624
882 49.619860
883 49.532487
884 49.421518
885 49.354503
886 49.296094
887 49.167099
888 49.086544
889 49.047823
890 48.930727
891 48.829704
892 48.767796
893 48.692650
894 48.582912
895 48.512962
896 48.472160
897 48.345294
898 48.257313
899 48.208129
900 48.121311
901 48.013876
902 47.953055
903 47.906134
904 47.782486
905 47.702522
906 47.664545
907 47.567523
908 47.464853
909 47.404899
910 47.352096
911 47.240802
912 47.163708
913 47.134426
914 47.031802
915 46.931843
916 46.870601
917 46.820208
918 46.718458
919 46.637113
920 46.603751
921 46.515358
922 46.412203
923 46.353369
924 46.316285
925 46.209283
926 46.124484
927 46.084110
928 46.014002
929 45.907631
930 45.850414
931 45.834196
932 45.719538
933 45.626969
934 45.569265
935 45.530411
936 45.435472
937 45.349743
938 45.312474
939 45.253042
940 45.142704
941 45.084432
942 45.077349
943 44.975591
944 44.874642
945 44.811139
946 44.777661
947 44.714104
948 44.605242
949 44.550907
950 44.543000
951 44.447192
952 44.346459
953 44.286181
954 44.255681
955 44.194586
956 44.085849
957 44.033245
958 44.027064
959 43.937784
960 43.835376
961 43.776323
962 43.747425
963 43.694452
964 43.582641
965 43.530207
966 43.524698
967 43.444642
968 43.339234
969 43.281398
970 43.253719
971 43.207578
972 43.094130
973 43.042246
974 43.035631
975 42.962660
976 42.856630
977 42.801545
978 42.777541
979 42.729839
980 42.618684
981 42.568960
982 42.563577
983 42.491948
984 42.388050
985 42.335032
986 42.313602
987 42.264350
988 42.156915
989 42.108934
990 42.105720
991 42.032429
992 41.932787
993 41.881627
994 41.862808
995 41.809644
996 41.708053
997 41.662427
998 41.660712
999 41.583285
1000 41.489813
1001 41.441948
1002 41.424755
1003 41.364239
1004 41.271226
1005 41.230210
1006 41.224778
1007 41.140535
1008 41.057676
1009 41.018457
1010 40.999055
1011 40.919291
1012 40.845900
1013 40.820792
1014 40.788240
1015 40.690482
1016 40.641080
1017 40.637058
1018 40.568349
1019 40.478308
1020 40.435008
1021 40.419471
1022 40.354050
1023 40.271174
1024 40.236771
1025 40.221111
1026 40.134721
1027 40.068586
1028 40.047300
1029 40.009386
1030 39.917206
1031 39.874251
1032 39.871476
1033 39.796689
1034 39.715641
1035 39.679105
1036 39.660383
1037 39.588050
1038 39.519460
1039 39.497558
1040 39.463909
1041 39.374354
1042 39.331481
1043 39.327153
1044 39.256035
1045 39.178214
1046 39.146071
1047 39.125644
1048 39.050451
1049 38.990409
1050 38.974972
1051 38.929923
1052 38.845886
1053 38.811452
1054 38.802637
1055 38.725107
1056 38.659543
1057 38.637840
1058 38.604591
1059 38.523847
1060 38.483765
1061 38.475573
1062 38.404556
1063 38.336916
1064 38.314170
1065 38.283264
1066 38.205460
1067 38.164315
1068 38.154035
1069 38.086293
1070 38.020675
1071 37.999458
1072 37.965671
1073 37.889560
1074 37.851878
1075 37.838516
1076 37.768946
1077 37.709351
1078 37.690983
1079 37.649542
1080 37.577276
1081 37.545930
1082 37.525683
1083 37.454976
1084 37.405609
1085 37.389693
1086 37.337574
1087 37.272954
1088 37.248405
1089 37.217100
1090 37.148477
1091 37.110581
1092 37.091770
1093 37.030246
1094 36.977287
1095 36.957986
1096 36.913377
1097 36.850506
1098 36.823018
1099 36.794164
1100 36.729870
1101 36.690575
1102 36.670427
1103 36.613727
1104 36.562193
1105 36.541205
1106 36.498102
1107 36.438983
1108 36.411184
1109 36.380535
1110 36.320248
1111 36.282859
1112 36.259493
1113 36.204292
1114 36.156828
1115 36.133650
1116 36.086976
1117 36.030558
1118 36.000493
1119 35.793253
1120 35.656171
1121 35.596554
1122 35.566467
1123 35.516151
1124 35.473346
1125 35.448213
1126 35.407583
1127 35.350746
1128 35.328929
1129 35.289409
1130 35.239639
1131 35.201989
1132 35.178624
1133 35.121121
1134 35.086890
1135 35.055992
1136 35.013563
1137 34.965338
1138 34.942090
1139 34.896507
1140 34.855015
1141 34.821135
1142 34.786973
1143 34.739044
1144 34.708818
1145 34.670592
1146 34.630355
1147 34.592677
1148 34.559966
1149 34.517301
1150 34.482637
1151 34.446040
1152 34.408491
1153 34.370537
1154 34.336175
1155 34.297571
1156 34.261765
1157 34.225386
1158 34.189090
1159 34.152345
1160 34.116900
1161 34.080320
1162 34.044580
1163 34.008659
1164 33.972925
1165 33.937135
1166 33.901657
1167 33.866052
1168 33.830680
1169 33.795322
1170 33.760084
1171 33.724910
1172 33.689842
1173 33.654838
1174 33.619933
1175 33.585101
1176 33.550356
1177 33.515688
1178 33.481103
1179 33.446596
1180 33.412168
1181 33.377817
1182 33.343542
1183 33.309343
1184 33.275219
1185 33.241169
1186 33.207191
1187 33.173284
1188 33.139448
1189 33.105681
1190 33.071983
1191 33.038350
1192 33.004784
1193 32.971281
1194 32.937841
1195 32.904462
1196 32.871142
1197 32.837881
1198 32.804675
1199 32.771523
1200 32.738424
1201 32.705376
1202 32.672376
1203 32.639423
1204 32.606514
1205 32.573649
1206 32.540824
1207 32.508040
1208 32.475293
1209 32.442584
1210 32.409911
1211 32.377276
1212 32.344677
1213 32.312116
1214 32.279596
1215 32.247118
1216 32.214686
1217 32.182304
1218 32.149976
1219 32.117708
1220 32.085503
1221 32.053368
1222 32.021306
1223 31.989322
1224 31.957420
1225 31.925603
1226 31.893872
1227 31.862230
1228 31.830676
1229 31.799211
1230 31.767834
1231 31.736545
1232 31.705341
1233 31.674222
1234 31.643186
1235 31.612230
1236 31.581353
1237 31.550553
1238 31.519828
1239 31.489177
1240 31.458597
1241 31.428087
1242 31.397646
1243 31.367272
1244 31.336965
1245 31.306721
1246 31.276542
1247 31.246425
1248 31.216370
1249 31.186376
1250 31.156442
1251 31.126567
1252 31.096751
1253 31.066993
1254 31.037293
1255 31.007649
1256 30.978062
1257 30.948530
1258 30.919054
1259 30.889634
1260 30.860268
1261 30.830956
1262 30.801698
1263 30.772494
1264 30.743343
1265 30.714245
1266 30.685200
1267 30.656208
1268 30.627268
1269 30.598380
1270 30.569544
1271 30.540759
1272 30.512026
1273 30.483343
1274 30.454712
1275 30.426131
1276 30.397601
1277 30.369122
1278 30.340692
1279 30.312313
1280 30.283983
1281 30.255703
1282 30.227473
1283 30.199292
1284 30.171160
1285 30.143078
1286 30.115044
1287 30.087060
1288 30.059124
1289 30.031237
1290 30.003399
1291 29.975610
1292 29.947870
1293 29.920178
1294 29.892535
1295 29.864941
1296 29.837396
1297 29.809900
1298 29.782452
1299 29.755054
1300 29.727704
1301 29.700404
1302 29.673153
1303 29.645951
1304 29.618799
1305 29.591697
1306 29.564644
1307 29.537642
1308 29.510689
1309 29.483786
1310 29.456934
1311 29.430133
1312 29.403382
1313 29.376682
1314 29.350032
1315 29.323434
1316 29.296887
1317 29.270392
1318 29.243948
1319 29.217555
1320 29.191214
1321 29.164925
1322 29.138688
1323 29.112502
1324 29.086369
1325 29.060288
1326 29.034259
1327 29.008283
1328 28.982359
1329 28.956487
1330 28.930667
1331 28.904900
1332 28.879185
1333 28.853522
1334 28.827912
1335 28.802353
1336 28.776848
1337 28.751394
1338 28.725992
1339 28.700643
1340 28.675345
1341 28.650099
1342 28.624905
1343 28.599762
1344 28.574671
1345 28.549631
1346 28.524642
1347 28.499704
1348 28.474817
1349 28.449981
1350 28.425194
1351 28.400458
1352 28.375772
1353 28.351136
1354 28.326549
1355 28.302011
1356 28.277522
1357 28.253082
1358 28.228690
1359 28.204346
1360 28.180049
1361 28.155800
1362 28.131598
1363 28.107442
1364 28.083332
1365 28.059268
1366 28.035250
1367 28.011276
1368 27.987346
1369 27.963461
1370 27.939618
1371 27.915819
1372 27.892062
1373 27.868347
1374 27.844673
1375 27.821040
1376 27.797447
1377 27.773894
1378 27.750381
1379 27.726906
1380 27.703471
1381 27.680074
1382 27.656715
1383 27.633394
1384 27.610111
1385 27.586865
1386 27.563656
1387 27.540484
1388 27.517349
1389 27.494249
1390 27.471185
1391 27.448155
1392 27.425160
1393 27.402198
1394 27.379269
1395 27.356371
1396 27.333502
1397 27.310662
1398 27.287849
1399 27.265059
1400 27.242291
1401 27.219541
1402 27.196806
1403 27.174081
1404 27.151362
1405 27.128644
1406 27.105921
1407 27.083187
1408 27.060439
1409 27.037675
1410 27.014896
1411 26.992108
1412 26.969323
1413 26.946553
1414 26.923809
1415 26.901102
1416 26.878436
1417 26.855812
1418 26.833231
1419 26.810693
1420 26.788198
1421 26.765747
1422 26.743342
1423 26.720984
1424 26.698676
1425 26.676418
1426 26.654212
1427 26.632057
1428 26.609956
1429 26.587907
1430 26.565910
1431 26.543966
1432 26.522073
1433 26.500233
1434 26.478443
1435 26.456703
1436 26.435013
1437 26.413373
1438 26.391781
1439 26.370237
1440 26.348741
1441 26.327292
1442 26.305890
1443 26.284534
1444 26.263224
1445 26.241959
1446 26.220740
1447 26.199564
1448 26.178433
1449 26.157346
1450 26.136302
1451 26.115301
1452 26.094343
1453 26.073428
1454 26.052554
1455 26.031723
1456 26.010933
1457 25.990184
1458 25.969476
1459 25.948809
1460 25.928182
1461 25.907596
1462 25.887049
1463 25.866542
1464 25.846075
1465 25.825646
1466 25.805256
1467 25.784905
1468 25.764593
1469 25.744318
1470 25.724082
1471 25.703883
1472 25.683721
1473 25.663597
1474 25.643510
1475 25.623460
1476 25.603446
1477 25.583468
1478 25.563527
1479 25.543621
1480 25.523751
1481 25.503916
1482 25.484116
1483 25.464352
1484 25.444622
1485 25.424926
1486 25.405265
1487 25.385637
1488 25.366043
1489 25.346483
1490 25.326956
1491 25.307461
1492 25.287999
1493 25.268570
1494 25.249173
1495 25.229807
1496 25.210473
1497 25.191170
1498 25.171898
1499 25.152656
1500 25.133444
1501 25.114263
1502 25.095111
1503 25.075988
1504 25.056894
1505 25.037829
1506 25.018792
1507 24.999784
1508 24.980803
1509 24.961849
1510 24.942923
1511 24.924024
1512 24.905152
1513 24.886306
1514 24.867488
1515 24.848695
1516 24.829929
1517 24.811190
1518 24.792477
1519 24.773790
1520 24.755130
1521 24.736496
1522 24.717889
1523 24.699308
1524 24.680754
1525 24.662228
1526 24.643728
1527 24.625255
1528 24.606810
1529 24.588392
1530 24.570001
1531 24.551638
1532 24.533303
1533 24.514996
1534 24.496717
1535 24.478465
1536 24.460242
1537 24.442046
1538 24.423879
1539 24.405740
1540 24.387629
1541 24.369547
1542 24.351492
1543 24.333466
1544 24.315468
1545 24.297498
1546 24.279556
1547 24.261642
1548 24.243756
1549 24.225899
1550 24.208069
1551 24.190267
1552 24.172493
1553 24.154747
1554 24.137028
1555 24.119338
1556 24.101674
1557 24.084038
1558 24.066429
1559 24.048848
1560 24.031294
1561 24.013767
1562 23.996266
1563 23.978793
1564 23.961346
1565 23.943926
1566 23.926533
1567 23.909165
1568 23.891824
1569 23.874510
1570 23.857221
1571 23.839958
1572 23.822720
1573 23.805509
1574 23.788322
1575 23.771161
1576 23.754025
1577 23.736914
1578 23.719828
1579 23.702766
1580 23.685729
1581 23.668716
1582 23.651727
1583 23.634762
1584 23.617820
1585 23.600902
1586 23.584007
1587 23.567136
1588 23.550287
1589 23.533460
1590 23.516655
1591 23.499873
1592 23.483112
1593 23.466372
1594 23.449654
1595 23.432956
1596 23.416278
1597 23.399620
1598 23.382982
1599 23.366363
1600 23.349762
1601 23.333181
1602 23.316617
1603 23.300071
1604 23.283543
1605 23.267033
1606 23.250540
1607 23.234065
1608 23.217608
1609 23.201169
1610 23.184749
1611 23.168349
1612 23.151970
1613 23.135612
1614 23.119276
1615 23.102964
1616 23.086676
1617 23.070413
1618 23.054177
1619 23.037967
1620 23.021784
1621 23.005629
1622 22.989502
1623 22.973404
1624 22.957333
1625 22.941291
1626 22.925277
1627 22.909291
1628 22.893333
1629 22.877402
1630 22.861499
1631 22.845623
1632 22.829773
1633 22.813950
1634 22.798153
1635 22.782382
1636 22.766637
1637 22.750917
1638 22.735222
1639 22.719553
1640 22.703908
1641 22.688287
1642 22.672690
1643 22.657118
1644 22.641570
1645 22.626045
1646 22.610544
1647 22.595066
1648 22.579611
1649 22.564180
1650 22.548771
1651 22.533385
1652 22.518022
1653 22.502681
1654 22.487363
1655 22.472067
1656 22.456793
1657 22.441541
1658 22.426312
1659 22.411104
1660 22.395918
1661 22.380754
1662 22.365611
1663 22.350490
1664 22.335391
1665 22.320313
1666 22.305256
1667 22.290220
1668 22.275206
1669 22.260213
1670 22.245240
1671 22.230289
1672 22.215359
1673 22.200449
1674 22.185561
1675 22.170693
1676 22.155845
1677 22.141018
1678 22.126212
1679 22.111426
1680 22.096661
1681 22.081916
1682 22.067191
1683 22.052486
1684 22.037802
1685 22.023138
1686 22.008493
1687 21.993869
1688 21.979265
1689 21.964680
1690 21.950116
1691 21.935571
1692 21.921045
1693 21.906540
1694 21.892053
1695 21.877587
1696 21.863139
1697 21.848712
1698 21.834303
1699 21.819914
1700 21.805543
1701 21.791192
1702 21.776860
1703 21.762547
1704 21.748253
1705 21.733977
1706 21.719721
1707 21.705483
1708 21.691263
1709 21.677062
1710 21.662879
1711 21.648715
1712 21.634569
1713 21.620441
1714 21.606331
1715 21.592239
1716 21.578165
1717 21.564108
1718 21.550070
1719 21.536048
1720 21.522044
1721 21.508057
1722 21.494087
1723 21.480134
1724 21.466198
1725 21.452278
1726 21.438375
1727 21.424488
1728 21.410617
1729 21.396761
1730 21.382921
1731 21.369096
1732 21.355285
1733 21.341490
1734 21.327708
1735 21.313940
1736 21.300185
1737 21.286443
1738 21.272713
1739 21.258994
1740 21.245287
1741 21.231588
1742 21.217899
1743 21.204218
1744 21.190542
1745 21.176872
1746 21.163206
1747 21.149540
1748 21.135873
1749 21.122202
1750 21.108524
1751 21.094835
1752 21.081128
1753 21.067399
1754 21.053640
1755 21.039839
1756 21.025984
1757 21.012057
1758 20.998033
1759 20.983877
1760 20.969538
1761 20.954936
1762 20.939945
1763 20.924349
1764 20.907755
1765 20.889384
1766 20.867512
1767 20.837848
1768 20.788860
1769 20.699907
1770 20.609065
1771 20.572054
1772 20.550381
1773 20.532728
1774 20.516727
1775 20.501586
1776 20.486959
1777 20.472672
1778 20.458623
1779 20.444749
1780 20.431010
1781 20.417378
1782 20.403833
1783 20.390361
1784 20.376951
1785 20.363595
1786 20.350286
1787 20.337019
1788 20.323791
1789 20.310597
1790 20.297436
1791 20.284305
1792 20.271202
1793 20.258126
1794 20.245076
1795 20.232049
1796 20.219046
1797 20.206066
1798 20.193107
1799 20.180170
1800 20.167253
1801 20.154357
1802 20.141480
1803 20.128622
1804 20.115784
1805 20.102964
1806 20.090163
1807 20.077380
1808 20.064615
1809 20.051868
1810 20.039138
1811 20.026426
1812 20.013731
1813 20.001054
1814 19.988393
1815 19.975749
1816 19.963122
1817 19.950511
1818 19.937917
1819 19.925339
1820 19.912778
1821 19.900233
1822 19.887704
1823 19.875191
1824 19.862694
1825 19.850213
1826 19.837748
1827 19.825298
1828 19.812864
1829 19.800445
1830 19.788043
1831 19.775655
1832 19.763283
1833 19.750926
1834 19.738584
1835 19.726258
1836 19.713947
1837 19.701650
1838 19.689369
1839 19.677103
1840 19.664851
1841 19.652615
1842 19.640393
1843 19.628186
1844 19.615993
1845 19.603815
1846 19.591652
1847 19.579503
1848 19.567369
1849 19.555249
1850 19.543144
1851 19.531052
1852 19.518975
1853 19.506913
1854 19.494864
1855 19.482829
1856 19.470809
1857 19.458803
1858 19.446810
1859 19.434832
1860 19.422867
1861 19.410916
1862 19.398979
1863 19.387056
1864 19.375147
1865 19.363251
1866 19.351369
1867 19.339500
1868 19.327645
1869 19.315803
1870 19.303975
1871 19.292160
1872 19.280359
1873 19.268571
1874 19.256796
1875 19.245034
1876 19.233285
1877 19.221550
1878 19.209827
1879 19.198118
1880 19.186421
1881 19.174738
1882 19.163067
1883 19.151409
1884 19.139764
1885 19.128132
1886 19.116512
1887 19.104905
1888 19.093310
1889 19.081728
1890 19.070159
1891 19.058601
1892 19.047057
1893 19.035524
1894 19.024004
1895 19.012496
1896 19.001000
1897 18.989516
1898 18.978044
1899 18.966585
1900 18.955137
1901 18.943701
1902 18.932277
1903 18.920865
1904 18.909464
1905 18.898075
1906 18.886698
1907 18.875333
1908 18.863979
1909 18.852636
1910 18.841305
1911 18.829986
1912 18.818678
1913 18.807381
1914 18.796096
1915 18.784822
1916 18.773559
1917 18.762308
1918 18.751067
1919 18.739838
1920 18.728620
1921 18.717414
1922 18.706218
1923 18.695033
1924 18.683860
1925 18.672698
1926 18.661547
1927 18.650406
1928 18.639277
1929 18.628159
1930 18.617052
1931 18.605956
1932 18.594871
1933 18.583797
1934 18.572734
1935 18.561682
1936 18.550642
1937 18.539612
1938 18.528593
1939 18.517585
1940 18.506588
1941 18.495602
1942 18.484627
1943 18.473662
1944 18.462709
1945 18.451767
1946 18.440836
1947 18.429915
1948 18.419006
1949 18.408108
1950 18.397220
1951 18.386343
1952 18.375478
1953 18.364623
1954 18.353779
1955 18.342946
1956 18.332123
1957 18.321312
1958 18.310511
1959 18.299721
1960 18.288942
1961 18.278174
1962 18.267416
1963 18.256670
1964 18.245934
1965 18.235208
1966 18.224494
1967 18.213790
1968 18.203097
1969 18.192414
1970 18.181742
1971 18.171081
1972 18.160430
1973 18.149790
1974 18.139160
1975 18.128541
1976 18.117932
1977 18.107334
1978 18.096747
1979 18.086169
1980 18.075603
1981 18.065046
1982 18.054500
1983 18.043965
1984 18.033440
1985 18.022925
1986 18.012420
1987 18.001926
1988 17.991442
1989 17.980968
1990 17.970504
1991 17.960050
1992 17.949607
1993 17.939174
1994 17.928750
1995 17.918337
1996 17.907934
1997 17.897541
1998 17.887158
1999 17.876784
