0 731.839879
1 691.787972
2 676.633544
3 669.526145
4 665.498686
5 662.777881
6 660.624777
7 658.728441
8 656.945035
9 655.208916
10 653.473675
11 651.688823
12 649.841300
13 647.940726
14 645.983417
15 643.984155
16 641.881268
17 639.602513
18 637.093742
19 634.264625
20 631.115870
21 627.885867
22 624.738016
23 621.729973
24 618.878449
25 616.141824
26 613.483282
27 610.879785
28 608.316029
29 605.783680
30 603.279680
31 600.801610
32 598.345224
33 595.904357
34 593.470333
35 591.057047
36 588.784379
37 586.472969
38 584.120262
39 581.700320
40 579.405639
41 577.302703
42 575.334263
43 573.257047
44 571.249854
45 569.327684
46 567.659976
47 566.085751
48 564.620914
49 563.194030
50 561.782702
51 560.398398
52 558.750386
53 557.220909
54 556.019733
55 554.702274
56 553.749451
57 552.768982
58 551.821517
59 550.909977
60 550.024456
61 549.156893
62 548.418799
63 547.726725
64 547.053849
65 546.389688
66 545.735080
67 545.138211
68 544.572729
69 544.029107
70 543.504901
71 542.998563
72 542.508995
73 542.035529
74 541.577851
75 541.135509
76 540.707110
77 540.290625
78 539.884587
79 539.488150
80 539.100613
81 538.721147
82 538.348408
83 537.979729
84 537.609521
85 537.225289
86 536.800802
87 536.331213
88 535.940919
89 535.615649
90 535.309176
91 535.000093
92 534.680431
93 534.341360
94 534.015844
95 533.880231
96 533.429884
97 532.845131
98 532.595447
99 532.277219
100 532.003189
101 531.735421
102 531.225742
103 530.925747
104 530.681246
105 530.441400
106 530.205540
107 529.973055
108 529.742901
109 529.495442
110 529.090752
111 528.833994
112 528.585263
113 528.295461
114 528.032060
115 527.815999
116 527.604725
117 527.397335
118 527.193490
119 526.993181
120 526.796300
121 526.602496
122 526.411154
123 526.221588
124 526.033085
125 525.844714
126 525.654865
127 525.460275
128 525.253979
129 525.017374
130 524.710129
131 524.465682
132 524.277685
133 524.096204
134 523.917288
135 523.739657
136 523.561129
137 523.369666
138 523.108828
139 522.912915
140 522.744102
141 522.576554
142 522.409861
143 522.243789
144 522.078100
145 521.912509
146 521.746649
147 521.580057
148 521.412217
149 521.242780
150 521.072151
151 520.902068
152 520.734749
153 520.570974
154 520.410059
155 520.251074
156 520.093375
157 519.936611
158 519.780597
159 519.625198
160 519.470274
161 519.315677
162 519.161262
163 519.006898
164 518.852462
165 518.697844
166 518.542933
167 518.387606
168 518.231692
169 518.074886
170 517.916498
171 517.754664
172 517.583571
173 517.386667
174 517.164978
175 516.956085
176 516.747617
177 516.572277
178 516.402608
179 516.236252
180 516.072133
181 515.909763
182 515.748870
183 515.589278
184 515.430846
185 515.273446
186 515.116933
187 514.961128
188 514.805794
189 514.650604
190 514.495121
191 514.338803
192 514.181198
193 514.022627
194 513.865619
195 513.715188
196 513.573239
197 513.434590
198 513.296100
199 513.157863
200 513.019979
201 512.882369
202 512.744947
203 512.607708
204 512.470786
205 512.334375
206 512.198545
207 512.063181
208 511.928044
209 511.792761
210 511.656679
211 511.518473
212 511.375280
213 511.222878
214 511.068310
215 510.926157
216 510.789847
217 510.655277
218 510.521513
219 510.388219
220 510.255253
221 510.122554
222 509.990094
223 509.857857
224 509.725822
225 509.593945
226 509.462137
227 509.330238
228 509.198041
229 509.065507
230 508.933210
231 508.802097
232 508.672485
233 508.544152
234 508.416859
235 508.290461
236 508.164875
237 508.040047
238 507.915941
239 507.792527
240 507.669780
241 507.547676
242 507.426193
243 507.305308
244 507.184999
245 507.065240
246 506.946004
247 506.827263
248 506.708982
249 506.591121
250 506.473631
251 506.356448
252 506.239488
253 506.122632
254 506.005710
255 505.888499
256 505.770779
257 505.652593
258 505.534557
259 505.417507
260 505.301617
261 505.186471
262 505.071456
263 504.955588
264 504.836158
265 504.700443
266 504.466351
267 504.311964
268 504.198514
269 504.086777
270 503.975330
271 503.864532
272 503.754334
273 503.644641
274 503.535465
275 503.426787
276 503.318589
277 503.210858
278 503.103584
279 502.996755
280 502.890362
281 502.784395
282 502.678846
283 502.573706
284 502.468967
285 502.364620
286 502.260659
287 502.157077
288 502.053864
289 501.951013
290 501.848515
291 501.746357
292 501.644525
293 501.542996
294 501.441740
295 501.340710
296 501.239824
297 501.138925
298 501.037642
299 500.934907
300 500.826578
301 500.694070
302 500.553147
303 500.452403
304 500.353394
305 500.255074
306 500.157200
307 500.059677
308 499.962455
309 499.865502
310 499.768796
311 499.672319
312 499.576054
313 499.479991
314 499.384116
315 499.288420
316 499.192892
317 499.097525
318 499.002309
319 498.907236
320 498.812299
321 498.717491
322 498.622803
323 498.528228
324 498.433760
325 498.339390
326 498.245110
327 498.150913
328 498.056789
329 497.962728
330 497.868720
331 497.774753
332 497.680811
333 497.586878
334 497.492931
335 497.398943
336 497.304875
337 497.210672
338 497.116250
339 497.021472
340 496.926092
341 496.829630
342 496.731076
343 496.628398
344 496.519817
345 496.411626
346 496.310610
347 496.212963
348 496.116382
349 496.020138
350 495.923931
351 495.827607
352 495.731086
353 495.634346
354 495.537438
355 495.440496
356 495.343722
357 495.247309
358 495.151349
359 495.055811
360 494.960599
361 494.865635
362 494.770878
363 494.676318
364 494.581966
365 494.487837
366 494.393948
367 494.300311
368 494.206935
369 494.113820
370 494.020957
371 493.928328
372 493.835906
373 493.743654
374 493.651530
375 493.559516
376 493.467651
377 493.376070
378 493.284939
379 493.194307
380 493.104070
381 493.014078
382 492.924187
383 492.834204
384 492.743758
385 492.651973
386 492.549452
387 492.319609
388 492.214605
389 492.117077
390 492.018535
391 491.916525
392 491.811589
393 491.708090
394 491.609515
395 491.515206
396 491.423406
397 491.332992
398 491.243414
399 491.154405
400 491.065825
401 490.977598
402 490.889679
403 490.802038
404 490.714654
405 490.627512
406 490.540597
407 490.453899
408 490.367406
409 490.281108
410 490.194992
411 490.109050
412 490.023271
413 489.937643
414 489.852156
415 489.766798
416 489.681558
417 489.596421
418 489.511372
419 489.426392
420 489.341459
421 489.256541
422 489.171597
423 489.086564
424 489.001345
425 488.915771
426 488.829532
427 488.741982
428 488.651597
429 488.554338
430 488.440520
431 488.312099
432 488.209088
433 488.119610
434 488.032918
435 487.947241
436 487.862057
437 487.777151
438 487.692415
439 487.607788
440 487.523230
441 487.438714
442 487.354219
443 487.269730
444 487.185234
445 487.100720
446 487.016179
447 486.931602
448 486.846980
449 486.762305
450 486.677567
451 486.592753
452 486.507846
453 486.422820
454 486.337634
455 486.252217
456 486.166428
457 486.079965
458 485.992056
459 485.900257
460 485.795389
461 485.674147
462 485.582751
463 485.495933
464 485.409871
465 485.324160
466 485.238577
467 485.153127
468 485.067761
469 484.982470
470 484.897236
471 484.812063
472 484.726932
473 484.641849
474 484.556801
475 484.471790
476 484.386807
477 484.301851
478 484.216916
479 484.131999
480 484.047094
481 483.962196
482 483.877299
483 483.792399
484 483.707487
485 483.622559
486 483.537606
487 483.452622
488 483.367599
489 483.282530
490 483.197407
491 483.112222
492 483.026968
493 482.941638
494 482.856225
495 482.770722
496 482.685124
497 482.599425
498 482.513622
499 482.427713
500 482.341697
501 482.255575
502 482.169353
503 482.083037
504 481.996638
505 481.910171
506 481.823652
507 481.737102
508 481.650542
509 481.563995
510 481.477479
511 481.391012
512 481.304604
513 481.218256
514 481.131957
515 481.045674
516 480.959339
517 480.872811
518 480.785763
519 480.697292
520 480.604082
521 480.491687
522 480.366991
523 480.275401
524 480.187379
525 480.100502
526 480.014108
527 479.928018
528 479.842099
529 479.756316
530 479.670602
531 479.584929
532 479.499219
533 479.413392
534 479.327321
535 479.240839
536 479.153732
537 479.065864
538 478.977484
539 478.889328
540 478.801909
541 478.715249
542 478.629279
543 478.543977
544 478.459325
545 478.375282
546 478.291775
547 478.208718
548 478.126027
549 478.043634
550 477.961492
551 477.879568
552 477.797837
553 477.716283
554 477.634891
555 477.553646
556 477.472534
557 477.391543
558 477.310656
559 477.229861
560 477.149143
561 477.068488
562 476.987885
563 476.907319
564 476.826779
565 476.746247
566 476.665707
567 476.585132
568 476.504487
569 476.423717
570 476.342726
571 476.261325
572 476.179062
573 476.094501
574 476.000509
575 475.767835
576 475.467092
577 475.358112
578 475.261927
579 475.170031
580 475.081336
581 474.994310
582 474.908782
583 474.824315
584 474.740586
585 474.657326
586 474.574305
587 474.491374
588 474.408483
589 474.325611
590 474.242773
591 474.159981
592 474.077254
593 473.994607
594 473.912053
595 473.829604
596 473.747272
597 473.665063
598 473.582986
599 473.501046
600 473.419246
601 473.337588
602 473.256075
603 473.174704
604 473.093473
605 473.012380
606 472.931420
607 472.850587
608 472.769874
609 472.689274
610 472.608780
611 472.528381
612 472.448070
613 472.367836
614 472.287669
615 472.207560
616 472.127499
617 472.047473
618 471.967474
619 471.887492
620 471.807522
621 471.727563
622 471.647621
623 471.567714
624 471.487866
625 471.408105
626 471.328453
627 471.248921
628 471.169508
629 471.090202
630 471.010984
631 470.931835
632 470.852739
633 470.773683
634 470.694660
635 470.615667
636 470.536699
637 470.457753
638 470.378814
639 470.299864
640 470.220878
641 470.141826
642 470.062672
643 469.983371
644 469.903866
645 469.824075
646 469.743875
647 469.663062
648 469.581268
649 469.497782
650 469.411351
651 469.322017
652 469.245506
653 469.135987
654 469.024121
655 468.797921
656 468.620739
657 468.465642
658 468.380844
659 468.298195
660 468.215512
661 468.132854
662 468.050380
663 467.967997
664 467.885777
665 467.803685
666 467.721785
667 467.640060
668 467.558581
669 467.477337
670 467.396401
671 467.315759
672 467.235485
673 467.155557
674 467.076043
675 466.996901
676 466.918166
677 466.839680
678 466.761028
679 466.679822
680 466.585012
681 466.451277
682 466.296794
683 466.180664
684 466.086182
685 465.997448
686 465.910483
687 465.819775
688 465.686624
689 465.560233
690 465.473108
691 465.388573
692 465.308735
693 465.231116
694 465.154889
695 465.079523
696 465.005024
697 464.931097
698 464.857863
699 464.785047
700 464.712829
701 464.640916
702 464.569542
703 464.498381
704 464.427721
705 464.357191
706 464.287141
707 464.217144
708 464.147620
709 464.078074
710 464.009006
711 463.939839
712 463.871170
713 463.802321
714 463.734006
715 463.665430
716 463.597441
717 463.529111
718 463.461447
719 463.393363
720 463.326049
721 463.258228
722 463.191296
723 463.123743
724 463.057197
725 462.989881
726 462.923697
727 462.856561
728 462.790700
729 462.723685
730 462.658119
731 462.591178
732 462.525892
733 462.458983
734 462.393967
735 462.327050
736 462.262297
737 462.195329
738 462.130826
739 462.063755
740 461.999480
741 461.932243
742 461.868157
743 461.800666
744 461.736690
745 461.668804
746 461.604749
747 461.536104
748 461.471256
749 461.400093
750 461.329056
751 461.232499
752 461.089355
753 461.003241
754 460.938152
755 460.868492
756 460.805620
757 460.736617
758 460.674389
759 460.605522
760 460.543652
761 460.474806
762 460.413172
763 460.344315
764 460.282839
765 460.213966
766 460.152587
767 460.083701
768 460.022366
769 459.953477
770 459.892144
771 459.823267
772 459.761907
773 459.693063
774 459.631661
775 459.562879
776 459.501430
777 459.432743
778 459.371249
779 459.302688
780 459.241151
781 459.172741
782 459.111158
783 459.042913
784 458.981270
785 458.913189
786 458.851454
787 458.783503
788 458.721600
789 458.653672
790 458.591392
791 458.523111
792 458.459655
793 458.389143
794 458.319258
795 458.231641
796 458.146634
797 458.078997
798 458.014478
799 457.947605
800 457.885022
801 457.818420
802 457.755912
803 457.689630
804 457.627123
805 457.561149
806 457.498629
807 457.432950
808 457.370409
809 457.305014
810 457.242444
811 457.177317
812 457.114711
813 457.049832
814 456.987181
815 456.922528
816 456.859822
817 456.795364
818 456.732588
819 456.668289
820 456.605416
821 456.541223
822 456.478208
823 456.414032
824 456.350776
825 456.286441
826 456.222699
827 456.157790
828 456.092919
829 456.026411
830 455.958996
831 455.889297
832 455.818406
833 455.746194
834 455.674282
835 455.602603
836 455.532012
837 455.462062
838 455.393167
839 455.324829
840 455.257252
841 455.189976
842 455.123107
843 455.056288
844 454.989600
845 454.922777
846 454.855871
847 454.788659
848 454.721130
849 454.653051
850 454.584333
851 454.514741
852 454.444202
853 454.372614
854 454.300022
855 454.226420
856 454.151812
857 454.076047
858 453.998799
859 453.919144
860 453.834211
861 453.731471
862 453.567025
863 453.464152
864 453.381187
865 453.298019
866 453.214825
867 453.131389
868 453.047714
869 452.963743
870 452.879429
871 452.794606
872 452.709006
873 452.622227
874 452.533853
875 452.443656
876 452.351763
877 452.258588
878 452.164801
879 452.071134
880 451.978070
881 451.885829
882 451.794483
883 451.704038
884 451.614469
885 451.525745
886 451.437833
887 451.350699
888 451.264313
889 451.178645
890 451.093668
891 451.009357
892 450.925686
893 450.842634
894 450.760176
895 450.678294
896 450.596965
897 450.516171
898 450.435893
899 450.356113
900 450.276813
901 450.197977
902 450.119590
903 450.041635
904 449.964100
905 449.886970
906 449.810234
907 449.733878
908 449.657893
909 449.582267
910 449.506992
911 449.432056
912 449.357452
913 449.283170
914 449.209201
915 449.135536
916 449.062167
917 448.989083
918 448.916277
919 448.843738
920 448.771458
921 448.699426
922 448.627635
923 448.556073
924 448.484732
925 448.413602
926 448.342675
927 448.271940
928 448.201392
929 448.131023
930 448.060830
931 447.990811
932 447.920968
933 447.851307
934 447.781836
935 447.712563
936 447.643496
937 447.574641
938 447.505998
939 447.437566
940 447.369341
941 447.301317
942 447.233489
943 447.165851
944 447.098397
945 447.031122
946 446.964020
947 446.897087
948 446.830318
949 446.763709
950 446.697256
951 446.630955
952 446.564801
953 446.498792
954 446.432922
955 446.367190
956 446.301591
957 446.236123
958 446.170781
959 446.105563
960 446.040466
961 445.975487
962 445.910621
963 445.845865
964 445.781215
965 445.716668
966 445.652223
967 445.587879
968 445.523634
969 445.459493
970 445.395455
971 445.331526
972 445.267709
973 445.204009
974 445.140430
975 445.076977
976 445.013654
977 444.950465
978 444.887414
979 444.824504
980 444.761736
981 444.699112
982 444.636632
983 444.574295
984 444.512099
985 444.450042
986 444.388118
987 444.326324
988 444.264652
989 444.203097
990 444.141651
991 444.080305
992 444.019051
993 443.957879
994 443.896781
995 443.835747
996 443.774767
997 443.713833
998 443.652936
999 443.592069
1000 443.531226
1001 443.470401
1002 443.409591
1003 443.348795
1004 443.288013
1005 443.227247
1006 443.166502
1007 443.105785
1008 443.045103
1009 442.984466
1010 442.923883
1011 442.863361
1012 442.802909
1013 442.742529
1014 442.682218
1015 442.621969
1016 442.561761
1017 442.501562
1018 442.441322
1019 442.380964
1020 442.320380
1021 442.259419
1022 442.197882
1023 442.135537
1024 442.072187
1025 442.007850
1026 441.943004
1027 441.878594
1028 441.815503
1029 441.754025
1030 441.693944
1031 441.634904
1032 441.576613
1033 441.518865
1034 441.461527
1035 441.404511
1036 441.347759
1037 441.291231
1038 441.234896
1039 441.178736
1040 441.122734
1041 441.066879
1042 441.011161
1043 440.955573
1044 440.900108
1045 440.844760
1046 440.789526
1047 440.734401
1048 440.679380
1049 440.624459
1050 440.569632
1051 440.514896
1052 440.460242
1053 440.405666
1054 440.351156
1055 440.296703
1056 440.242294
1057 440.187911
1058 440.133534
1059 440.079134
1060 440.024675
1061 439.970106
1062 439.915357
1063 439.860325
1064 439.804854
1065 439.748705
1066 439.691491
1067 439.632592
1068 439.571042
1069 439.505623
1070 439.435873
1071 439.364453
1072 439.296500
1073 439.233828
1074 439.174810
1075 439.117818
1076 439.061970
1077 439.006851
1078 438.952276
1079 438.898151
1080 438.844417
1081 438.791028
1082 438.737944
1083 438.685133
1084 438.632564
1085 438.580215
1086 438.528065
1087 438.476096
1088 438.424293
1089 438.372644
1090 438.321137
1091 438.269762
1092 438.218512
1093 438.167377
1094 438.116352
1095 438.065430
1096 438.014605
1097 437.963873
1098 437.913228
1099 437.862665
1100 437.812180
1101 437.761768
1102 437.711423
1103 437.661140
1104 437.610914
1105 437.560736
1106 437.510599
1107 437.460492
1108 437.410400
1109 437.360303
1110 437.310170
1111 437.259950
1112 437.209550
1113 437.158790
1114 437.107249
1115 437.053801
1116 436.994888
1117 436.922476
1118 436.853355
1119 436.802619
1120 436.751569
1121 436.701590
1122 436.651600
1123 436.601845
1124 436.552087
1125 436.502363
1126 436.452573
1127 436.402656
1128 436.352438
1129 436.301556
1130 436.248975
1131 436.191452
1132 436.111008
1133 435.976285
1134 435.925762
1135 435.875725
1136 435.825815
1137 435.776024
1138 435.726282
1139 435.676622
1140 435.627020
1141 435.577489
1142 435.528021
1143 435.478618
1144 435.429277
1145 435.379997
1146 435.330776
1147 435.281614
1148 435.232510
1149 435.183465
1150 435.134477
1151 435.085546
1152 435.036674
1153 434.987860
1154 434.939103
1155 434.890406
1156 434.841767
1157 434.793188
1158 434.744668
1159 434.696207
1160 434.647806
1161 434.599465
1162 434.551184
1163 434.502963
1164 434.454801
1165 434.406698
1166 434.358654
1167 434.310669
1168 434.262741
1169 434.214870
1170 434.167056
1171 434.119298
1172 434.071594
1173 434.023943
1174 433.976345
1175 433.928799
1176 433.881302
1177 433.833854
1178 433.786453
1179 433.739097
1180 433.691786
1181 433.644516
1182 433.597288
1183 433.550097
1184 433.502944
1185 433.455825
1186 433.408738
1187 433.361682
1188 433.314655
1189 433.267653
1190 433.220675
1191 433.173718
1192 433.126781
1193 433.079859
1194 433.032952
1195 432.986057
1196 432.939171
1197 432.892291
1198 432.845416
1199 432.798544
1200 432.751672
1201 432.704797
1202 432.657920
1203 432.611037
1204 432.564148
1205 432.517251
1206 432.470346
1207 432.423431
1208 432.376508
1209 432.329576
1210 432.282636
1211 432.235689
1212 432.188736
1213 432.141778
1214 432.094817
1215 432.047855
1216 432.000893
1217 431.953933
1218 431.906976
1219 431.860022
1220 431.813071
1221 431.766122
1222 431.719170
1223 431.672209
1224 431.625231
1225 431.578219
1226 431.531150
1227 431.483993
1228 431.436701
1229 431.389217
1230 431.341489
1231 431.293508
1232 431.245372
1233 431.197279
1234 431.149421
1235 431.101869
1236 431.054597
1237 431.007541
1238 430.960641
1239 430.913851
1240 430.867137
1241 430.820476
1242 430.773853
1243 430.727255
1244 430.680674
1245 430.634104
1246 430.587541
1247 430.540981
1248 430.494424
1249 430.447868
1250 430.401314
1251 430.354762
1252 430.308212
1253 430.261663
1254 430.215116
1255 430.168569
1256 430.122019
1257 430.075463
1258 430.028899
1259 429.982322
1260 429.935728
1261 429.889115
1262 429.842479
1263 429.795817
1264 429.749124
1265 429.702399
1266 429.655638
1267 429.608838
1268 429.561998
1269 429.515115
1270 429.468188
1271 429.421216
1272 429.374204
1273 429.327159
1274 429.280094
1275 429.233027
1276 429.185984
1277 429.138994
1278 429.092085
1279 429.045283
1280 428.998610
1281 428.952079
1282 428.905699
1283 428.859473
1284 428.813401
1285 428.767480
1286 428.721708
1287 428.676080
1288 428.630591
1289 428.585236
1290 428.540011
1291 428.494909
1292 428.449927
1293 428.405059
1294 428.360299
1295 428.315643
1296 428.271086
1297 428.226623
1298 428.182250
1299 428.137963
1300 428.093757
1301 428.049627
1302 428.005571
1303 427.961584
1304 427.917663
1305 427.873804
1306 427.830004
1307 427.786260
1308 427.742568
1309 427.698926
1310 427.655331
1311 427.611781
1312 427.568271
1313 427.524801
1314 427.481368
1315 427.437968
1316 427.394601
1317 427.351264
1318 427.307955
1319 427.264672
1320 427.221413
1321 427.178177
1322 427.134963
1323 427.091767
1324 427.048590
1325 427.005431
1326 426.962287
1327 426.919158
1328 426.876044
1329 426.832944
1330 426.789857
1331 426.746782
1332 426.703720
1333 426.660668
1334 426.617627
1335 426.574593
1336 426.531564
1337 426.488533
1338 426.445490
1339 426.402418
1340 426.359284
1341 426.316032
1342 426.272557
1343 426.228673
1344 426.184065
1345 426.138297
1346 426.090988
1347 426.042224
1348 425.992700
1349 425.943200
1350 425.894151
1351 425.845670
1352 425.797733
1353 425.750274
1354 425.703222
1355 425.656510
1356 425.610084
1357 425.563895
1358 425.517905
1359 425.472081
1360 425.426397
1361 425.380828
1362 425.335358
1363 425.289970
1364 425.244653
1365 425.199395
1366 425.154187
1367 425.109023
1368 425.063897
1369 425.018804
1370 424.973739
1371 424.928700
1372 424.883683
1373 424.838687
1374 424.793710
1375 424.748749
1376 424.703804
1377 424.658873
1378 424.613956
1379 424.569052
1380 424.524161
1381 424.479281
1382 424.434412
1383 424.389554
1384 424.344706
1385 424.299868
1386 424.255039
1387 424.210220
1388 424.165409
1389 424.120607
1390 424.075813
1391 424.031026
1392 423.986246
1393 423.941473
1394 423.896706
1395 423.851945
1396 423.807189
1397 423.762437
1398 423.717691
1399 423.672948
1400 423.628210
1401 423.583475
1402 423.538745
1403 423.494020
1404 423.449299
1405 423.404584
1406 423.359876
1407 423.315175
1408 423.270483
1409 423.225801
1410 423.181130
1411 423.136471
1412 423.091828
1413 423.047199
1414 423.002588
1415 422.957995
1416 422.913424
1417 422.868873
1418 422.824348
1419 422.779847
1420 422.735374
1421 422.690931
1422 422.646521
1423 422.602145
1424 422.557808
1425 422.513509
1426 422.469254
1427 422.425042
1428 422.380879
1429 422.336762
1430 422.292696
1431 422.248674
1432 422.204704
1433 422.160774
1434 422.116893
1435 422.073047
1436 422.029245
1437 421.985474
1438 421.941744
1439 421.898039
1440 421.854374
1441 421.810730
1442 421.767127
1443 421.723541
1444 421.679996
1445 421.636465
1446 421.592977
1447 421.549498
1448 421.506065
1449 421.462633
1450 421.419250
1451 421.375861
1452 421.332523
1453 421.289168
1454 421.245870
1455 421.202539
1456 421.159274
1457 421.115960
1458 421.072724
1459 421.029426
1460 420.986228
1461 420.942955
1462 420.899817
1463 420.856591
1464 420.813542
1465 420.770382
1466 420.727445
1467 420.684359
1468 420.641546
1469 420.598527
1470 420.555844
1471 420.512880
1472 420.470331
1473 420.427405
1474 420.384995
1475 420.342086
1476 420.299826
1477 420.256909
1478 420.214814
1479 420.171856
1480 420.129947
1481 420.086908
1482 420.045211
1483 420.002036
1484 419.960584
1485 419.917201
1486 419.876033
1487 419.832340
1488 419.791499
1489 419.747342
1490 419.706852
1491 419.661979
1492 419.621773
1493 419.575654
1494 419.535228
1495 419.486136
1496 419.441776
1497 419.374973
1498 419.232177
1499 418.885849
1500 418.843504
1501 418.791162
1502 418.755583
1503 418.702664
1504 418.670851
1505 418.615878
1506 418.587657
1507 418.529835
1508 418.505382
1509 418.444261
1510 418.423654
1511 418.359144
1512 418.342109
1513 418.274559
1514 418.260419
1515 418.190550
1516 418.178420
1517 418.107072
1518 418.096145
1519 418.024008
1520 418.013729
1521 417.941235
1522 417.931290
1523 417.858664
1524 417.848897
1525 417.776237
1526 417.766580
1527 417.693919
1528 417.684346
1529 417.611690
1530 417.602193
1531 417.529536
1532 417.520113
1533 417.447445
1534 417.438099
1535 417.365407
1536 417.356140
1537 417.283413
1538 417.274228
1539 417.201455
1540 417.192353
1541 417.119524
1542 417.110507
1543 417.037610
1544 417.028678
1545 416.955704
1546 416.946858
1547 416.873796
1548 416.865035
1549 416.791877
1550 416.783201
1551 416.709935
1552 416.701346
1553 416.627964
1554 416.619462
1555 416.545956
1556 416.537544
1557 416.463906
1558 416.455589
1559 416.381814
1560 416.373596
1561 416.299678
1562 416.291568
1563 416.217503
1564 416.209509
1565 416.135292
1566 416.127423
1567 416.053047
1568 416.045314
1569 415.970772
1570 415.963185
1571 415.888469
1572 415.881038
1573 415.806142
1574 415.798878
1575 415.723791
1576 415.716704
1577 415.641418
1578 415.634520
1579 415.559025
1580 415.552326
1581 415.476614
1582 415.470127
1583 415.394189
1584 415.387926
1585 415.311756
1586 415.305731
1587 415.229322
1588 415.223550
1589 415.146900
1590 415.141401
1591 415.064507
1592 415.059300
1593 414.982166
1594 414.977273
1595 414.899901
1596 414.895344
1597 414.817734
1598 414.813529
1599 414.735677
1600 414.731828
1601 414.653719
1602 414.650223
1603 414.571833
1604 414.568680
1605 414.489981
1606 414.487160
1607 414.408130
1608 414.405635
1609 414.326253
1610 414.324084
1611 414.244337
1612 414.242498
1613 414.162371
1614 414.160869
1615 414.080348
1616 414.079193
1617 413.998264
1618 413.997465
1619 413.916114
1620 413.915681
1621 413.833892
1622 413.833838
1623 413.751594
1624 413.751931
1625 413.669213
1626 413.669956
1627 413.586745
1628 413.587906
1629 413.504182
1630 413.505777
1631 413.421518
1632 413.423562
1633 413.338746
1634 413.341255
1635 413.255857
1636 413.258848
1637 413.172842
1638 413.176334
1639 413.089692
1640 413.093702
1641 413.006394
1642 413.010942
1643 412.922938
1644 412.928043
1645 412.839310
1646 412.844992
1647 412.755492
1648 412.761772
1649 412.671470
1650 412.678367
1651 412.587220
1652 412.594755
1653 412.502721
1654 412.510911
1655 412.417942
1656 412.426802
1657 412.332847
1658 412.342384
1659 412.247381
1660 412.257589
1661 412.161456
1662 412.172292
1663 412.074889
1664 412.086192
1665 411.987152
1666 411.998245
1667 411.895903
1668 411.902490
1669 411.787288
1670 411.787124
1671 411.681253
1672 411.694625
1673 411.590839
1674 411.605898
1675 411.501320
1676 411.517270
1677 411.411602
1678 411.428250
1679 411.321420
1680 411.338666
1681 411.230657
1682 411.248422
1683 411.139241
1684 411.157451
1685 411.047118
1686 411.065701
1687 410.954250
1688 410.973135
1689 410.860616
1690 410.879731
1691 410.766209
1692 410.785484
1693 410.671044
1694 410.690411
1695 410.575156
1696 410.594549
1697 410.478608
1698 410.497961
1699 410.381481
1700 410.400731
1701 410.283877
1702 410.302956
1703 410.185905
1704 410.204744
1705 410.087673
1706 410.106203
1707 409.989282
1708 410.007425
1709 409.890810
1710 409.908489
1711 409.792312
1712 409.809441
1713 409.693808
1714 409.710302
1715 409.595283
1716 409.611056
1717 409.496682
1718 409.511659
1719 409.397926
1720 409.412060
1721 409.298947
1722 409.312236
1723 409.199730
1724 409.212231
1725 409.100343
1726 409.112162
1727 409.000921
1728 409.012186
1729 408.901619
1730 408.912454
1731 408.802575
1732 408.813082
1733 408.703889
1734 408.714146
1735 408.605623
1736 408.615687
1737 408.507806
1738 408.517716
1739 408.410447
1740 408.420220
1741 408.313531
1742 408.323161
1743 408.217020
1744 408.226470
1745 408.120842
1746 408.130008
1747 408.024842
1748 408.033465
1749 407.928628
1750 407.935895
1751 407.830701
1752 407.832266
1753 407.710730
1754 407.672549
1755 407.567397
1756 407.557834
1757 407.466032
1758 407.458901
1759 407.369152
1760 407.362570
1761 407.272091
1762 407.267484
1763 407.175072
1764 407.173190
1765 407.079001
1766 407.079689
1767 406.984069
1768 406.986422
1769 406.889538
1770 406.892185
1771 406.793732
1772 406.795661
1773 406.695523
1774 406.697111
1775 406.596068
1776 406.598293
1777 406.497007
1778 406.500301
1779 406.398936
1780 406.403336
1781 406.301897
1782 406.307335
1783 406.205812
1784 406.212205
1785 406.110597
1786 406.117867
1787 406.016185
1788 406.024260
1789 405.922519
1790 405.931337
1791 405.829555
1792 405.839057
1793 405.737251
1794 405.747385
1795 405.645572
1796 405.656289
1797 405.554486
1798 405.565741
1799 405.463964
1800 405.475714
1801 405.373977
1802 405.386183
1803 405.284499
1804 405.297126
1805 405.195505
1806 405.208520
1807 405.106973
1808 405.120344
1809 405.018879
1810 405.032579
1811 404.931203
1812 404.945206
1813 404.843925
1814 404.858208
1815 404.757028
1816 404.771569
1817 404.670494
1818 404.685274
1819 404.584307
1820 404.599309
1821 404.498453
1822 404.513662
1823 404.412918
1824 404.428320
1825 404.327689
1826 404.343273
1827 404.242755
1828 404.258510
1829 404.158105
1830 404.174022
1831 404.073728
1832 404.089800
1833 403.989616
1834 404.005835
1835 403.905760
1836 403.922121
1837 403.822151
1838 403.838650
1839 403.738781
1840 403.755416
1841 403.655644
1842 403.672410
1843 403.572731
1844 403.589629
1845 403.490038
1846 403.507065
1847 403.407556
1848 403.424713
1849 403.325280
1850 403.342568
1851 403.243205
1852 403.260624
1853 403.161323
1854 403.178877
1855 403.079631
1856 403.097321
1857 402.998122
1858 403.015953
1859 402.916791
1860 402.934768
1861 402.835634
1862 402.853763
1863 402.754645
1864 402.772933
1865 402.673821
1866 402.692278
1867 402.593157
1868 402.611793
1869 402.512649
1870 402.531479
1871 402.432294
1872 402.451336
1873 402.352090
1874 402.371367
1875 402.272035
1876 402.291578
1877 402.192131
1878 402.211982
1879 402.112380
1880 402.132604
1881 402.032796
1882 402.053489
1883 401.953405
1884 401.974733
1885 401.874274
1886 401.896570
1887 401.795601
1888 401.819718
1889 401.718253
1890 401.748170
1891 401.654893
1892 402.534017
1893 401.663377
1894 401.620109
1895 401.216260
1896 401.675428
1897 400.953570
1898 400.897194
1899 400.851394
1900 400.783513
1901 400.758565
1902 400.675615
1903 400.694001
1904 400.585892
1905 400.617678
1906 400.504567
1907 400.526062
1908 400.420293
1909 400.449836
1910 400.338953
1911 400.361726
1912 400.256184
1913 400.284631
1914 400.175174
1915 400.198904
1916 400.093045
1917 400.120521
1918 400.012054
1919 400.036493
1920 399.930377
1921 399.957048
1922 399.849332
1923 399.873980
1924 399.767674
1925 399.793277
1926 399.685860
1927 399.709592
1928 399.602414
1929 399.625150
1930 399.516091
1931 399.535908
1932 399.427710
1933 399.448394
1934 399.342717
1935 399.363424
1936 399.258805
1937 399.278850
1938 399.174275
1939 399.193307
1940 399.088891
1941 399.107207
1942 399.002923
1943 399.020619
1944 398.916641
1945 398.933960
1946 398.830291
1947 398.847336
1948 398.744025
1949 398.760933
1950 398.657965
1951 398.674803
1952 398.572178
1953 398.589010
1954 398.486699
1955 398.503556
1956 398.401533
1957 398.418439
1958 398.316667
1959 398.333634
1960 398.232080
1961 398.249118
1962 398.147746
1963 398.164861
1964 398.063637
1965 398.080838
1966 397.979736
1967 397.997034
1968 397.896035
1969 397.913453
1970 397.812548
1971 397.830115
1972 397.729303
1973 397.747052
1974 397.646333
1975 397.664295
1976 397.563663
1977 397.581867
1978 397.481312
1979 397.499779
1980 397.399287
1981 397.418038
1982 397.317589
1983 397.336642
1984 397.236218
1985 397.255586
1986 397.155167
1987 397.174865
1988 397.074429
1989 397.094468
1990 396.993997
1991 397.014387
1992 396.913860
1993 396.934610
1994 396.834009
1995 396.855124
1996 396.754430
1997 396.775916
1998 396.675111
1999 396.696969
