0 19.034318
1 20.309205
2 15.210403
3 10.268888
4 6.837608
5 4.708953
6 3.411865
7 2.587489
8 2.032062
9 1.639868
10 1.353450
11 1.138793
12 0.974346
13 0.845855
14 0.743633
15 0.660961
16 0.593094
17 0.536625
18 0.489067
19 0.448576
20 0.413761
21 0.383562
22 0.357158
23 0.333905
24 0.313292
25 0.294911
26 0.278431
27 0.263582
28 0.250141
29 0.237923
30 0.226774
31 0.216563
32 0.207181
33 0.198534
34 0.190540
35 0.183131
36 0.176246
37 0.169833
38 0.163846
39 0.158246
40 0.152997
41 0.148068
42 0.143430
43 0.139061
44 0.134937
45 0.131039
46 0.127349
47 0.123851
48 0.120532
49 0.117378
50 0.114377
51 0.111518
52 0.108793
53 0.106192
54 0.103707
55 0.101330
56 0.099055
57 0.096876
58 0.094786
59 0.092781
60 0.090855
61 0.089004
62 0.087224
63 0.085511
64 0.083860
65 0.082270
66 0.080737
67 0.079257
68 0.077828
69 0.076448
70 0.075114
71 0.073824
72 0.072575
73 0.071367
74 0.070196
75 0.069062
76 0.067962
77 0.066896
78 0.065861
79 0.064856
80 0.063881
81 0.062933
82 0.062012
83 0.061116
84 0.060245
85 0.059397
86 0.058572
87 0.057769
88 0.056987
89 0.056225
90 0.055482
91 0.054758
92 0.054052
93 0.053363
94 0.052690
95 0.052034
96 0.051394
97 0.050768
98 0.050157
99 0.049560
100 0.048977
101 0.048406
102 0.047848
103 0.047303
104 0.046769
105 0.046247
106 0.045736
107 0.045236
108 0.044746
109 0.044266
110 0.043796
111 0.043336
112 0.042885
113 0.042442
114 0.042009
115 0.041584
116 0.041167
117 0.040758
118 0.040357
119 0.039964
120 0.039578
121 0.039198
122 0.038826
123 0.038461
124 0.038102
125 0.037750
126 0.037404
127 0.037064
128 0.036730
129 0.036401
130 0.036079
131 0.035761
132 0.035449
133 0.035143
134 0.034841
135 0.034545
136 0.034253
137 0.033966
138 0.033683
139 0.033405
140 0.033132
141 0.032862
142 0.032597
143 0.032336
144 0.032079
145 0.031826
146 0.031577
147 0.031332
148 0.031090
149 0.030852
150 0.030617
151 0.030386
152 0.030158
153 0.029933
154 0.029712
155 0.029493
156 0.029278
157 0.029066
158 0.028857
159 0.028651
160 0.028447
161 0.028246
162 0.028048
163 0.027853
164 0.027660
165 0.027470
166 0.027283
167 0.027097
168 0.026915
169 0.026734
170 0.026556
171 0.026381
172 0.026207
173 0.026036
174 0.025867
175 0.025699
176 0.025534
177 0.025372
178 0.025211
179 0.025052
180 0.024895
181 0.024739
182 0.024586
183 0.024435
184 0.024285
185 0.024137
186 0.023991
187 0.023847
188 0.023704
189 0.023563
190 0.023423
191 0.023285
192 0.023149
193 0.023014
194 0.022881
195 0.022749
196 0.022619
197 0.022490
198 0.022362
199 0.022236
200 0.022112
201 0.021988
202 0.021866
203 0.021745
204 0.021626
205 0.021508
206 0.021391
207 0.021275
208 0.021161
209 0.021047
210 0.020935
211 0.020824
212 0.020714
213 0.020606
214 0.020498
215 0.020391
216 0.020286
217 0.020182
218 0.020078
219 0.019976
220 0.019874
221 0.019774
222 0.019675
223 0.019576
224 0.019479
225 0.019382
226 0.019287
227 0.019192
228 0.019098
229 0.019005
230 0.018913
231 0.018822
232 0.018732
233 0.018642
234 0.018554
235 0.018466
236 0.018379
237 0.018292
238 0.018207
239 0.018122
240 0.018038
241 0.017955
242 0.017873
243 0.017791
244 0.017710
245 0.017630
246 0.017550
247 0.017471
248 0.017393
249 0.017316
250 0.017239
251 0.017163
252 0.017087
253 0.017012
254 0.016938
255 0.016864
256 0.016791
257 0.016719
258 0.016647
259 0.016576
260 0.016505
261 0.016435
262 0.016366
263 0.016297
264 0.016229
265 0.016161
266 0.016094
267 0.016027
268 0.015961
269 0.015895
270 0.015830
271 0.015766
272 0.015702
273 0.015638
274 0.015575
275 0.015512
276 0.015450
277 0.015389
278 0.015328
279 0.015267
280 0.015207
281 0.015147
282 0.015088
283 0.015029
284 0.014970
285 0.014913
286 0.014855
287 0.014798
288 0.014741
289 0.014685
290 0.014629
291 0.014574
292 0.014519
293 0.014464
294 0.014410
295 0.014356
296 0.014303
297 0.014250
298 0.014197
299 0.014145
300 0.014093
301 0.014041
302 0.013990
303 0.013939
304 0.013889
305 0.013839
306 0.013789
307 0.013740
308 0.013691
309 0.013642
310 0.013594
311 0.013546
312 0.013498
313 0.013450
314 0.013403
315 0.013357
316 0.013310
317 0.013264
318 0.013218
319 0.013173
320 0.013128
321 0.013083
322 0.013038
323 0.012994
324 0.012950
325 0.012906
326 0.012863
327 0.012819
328 0.012777
329 0.012734
330 0.012692
331 0.012650
332 0.012608
333 0.012566
334 0.012525
335 0.012484
336 0.012443
337 0.012403
338 0.012363
339 0.012323
340 0.012283
341 0.012244
342 0.012204
343 0.012165
344 0.012127
345 0.012088
346 0.012050
347 0.012012
348 0.011974
349 0.011937
350 0.011899
351 0.011862
352 0.011825
353 0.011789
354 0.011752
355 0.011716
356 0.011680
357 0.011644
358 0.011609
359 0.011573
360 0.011538
361 0.011503
362 0.011469
363 0.011434
364 0.011400
365 0.011366
366 0.011332
367 0.011298
368 0.011264
369 0.011231
370 0.011198
371 0.011165
372 0.011132
373 0.011100
374 0.011067
375 0.011035
376 0.011003
377 0.010971
378 0.010939
379 0.010908
380 0.010877
381 0.010845
382 0.010814
383 0.010784
384 0.010753
385 0.010722
386 0.010692
387 0.010662
388 0.010632
389 0.010602
390 0.010573
391 0.010543
392 0.010514
393 0.010485
394 0.010456
395 0.010427
396 0.010398
397 0.010370
398 0.010341
399 0.010313
400 0.010285
401 0.010257
402 0.010229
403 0.010202
404 0.010174
405 0.010147
406 0.010120
407 0.010092
408 0.010066
409 0.010039
410 0.010012
411 0.009986
412 0.009959
413 0.009933
414 0.009907
415 0.009881
416 0.009855
417 0.009829
418 0.009804
419 0.009778
420 0.009753
421 0.009728
422 0.009703
423 0.009678
424 0.009653
425 0.009628
426 0.009604
427 0.009579
428 0.009555
429 0.009531
430 0.009507
431 0.009483
432 0.009459
433 0.009435
434 0.009411
435 0.009388
436 0.009365
437 0.009341
438 0.009318
439 0.009295
440 0.009272
441 0.009249
442 0.009227
443 0.009204
444 0.009181
445 0.009159
446 0.009137
447 0.009115
448 0.009093
449 0.009071
450 0.009049
451 0.009027
452 0.009005
453 0.008984
454 0.008962
455 0.008941
456 0.008920
457 0.008898
458 0.008877
459 0.008856
460 0.008835
461 0.008815
462 0.008794
463 0.008773
464 0.008753
465 0.008732
466 0.008712
467 0.008692
468 0.008672
469 0.008652
470 0.008632
471 0.008612
472 0.008592
473 0.008573
474 0.008553
475 0.008533
476 0.008514
477 0.008495
478 0.008475
479 0.008456
480 0.008437
481 0.008418
482 0.008399
483 0.008380
484 0.008362
485 0.008343
486 0.008324
487 0.008306
488 0.008287
489 0.008269
490 0.008251
491 0.008233
492 0.008215
493 0.008197
494 0.008179
495 0.008161
496 0.008143
497 0.008125
498 0.008108
499 0.008090
500 0.008072
501 0.008055
502 0.008038
503 0.008020
504 0.008003
505 0.007986
506 0.007969
507 0.007952
508 0.007935
509 0.007918
510 0.007901
511 0.007885
512 0.007868
513 0.007851
514 0.007835
515 0.007818
516 0.007802
517 0.007786
518 0.007770
519 0.007753
520 0.007737
521 0.007721
522 0.007705
523 0.007689
524 0.007673
525 0.007658
526 0.007642
527 0.007626
528 0.007611
529 0.007595
530 0.007580
531 0.007564
532 0.007549
533 0.007534
534 0.007518
535 0.007503
536 0.007488
537 0.007473
538 0.007458
539 0.007443
540 0.007428
541 0.007413
542 0.007399
543 0.007384
544 0.007369
545 0.007355
546 0.007340
547 0.007326
548 0.007311
549 0.007297
550 0.007283
551 0.007268
552 0.007254
553 0.007240
554 0.007226
555 0.007212
556 0.007198
557 0.007184
558 0.007170
559 0.007156
560 0.007142
561 0.007129
562 0.007115
563 0.007101
564 0.007088
565 0.007074
566 0.007061
567 0.007047
568 0.007034
569 0.007021
570 0.007007
571 0.006994
572 0.006981
573 0.006968
574 0.006955
575 0.006942
576 0.006929
577 0.006916
578 0.006903
579 0.006890
580 0.006877
581 0.006864
582 0.006852
583 0.006839
584 0.006827
585 0.006814
586 0.006801
587 0.006789
588 0.006776
589 0.006764
590 0.006752
591 0.006739
592 0.006727
593 0.006715
594 0.006703
595 0.006691
596 0.006679
597 0.006667
598 0.006655
599 0.006643
600 0.006631
601 0.006619
602 0.006607
603 0.006595
604 0.006583
605 0.006572
606 0.006560
607 0.006548
608 0.006537
609 0.006525
610 0.006514
611 0.006502
612 0.006491
613 0.006479
614 0.006468
615 0.006457
616 0.006446
617 0.006434
618 0.006423
619 0.006412
620 0.006401
621 0.006390
622 0.006379
623 0.006368
624 0.006357
625 0.006346
626 0.006335
627 0.006324
628 0.006313
629 0.006302
630 0.006292
631 0.006281
632 0.006270
633 0.006260
634 0.006249
635 0.006238
636 0.006228
637 0.006217
638 0.006207
639 0.006196
640 0.006186
641 0.006176
642 0.006165
643 0.006155
644 0.006145
645 0.006134
646 0.006124
647 0.006114
648 0.006104
649 0.006094
650 0.006084
651 0.006074
652 0.006064
653 0.006054
654 0.006044
655 0.006034
656 0.006024
657 0.006014
658 0.006004
659 0.005995
660 0.005985
661 0.005975
662 0.005965
663 0.005956
664 0.005946
665 0.005936
666 0.005927
667 0.005917
668 0.005908
669 0.005898
670 0.005889
671 0.005880
672 0.005870
673 0.005861
674 0.005851
675 0.005842
676 0.005833
677 0.005824
678 0.005814
679 0.005805
680 0.005796
681 0.005787
682 0.005778
683 0.005769
684 0.005760
685 0.005751
686 0.005742
687 0.005733
688 0.005724
689 0.005715
690 0.005706
691 0.005697
692 0.005688
693 0.005679
694 0.005671
695 0.005662
696 0.005653
697 0.005644
698 0.005636
699 0.005627
700 0.005619
701 0.005610
702 0.005601
703 0.005593
704 0.005584
705 0.005576
706 0.005567
707 0.005559
708 0.005550
709 0.005542
710 0.005534
711 0.005525
712 0.005517
713 0.005509
714 0.005501
715 0.005492
716 0.005484
717 0.005476
718 0.005468
719 0.005460
720 0.005451
721 0.005443
722 0.005435
723 0.005427
724 0.005419
725 0.005411
726 0.005403
727 0.005395
728 0.005387
729 0.005379
730 0.005371
731 0.005364
732 0.005356
733 0.005348
734 0.005340
735 0.005332
736 0.005324
737 0.005317
738 0.005309
739 0.005301
740 0.005294
741 0.005286
742 0.005278
743 0.005271
744 0.005263
745 0.005256
746 0.005248
747 0.005241
748 0.005233
749 0.005226
750 0.005218
751 0.005211
752 0.005203
753 0.005196
754 0.005188
755 0.005181
756 0.005174
757 0.005166
758 0.005159
759 0.005152
760 0.005145
761 0.005137
762 0.005130
763 0.005123
764 0.005116
765 0.005109
766 0.005102
767 0.005094
768 0.005087
769 0.005080
770 0.005073
771 0.005066
772 0.005059
773 0.005052
774 0.005045
775 0.005038
776 0.005031
777 0.005024
778 0.005017
779 0.005010
780 0.005004
781 0.004997
782 0.004990
783 0.004983
784 0.004976
785 0.004970
786 0.004963
787 0.004956
788 0.004949
789 0.004943
790 0.004936
791 0.004929
792 0.004923
793 0.004916
794 0.004909
795 0.004903
796 0.004896
797 0.004890
798 0.004883
799 0.004876
800 0.004870
801 0.004863
802 0.004857
803 0.004850
804 0.004844
805 0.004838
806 0.004831
807 0.004825
808 0.004818
809 0.004812
810 0.004806
811 0.004799
812 0.004793
813 0.004787
814 0.004780
815 0.004774
816 0.004768
817 0.004762
818 0.004755
819 0.004749
820 0.004743
821 0.004737
822 0.004731
823 0.004725
824 0.004718
825 0.004712
826 0.004706
827 0.004700
828 0.004694
829 0.004688
830 0.004682
831 0.004676
832 0.004670
833 0.004664
834 0.004658
835 0.004652
836 0.004646
837 0.004640
838 0.004634
839 0.004628
840 0.004622
841 0.004617
842 0.004611
843 0.004605
844 0.004599
845 0.004593
846 0.004587
847 0.004582
848 0.004576
849 0.004570
850 0.004564
851 0.004559
852 0.004553
853 0.004547
854 0.004542
855 0.004536
856 0.004530
857 0.004525
858 0.004519
859 0.004513
860 0.004508
861 0.004502
862 0.004497
863 0.004491
864 0.004485
865 0.004480
866 0.004474
867 0.004469
868 0.004463
869 0.004458
870 0.004452
871 0.004447
872 0.004442
873 0.004436
874 0.004431
875 0.004425
876 0.004420
877 0.004415
878 0.004409
879 0.004404
880 0.004398
881 0.004393
882 0.004388
883 0.004383
884 0.004377
885 0.004372
886 0.004367
887 0.004361
888 0.004356
889 0.004351
890 0.004346
891 0.004341
892 0.004335
893 0.004330
894 0.004325
895 0.004320
896 0.004315
897 0.004310
898 0.004304
899 0.004299
900 0.004294
901 0.004289
902 0.004284
903 0.004279
904 0.004274
905 0.004269
906 0.004264
907 0.004259
908 0.004254
909 0.004249
910 0.004244
911 0.004239
912 0.004234
913 0.004229
914 0.004224
915 0.004219
916 0.004214
917 0.004209
918 0.004205
919 0.004200
920 0.004195
921 0.004190
922 0.004185
923 0.004180
924 0.004175
925 0.004171
926 0.004166
927 0.004161
928 0.004156
929 0.004151
930 0.004147
931 0.004142
932 0.004137
933 0.004133
934 0.004128
935 0.004123
936 0.004118
937 0.004114
938 0.004109
939 0.004104
940 0.004100
941 0.004095
942 0.004090
943 0.004086
944 0.004081
945 0.004077
946 0.004072
947 0.004067
948 0.004063
949 0.004058
950 0.004054
951 0.004049
952 0.004045
953 0.004040
954 0.004036
955 0.004031
956 0.004027
957 0.004022
958 0.004018
959 0.004013
960 0.004009
961 0.004004
962 0.004000
963 0.003995
964 0.003991
965 0.003987
966 0.003982
967 0.003978
968 0.003973
969 0.003969
970 0.003965
971 0.003960
972 0.003956
973 0.003952
974 0.003947
975 0.003943
976 0.003939
977 0.003935
978 0.003930
979 0.003926
980 0.003922
981 0.003917
982 0.003913
983 0.003909
984 0.003905
985 0.003900
986 0.003896
987 0.003892
988 0.003888
989 0.003884
990 0.003880
991 0.003875
992 0.003871
993 0.003867
994 0.003863
995 0.003859
996 0.003855
997 0.003851
998 0.003846
999 0.003842
1000 0.003838
1001 0.003834
1002 0.003830
1003 0.003826
1004 0.003822
1005 0.003818
1006 0.003814
1007 0.003810
1008 0.003806
1009 0.003802
1010 0.003798
1011 0.003794
1012 0.003790
1013 0.003786
1014 0.003782
1015 0.003778
1016 0.003774
1017 0.003770
1018 0.003766
1019 0.003762
1020 0.003758
1021 0.003754
1022 0.003750
1023 0.003746
1024 0.003743
1025 0.003739
1026 0.003735
1027 0.003731
1028 0.003727
1029 0.003723
1030 0.003719
1031 0.003716
1032 0.003712
1033 0.003708
1034 0.003704
1035 0.003700
1036 0.003696
1037 0.003693
1038 0.003689
1039 0.003685
1040 0.003681
1041 0.003678
1042 0.003674
1043 0.003670
1044 0.003666
1045 0.003663
1046 0.003659
1047 0.003655
1048 0.003651
1049 0.003648
1050 0.003644
1051 0.003640
1052 0.003637
1053 0.003633
1054 0.003629
1055 0.003626
1056 0.003622
1057 0.003618
1058 0.003615
1059 0.003611
1060 0.003607
1061 0.003604
1062 0.003600
1063 0.003597
1064 0.003593
1065 0.003589
1066 0.003586
1067 0.003582
1068 0.003579
1069 0.003575
1070 0.003572
1071 0.003568
1072 0.003565
1073 0.003561
1074 0.003558
1075 0.003554
1076 0.003550
1077 0.003547
1078 0.003543
1079 0.003540
1080 0.003537
1081 0.003533
1082 0.003530
1083 0.003526
1084 0.003523
1085 0.003519
1086 0.003516
1087 0.003512
1088 0.003509
1089 0.003505
1090 0.003502
1091 0.003499
1092 0.003495
1093 0.003492
1094 0.003488
1095 0.003485
1096 0.003482
1097 0.003478
1098 0.003475
1099 0.003472
1100 0.003468
1101 0.003465
1102 0.003462
1103 0.003458
1104 0.003455
1105 0.003452
1106 0.003448
1107 0.003445
1108 0.003442
1109 0.003438
1110 0.003435
1111 0.003432
1112 0.003428
1113 0.003425
1114 0.003422
1115 0.003419
1116 0.003415
1117 0.003412
1118 0.003409
1119 0.003406
1120 0.003402
1121 0.003399
1122 0.003396
1123 0.003393
1124 0.003390
1125 0.003386
1126 0.003383
1127 0.003380
1128 0.003377
1129 0.003374
1130 0.003370
1131 0.003367
1132 0.003364
1133 0.003361
1134 0.003358
1135 0.003355
1136 0.003352
1137 0.003348
1138 0.003345
1139 0.003342
1140 0.003339
1141 0.003336
1142 0.003333
1143 0.003330
1144 0.003327
1145 0.003324
1146 0.003321
1147 0.003317
1148 0.003314
1149 0.003311
1150 0.003308
1151 0.003305
1152 0.003302
1153 0.003299
1154 0.003296
1155 0.003293
1156 0.003290
1157 0.003287
1158 0.003284
1159 0.003281
1160 0.003278
1161 0.003275
1162 0.003272
1163 0.003269
1164 0.003266
1165 0.003263
1166 0.003260
1167 0.003257
1168 0.003254
1169 0.003251
1170 0.003248
1171 0.003245
1172 0.003242
1173 0.003239
1174 0.003236
1175 0.003234
1176 0.003231
1177 0.003228
1178 0.003225
1179 0.003222
1180 0.003219
1181 0.003216
1182 0.003213
1183 0.003210
1184 0.003207
1185 0.003205
1186 0.003202
1187 0.003199
1188 0.003196
1189 0.003193
1190 0.003190
1191 0.003187
1192 0.003185
1193 0.003182
1194 0.003179
1195 0.003176
1196 0.003173
1197 0.003171
1198 0.003168
1199 0.003165
1200 0.003162
1201 0.003159
1202 0.003157
1203 0.003154
1204 0.003151
1205 0.003148
1206 0.003145
1207 0.003143
1208 0.003140
1209 0.003137
1210 0.003134
1211 0.003132
1212 0.003129
1213 0.003126
1214 0.003123
1215 0.003121
1216 0.003118
1217 0.003115
1218 0.003113
1219 0.003110
1220 0.003107
1221 0.003104
1222 0.003102
1223 0.003099
1224 0.003096
1225 0.003094
1226 0.003091
1227 0.003088
1228 0.003086
1229 0.003083
1230 0.003080
1231 0.003078
1232 0.003075
1233 0.003072
1234 0.003070
1235 0.003067
1236 0.003064
1237 0.003062
1238 0.003059
1239 0.003057
1240 0.003054
1241 0.003051
1242 0.003049
1243 0.003046
1244 0.003044
1245 0.003041
1246 0.003038
1247 0.003036
1248 0.003033
1249 0.003031
1250 0.003028
1251 0.003026
1252 0.003023
1253 0.003020
1254 0.003018
1255 0.003015
1256 0.003013
1257 0.003010
1258 0.003008
1259 0.003005
1260 0.003003
1261 0.003000
1262 0.002998
1263 0.002995
1264 0.002993
1265 0.002990
1266 0.002988
1267 0.002985
1268 0.002983
1269 0.002980
1270 0.002978
1271 0.002975
1272 0.002973
1273 0.002970
1274 0.002968
1275 0.002965
1276 0.002963
1277 0.002960
1278 0.002958
1279 0.002955
1280 0.002953
1281 0.002950
1282 0.002948
1283 0.002946
1284 0.002943
1285 0.002941
1286 0.002938
1287 0.002936
1288 0.002933
1289 0.002931
1290 0.002929
1291 0.002926
1292 0.002924
1293 0.002921
1294 0.002919
1295 0.002917
1296 0.002914
1297 0.002912
1298 0.002910
1299 0.002907
1300 0.002905
1301 0.002902
1302 0.002900
1303 0.002898
1304 0.002895
1305 0.002893
1306 0.002891
1307 0.002888
1308 0.002886
1309 0.002884
1310 0.002881
1311 0.002879
1312 0.002877
1313 0.002874
1314 0.002872
1315 0.002870
1316 0.002867
1317 0.002865
1318 0.002863
1319 0.002860
1320 0.002858
1321 0.002856
1322 0.002854
1323 0.002851
1324 0.002849
1325 0.002847
1326 0.002844
1327 0.002842
1328 0.002840
1329 0.002838
1330 0.002835
1331 0.002833
1332 0.002831
1333 0.002829
1334 0.002826
1335 0.002824
1336 0.002822
1337 0.002820
1338 0.002817
1339 0.002815
1340 0.002813
1341 0.002811
1342 0.002809
1343 0.002806
1344 0.002804
1345 0.002802
1346 0.002800
1347 0.002798
1348 0.002795
1349 0.002793
1350 0.002791
1351 0.002789
1352 0.002787
1353 0.002784
1354 0.002782
1355 0.002780
1356 0.002778
1357 0.002776
1358 0.002774
1359 0.002771
1360 0.002769
1361 0.002767
1362 0.002765
1363 0.002763
1364 0.002761
1365 0.002758
1366 0.002756
1367 0.002754
1368 0.002752
1369 0.002750
1370 0.002748
1371 0.002746
1372 0.002744
1373 0.002741
1374 0.002739
1375 0.002737
1376 0.002735
1377 0.002733
1378 0.002731
1379 0.002729
1380 0.002727
1381 0.002725
1382 0.002723
1383 0.002720
1384 0.002718
1385 0.002716
1386 0.002714
1387 0.002712
1388 0.002710
1389 0.002708
1390 0.002706
1391 0.002704
1392 0.002702
1393 0.002700
1394 0.002698
1395 0.002696
1396 0.002694
1397 0.002692
1398 0.002690
1399 0.002688
1400 0.002686
1401 0.002683
1402 0.002681
1403 0.002679
1404 0.002677
1405 0.002675
1406 0.002673
1407 0.002671
1408 0.002669
1409 0.002667
1410 0.002665
1411 0.002663
1412 0.002661
1413 0.002659
1414 0.002657
1415 0.002655
1416 0.002653
1417 0.002651
1418 0.002649
1419 0.002647
1420 0.002646
1421 0.002644
1422 0.002642
1423 0.002640
1424 0.002638
1425 0.002636
1426 0.002634
1427 0.002632
1428 0.002630
1429 0.002628
1430 0.002626
1431 0.002624
1432 0.002622
1433 0.002620
1434 0.002618
1435 0.002616
1436 0.002614
1437 0.002612
1438 0.002610
1439 0.002609
1440 0.002607
1441 0.002605
1442 0.002603
1443 0.002601
1444 0.002599
1445 0.002597
1446 0.002595
1447 0.002593
1448 0.002591
1449 0.002590
1450 0.002588
1451 0.002586
1452 0.002584
1453 0.002582
1454 0.002580
1455 0.002578
1456 0.002576
1457 0.002574
1458 0.002573
1459 0.002571
1460 0.002569
1461 0.002567
1462 0.002565
1463 0.002563
1464 0.002561
1465 0.002560
1466 0.002558
1467 0.002556
1468 0.002554
1469 0.002552
1470 0.002550
1471 0.002549
1472 0.002547
1473 0.002545
1474 0.002543
1475 0.002541
1476 0.002539
1477 0.002538
1478 0.002536
1479 0.002534
1480 0.002532
1481 0.002530
1482 0.002529
1483 0.002527
1484 0.002525
1485 0.002523
1486 0.002521
1487 0.002520
1488 0.002518
1489 0.002516
1490 0.002514
1491 0.002512
1492 0.002511
1493 0.002509
1494 0.002507
1495 0.002505
1496 0.002504
1497 0.002502
1498 0.002500
1499 0.002498
1500 0.002496
1501 0.002495
1502 0.002493
1503 0.002491
1504 0.002489
1505 0.002488
1506 0.002486
1507 0.002484
1508 0.002482
1509 0.002481
1510 0.002479
1511 0.002477
1512 0.002476
1513 0.002474
1514 0.002472
1515 0.002470
1516 0.002469
1517 0.002467
1518 0.002465
1519 0.002463
1520 0.002462
1521 0.002460
1522 0.002458
1523 0.002457
1524 0.002455
1525 0.002453
1526 0.002452
1527 0.002450
1528 0.002448
1529 0.002446
1530 0.002445
1531 0.002443
1532 0.002441
1533 0.002440
1534 0.002438
1535 0.002436
1536 0.002435
1537 0.002433
1538 0.002431
1539 0.002430
1540 0.002428
1541 0.002426
1542 0.002425
1543 0.002423
1544 0.002421
1545 0.002420
1546 0.002418
1547 0.002416
1548 0.002415
1549 0.002413
1550 0.002411
1551 0.002410
1552 0.002408
1553 0.002407
1554 0.002405
1555 0.002403
1556 0.002402
1557 0.002400
1558 0.002398
1559 0.002397
1560 0.002395
1561 0.002393
1562 0.002392
1563 0.002390
1564 0.002389
1565 0.002387
1566 0.002385
1567 0.002384
1568 0.002382
1569 0.002381
1570 0.002379
1571 0.002377
1572 0.002376
1573 0.002374
1574 0.002373
1575 0.002371
1576 0.002369
1577 0.002368
1578 0.002366
1579 0.002365
1580 0.002363
1581 0.002362
1582 0.002360
1583 0.002358
1584 0.002357
1585 0.002355
1586 0.002354
1587 0.002352
1588 0.002351
1589 0.002349
1590 0.002347
1591 0.002346
1592 0.002344
1593 0.002343
1594 0.002341
1595 0.002340
1596 0.002338
1597 0.002337
1598 0.002335
1599 0.002333
1600 0.002332
1601 0.002330
1602 0.002329
1603 0.002327
1604 0.002326
1605 0.002324
1606 0.002323
1607 0.002321
1608 0.002320
1609 0.002318
1610 0.002317
1611 0.002315
1612 0.002314
1613 0.002312
1614 0.002311
1615 0.002309
1616 0.002308
1617 0.002306
1618 0.002304
1619 0.002303
1620 0.002301
1621 0.002300
1622 0.002298
1623 0.002297
1624 0.002296
1625 0.002294
1626 0.002293
1627 0.002291
1628 0.002290
1629 0.002288
1630 0.002287
1631 0.002285
1632 0.002284
1633 0.002282
1634 0.002281
1635 0.002279
1636 0.002278
1637 0.002276
1638 0.002275
1639 0.002273
1640 0.002272
1641 0.002270
1642 0.002269
1643 0.002267
1644 0.002266
1645 0.002265
1646 0.002263
1647 0.002262
1648 0.002260
1649 0.002259
1650 0.002257
1651 0.002256
1652 0.002254
1653 0.002253
1654 0.002252
1655 0.002250
1656 0.002249
1657 0.002247
1658 0.002246
1659 0.002244
1660 0.002243
1661 0.002242
1662 0.002240
1663 0.002239
1664 0.002237
1665 0.002236
1666 0.002234
1667 0.002233
1668 0.002232
1669 0.002230
1670 0.002229
1671 0.002227
1672 0.002226
1673 0.002225
1674 0.002223
1675 0.002222
1676 0.002220
1677 0.002219
1678 0.002218
1679 0.002216
1680 0.002215
1681 0.002213
1682 0.002212
1683 0.002211
1684 0.002209
1685 0.002208
1686 0.002206
1687 0.002205
1688 0.002204
1689 0.002202
1690 0.002201
1691 0.002200
1692 0.002198
1693 0.002197
1694 0.002195
1695 0.002194
1696 0.002193
1697 0.002191
1698 0.002190
1699 0.002189
1700 0.002187
1701 0.002186
1702 0.002185
1703 0.002183
1704 0.002182
1705 0.002181
1706 0.002179
1707 0.002178
1708 0.002176
1709 0.002175
1710 0.002174
1711 0.002172
1712 0.002171
1713 0.002170
1714 0.002168
1715 0.002167
1716 0.002166
1717 0.002164
1718 0.002163
1719 0.002162
1720 0.002160
1721 0.002159
1722 0.002158
1723 0.002156
1724 0.002155
1725 0.002154
1726 0.002153
1727 0.002151
1728 0.002150
1729 0.002149
1730 0.002147
1731 0.002146
1732 0.002145
1733 0.002143
1734 0.002142
1735 0.002141
1736 0.002139
1737 0.002138
1738 0.002137
1739 0.002136
1740 0.002134
1741 0.002133
1742 0.002132
1743 0.002130
1744 0.002129
1745 0.002128
1746 0.002127
1747 0.002125
1748 0.002124
1749 0.002123
1750 0.002121
1751 0.002120
1752 0.002119
1753 0.002118
1754 0.002116
1755 0.002115
1756 0.002114
1757 0.002112
1758 0.002111
1759 0.002110
1760 0.002109
1761 0.002107
1762 0.002106
1763 0.002105
1764 0.002104
1765 0.002102
1766 0.002101
1767 0.002100
1768 0.002099
1769 0.002097
1770 0.002096
1771 0.002095
1772 0.002094
1773 0.002092
1774 0.002091
1775 0.002090
1776 0.002089
1777 0.002087
1778 0.002086
1779 0.002085
1780 0.002084
1781 0.002082
1782 0.002081
1783 0.002080
1784 0.002079
1785 0.002078
1786 0.002076
1787 0.002075
1788 0.002074
1789 0.002073
1790 0.002071
1791 0.002070
1792 0.002069
1793 0.002068
1794 0.002067
1795 0.002065
1796 0.002064
1797 0.002063
1798 0.002062
1799 0.002060
1800 0.002059
1801 0.002058
1802 0.002057
1803 0.002056
1804 0.002054
1805 0.002053
1806 0.002052
1807 0.002051
1808 0.002050
1809 0.002048
1810 0.002047
1811 0.002046
1812 0.002045
1813 0.002044
1814 0.002043
1815 0.002041
1816 0.002040
1817 0.002039
1818 0.002038
1819 0.002037
1820 0.002035
1821 0.002034
1822 0.002033
1823 0.002032
1824 0.002031
1825 0.002030
1826 0.002028
1827 0.002027
1828 0.002026
1829 0.002025
1830 0.002024
1831 0.002023
1832 0.002021
1833 0.002020
1834 0.002019
1835 0.002018
1836 0.002017
1837 0.002016
1838 0.002014
1839 0.002013
1840 0.002012
1841 0.002011
1842 0.002010
1843 0.002009
1844 0.002008
1845 0.002006
1846 0.002005
1847 0.002004
1848 0.002003
1849 0.002002
1850 0.002001
1851 0.001999
1852 0.001998
1853 0.001997
1854 0.001996
1855 0.001995
1856 0.001994
1857 0.001993
1858 0.001992
1859 0.001990
1860 0.001989
1861 0.001988
1862 0.001987
1863 0.001986
1864 0.001985
1865 0.001984
1866 0.001983
1867 0.001981
1868 0.001980
1869 0.001979
1870 0.001978
1871 0.001977
1872 0.001976
1873 0.001975
1874 0.001974
1875 0.001973
1876 0.001971
1877 0.001970
1878 0.001969
1879 0.001968
1880 0.001967
1881 0.001966
1882 0.001965
1883 0.001964
1884 0.001963
1885 0.001961
1886 0.001960
1887 0.001959
1888 0.001958
1889 0.001957
1890 0.001956
1891 0.001955
1892 0.001954
1893 0.001953
1894 0.001952
1895 0.001951
1896 0.001950
1897 0.001948
1898 0.001947
1899 0.001946
1900 0.001945
1901 0.001944
1902 0.001943
1903 0.001942
1904 0.001941
1905 0.001940
1906 0.001939
1907 0.001938
1908 0.001937
1909 0.001936
1910 0.001934
1911 0.001933
1912 0.001932
1913 0.001931
1914 0.001930
1915 0.001929
1916 0.001928
1917 0.001927
1918 0.001926
1919 0.001925
1920 0.001924
1921 0.001923
1922 0.001922
1923 0.001921
1924 0.001920
1925 0.001919
1926 0.001918
1927 0.001916
1928 0.001915
1929 0.001914
1930 0.001913
1931 0.001912
1932 0.001911
1933 0.001910
1934 0.001909
1935 0.001908
1936 0.001907
1937 0.001906
1938 0.001905
1939 0.001904
1940 0.001903
1941 0.001902
1942 0.001901
1943 0.001900
1944 0.001899
1945 0.001898
1946 0.001897
1947 0.001896
1948 0.001895
1949 0.001894
1950 0.001893
1951 0.001892
1952 0.001891
1953 0.001890
1954 0.001889
1955 0.001888
1956 0.001887
1957 0.001886
1958 0.001885
1959 0.001884
1960 0.001882
1961 0.001881
1962 0.001880
1963 0.001879
1964 0.001878
1965 0.001877
1966 0.001876
1967 0.001875
1968 0.001874
1969 0.001873
1970 0.001872
1971 0.001871
1972 0.001870
1973 0.001869
1974 0.001868
1975 0.001867
1976 0.001866
1977 0.001865
1978 0.001864
1979 0.001863
1980 0.001862
1981 0.001861
1982 0.001860
1983 0.001859
1984 0.001859
1985 0.001858
1986 0.001857
1987 0.001856
1988 0.001855
1989 0.001854
1990 0.001853
1991 0.001852
1992 0.001851
1993 0.001850
1994 0.001849
1995 0.001848
1996 0.001847
1997 0.001846
1998 0.001845
1999 0.001844
2000 0.001843
2001 0.001842
2002 0.001841
2003 0.001840
2004 0.001839
2005 0.001838
2006 0.001837
2007 0.001836
2008 0.001835
2009 0.001834
2010 0.001833
2011 0.001832
2012 0.001831
2013 0.001830
2014 0.001829
2015 0.001828
2016 0.001827
2017 0.001826
2018 0.001826
2019 0.001825
2020 0.001824
2021 0.001823
2022 0.001822
2023 0.001821
2024 0.001820
2025 0.001819
2026 0.001818
2027 0.001817
2028 0.001816
2029 0.001815
2030 0.001814
2031 0.001813
2032 0.001812
2033 0.001811
2034 0.001810
2035 0.001809
2036 0.001809
2037 0.001808
2038 0.001807
2039 0.001806
2040 0.001805
2041 0.001804
2042 0.001803
2043 0.001802
2044 0.001801
2045 0.001800
2046 0.001799
2047 0.001798
2048 0.001797
2049 0.001796
2050 0.001796
2051 0.001795
2052 0.001794
2053 0.001793
2054 0.001792
2055 0.001791
2056 0.001790
2057 0.001789
2058 0.001788
2059 0.001787
2060 0.001786
2061 0.001785
2062 0.001785
2063 0.001784
2064 0.001783
2065 0.001782
2066 0.001781
2067 0.001780
2068 0.001779
2069 0.001778
2070 0.001777
2071 0.001776
2072 0.001775
2073 0.001775
2074 0.001774
2075 0.001773
2076 0.001772
2077 0.001771
2078 0.001770
2079 0.001769
2080 0.001768
2081 0.001767
2082 0.001767
2083 0.001766
2084 0.001765
2085 0.001764
2086 0.001763
2087 0.001762
2088 0.001761
2089 0.001760
2090 0.001759
2091 0.001759
2092 0.001758
2093 0.001757
2094 0.001756
2095 0.001755
2096 0.001754
2097 0.001753
2098 0.001752
2099 0.001751
2100 0.001751
2101 0.001750
2102 0.001749
2103 0.001748
2104 0.001747
2105 0.001746
2106 0.001745
2107 0.001744
2108 0.001744
2109 0.001743
2110 0.001742
2111 0.001741
2112 0.001740
2113 0.001739
2114 0.001738
2115 0.001738
2116 0.001737
2117 0.001736
2118 0.001735
2119 0.001734
2120 0.001733
2121 0.001732
2122 0.001731
2123 0.001731
2124 0.001730
2125 0.001729
2126 0.001728
2127 0.001727
2128 0.001726
2129 0.001725
2130 0.001725
2131 0.001724
2132 0.001723
2133 0.001722
2134 0.001721
2135 0.001720
2136 0.001720
2137 0.001719
2138 0.001718
2139 0.001717
2140 0.001716
2141 0.001715
2142 0.001714
2143 0.001714
2144 0.001713
2145 0.001712
2146 0.001711
2147 0.001710
2148 0.001709
2149 0.001709
2150 0.001708
2151 0.001707
2152 0.001706
2153 0.001705
2154 0.001704
2155 0.001704
2156 0.001703
2157 0.001702
2158 0.001701
2159 0.001700
2160 0.001699
2161 0.001699
2162 0.001698
2163 0.001697
2164 0.001696
2165 0.001695
2166 0.001694
2167 0.001694
2168 0.001693
2169 0.001692
2170 0.001691
2171 0.001690
2172 0.001690
2173 0.001689
2174 0.001688
2175 0.001687
2176 0.001686
2177 0.001685
2178 0.001685
2179 0.001684
2180 0.001683
2181 0.001682
2182 0.001681
2183 0.001681
2184 0.001680
2185 0.001679
2186 0.001678
2187 0.001677
2188 0.001677
2189 0.001676
2190 0.001675
2191 0.001674
2192 0.001673
2193 0.001673
2194 0.001672
2195 0.001671
2196 0.001670
2197 0.001669
2198 0.001669
2199 0.001668
2200 0.001667
2201 0.001666
2202 0.001665
2203 0.001665
2204 0.001664
2205 0.001663
2206 0.001662
2207 0.001661
2208 0.001661
2209 0.001660
2210 0.001659
2211 0.001658
2212 0.001657
2213 0.001657
2214 0.001656
2215 0.001655
2216 0.001654
2217 0.001654
2218 0.001653
2219 0.001652
2220 0.001651
2221 0.001650
2222 0.001650
2223 0.001649
2224 0.001648
2225 0.001647
2226 0.001646
2227 0.001646
2228 0.001645
2229 0.001644
2230 0.001643
2231 0.001643
2232 0.001642
2233 0.001641
2234 0.001640
2235 0.001639
2236 0.001639
2237 0.001638
2238 0.001637
2239 0.001636
2240 0.001636
2241 0.001635
2242 0.001634
2243 0.001633
2244 0.001633
2245 0.001632
2246 0.001631
2247 0.001630
2248 0.001630
2249 0.001629
2250 0.001628
2251 0.001627
2252 0.001626
2253 0.001626
2254 0.001625
2255 0.001624
2256 0.001623
2257 0.001623
2258 0.001622
2259 0.001621
2260 0.001620
2261 0.001620
2262 0.001619
2263 0.001618
2264 0.001617
2265 0.001617
2266 0.001616
2267 0.001615
2268 0.001614
2269 0.001614
2270 0.001613
2271 0.001612
2272 0.001611
2273 0.001611
2274 0.001610
2275 0.001609
2276 0.001608
2277 0.001608
2278 0.001607
2279 0.001606
2280 0.001605
2281 0.001605
2282 0.001604
2283 0.001603
2284 0.001603
2285 0.001602
2286 0.001601
2287 0.001600
2288 0.001600
2289 0.001599
2290 0.001598
2291 0.001597
2292 0.001597
2293 0.001596
2294 0.001595
2295 0.001594
2296 0.001594
2297 0.001593
2298 0.001592
2299 0.001592
2300 0.001591
2301 0.001590
2302 0.001589
2303 0.001589
2304 0.001588
2305 0.001587
2306 0.001586
2307 0.001586
2308 0.001585
2309 0.001584
2310 0.001584
2311 0.001583
2312 0.001582
2313 0.001581
2314 0.001581
2315 0.001580
2316 0.001579
2317 0.001579
2318 0.001578
2319 0.001577
2320 0.001576
2321 0.001576
2322 0.001575
2323 0.001574
2324 0.001574
2325 0.001573
2326 0.001572
2327 0.001571
2328 0.001571
2329 0.001570
2330 0.001569
2331 0.001569
2332 0.001568
2333 0.001567
2334 0.001566
2335 0.001566
2336 0.001565
2337 0.001564
2338 0.001564
2339 0.001563
2340 0.001562
2341 0.001562
2342 0.001561
2343 0.001560
2344 0.001559
2345 0.001559
2346 0.001558
2347 0.001557
2348 0.001557
2349 0.001556
2350 0.001555
2351 0.001555
2352 0.001554
2353 0.001553
2354 0.001552
2355 0.001552
2356 0.001551
2357 0.001550
2358 0.001550
2359 0.001549
2360 0.001548
2361 0.001548
2362 0.001547
2363 0.001546
2364 0.001546
2365 0.001545
2366 0.001544
2367 0.001544
2368 0.001543
2369 0.001542
2370 0.001541
2371 0.001541
2372 0.001540
2373 0.001539
2374 0.001539
2375 0.001538
2376 0.001537
2377 0.001537
2378 0.001536
2379 0.001535
2380 0.001535
2381 0.001534
2382 0.001533
2383 0.001533
2384 0.001532
2385 0.001531
2386 0.001531
2387 0.001530
2388 0.001529
2389 0.001529
2390 0.001528
2391 0.001527
2392 0.001527
2393 0.001526
2394 0.001525
2395 0.001525
2396 0.001524
2397 0.001523
2398 0.001523
2399 0.001522
2400 0.001521
2401 0.001521
2402 0.001520
2403 0.001519
2404 0.001519
2405 0.001518
2406 0.001517
2407 0.001517
2408 0.001516
2409 0.001515
2410 0.001515
2411 0.001514
2412 0.001513
2413 0.001513
2414 0.001512
2415 0.001511
2416 0.001511
2417 0.001510
2418 0.001509
2419 0.001509
2420 0.001508
2421 0.001507
2422 0.001507
2423 0.001506
2424 0.001505
2425 0.001505
2426 0.001504
2427 0.001503
2428 0.001503
2429 0.001502
2430 0.001501
2431 0.001501
2432 0.001500
2433 0.001500
2434 0.001499
2435 0.001498
2436 0.001498
2437 0.001497
2438 0.001496
2439 0.001496
2440 0.001495
2441 0.001494
2442 0.001494
2443 0.001493
2444 0.001492
2445 0.001492
2446 0.001491
2447 0.001491
2448 0.001490
2449 0.001489
2450 0.001489
2451 0.001488
2452 0.001487
2453 0.001487
2454 0.001486
2455 0.001485
2456 0.001485
2457 0.001484
2458 0.001484
2459 0.001483
2460 0.001482
2461 0.001482
2462 0.001481
2463 0.001480
2464 0.001480
2465 0.001479
2466 0.001478
2467 0.001478
2468 0.001477
2469 0.001477
2470 0.001476
2471 0.001475
2472 0.001475
2473 0.001474
2474 0.001473
2475 0.001473
2476 0.001472
2477 0.001472
2478 0.001471
2479 0.001470
2480 0.001470
2481 0.001469
2482 0.001468
2483 0.001468
2484 0.001467
2485 0.001467
2486 0.001466
2487 0.001465
2488 0.001465
2489 0.001464
2490 0.001463
2491 0.001463
2492 0.001462
2493 0.001462
2494 0.001461
2495 0.001460
2496 0.001460
2497 0.001459
2498 0.001459
2499 0.001458
2500 0.001457
2501 0.001457
2502 0.001456
2503 0.001456
2504 0.001455
2505 0.001454
2506 0.001454
2507 0.001453
2508 0.001452
2509 0.001452
2510 0.001451
2511 0.001451
2512 0.001450
2513 0.001449
2514 0.001449
2515 0.001448
2516 0.001448
2517 0.001447
2518 0.001446
2519 0.001446
2520 0.001445
2521 0.001445
2522 0.001444
2523 0.001443
2524 0.001443
2525 0.001442
2526 0.001442
2527 0.001441
2528 0.001440
2529 0.001440
2530 0.001439
2531 0.001439
2532 0.001438
2533 0.001437
2534 0.001437
2535 0.001436
2536 0.001436
2537 0.001435
2538 0.001434
2539 0.001434
2540 0.001433
2541 0.001433
2542 0.001432
2543 0.001431
2544 0.001431
2545 0.001430
2546 0.001430
2547 0.001429
2548 0.001429
2549 0.001428
2550 0.001427
2551 0.001427
2552 0.001426
2553 0.001426
2554 0.001425
2555 0.001424
2556 0.001424
2557 0.001423
2558 0.001423
2559 0.001422
2560 0.001421
2561 0.001421
2562 0.001420
2563 0.001420
2564 0.001419
2565 0.001419
2566 0.001418
2567 0.001417
2568 0.001417
2569 0.001416
2570 0.001416
2571 0.001415
2572 0.001415
2573 0.001414
2574 0.001413
2575 0.001413
2576 0.001412
2577 0.001412
2578 0.001411
2579 0.001410
2580 0.001410
2581 0.001409
2582 0.001409
2583 0.001408
2584 0.001408
2585 0.001407
2586 0.001406
2587 0.001406
2588 0.001405
2589 0.001405
2590 0.001404
2591 0.001404
2592 0.001403
2593 0.001403
2594 0.001402
2595 0.001401
2596 0.001401
2597 0.001400
2598 0.001400
2599 0.001399
2600 0.001399
2601 0.001398
2602 0.001397
2603 0.001397
2604 0.001396
2605 0.001396
2606 0.001395
2607 0.001395
2608 0.001394
2609 0.001393
2610 0.001393
2611 0.001392
2612 0.001392
2613 0.001391
2614 0.001391
2615 0.001390
2616 0.001390
2617 0.001389
2618 0.001388
2619 0.001388
2620 0.001387
2621 0.001387
2622 0.001386
2623 0.001386
2624 0.001385
2625 0.001385
2626 0.001384
2627 0.001383
2628 0.001383
2629 0.001382
2630 0.001382
2631 0.001381
2632 0.001381
2633 0.001380
2634 0.001380
2635 0.001379
2636 0.001378
2637 0.001378
2638 0.001377
2639 0.001377
2640 0.001376
2641 0.001376
2642 0.001375
2643 0.001375
2644 0.001374
2645 0.001374
2646 0.001373
2647 0.001372
2648 0.001372
2649 0.001371
2650 0.001371
2651 0.001370
2652 0.001370
2653 0.001369
2654 0.001369
2655 0.001368
2656 0.001368
2657 0.001367
2658 0.001367
2659 0.001366
2660 0.001365
2661 0.001365
2662 0.001364
2663 0.001364
2664 0.001363
2665 0.001363
2666 0.001362
2667 0.001362
2668 0.001361
2669 0.001361
2670 0.001360
2671 0.001360
2672 0.001359
2673 0.001358
2674 0.001358
2675 0.001357
2676 0.001357
2677 0.001356
2678 0.001356
2679 0.001355
2680 0.001355
2681 0.001354
2682 0.001354
2683 0.001353
2684 0.001353
2685 0.001352
2686 0.001352
2687 0.001351
2688 0.001351
2689 0.001350
2690 0.001349
2691 0.001349
2692 0.001348
2693 0.001348
2694 0.001347
2695 0.001347
2696 0.001346
2697 0.001346
2698 0.001345
2699 0.001345
2700 0.001344
2701 0.001344
2702 0.001343
2703 0.001343
2704 0.001342
2705 0.001342
2706 0.001341
2707 0.001341
2708 0.001340
2709 0.001340
2710 0.001339
2711 0.001338
2712 0.001338
2713 0.001337
2714 0.001337
2715 0.001336
2716 0.001336
2717 0.001335
2718 0.001335
2719 0.001334
2720 0.001334
2721 0.001333
2722 0.001333
2723 0.001332
2724 0.001332
2725 0.001331
2726 0.001331
2727 0.001330
2728 0.001330
2729 0.001329
2730 0.001329
2731 0.001328
2732 0.001328
2733 0.001327
2734 0.001327
2735 0.001326
2736 0.001326
2737 0.001325
2738 0.001325
2739 0.001324
2740 0.001324
2741 0.001323
2742 0.001323
2743 0.001322
2744 0.001322
2745 0.001321
2746 0.001321
2747 0.001320
2748 0.001320
2749 0.001319
2750 0.001319
2751 0.001318
2752 0.001318
2753 0.001317
2754 0.001317
2755 0.001316
2756 0.001316
2757 0.001315
2758 0.001315
2759 0.001314
2760 0.001314
2761 0.001313
2762 0.001313
2763 0.001312
2764 0.001312
2765 0.001311
2766 0.001311
2767 0.001310
2768 0.001310
2769 0.001309
2770 0.001309
2771 0.001308
2772 0.001308
2773 0.001307
2774 0.001307
2775 0.001306
2776 0.001306
2777 0.001305
2778 0.001305
2779 0.001304
2780 0.001304
2781 0.001303
2782 0.001303
2783 0.001302
2784 0.001302
2785 0.001301
2786 0.001301
2787 0.001300
2788 0.001300
2789 0.001299
2790 0.001299
2791 0.001298
2792 0.001298
2793 0.001297
2794 0.001297
2795 0.001296
2796 0.001296
2797 0.001295
2798 0.001295
2799 0.001294
2800 0.001294
2801 0.001293
2802 0.001293
2803 0.001292
2804 0.001292
2805 0.001291
2806 0.001291
2807 0.001290
2808 0.001290
2809 0.001290
2810 0.001289
2811 0.001289
2812 0.001288
2813 0.001288
2814 0.001287
2815 0.001287
2816 0.001286
2817 0.001286
2818 0.001285
2819 0.001285
2820 0.001284
2821 0.001284
2822 0.001283
2823 0.001283
2824 0.001282
2825 0.001282
2826 0.001281
2827 0.001281
2828 0.001280
2829 0.001280
2830 0.001279
2831 0.001279
2832 0.001279
2833 0.001278
2834 0.001278
2835 0.001277
2836 0.001277
2837 0.001276
2838 0.001276
2839 0.001275
2840 0.001275
2841 0.001274
2842 0.001274
2843 0.001273
2844 0.001273
2845 0.001272
2846 0.001272
2847 0.001271
2848 0.001271
2849 0.001271
2850 0.001270
2851 0.001270
2852 0.001269
2853 0.001269
2854 0.001268
2855 0.001268
2856 0.001267
2857 0.001267
2858 0.001266
2859 0.001266
2860 0.001265
2861 0.001265
2862 0.001264
2863 0.001264
2864 0.001264
2865 0.001263
2866 0.001263
2867 0.001262
2868 0.001262
2869 0.001261
2870 0.001261
2871 0.001260
2872 0.001260
2873 0.001259
2874 0.001259
2875 0.001259
2876 0.001258
2877 0.001258
2878 0.001257
2879 0.001257
2880 0.001256
2881 0.001256
2882 0.001255
2883 0.001255
2884 0.001254
2885 0.001254
2886 0.001253
2887 0.001253
2888 0.001253
2889 0.001252
2890 0.001252
2891 0.001251
2892 0.001251
2893 0.001250
2894 0.001250
2895 0.001249
2896 0.001249
2897 0.001248
2898 0.001248
2899 0.001248
2900 0.001247
2901 0.001247
2902 0.001246
2903 0.001246
2904 0.001245
2905 0.001245
2906 0.001244
2907 0.001244
2908 0.001244
2909 0.001243
2910 0.001243
2911 0.001242
2912 0.001242
2913 0.001241
2914 0.001241
2915 0.001240
2916 0.001240
2917 0.001240
2918 0.001239
2919 0.001239
2920 0.001238
2921 0.001238
2922 0.001237
2923 0.001237
2924 0.001236
2925 0.001236
2926 0.001236
2927 0.001235
2928 0.001235
2929 0.001234
2930 0.001234
2931 0.001233
2932 0.001233
2933 0.001232
2934 0.001232
2935 0.001232
2936 0.001231
2937 0.001231
2938 0.001230
2939 0.001230
2940 0.001229
2941 0.001229
2942 0.001228
2943 0.001228
2944 0.001228
2945 0.001227
2946 0.001227
2947 0.001226
2948 0.001226
2949 0.001225
2950 0.001225
2951 0.001225
2952 0.001224
2953 0.001224
2954 0.001223
2955 0.001223
2956 0.001222
2957 0.001222
2958 0.001221
2959 0.001221
2960 0.001221
2961 0.001220
2962 0.001220
2963 0.001219
2964 0.001219
2965 0.001218
2966 0.001218
2967 0.001218
2968 0.001217
2969 0.001217
2970 0.001216
2971 0.001216
2972 0.001215
2973 0.001215
2974 0.001215
2975 0.001214
2976 0.001214
2977 0.001213
2978 0.001213
2979 0.001212
2980 0.001212
2981 0.001212
2982 0.001211
2983 0.001211
2984 0.001210
2985 0.001210
2986 0.001209
2987 0.001209
2988 0.001209
2989 0.001208
2990 0.001208
2991 0.001207
2992 0.001207
2993 0.001207
2994 0.001206
2995 0.001206
2996 0.001205
2997 0.001205
2998 0.001204
2999 0.001204
3000 0.001204
3001 0.001203
3002 0.001203
3003 0.001202
3004 0.001202
3005 0.001201
3006 0.001201
3007 0.001201
3008 0.001200
3009 0.001200
3010 0.001199
3011 0.001199
3012 0.001199
3013 0.001198
3014 0.001198
3015 0.001197
3016 0.001197
3017 0.001196
3018 0.001196
3019 0.001196
3020 0.001195
3021 0.001195
3022 0.001194
3023 0.001194
3024 0.001194
3025 0.001193
3026 0.001193
3027 0.001192
3028 0.001192
3029 0.001191
3030 0.001191
3031 0.001191
3032 0.001190
3033 0.001190
3034 0.001189
3035 0.001189
3036 0.001189
3037 0.001188
3038 0.001188
3039 0.001187
3040 0.001187
3041 0.001187
3042 0.001186
3043 0.001186
3044 0.001185
3045 0.001185
3046 0.001185
3047 0.001184
3048 0.001184
3049 0.001183
3050 0.001183
3051 0.001182
3052 0.001182
3053 0.001182
3054 0.001181
3055 0.001181
3056 0.001180
3057 0.001180
3058 0.001180
3059 0.001179
3060 0.001179
3061 0.001178
3062 0.001178
3063 0.001178
3064 0.001177
3065 0.001177
3066 0.001176
3067 0.001176
3068 0.001176
3069 0.001175
3070 0.001175
3071 0.001174
3072 0.001174
3073 0.001174
3074 0.001173
3075 0.001173
3076 0.001172
3077 0.001172
3078 0.001172
3079 0.001171
3080 0.001171
3081 0.001170
3082 0.001170
3083 0.001170
3084 0.001169
3085 0.001169
3086 0.001168
3087 0.001168
3088 0.001168
3089 0.001167
3090 0.001167
3091 0.001166
3092 0.001166
3093 0.001166
3094 0.001165
3095 0.001165
3096 0.001164
3097 0.001164
3098 0.001164
3099 0.001163
3100 0.001163
3101 0.001163
3102 0.001162
3103 0.001162
3104 0.001161
3105 0.001161
3106 0.001161
3107 0.001160
3108 0.001160
3109 0.001159
3110 0.001159
3111 0.001159
3112 0.001158
3113 0.001158
3114 0.001157
3115 0.001157
3116 0.001157
3117 0.001156
3118 0.001156
3119 0.001155
3120 0.001155
3121 0.001155
3122 0.001154
3123 0.001154
3124 0.001154
3125 0.001153
3126 0.001153
3127 0.001152
3128 0.001152
3129 0.001152
3130 0.001151
3131 0.001151
3132 0.001150
3133 0.001150
3134 0.001150
3135 0.001149
3136 0.001149
3137 0.001149
3138 0.001148
3139 0.001148
3140 0.001147
3141 0.001147
3142 0.001147
3143 0.001146
3144 0.001146
3145 0.001145
3146 0.001145
3147 0.001145
3148 0.001144
3149 0.001144
3150 0.001144
3151 0.001143
3152 0.001143
3153 0.001142
3154 0.001142
3155 0.001142
3156 0.001141
3157 0.001141
3158 0.001141
3159 0.001140
3160 0.001140
3161 0.001139
3162 0.001139
3163 0.001139
3164 0.001138
3165 0.001138
3166 0.001138
3167 0.001137
3168 0.001137
3169 0.001136
3170 0.001136
3171 0.001136
3172 0.001135
3173 0.001135
3174 0.001135
3175 0.001134
3176 0.001134
3177 0.001133
3178 0.001133
3179 0.001133
3180 0.001132
3181 0.001132
3182 0.001132
3183 0.001131
3184 0.001131
3185 0.001130
3186 0.001130
3187 0.001130
3188 0.001129
3189 0.001129
3190 0.001129
3191 0.001128
3192 0.001128
3193 0.001127
3194 0.001127
3195 0.001127
3196 0.001126
3197 0.001126
3198 0.001126
3199 0.001125
3200 0.001125
3201 0.001124
3202 0.001124
3203 0.001124
3204 0.001123
3205 0.001123
3206 0.001123
3207 0.001122
3208 0.001122
3209 0.001122
3210 0.001121
3211 0.001121
3212 0.001120
3213 0.001120
3214 0.001120
3215 0.001119
3216 0.001119
3217 0.001119
3218 0.001118
3219 0.001118
3220 0.001118
3221 0.001117
3222 0.001117
3223 0.001116
3224 0.001116
3225 0.001116
3226 0.001115
3227 0.001115
3228 0.001115
3229 0.001114
3230 0.001114
3231 0.001114
3232 0.001113
3233 0.001113
3234 0.001112
3235 0.001112
3236 0.001112
3237 0.001111
3238 0.001111
3239 0.001111
3240 0.001110
3241 0.001110
3242 0.001110
3243 0.001109
3244 0.001109
3245 0.001109
3246 0.001108
3247 0.001108
3248 0.001107
3249 0.001107
3250 0.001107
3251 0.001106
3252 0.001106
3253 0.001106
3254 0.001105
3255 0.001105
3256 0.001105
3257 0.001104
3258 0.001104
3259 0.001104
3260 0.001103
3261 0.001103
3262 0.001102
3263 0.001102
3264 0.001102
3265 0.001101
3266 0.001101
3267 0.001101
3268 0.001100
3269 0.001100
3270 0.001100
3271 0.001099
3272 0.001099
3273 0.001099
3274 0.001098
3275 0.001098
3276 0.001098
3277 0.001097
3278 0.001097
3279 0.001096
3280 0.001096
3281 0.001096
3282 0.001095
3283 0.001095
3284 0.001095
3285 0.001094
3286 0.001094
3287 0.001094
3288 0.001093
3289 0.001093
3290 0.001093
3291 0.001092
3292 0.001092
3293 0.001092
3294 0.001091
3295 0.001091
3296 0.001091
3297 0.001090
3298 0.001090
3299 0.001090
3300 0.001089
3301 0.001089
3302 0.001088
3303 0.001088
3304 0.001088
3305 0.001087
3306 0.001087
3307 0.001087
3308 0.001086
3309 0.001086
3310 0.001086
3311 0.001085
3312 0.001085
3313 0.001085
3314 0.001084
3315 0.001084
3316 0.001084
3317 0.001083
3318 0.001083
3319 0.001083
3320 0.001082
3321 0.001082
3322 0.001082
3323 0.001081
3324 0.001081
3325 0.001081
3326 0.001080
3327 0.001080
3328 0.001080
3329 0.001079
3330 0.001079
3331 0.001079
3332 0.001078
3333 0.001078
3334 0.001078
3335 0.001077
3336 0.001077
3337 0.001077
3338 0.001076
3339 0.001076
3340 0.001076
3341 0.001075
3342 0.001075
3343 0.001075
3344 0.001074
3345 0.001074
3346 0.001074
3347 0.001073
3348 0.001073
3349 0.001072
3350 0.001072
3351 0.001072
3352 0.001071
3353 0.001071
3354 0.001071
3355 0.001070
3356 0.001070
3357 0.001070
3358 0.001069
3359 0.001069
3360 0.001069
3361 0.001068
3362 0.001068
3363 0.001068
3364 0.001067
3365 0.001067
3366 0.001067
3367 0.001066
3368 0.001066
3369 0.001066
3370 0.001065
3371 0.001065
3372 0.001065
3373 0.001065
3374 0.001064
3375 0.001064
3376 0.001064
3377 0.001063
3378 0.001063
3379 0.001063
3380 0.001062
3381 0.001062
3382 0.001062
3383 0.001061
3384 0.001061
3385 0.001061
3386 0.001060
3387 0.001060
3388 0.001060
3389 0.001059
3390 0.001059
3391 0.001059
3392 0.001058
3393 0.001058
3394 0.001058
3395 0.001057
3396 0.001057
3397 0.001057
3398 0.001056
3399 0.001056
3400 0.001056
3401 0.001055
3402 0.001055
3403 0.001055
3404 0.001054
3405 0.001054
3406 0.001054
3407 0.001053
3408 0.001053
3409 0.001053
3410 0.001052
3411 0.001052
3412 0.001052
3413 0.001051
3414 0.001051
3415 0.001051
3416 0.001050
3417 0.001050
3418 0.001050
3419 0.001050
3420 0.001049
3421 0.001049
3422 0.001049
3423 0.001048
3424 0.001048
3425 0.001048
3426 0.001047
3427 0.001047
3428 0.001047
3429 0.001046
3430 0.001046
3431 0.001046
3432 0.001045
3433 0.001045
3434 0.001045
3435 0.001044
3436 0.001044
3437 0.001044
3438 0.001043
3439 0.001043
3440 0.001043
3441 0.001042
3442 0.001042
3443 0.001042
3444 0.001042
3445 0.001041
3446 0.001041
3447 0.001041
3448 0.001040
3449 0.001040
3450 0.001040
3451 0.001039
3452 0.001039
3453 0.001039
3454 0.001038
3455 0.001038
3456 0.001038
3457 0.001037
3458 0.001037
3459 0.001037
3460 0.001036
3461 0.001036
3462 0.001036
3463 0.001036
3464 0.001035
3465 0.001035
3466 0.001035
3467 0.001034
3468 0.001034
3469 0.001034
3470 0.001033
3471 0.001033
3472 0.001033
3473 0.001032
3474 0.001032
3475 0.001032
3476 0.001032
3477 0.001031
3478 0.001031
3479 0.001031
3480 0.001030
3481 0.001030
3482 0.001030
3483 0.001029
3484 0.001029
3485 0.001029
3486 0.001028
3487 0.001028
3488 0.001028
3489 0.001027
3490 0.001027
3491 0.001027
3492 0.001027
3493 0.001026
3494 0.001026
3495 0.001026
3496 0.001025
3497 0.001025
3498 0.001025
3499 0.001024
3500 0.001024
3501 0.001024
3502 0.001023
3503 0.001023
3504 0.001023
3505 0.001023
3506 0.001022
3507 0.001022
3508 0.001022
3509 0.001021
3510 0.001021
3511 0.001021
3512 0.001020
3513 0.001020
3514 0.001020
3515 0.001020
3516 0.001019
3517 0.001019
3518 0.001019
3519 0.001018
3520 0.001018
3521 0.001018
3522 0.001017
3523 0.001017
3524 0.001017
3525 0.001016
3526 0.001016
3527 0.001016
3528 0.001016
3529 0.001015
3530 0.001015
3531 0.001015
3532 0.001014
3533 0.001014
3534 0.001014
3535 0.001013
3536 0.001013
3537 0.001013
3538 0.001013
3539 0.001012
3540 0.001012
3541 0.001012
3542 0.001011
3543 0.001011
3544 0.001011
3545 0.001010
3546 0.001010
3547 0.001010
3548 0.001010
3549 0.001009
3550 0.001009
3551 0.001009
3552 0.001008
3553 0.001008
3554 0.001008
3555 0.001008
3556 0.001007
3557 0.001007
3558 0.001007
3559 0.001006
3560 0.001006
3561 0.001006
3562 0.001005
3563 0.001005
3564 0.001005
3565 0.001005
3566 0.001004
3567 0.001004
3568 0.001004
3569 0.001003
3570 0.001003
3571 0.001003
3572 0.001003
3573 0.001002
3574 0.001002
3575 0.001002
3576 0.001001
3577 0.001001
3578 0.001001
3579 0.001000
3580 0.001000
3581 0.001000
3582 0.001000
3583 0.000999
3584 0.000999
3585 0.000999
3586 0.000998
3587 0.000998
3588 0.000998
3589 0.000998
3590 0.000997
3591 0.000997
3592 0.000997
3593 0.000996
3594 0.000996
3595 0.000996
3596 0.000996
3597 0.000995
3598 0.000995
3599 0.000995
3600 0.000994
3601 0.000994
3602 0.000994
3603 0.000993
3604 0.000993
3605 0.000993
3606 0.000993
3607 0.000992
3608 0.000992
3609 0.000992
3610 0.000991
3611 0.000991
3612 0.000991
3613 0.000991
3614 0.000990
3615 0.000990
3616 0.000990
3617 0.000989
3618 0.000989
3619 0.000989
3620 0.000989
3621 0.000988
3622 0.000988
3623 0.000988
3624 0.000987
3625 0.000987
3626 0.000987
3627 0.000987
3628 0.000986
3629 0.000986
3630 0.000986
3631 0.000985
3632 0.000985
3633 0.000985
3634 0.000985
3635 0.000984
3636 0.000984
3637 0.000984
3638 0.000983
3639 0.000983
3640 0.000983
3641 0.000983
3642 0.000982
3643 0.000982
3644 0.000982
3645 0.000982
3646 0.000981
3647 0.000981
3648 0.000981
3649 0.000980
3650 0.000980
3651 0.000980
3652 0.000980
3653 0.000979
3654 0.000979
3655 0.000979
3656 0.000978
3657 0.000978
3658 0.000978
3659 0.000978
3660 0.000977
3661 0.000977
3662 0.000977
3663 0.000976
3664 0.000976
3665 0.000976
3666 0.000976
3667 0.000975
3668 0.000975
3669 0.000975
3670 0.000975
3671 0.000974
3672 0.000974
3673 0.000974
3674 0.000973
3675 0.000973
3676 0.000973
3677 0.000973
3678 0.000972
3679 0.000972
3680 0.000972
3681 0.000971
3682 0.000971
3683 0.000971
3684 0.000971
3685 0.000970
3686 0.000970
3687 0.000970
3688 0.000970
3689 0.000969
3690 0.000969
3691 0.000969
3692 0.000968
3693 0.000968
3694 0.000968
3695 0.000968
3696 0.000967
3697 0.000967
3698 0.000967
3699 0.000967
3700 0.000966
3701 0.000966
3702 0.000966
3703 0.000965
3704 0.000965
3705 0.000965
3706 0.000965
3707 0.000964
3708 0.000964
3709 0.000964
3710 0.000964
3711 0.000963
3712 0.000963
3713 0.000963
3714 0.000962
3715 0.000962
3716 0.000962
3717 0.000962
3718 0.000961
3719 0.000961
3720 0.000961
3721 0.000961
3722 0.000960
3723 0.000960
3724 0.000960
3725 0.000959
3726 0.000959
3727 0.000959
3728 0.000959
3729 0.000958
3730 0.000958
3731 0.000958
3732 0.000958
3733 0.000957
3734 0.000957
3735 0.000957
3736 0.000957
3737 0.000956
3738 0.000956
3739 0.000956
3740 0.000955
3741 0.000955
3742 0.000955
3743 0.000955
3744 0.000954
3745 0.000954
3746 0.000954
3747 0.000954
3748 0.000953
3749 0.000953
3750 0.000953
3751 0.000953
3752 0.000952
3753 0.000952
3754 0.000952
3755 0.000951
3756 0.000951
3757 0.000951
3758 0.000951
3759 0.000950
3760 0.000950
3761 0.000950
3762 0.000950
3763 0.000949
3764 0.000949
3765 0.000949
3766 0.000949
3767 0.000948
3768 0.000948
3769 0.000948
3770 0.000947
3771 0.000947
3772 0.000947
3773 0.000947
3774 0.000946
3775 0.000946
3776 0.000946
3777 0.000946
3778 0.000945
3779 0.000945
3780 0.000945
3781 0.000945
3782 0.000944
3783 0.000944
3784 0.000944
3785 0.000944
3786 0.000943
3787 0.000943
3788 0.000943
3789 0.000943
3790 0.000942
3791 0.000942
3792 0.000942
3793 0.000941
3794 0.000941
3795 0.000941
3796 0.000941
3797 0.000940
3798 0.000940
3799 0.000940
3800 0.000940
3801 0.000939
3802 0.000939
3803 0.000939
3804 0.000939
3805 0.000938
3806 0.000938
3807 0.000938
3808 0.000938
3809 0.000937
3810 0.000937
3811 0.000937
3812 0.000937
3813 0.000936
3814 0.000936
3815 0.000936
3816 0.000936
3817 0.000935
3818 0.000935
3819 0.000935
3820 0.000935
3821 0.000934
3822 0.000934
3823 0.000934
3824 0.000933
3825 0.000933
3826 0.000933
3827 0.000933
3828 0.000932
3829 0.000932
3830 0.000932
3831 0.000932
3832 0.000931
3833 0.000931
3834 0.000931
3835 0.000931
3836 0.000930
3837 0.000930
3838 0.000930
3839 0.000930
3840 0.000929
3841 0.000929
3842 0.000929
3843 0.000929
3844 0.000928
3845 0.000928
3846 0.000928
3847 0.000928
3848 0.000927
3849 0.000927
3850 0.000927
3851 0.000927
3852 0.000926
3853 0.000926
3854 0.000926
3855 0.000926
3856 0.000925
3857 0.000925
3858 0.000925
3859 0.000925
3860 0.000924
3861 0.000924
3862 0.000924
3863 0.000924
3864 0.000923
3865 0.000923
3866 0.000923
3867 0.000923
3868 0.000922
3869 0.000922
3870 0.000922
3871 0.000922
3872 0.000921
3873 0.000921
3874 0.000921
3875 0.000921
3876 0.000920
3877 0.000920
3878 0.000920
3879 0.000920
3880 0.000919
3881 0.000919
3882 0.000919
3883 0.000919
3884 0.000918
3885 0.000918
3886 0.000918
3887 0.000918
3888 0.000917
3889 0.000917
3890 0.000917
3891 0.000917
3892 0.000916
3893 0.000916
3894 0.000916
3895 0.000916
3896 0.000915
3897 0.000915
3898 0.000915
3899 0.000915
3900 0.000914
3901 0.000914
3902 0.000914
3903 0.000914
3904 0.000913
3905 0.000913
3906 0.000913
3907 0.000913
3908 0.000913
3909 0.000912
3910 0.000912
3911 0.000912
3912 0.000912
3913 0.000911
3914 0.000911
3915 0.000911
3916 0.000911
3917 0.000910
3918 0.000910
3919 0.000910
3920 0.000910
3921 0.000909
3922 0.000909
3923 0.000909
3924 0.000909
3925 0.000908
3926 0.000908
3927 0.000908
3928 0.000908
3929 0.000907
3930 0.000907
3931 0.000907
3932 0.000907
3933 0.000906
3934 0.000906
3935 0.000906
3936 0.000906
3937 0.000905
3938 0.000905
3939 0.000905
3940 0.000905
3941 0.000905
3942 0.000904
3943 0.000904
3944 0.000904
3945 0.000904
3946 0.000903
3947 0.000903
3948 0.000903
3949 0.000903
3950 0.000902
3951 0.000902
3952 0.000902
3953 0.000902
3954 0.000901
3955 0.000901
3956 0.000901
3957 0.000901
3958 0.000900
3959 0.000900
3960 0.000900
3961 0.000900
3962 0.000900
3963 0.000899
3964 0.000899
3965 0.000899
3966 0.000899
3967 0.000898
3968 0.000898
3969 0.000898
3970 0.000898
3971 0.000897
3972 0.000897
3973 0.000897
3974 0.000897
3975 0.000896
3976 0.000896
3977 0.000896
3978 0.000896
3979 0.000895
3980 0.000895
3981 0.000895
3982 0.000895
3983 0.000895
3984 0.000894
3985 0.000894
3986 0.000894
3987 0.000894
3988 0.000893
3989 0.000893
3990 0.000893
3991 0.000893
3992 0.000892
3993 0.000892
3994 0.000892
3995 0.000892
3996 0.000892
3997 0.000891
3998 0.000891
3999 0.000891
4000 0.000891
4001 0.000890
4002 0.000890
4003 0.000890
4004 0.000890
4005 0.000889
4006 0.000889
4007 0.000889
4008 0.000889
4009 0.000888
4010 0.000888
4011 0.000888
4012 0.000888
4013 0.000888
4014 0.000887
4015 0.000887
4016 0.000887
4017 0.000887
4018 0.000886
4019 0.000886
4020 0.000886
4021 0.000886
4022 0.000885
4023 0.000885
4024 0.000885
4025 0.000885
4026 0.000885
4027 0.000884
4028 0.000884
4029 0.000884
4030 0.000884
4031 0.000883
4032 0.000883
4033 0.000883
4034 0.000883
4035 0.000883
4036 0.000882
4037 0.000882
4038 0.000882
4039 0.000882
4040 0.000881
4041 0.000881
4042 0.000881
4043 0.000881
4044 0.000880
4045 0.000880
4046 0.000880
4047 0.000880
4048 0.000880
4049 0.000879
4050 0.000879
4051 0.000879
4052 0.000879
4053 0.000878
4054 0.000878
4055 0.000878
4056 0.000878
4057 0.000878
4058 0.000877
4059 0.000877
4060 0.000877
4061 0.000877
4062 0.000876
4063 0.000876
4064 0.000876
4065 0.000876
4066 0.000875
4067 0.000875
4068 0.000875
4069 0.000875
4070 0.000875
4071 0.000874
4072 0.000874
4073 0.000874
4074 0.000874
4075 0.000873
4076 0.000873
4077 0.000873
4078 0.000873
4079 0.000873
4080 0.000872
4081 0.000872
4082 0.000872
4083 0.000872
4084 0.000871
4085 0.000871
4086 0.000871
4087 0.000871
4088 0.000871
4089 0.000870
4090 0.000870
4091 0.000870
4092 0.000870
4093 0.000869
4094 0.000869
4095 0.000869
4096 0.000869
4097 0.000869
4098 0.000868
4099 0.000868
4100 0.000868
4101 0.000868
4102 0.000867
4103 0.000867
4104 0.000867
4105 0.000867
4106 0.000867
4107 0.000866
4108 0.000866
4109 0.000866
4110 0.000866
4111 0.000865
4112 0.000865
4113 0.000865
4114 0.000865
4115 0.000865
4116 0.000864
4117 0.000864
4118 0.000864
4119 0.000864
4120 0.000863
4121 0.000863
4122 0.000863
4123 0.000863
4124 0.000863
4125 0.000862
4126 0.000862
4127 0.000862
4128 0.000862
4129 0.000862
4130 0.000861
4131 0.000861
4132 0.000861
4133 0.000861
4134 0.000860
4135 0.000860
4136 0.000860
4137 0.000860
4138 0.000860
4139 0.000859
4140 0.000859
4141 0.000859
4142 0.000859
4143 0.000858
4144 0.000858
4145 0.000858
4146 0.000858
4147 0.000858
4148 0.000857
4149 0.000857
4150 0.000857
4151 0.000857
4152 0.000857
4153 0.000856
4154 0.000856
4155 0.000856
4156 0.000856
4157 0.000855
4158 0.000855
4159 0.000855
4160 0.000855
4161 0.000855
4162 0.000854
4163 0.000854
4164 0.000854
4165 0.000854
4166 0.000854
4167 0.000853
4168 0.000853
4169 0.000853
4170 0.000853
4171 0.000852
4172 0.000852
4173 0.000852
4174 0.000852
4175 0.000852
4176 0.000851
4177 0.000851
4178 0.000851
4179 0.000851
4180 0.000851
4181 0.000850
4182 0.000850
4183 0.000850
4184 0.000850
4185 0.000849
4186 0.000849
4187 0.000849
4188 0.000849
4189 0.000849
4190 0.000848
4191 0.000848
4192 0.000848
4193 0.000848
4194 0.000848
4195 0.000847
4196 0.000847
4197 0.000847
4198 0.000847
4199 0.000847
4200 0.000846
4201 0.000846
4202 0.000846
4203 0.000846
4204 0.000845
4205 0.000845
4206 0.000845
4207 0.000845
4208 0.000845
4209 0.000844
4210 0.000844
4211 0.000844
4212 0.000844
4213 0.000844
4214 0.000843
4215 0.000843
4216 0.000843
4217 0.000843
4218 0.000843
4219 0.000842
4220 0.000842
4221 0.000842
4222 0.000842
4223 0.000841
4224 0.000841
4225 0.000841
4226 0.000841
4227 0.000841
4228 0.000840
4229 0.000840
4230 0.000840
4231 0.000840
4232 0.000840
4233 0.000839
4234 0.000839
4235 0.000839
4236 0.000839
4237 0.000839
4238 0.000838
4239 0.000838
4240 0.000838
4241 0.000838
4242 0.000838
4243 0.000837
4244 0.000837
4245 0.000837
4246 0.000837
4247 0.000837
4248 0.000836
4249 0.000836
4250 0.000836
4251 0.000836
4252 0.000835
4253 0.000835
4254 0.000835
4255 0.000835
4256 0.000835
4257 0.000834
4258 0.000834
4259 0.000834
4260 0.000834
4261 0.000834
4262 0.000833
4263 0.000833
4264 0.000833
4265 0.000833
4266 0.000833
4267 0.000832
4268 0.000832
4269 0.000832
4270 0.000832
4271 0.000832
4272 0.000831
4273 0.000831
4274 0.000831
4275 0.000831
4276 0.000831
4277 0.000830
4278 0.000830
4279 0.000830
4280 0.000830
4281 0.000830
4282 0.000829
4283 0.000829
4284 0.000829
4285 0.000829
4286 0.000829
4287 0.000828
4288 0.000828
4289 0.000828
4290 0.000828
4291 0.000828
4292 0.000827
4293 0.000827
4294 0.000827
4295 0.000827
4296 0.000827
4297 0.000826
4298 0.000826
4299 0.000826
4300 0.000826
4301 0.000826
4302 0.000825
4303 0.000825
4304 0.000825
4305 0.000825
4306 0.000825
4307 0.000824
4308 0.000824
4309 0.000824
4310 0.000824
4311 0.000824
4312 0.000823
4313 0.000823
4314 0.000823
4315 0.000823
4316 0.000823
4317 0.000822
4318 0.000822
4319 0.000822
4320 0.000822
4321 0.000822
4322 0.000821
4323 0.000821
4324 0.000821
4325 0.000821
4326 0.000821
4327 0.000820
4328 0.000820
4329 0.000820
4330 0.000820
4331 0.000820
4332 0.000819
4333 0.000819
4334 0.000819
4335 0.000819
4336 0.000819
4337 0.000818
4338 0.000818
4339 0.000818
4340 0.000818
4341 0.000818
4342 0.000817
4343 0.000817
4344 0.000817
4345 0.000817
4346 0.000817
4347 0.000816
4348 0.000816
4349 0.000816
4350 0.000816
4351 0.000816
4352 0.000815
4353 0.000815
4354 0.000815
4355 0.000815
4356 0.000815
4357 0.000814
4358 0.000814
4359 0.000814
4360 0.000814
4361 0.000814
4362 0.000813
4363 0.000813
4364 0.000813
4365 0.000813
4366 0.000813
4367 0.000813
4368 0.000812
4369 0.000812
4370 0.000812
4371 0.000812
4372 0.000812
4373 0.000811
4374 0.000811
4375 0.000811
4376 0.000811
4377 0.000811
4378 0.000810
4379 0.000810
4380 0.000810
4381 0.000810
4382 0.000810
4383 0.000809
4384 0.000809
4385 0.000809
4386 0.000809
4387 0.000809
4388 0.000808
4389 0.000808
4390 0.000808
4391 0.000808
4392 0.000808
4393 0.000807
4394 0.000807
4395 0.000807
4396 0.000807
4397 0.000807
4398 0.000807
4399 0.000806
4400 0.000806
4401 0.000806
4402 0.000806
4403 0.000806
4404 0.000805
4405 0.000805
4406 0.000805
4407 0.000805
4408 0.000805
4409 0.000804
4410 0.000804
4411 0.000804
4412 0.000804
4413 0.000804
4414 0.000803
4415 0.000803
4416 0.000803
4417 0.000803
4418 0.000803
4419 0.000803
4420 0.000802
4421 0.000802
4422 0.000802
4423 0.000802
4424 0.000802
4425 0.000801
4426 0.000801
4427 0.000801
4428 0.000801
4429 0.000801
4430 0.000800
4431 0.000800
4432 0.000800
4433 0.000800
4434 0.000800
4435 0.000800
4436 0.000799
4437 0.000799
4438 0.000799
4439 0.000799
4440 0.000799
4441 0.000798
4442 0.000798
4443 0.000798
4444 0.000798
4445 0.000798
4446 0.000797
4447 0.000797
4448 0.000797
4449 0.000797
4450 0.000797
4451 0.000797
4452 0.000796
4453 0.000796
4454 0.000796
4455 0.000796
4456 0.000796
4457 0.000795
4458 0.000795
4459 0.000795
4460 0.000795
4461 0.000795
4462 0.000794
4463 0.000794
4464 0.000794
4465 0.000794
4466 0.000794
4467 0.000794
4468 0.000793
4469 0.000793
4470 0.000793
4471 0.000793
4472 0.000793
4473 0.000792
4474 0.000792
4475 0.000792
4476 0.000792
4477 0.000792
4478 0.000791
4479 0.000791
4480 0.000791
4481 0.000791
4482 0.000791
4483 0.000791
4484 0.000790
4485 0.000790
4486 0.000790
4487 0.000790
4488 0.000790
4489 0.000789
4490 0.000789
4491 0.000789
4492 0.000789
4493 0.000789
4494 0.000789
4495 0.000788
4496 0.000788
4497 0.000788
4498 0.000788
4499 0.000788
4500 0.000787
4501 0.000787
4502 0.000787
4503 0.000787
4504 0.000787
4505 0.000787
4506 0.000786
4507 0.000786
4508 0.000786
4509 0.000786
4510 0.000786
4511 0.000785
4512 0.000785
4513 0.000785
4514 0.000785
4515 0.000785
4516 0.000785
4517 0.000784
4518 0.000784
4519 0.000784
4520 0.000784
4521 0.000784
4522 0.000783
4523 0.000783
4524 0.000783
4525 0.000783
4526 0.000783
4527 0.000783
4528 0.000782
4529 0.000782
4530 0.000782
4531 0.000782
4532 0.000782
4533 0.000781
4534 0.000781
4535 0.000781
4536 0.000781
4537 0.000781
4538 0.000781
4539 0.000780
4540 0.000780
4541 0.000780
4542 0.000780
4543 0.000780
4544 0.000779
4545 0.000779
4546 0.000779
4547 0.000779
4548 0.000779
4549 0.000779
4550 0.000778
4551 0.000778
4552 0.000778
4553 0.000778
4554 0.000778
4555 0.000778
4556 0.000777
4557 0.000777
4558 0.000777
4559 0.000777
4560 0.000777
4561 0.000776
4562 0.000776
4563 0.000776
4564 0.000776
4565 0.000776
4566 0.000776
4567 0.000775
4568 0.000775
4569 0.000775
4570 0.000775
4571 0.000775
4572 0.000775
4573 0.000774
4574 0.000774
4575 0.000774
4576 0.000774
4577 0.000774
4578 0.000773
4579 0.000773
4580 0.000773
4581 0.000773
4582 0.000773
4583 0.000773
4584 0.000772
4585 0.000772
4586 0.000772
4587 0.000772
4588 0.000772
4589 0.000772
4590 0.000771
4591 0.000771
4592 0.000771
4593 0.000771
4594 0.000771
4595 0.000770
4596 0.000770
4597 0.000770
4598 0.000770
4599 0.000770
4600 0.000770
4601 0.000769
4602 0.000769
4603 0.000769
4604 0.000769
4605 0.000769
4606 0.000769
4607 0.000768
4608 0.000768
4609 0.000768
4610 0.000768
4611 0.000768
4612 0.000767
4613 0.000767
4614 0.000767
4615 0.000767
4616 0.000767
4617 0.000767
4618 0.000766
4619 0.000766
4620 0.000766
4621 0.000766
4622 0.000766
4623 0.000766
4624 0.000765
4625 0.000765
4626 0.000765
4627 0.000765
4628 0.000765
4629 0.000765
4630 0.000764
4631 0.000764
4632 0.000764
4633 0.000764
4634 0.000764
4635 0.000764
4636 0.000763
4637 0.000763
4638 0.000763
4639 0.000763
4640 0.000763
4641 0.000762
4642 0.000762
4643 0.000762
4644 0.000762
4645 0.000762
4646 0.000762
4647 0.000761
4648 0.000761
4649 0.000761
4650 0.000761
4651 0.000761
4652 0.000761
4653 0.000760
4654 0.000760
4655 0.000760
4656 0.000760
4657 0.000760
4658 0.000760
4659 0.000759
4660 0.000759
4661 0.000759
4662 0.000759
4663 0.000759
4664 0.000759
4665 0.000758
4666 0.000758
4667 0.000758
4668 0.000758
4669 0.000758
4670 0.000758
4671 0.000757
4672 0.000757
4673 0.000757
4674 0.000757
4675 0.000757
4676 0.000757
4677 0.000756
4678 0.000756
4679 0.000756
4680 0.000756
4681 0.000756
4682 0.000756
4683 0.000755
4684 0.000755
4685 0.000755
4686 0.000755
4687 0.000755
4688 0.000755
4689 0.000754
4690 0.000754
4691 0.000754
4692 0.000754
4693 0.000754
4694 0.000753
4695 0.000753
4696 0.000753
4697 0.000753
4698 0.000753
4699 0.000753
4700 0.000752
4701 0.000752
4702 0.000752
4703 0.000752
4704 0.000752
4705 0.000752
4706 0.000751
4707 0.000751
4708 0.000751
4709 0.000751
4710 0.000751
4711 0.000751
4712 0.000750
4713 0.000750
4714 0.000750
4715 0.000750
4716 0.000750
4717 0.000750
4718 0.000749
4719 0.000749
4720 0.000749
4721 0.000749
4722 0.000749
4723 0.000749
4724 0.000749
4725 0.000748
4726 0.000748
4727 0.000748
4728 0.000748
4729 0.000748
4730 0.000748
4731 0.000747
4732 0.000747
4733 0.000747
4734 0.000747
4735 0.000747
4736 0.000747
4737 0.000746
4738 0.000746
4739 0.000746
4740 0.000746
4741 0.000746
4742 0.000746
4743 0.000745
4744 0.000745
4745 0.000745
4746 0.000745
4747 0.000745
4748 0.000745
4749 0.000744
4750 0.000744
4751 0.000744
4752 0.000744
4753 0.000744
4754 0.000744
4755 0.000743
4756 0.000743
4757 0.000743
4758 0.000743
4759 0.000743
4760 0.000743
4761 0.000742
4762 0.000742
4763 0.000742
4764 0.000742
4765 0.000742
4766 0.000742
4767 0.000741
4768 0.000741
4769 0.000741
4770 0.000741
4771 0.000741
4772 0.000741
4773 0.000740
4774 0.000740
4775 0.000740
4776 0.000740
4777 0.000740
4778 0.000740
4779 0.000740
4780 0.000739
4781 0.000739
4782 0.000739
4783 0.000739
4784 0.000739
4785 0.000739
4786 0.000738
4787 0.000738
4788 0.000738
4789 0.000738
4790 0.000738
4791 0.000738
4792 0.000737
4793 0.000737
4794 0.000737
4795 0.000737
4796 0.000737
4797 0.000737
4798 0.000736
4799 0.000736
4800 0.000736
4801 0.000736
4802 0.000736
4803 0.000736
4804 0.000735
4805 0.000735
4806 0.000735
4807 0.000735
4808 0.000735
4809 0.000735
4810 0.000735
4811 0.000734
4812 0.000734
4813 0.000734
4814 0.000734
4815 0.000734
4816 0.000734
4817 0.000733
4818 0.000733
4819 0.000733
4820 0.000733
4821 0.000733
4822 0.000733
4823 0.000732
4824 0.000732
4825 0.000732
4826 0.000732
4827 0.000732
4828 0.000732
4829 0.000732
4830 0.000731
4831 0.000731
4832 0.000731
4833 0.000731
4834 0.000731
4835 0.000731
4836 0.000730
4837 0.000730
4838 0.000730
4839 0.000730
4840 0.000730
4841 0.000730
4842 0.000729
4843 0.000729
4844 0.000729
4845 0.000729
4846 0.000729
4847 0.000729
4848 0.000729
4849 0.000728
4850 0.000728
4851 0.000728
4852 0.000728
4853 0.000728
4854 0.000728
4855 0.000727
4856 0.000727
4857 0.000727
4858 0.000727
4859 0.000727
4860 0.000727
4861 0.000726
4862 0.000726
4863 0.000726
4864 0.000726
4865 0.000726
4866 0.000726
4867 0.000726
4868 0.000725
4869 0.000725
4870 0.000725
4871 0.000725
4872 0.000725
4873 0.000725
4874 0.000724
4875 0.000724
4876 0.000724
4877 0.000724
4878 0.000724
4879 0.000724
4880 0.000724
4881 0.000723
4882 0.000723
4883 0.000723
4884 0.000723
4885 0.000723
4886 0.000723
4887 0.000722
4888 0.000722
4889 0.000722
4890 0.000722
4891 0.000722
4892 0.000722
4893 0.000722
4894 0.000721
4895 0.000721
4896 0.000721
4897 0.000721
4898 0.000721
4899 0.000721
4900 0.000720
4901 0.000720
4902 0.000720
4903 0.000720
4904 0.000720
4905 0.000720
4906 0.000720
4907 0.000719
4908 0.000719
4909 0.000719
4910 0.000719
4911 0.000719
4912 0.000719
4913 0.000718
4914 0.000718
4915 0.000718
4916 0.000718
4917 0.000718
4918 0.000718
4919 0.000718
4920 0.000717
4921 0.000717
4922 0.000717
4923 0.000717
4924 0.000717
4925 0.000717
4926 0.000716
4927 0.000716
4928 0.000716
4929 0.000716
4930 0.000716
4931 0.000716
4932 0.000716
4933 0.000715
4934 0.000715
4935 0.000715
4936 0.000715
4937 0.000715
4938 0.000715
4939 0.000715
4940 0.000714
4941 0.000714
4942 0.000714
4943 0.000714
4944 0.000714
4945 0.000714
4946 0.000713
4947 0.000713
4948 0.000713
4949 0.000713
4950 0.000713
4951 0.000713
4952 0.000713
4953 0.000712
4954 0.000712
4955 0.000712
4956 0.000712
4957 0.000712
4958 0.000712
4959 0.000712
4960 0.000711
4961 0.000711
4962 0.000711
4963 0.000711
4964 0.000711
4965 0.000711
4966 0.000710
4967 0.000710
4968 0.000710
4969 0.000710
4970 0.000710
4971 0.000710
4972 0.000710
4973 0.000709
4974 0.000709
4975 0.000709
4976 0.000709
4977 0.000709
4978 0.000709
4979 0.000709
4980 0.000708
4981 0.000708
4982 0.000708
4983 0.000708
4984 0.000708
4985 0.000708
4986 0.000707
4987 0.000707
4988 0.000707
4989 0.000707
4990 0.000707
4991 0.000707
4992 0.000707
4993 0.000706
4994 0.000706
4995 0.000706
4996 0.000706
4997 0.000706
4998 0.000706
4999 0.000706
5000 0.000705
5001 0.000705
5002 0.000705
5003 0.000705
5004 0.000705
5005 0.000705
5006 0.000705
5007 0.000704
5008 0.000704
5009 0.000704
5010 0.000704
5011 0.000704
5012 0.000704
5013 0.000704
5014 0.000703
5015 0.000703
5016 0.000703
5017 0.000703
5018 0.000703
5019 0.000703
5020 0.000702
5021 0.000702
5022 0.000702
5023 0.000702
5024 0.000702
5025 0.000702
5026 0.000702
5027 0.000701
5028 0.000701
5029 0.000701
5030 0.000701
5031 0.000701
5032 0.000701
5033 0.000701
5034 0.000700
5035 0.000700
5036 0.000700
5037 0.000700
5038 0.000700
5039 0.000700
5040 0.000700
5041 0.000699
5042 0.000699
5043 0.000699
5044 0.000699
5045 0.000699
5046 0.000699
5047 0.000699
5048 0.000698
5049 0.000698
5050 0.000698
5051 0.000698
5052 0.000698
5053 0.000698
5054 0.000698
5055 0.000697
5056 0.000697
5057 0.000697
5058 0.000697
5059 0.000697
5060 0.000697
5061 0.000697
5062 0.000696
5063 0.000696
5064 0.000696
5065 0.000696
5066 0.000696
5067 0.000696
5068 0.000696
5069 0.000695
5070 0.000695
5071 0.000695
5072 0.000695
5073 0.000695
5074 0.000695
5075 0.000695
5076 0.000694
5077 0.000694
5078 0.000694
5079 0.000694
5080 0.000694
5081 0.000694
5082 0.000694
5083 0.000693
5084 0.000693
5085 0.000693
5086 0.000693
5087 0.000693
5088 0.000693
5089 0.000693
5090 0.000692
5091 0.000692
5092 0.000692
5093 0.000692
5094 0.000692
5095 0.000692
5096 0.000692
5097 0.000691
5098 0.000691
5099 0.000691
5100 0.000691
5101 0.000691
5102 0.000691
5103 0.000691
5104 0.000690
5105 0.000690
5106 0.000690
5107 0.000690
5108 0.000690
5109 0.000690
5110 0.000690
5111 0.000689
5112 0.000689
5113 0.000689
5114 0.000689
5115 0.000689
5116 0.000689
5117 0.000689
5118 0.000688
5119 0.000688
5120 0.000688
5121 0.000688
5122 0.000688
5123 0.000688
5124 0.000688
5125 0.000687
5126 0.000687
5127 0.000687
5128 0.000687
5129 0.000687
5130 0.000687
5131 0.000687
5132 0.000687
5133 0.000686
5134 0.000686
5135 0.000686
5136 0.000686
5137 0.000686
5138 0.000686
5139 0.000686
5140 0.000685
5141 0.000685
5142 0.000685
5143 0.000685
5144 0.000685
5145 0.000685
5146 0.000685
5147 0.000684
5148 0.000684
5149 0.000684
5150 0.000684
5151 0.000684
5152 0.000684
5153 0.000684
5154 0.000683
5155 0.000683
5156 0.000683
5157 0.000683
5158 0.000683
5159 0.000683
5160 0.000683
5161 0.000682
5162 0.000682
5163 0.000682
5164 0.000682
5165 0.000682
5166 0.000682
5167 0.000682
5168 0.000682
5169 0.000681
5170 0.000681
5171 0.000681
5172 0.000681
5173 0.000681
5174 0.000681
5175 0.000681
5176 0.000680
5177 0.000680
5178 0.000680
5179 0.000680
5180 0.000680
5181 0.000680
5182 0.000680
5183 0.000679
5184 0.000679
5185 0.000679
5186 0.000679
5187 0.000679
5188 0.000679
5189 0.000679
5190 0.000679
5191 0.000678
5192 0.000678
5193 0.000678
5194 0.000678
5195 0.000678
5196 0.000678
5197 0.000678
5198 0.000677
5199 0.000677
5200 0.000677
5201 0.000677
5202 0.000677
5203 0.000677
5204 0.000677
5205 0.000676
5206 0.000676
5207 0.000676
5208 0.000676
5209 0.000676
5210 0.000676
5211 0.000676
5212 0.000676
5213 0.000675
5214 0.000675
5215 0.000675
5216 0.000675
5217 0.000675
5218 0.000675
5219 0.000675
5220 0.000674
5221 0.000674
5222 0.000674
5223 0.000674
5224 0.000674
5225 0.000674
5226 0.000674
5227 0.000673
5228 0.000673
5229 0.000673
5230 0.000673
5231 0.000673
5232 0.000673
5233 0.000673
5234 0.000673
5235 0.000672
5236 0.000672
5237 0.000672
5238 0.000672
5239 0.000672
5240 0.000672
5241 0.000672
5242 0.000671
5243 0.000671
5244 0.000671
5245 0.000671
5246 0.000671
5247 0.000671
5248 0.000671
5249 0.000671
5250 0.000670
5251 0.000670
5252 0.000670
5253 0.000670
5254 0.000670
5255 0.000670
5256 0.000670
5257 0.000669
5258 0.000669
5259 0.000669
5260 0.000669
5261 0.000669
5262 0.000669
5263 0.000669
5264 0.000669
5265 0.000668
5266 0.000668
5267 0.000668
5268 0.000668
5269 0.000668
5270 0.000668
5271 0.000668
5272 0.000668
5273 0.000667
5274 0.000667
5275 0.000667
5276 0.000667
5277 0.000667
5278 0.000667
5279 0.000667
5280 0.000666
5281 0.000666
5282 0.000666
5283 0.000666
5284 0.000666
5285 0.000666
5286 0.000666
5287 0.000666
5288 0.000665
5289 0.000665
5290 0.000665
5291 0.000665
5292 0.000665
5293 0.000665
5294 0.000665
5295 0.000664
5296 0.000664
5297 0.000664
5298 0.000664
5299 0.000664
5300 0.000664
5301 0.000664
5302 0.000664
5303 0.000663
5304 0.000663
5305 0.000663
5306 0.000663
5307 0.000663
5308 0.000663
5309 0.000663
5310 0.000663
5311 0.000662
5312 0.000662
5313 0.000662
5314 0.000662
5315 0.000662
5316 0.000662
5317 0.000662
5318 0.000661
5319 0.000661
5320 0.000661
5321 0.000661
5322 0.000661
5323 0.000661
5324 0.000661
5325 0.000661
5326 0.000660
5327 0.000660
5328 0.000660
5329 0.000660
5330 0.000660
5331 0.000660
5332 0.000660
5333 0.000660
5334 0.000659
5335 0.000659
5336 0.000659
5337 0.000659
5338 0.000659
5339 0.000659
5340 0.000659
5341 0.000659
5342 0.000658
5343 0.000658
5344 0.000658
5345 0.000658
5346 0.000658
5347 0.000658
5348 0.000658
5349 0.000657
5350 0.000657
5351 0.000657
5352 0.000657
5353 0.000657
5354 0.000657
5355 0.000657
5356 0.000657
5357 0.000656
5358 0.000656
5359 0.000656
5360 0.000656
5361 0.000656
5362 0.000656
5363 0.000656
5364 0.000656
5365 0.000655
5366 0.000655
5367 0.000655
5368 0.000655
5369 0.000655
5370 0.000655
5371 0.000655
5372 0.000655
5373 0.000654
5374 0.000654
5375 0.000654
5376 0.000654
5377 0.000654
5378 0.000654
5379 0.000654
5380 0.000654
5381 0.000653
5382 0.000653
5383 0.000653
5384 0.000653
5385 0.000653
5386 0.000653
5387 0.000653
5388 0.000653
5389 0.000652
5390 0.000652
5391 0.000652
5392 0.000652
5393 0.000652
5394 0.000652
5395 0.000652
5396 0.000652
5397 0.000651
5398 0.000651
5399 0.000651
5400 0.000651
5401 0.000651
5402 0.000651
5403 0.000651
5404 0.000651
5405 0.000650
5406 0.000650
5407 0.000650
5408 0.000650
5409 0.000650
5410 0.000650
5411 0.000650
5412 0.000650
5413 0.000649
5414 0.000649
5415 0.000649
5416 0.000649
5417 0.000649
5418 0.000649
5419 0.000649
5420 0.000649
5421 0.000648
5422 0.000648
5423 0.000648
5424 0.000648
5425 0.000648
5426 0.000648
5427 0.000648
5428 0.000648
5429 0.000647
5430 0.000647
5431 0.000647
5432 0.000647
5433 0.000647
5434 0.000647
5435 0.000647
5436 0.000647
5437 0.000646
5438 0.000646
5439 0.000646
5440 0.000646
5441 0.000646
5442 0.000646
5443 0.000646
5444 0.000646
5445 0.000645
5446 0.000645
5447 0.000645
5448 0.000645
5449 0.000645
5450 0.000645
5451 0.000645
5452 0.000645
5453 0.000644
5454 0.000644
5455 0.000644
5456 0.000644
5457 0.000644
5458 0.000644
5459 0.000644
5460 0.000644
5461 0.000643
5462 0.000643
5463 0.000643
5464 0.000643
5465 0.000643
5466 0.000643
5467 0.000643
5468 0.000643
5469 0.000642
5470 0.000642
5471 0.000642
5472 0.000642
5473 0.000642
5474 0.000642
5475 0.000642
5476 0.000642
5477 0.000641
5478 0.000641
5479 0.000641
5480 0.000641
5481 0.000641
5482 0.000641
5483 0.000641
5484 0.000641
5485 0.000640
5486 0.000640
5487 0.000640
5488 0.000640
5489 0.000640
5490 0.000640
5491 0.000640
5492 0.000640
5493 0.000640
5494 0.000639
5495 0.000639
5496 0.000639
5497 0.000639
5498 0.000639
5499 0.000639
5500 0.000639
5501 0.000639
5502 0.000638
5503 0.000638
5504 0.000638
5505 0.000638
5506 0.000638
5507 0.000638
5508 0.000638
5509 0.000638
5510 0.000637
5511 0.000637
5512 0.000637
5513 0.000637
5514 0.000637
5515 0.000637
5516 0.000637
5517 0.000637
5518 0.000636
5519 0.000636
5520 0.000636
5521 0.000636
5522 0.000636
5523 0.000636
5524 0.000636
5525 0.000636
5526 0.000636
5527 0.000635
5528 0.000635
5529 0.000635
5530 0.000635
5531 0.000635
5532 0.000635
5533 0.000635
5534 0.000635
5535 0.000634
5536 0.000634
5537 0.000634
5538 0.000634
5539 0.000634
5540 0.000634
5541 0.000634
5542 0.000634
5543 0.000634
5544 0.000633
5545 0.000633
5546 0.000633
5547 0.000633
5548 0.000633
5549 0.000633
5550 0.000633
5551 0.000633
5552 0.000632
5553 0.000632
5554 0.000632
5555 0.000632
5556 0.000632
5557 0.000632
5558 0.000632
5559 0.000632
5560 0.000631
5561 0.000631
5562 0.000631
5563 0.000631
5564 0.000631
5565 0.000631
5566 0.000631
5567 0.000631
5568 0.000631
5569 0.000630
5570 0.000630
5571 0.000630
5572 0.000630
5573 0.000630
5574 0.000630
5575 0.000630
5576 0.000630
5577 0.000629
5578 0.000629
5579 0.000629
5580 0.000629
5581 0.000629
5582 0.000629
5583 0.000629
5584 0.000629
5585 0.000629
5586 0.000628
5587 0.000628
5588 0.000628
5589 0.000628
5590 0.000628
5591 0.000628
5592 0.000628
5593 0.000628
5594 0.000627
5595 0.000627
5596 0.000627
5597 0.000627
5598 0.000627
5599 0.000627
5600 0.000627
5601 0.000627
5602 0.000627
5603 0.000626
5604 0.000626
5605 0.000626
5606 0.000626
5607 0.000626
5608 0.000626
5609 0.000626
5610 0.000626
5611 0.000625
5612 0.000625
5613 0.000625
5614 0.000625
5615 0.000625
5616 0.000625
5617 0.000625
5618 0.000625
5619 0.000625
5620 0.000624
5621 0.000624
5622 0.000624
5623 0.000624
5624 0.000624
5625 0.000624
5626 0.000624
5627 0.000624
5628 0.000624
5629 0.000623
5630 0.000623
5631 0.000623
5632 0.000623
5633 0.000623
5634 0.000623
5635 0.000623
5636 0.000623
5637 0.000622
5638 0.000622
5639 0.000622
5640 0.000622
5641 0.000622
5642 0.000622
5643 0.000622
5644 0.000622
5645 0.000622
5646 0.000621
5647 0.000621
5648 0.000621
5649 0.000621
5650 0.000621
5651 0.000621
5652 0.000621
5653 0.000621
5654 0.000621
5655 0.000620
5656 0.000620
5657 0.000620
5658 0.000620
5659 0.000620
5660 0.000620
5661 0.000620
5662 0.000620
5663 0.000620
5664 0.000619
5665 0.000619
5666 0.000619
5667 0.000619
5668 0.000619
5669 0.000619
5670 0.000619
5671 0.000619
5672 0.000618
5673 0.000618
5674 0.000618
5675 0.000618
5676 0.000618
5677 0.000618
5678 0.000618
5679 0.000618
5680 0.000618
5681 0.000617
5682 0.000617
5683 0.000617
5684 0.000617
5685 0.000617
5686 0.000617
5687 0.000617
5688 0.000617
5689 0.000617
5690 0.000616
5691 0.000616
5692 0.000616
5693 0.000616
5694 0.000616
5695 0.000616
5696 0.000616
5697 0.000616
5698 0.000616
5699 0.000615
5700 0.000615
5701 0.000615
5702 0.000615
5703 0.000615
5704 0.000615
5705 0.000615
5706 0.000615
5707 0.000615
5708 0.000614
5709 0.000614
5710 0.000614
5711 0.000614
5712 0.000614
5713 0.000614
5714 0.000614
5715 0.000614
5716 0.000614
5717 0.000613
5718 0.000613
5719 0.000613
5720 0.000613
5721 0.000613
5722 0.000613
5723 0.000613
5724 0.000613
5725 0.000613
5726 0.000612
5727 0.000612
5728 0.000612
5729 0.000612
5730 0.000612
5731 0.000612
5732 0.000612
5733 0.000612
5734 0.000612
5735 0.000611
5736 0.000611
5737 0.000611
5738 0.000611
5739 0.000611
5740 0.000611
5741 0.000611
5742 0.000611
5743 0.000611
5744 0.000610
5745 0.000610
5746 0.000610
5747 0.000610
5748 0.000610
5749 0.000610
5750 0.000610
5751 0.000610
5752 0.000610
5753 0.000609
5754 0.000609
5755 0.000609
5756 0.000609
5757 0.000609
5758 0.000609
5759 0.000609
5760 0.000609
5761 0.000609
5762 0.000608
5763 0.000608
5764 0.000608
5765 0.000608
5766 0.000608
5767 0.000608
5768 0.000608
5769 0.000608
5770 0.000608
5771 0.000607
5772 0.000607
5773 0.000607
5774 0.000607
5775 0.000607
5776 0.000607
5777 0.000607
5778 0.000607
5779 0.000607
5780 0.000606
5781 0.000606
5782 0.000606
5783 0.000606
5784 0.000606
5785 0.000606
5786 0.000606
5787 0.000606
5788 0.000606
5789 0.000605
5790 0.000605
5791 0.000605
5792 0.000605
5793 0.000605
5794 0.000605
5795 0.000605
5796 0.000605
5797 0.000605
5798 0.000604
5799 0.000604
5800 0.000604
5801 0.000604
5802 0.000604
5803 0.000604
5804 0.000604
5805 0.000604
5806 0.000604
5807 0.000604
5808 0.000603
5809 0.000603
5810 0.000603
5811 0.000603
5812 0.000603
5813 0.000603
5814 0.000603
5815 0.000603
5816 0.000603
5817 0.000602
5818 0.000602
5819 0.000602
5820 0.000602
5821 0.000602
5822 0.000602
5823 0.000602
5824 0.000602
5825 0.000602
5826 0.000601
5827 0.000601
5828 0.000601
5829 0.000601
5830 0.000601
5831 0.000601
5832 0.000601
5833 0.000601
5834 0.000601
5835 0.000600
5836 0.000600
5837 0.000600
5838 0.000600
5839 0.000600
5840 0.000600
5841 0.000600
5842 0.000600
5843 0.000600
5844 0.000600
5845 0.000599
5846 0.000599
5847 0.000599
5848 0.000599
5849 0.000599
5850 0.000599
5851 0.000599
5852 0.000599
5853 0.000599
5854 0.000598
5855 0.000598
5856 0.000598
5857 0.000598
5858 0.000598
5859 0.000598
5860 0.000598
5861 0.000598
5862 0.000598
5863 0.000597
5864 0.000597
5865 0.000597
5866 0.000597
5867 0.000597
5868 0.000597
5869 0.000597
5870 0.000597
5871 0.000597
5872 0.000597
5873 0.000596
5874 0.000596
5875 0.000596
5876 0.000596
5877 0.000596
5878 0.000596
5879 0.000596
5880 0.000596
5881 0.000596
5882 0.000595
5883 0.000595
5884 0.000595
5885 0.000595
5886 0.000595
5887 0.000595
5888 0.000595
5889 0.000595
5890 0.000595
5891 0.000595
5892 0.000594
5893 0.000594
5894 0.000594
5895 0.000594
5896 0.000594
5897 0.000594
5898 0.000594
5899 0.000594
5900 0.000594
5901 0.000593
5902 0.000593
5903 0.000593
5904 0.000593
5905 0.000593
5906 0.000593
5907 0.000593
5908 0.000593
5909 0.000593
5910 0.000593
5911 0.000592
5912 0.000592
5913 0.000592
5914 0.000592
5915 0.000592
5916 0.000592
5917 0.000592
5918 0.000592
5919 0.000592
5920 0.000592
5921 0.000591
5922 0.000591
5923 0.000591
5924 0.000591
5925 0.000591
5926 0.000591
5927 0.000591
5928 0.000591
5929 0.000591
5930 0.000590
5931 0.000590
5932 0.000590
5933 0.000590
5934 0.000590
5935 0.000590
5936 0.000590
5937 0.000590
5938 0.000590
5939 0.000590
5940 0.000589
5941 0.000589
5942 0.000589
5943 0.000589
5944 0.000589
5945 0.000589
5946 0.000589
5947 0.000589
5948 0.000589
5949 0.000589
5950 0.000588
5951 0.000588
5952 0.000588
5953 0.000588
5954 0.000588
5955 0.000588
5956 0.000588
5957 0.000588
5958 0.000588
5959 0.000587
5960 0.000587
5961 0.000587
5962 0.000587
5963 0.000587
5964 0.000587
5965 0.000587
5966 0.000587
5967 0.000587
5968 0.000587
5969 0.000586
5970 0.000586
5971 0.000586
5972 0.000586
5973 0.000586
5974 0.000586
5975 0.000586
5976 0.000586
5977 0.000586
5978 0.000586
5979 0.000585
5980 0.000585
5981 0.000585
5982 0.000585
5983 0.000585
5984 0.000585
5985 0.000585
5986 0.000585
5987 0.000585
5988 0.000585
5989 0.000584
5990 0.000584
5991 0.000584
5992 0.000584
5993 0.000584
5994 0.000584
5995 0.000584
5996 0.000584
5997 0.000584
5998 0.000583
5999 0.000583
6000 0.000583
6001 0.000583
6002 0.000583
6003 0.000583
6004 0.000583
6005 0.000583
6006 0.000583
6007 0.000583
6008 0.000582
6009 0.000582
6010 0.000582
6011 0.000582
6012 0.000582
6013 0.000582
6014 0.000582
6015 0.000582
6016 0.000582
6017 0.000582
6018 0.000581
6019 0.000581
6020 0.000581
6021 0.000581
6022 0.000581
6023 0.000581
6024 0.000581
6025 0.000581
6026 0.000581
6027 0.000581
6028 0.000580
6029 0.000580
6030 0.000580
6031 0.000580
6032 0.000580
6033 0.000580
6034 0.000580
6035 0.000580
6036 0.000580
6037 0.000580
6038 0.000579
6039 0.000579
6040 0.000579
6041 0.000579
6042 0.000579
6043 0.000579
6044 0.000579
6045 0.000579
6046 0.000579
6047 0.000579
6048 0.000578
6049 0.000578
6050 0.000578
6051 0.000578
6052 0.000578
6053 0.000578
6054 0.000578
6055 0.000578
6056 0.000578
6057 0.000578
6058 0.000577
6059 0.000577
6060 0.000577
6061 0.000577
6062 0.000577
6063 0.000577
6064 0.000577
6065 0.000577
6066 0.000577
6067 0.000577
6068 0.000576
6069 0.000576
6070 0.000576
6071 0.000576
6072 0.000576
6073 0.000576
6074 0.000576
6075 0.000576
6076 0.000576
6077 0.000576
6078 0.000575
6079 0.000575
6080 0.000575
6081 0.000575
6082 0.000575
6083 0.000575
6084 0.000575
6085 0.000575
6086 0.000575
6087 0.000575
6088 0.000575
6089 0.000574
6090 0.000574
6091 0.000574
6092 0.000574
6093 0.000574
6094 0.000574
6095 0.000574
6096 0.000574
6097 0.000574
6098 0.000574
6099 0.000573
6100 0.000573
6101 0.000573
6102 0.000573
6103 0.000573
6104 0.000573
6105 0.000573
6106 0.000573
6107 0.000573
6108 0.000573
6109 0.000572
6110 0.000572
6111 0.000572
6112 0.000572
6113 0.000572
6114 0.000572
6115 0.000572
6116 0.000572
6117 0.000572
6118 0.000572
6119 0.000571
6120 0.000571
6121 0.000571
6122 0.000571
6123 0.000571
6124 0.000571
6125 0.000571
6126 0.000571
6127 0.000571
6128 0.000571
6129 0.000571
6130 0.000570
6131 0.000570
6132 0.000570
6133 0.000570
6134 0.000570
6135 0.000570
6136 0.000570
6137 0.000570
6138 0.000570
6139 0.000570
6140 0.000569
6141 0.000569
6142 0.000569
6143 0.000569
6144 0.000569
6145 0.000569
6146 0.000569
6147 0.000569
6148 0.000569
6149 0.000569
6150 0.000568
6151 0.000568
6152 0.000568
6153 0.000568
6154 0.000568
6155 0.000568
6156 0.000568
6157 0.000568
6158 0.000568
6159 0.000568
6160 0.000568
6161 0.000567
6162 0.000567
6163 0.000567
6164 0.000567
6165 0.000567
6166 0.000567
6167 0.000567
6168 0.000567
6169 0.000567
6170 0.000567
6171 0.000566
6172 0.000566
6173 0.000566
6174 0.000566
6175 0.000566
6176 0.000566
6177 0.000566
6178 0.000566
6179 0.000566
6180 0.000566
6181 0.000566
6182 0.000565
6183 0.000565
6184 0.000565
6185 0.000565
6186 0.000565
6187 0.000565
6188 0.000565
6189 0.000565
6190 0.000565
6191 0.000565
6192 0.000564
6193 0.000564
6194 0.000564
6195 0.000564
6196 0.000564
6197 0.000564
6198 0.000564
6199 0.000564
6200 0.000564
6201 0.000564
6202 0.000564
6203 0.000563
6204 0.000563
6205 0.000563
6206 0.000563
6207 0.000563
6208 0.000563
6209 0.000563
6210 0.000563
6211 0.000563
6212 0.000563
6213 0.000562
6214 0.000562
6215 0.000562
6216 0.000562
6217 0.000562
6218 0.000562
6219 0.000562
6220 0.000562
6221 0.000562
6222 0.000562
6223 0.000562
6224 0.000561
6225 0.000561
6226 0.000561
6227 0.000561
6228 0.000561
6229 0.000561
6230 0.000561
6231 0.000561
6232 0.000561
6233 0.000561
6234 0.000560
6235 0.000560
6236 0.000560
6237 0.000560
6238 0.000560
6239 0.000560
6240 0.000560
6241 0.000560
6242 0.000560
6243 0.000560
6244 0.000560
6245 0.000559
6246 0.000559
6247 0.000559
6248 0.000559
6249 0.000559
6250 0.000559
6251 0.000559
6252 0.000559
6253 0.000559
6254 0.000559
6255 0.000559
6256 0.000558
6257 0.000558
6258 0.000558
6259 0.000558
6260 0.000558
6261 0.000558
6262 0.000558
6263 0.000558
6264 0.000558
6265 0.000558
6266 0.000558
6267 0.000557
6268 0.000557
6269 0.000557
6270 0.000557
6271 0.000557
6272 0.000557
6273 0.000557
6274 0.000557
6275 0.000557
6276 0.000557
6277 0.000556
6278 0.000556
6279 0.000556
6280 0.000556
6281 0.000556
6282 0.000556
6283 0.000556
6284 0.000556
6285 0.000556
6286 0.000556
6287 0.000556
6288 0.000555
6289 0.000555
6290 0.000555
6291 0.000555
6292 0.000555
6293 0.000555
6294 0.000555
6295 0.000555
6296 0.000555
6297 0.000555
6298 0.000555
6299 0.000554
6300 0.000554
6301 0.000554
6302 0.000554
6303 0.000554
6304 0.000554
6305 0.000554
6306 0.000554
6307 0.000554
6308 0.000554
6309 0.000554
6310 0.000553
6311 0.000553
6312 0.000553
6313 0.000553
6314 0.000553
6315 0.000553
6316 0.000553
6317 0.000553
6318 0.000553
6319 0.000553
6320 0.000553
6321 0.000552
6322 0.000552
6323 0.000552
6324 0.000552
6325 0.000552
6326 0.000552
6327 0.000552
6328 0.000552
6329 0.000552
6330 0.000552
6331 0.000552
6332 0.000551
6333 0.000551
6334 0.000551
6335 0.000551
6336 0.000551
6337 0.000551
6338 0.000551
6339 0.000551
6340 0.000551
6341 0.000551
6342 0.000551
6343 0.000550
6344 0.000550
6345 0.000550
6346 0.000550
6347 0.000550
6348 0.000550
6349 0.000550
6350 0.000550
6351 0.000550
6352 0.000550
6353 0.000550
6354 0.000549
6355 0.000549
6356 0.000549
6357 0.000549
6358 0.000549
6359 0.000549
6360 0.000549
6361 0.000549
6362 0.000549
6363 0.000549
6364 0.000549
6365 0.000548
6366 0.000548
6367 0.000548
6368 0.000548
6369 0.000548
6370 0.000548
6371 0.000548
6372 0.000548
6373 0.000548
6374 0.000548
6375 0.000548
6376 0.000547
6377 0.000547
6378 0.000547
6379 0.000547
6380 0.000547
6381 0.000547
6382 0.000547
6383 0.000547
6384 0.000547
6385 0.000547
6386 0.000547
6387 0.000547
6388 0.000546
6389 0.000546
6390 0.000546
6391 0.000546
6392 0.000546
6393 0.000546
6394 0.000546
6395 0.000546
6396 0.000546
6397 0.000546
6398 0.000546
6399 0.000545
6400 0.000545
6401 0.000545
6402 0.000545
6403 0.000545
6404 0.000545
6405 0.000545
6406 0.000545
6407 0.000545
6408 0.000545
6409 0.000545
6410 0.000544
6411 0.000544
6412 0.000544
6413 0.000544
6414 0.000544
6415 0.000544
6416 0.000544
6417 0.000544
6418 0.000544
6419 0.000544
6420 0.000544
6421 0.000544
6422 0.000543
6423 0.000543
6424 0.000543
6425 0.000543
6426 0.000543
6427 0.000543
6428 0.000543
6429 0.000543
6430 0.000543
6431 0.000543
6432 0.000543
6433 0.000542
6434 0.000542
6435 0.000542
6436 0.000542
6437 0.000542
6438 0.000542
6439 0.000542
6440 0.000542
6441 0.000542
6442 0.000542
6443 0.000542
6444 0.000541
6445 0.000541
6446 0.000541
6447 0.000541
6448 0.000541
6449 0.000541
6450 0.000541
6451 0.000541
6452 0.000541
6453 0.000541
6454 0.000541
6455 0.000541
6456 0.000540
6457 0.000540
6458 0.000540
6459 0.000540
6460 0.000540
6461 0.000540
6462 0.000540
6463 0.000540
6464 0.000540
6465 0.000540
6466 0.000540
6467 0.000539
6468 0.000539
6469 0.000539
6470 0.000539
6471 0.000539
6472 0.000539
6473 0.000539
6474 0.000539
6475 0.000539
6476 0.000539
6477 0.000539
6478 0.000539
6479 0.000538
6480 0.000538
6481 0.000538
6482 0.000538
6483 0.000538
6484 0.000538
6485 0.000538
6486 0.000538
6487 0.000538
6488 0.000538
6489 0.000538
6490 0.000537
6491 0.000537
6492 0.000537
6493 0.000537
6494 0.000537
6495 0.000537
6496 0.000537
6497 0.000537
6498 0.000537
6499 0.000537
6500 0.000537
6501 0.000537
6502 0.000536
6503 0.000536
6504 0.000536
6505 0.000536
6506 0.000536
6507 0.000536
6508 0.000536
6509 0.000536
6510 0.000536
6511 0.000536
6512 0.000536
6513 0.000536
6514 0.000535
6515 0.000535
6516 0.000535
6517 0.000535
6518 0.000535
6519 0.000535
6520 0.000535
6521 0.000535
6522 0.000535
6523 0.000535
6524 0.000535
6525 0.000534
6526 0.000534
6527 0.000534
6528 0.000534
6529 0.000534
6530 0.000534
6531 0.000534
6532 0.000534
6533 0.000534
6534 0.000534
6535 0.000534
6536 0.000534
6537 0.000533
6538 0.000533
6539 0.000533
6540 0.000533
6541 0.000533
6542 0.000533
6543 0.000533
6544 0.000533
6545 0.000533
6546 0.000533
6547 0.000533
6548 0.000533
6549 0.000532
6550 0.000532
6551 0.000532
6552 0.000532
6553 0.000532
6554 0.000532
6555 0.000532
6556 0.000532
6557 0.000532
6558 0.000532
6559 0.000532
6560 0.000532
6561 0.000531
6562 0.000531
6563 0.000531
6564 0.000531
6565 0.000531
6566 0.000531
6567 0.000531
6568 0.000531
6569 0.000531
6570 0.000531
6571 0.000531
6572 0.000531
6573 0.000530
6574 0.000530
6575 0.000530
6576 0.000530
6577 0.000530
6578 0.000530
6579 0.000530
6580 0.000530
6581 0.000530
6582 0.000530
6583 0.000530
6584 0.000529
6585 0.000529
6586 0.000529
6587 0.000529
6588 0.000529
6589 0.000529
6590 0.000529
6591 0.000529
6592 0.000529
6593 0.000529
6594 0.000529
6595 0.000529
6596 0.000528
6597 0.000528
6598 0.000528
6599 0.000528
6600 0.000528
6601 0.000528
6602 0.000528
6603 0.000528
6604 0.000528
6605 0.000528
6606 0.000528
6607 0.000528
6608 0.000527
6609 0.000527
6610 0.000527
6611 0.000527
6612 0.000527
6613 0.000527
6614 0.000527
6615 0.000527
6616 0.000527
6617 0.000527
6618 0.000527
6619 0.000527
6620 0.000526
6621 0.000526
6622 0.000526
6623 0.000526
6624 0.000526
6625 0.000526
6626 0.000526
6627 0.000526
6628 0.000526
6629 0.000526
6630 0.000526
6631 0.000526
6632 0.000526
6633 0.000525
6634 0.000525
6635 0.000525
6636 0.000525
6637 0.000525
6638 0.000525
6639 0.000525
6640 0.000525
6641 0.000525
6642 0.000525
6643 0.000525
6644 0.000525
6645 0.000524
6646 0.000524
6647 0.000524
6648 0.000524
6649 0.000524
6650 0.000524
6651 0.000524
6652 0.000524
6653 0.000524
6654 0.000524
6655 0.000524
6656 0.000524
6657 0.000523
6658 0.000523
6659 0.000523
6660 0.000523
6661 0.000523
6662 0.000523
6663 0.000523
6664 0.000523
6665 0.000523
6666 0.000523
6667 0.000523
6668 0.000523
6669 0.000522
6670 0.000522
6671 0.000522
6672 0.000522
6673 0.000522
6674 0.000522
6675 0.000522
6676 0.000522
6677 0.000522
6678 0.000522
6679 0.000522
6680 0.000522
6681 0.000521
6682 0.000521
6683 0.000521
6684 0.000521
6685 0.000521
6686 0.000521
6687 0.000521
6688 0.000521
6689 0.000521
6690 0.000521
6691 0.000521
6692 0.000521
6693 0.000521
6694 0.000520
6695 0.000520
6696 0.000520
6697 0.000520
6698 0.000520
6699 0.000520
6700 0.000520
6701 0.000520
6702 0.000520
6703 0.000520
6704 0.000520
6705 0.000520
6706 0.000519
6707 0.000519
6708 0.000519
6709 0.000519
6710 0.000519
6711 0.000519
6712 0.000519
6713 0.000519
6714 0.000519
6715 0.000519
6716 0.000519
6717 0.000519
6718 0.000519
6719 0.000518
6720 0.000518
6721 0.000518
6722 0.000518
6723 0.000518
6724 0.000518
6725 0.000518
6726 0.000518
6727 0.000518
6728 0.000518
6729 0.000518
6730 0.000518
6731 0.000517
6732 0.000517
6733 0.000517
6734 0.000517
6735 0.000517
6736 0.000517
6737 0.000517
6738 0.000517
6739 0.000517
6740 0.000517
6741 0.000517
6742 0.000517
6743 0.000516
6744 0.000516
6745 0.000516
6746 0.000516
6747 0.000516
6748 0.000516
6749 0.000516
6750 0.000516
6751 0.000516
6752 0.000516
6753 0.000516
6754 0.000516
6755 0.000516
6756 0.000515
6757 0.000515
6758 0.000515
6759 0.000515
6760 0.000515
6761 0.000515
6762 0.000515
6763 0.000515
6764 0.000515
6765 0.000515
6766 0.000515
6767 0.000515
6768 0.000515
6769 0.000514
6770 0.000514
6771 0.000514
6772 0.000514
6773 0.000514
6774 0.000514
6775 0.000514
6776 0.000514
6777 0.000514
6778 0.000514
6779 0.000514
6780 0.000514
6781 0.000513
6782 0.000513
6783 0.000513
6784 0.000513
6785 0.000513
6786 0.000513
6787 0.000513
6788 0.000513
6789 0.000513
6790 0.000513
6791 0.000513
6792 0.000513
6793 0.000513
6794 0.000512
6795 0.000512
6796 0.000512
6797 0.000512
6798 0.000512
6799 0.000512
6800 0.000512
6801 0.000512
6802 0.000512
6803 0.000512
6804 0.000512
6805 0.000512
6806 0.000512
6807 0.000511
6808 0.000511
6809 0.000511
6810 0.000511
6811 0.000511
6812 0.000511
6813 0.000511
6814 0.000511
6815 0.000511
6816 0.000511
6817 0.000511
6818 0.000511
6819 0.000511
6820 0.000510
6821 0.000510
6822 0.000510
6823 0.000510
6824 0.000510
6825 0.000510
6826 0.000510
6827 0.000510
6828 0.000510
6829 0.000510
6830 0.000510
6831 0.000510
6832 0.000509
6833 0.000509
6834 0.000509
6835 0.000509
6836 0.000509
6837 0.000509
6838 0.000509
6839 0.000509
6840 0.000509
6841 0.000509
6842 0.000509
6843 0.000509
6844 0.000509
6845 0.000508
6846 0.000508
6847 0.000508
6848 0.000508
6849 0.000508
6850 0.000508
6851 0.000508
6852 0.000508
6853 0.000508
6854 0.000508
6855 0.000508
6856 0.000508
6857 0.000508
6858 0.000507
6859 0.000507
6860 0.000507
6861 0.000507
6862 0.000507
6863 0.000507
6864 0.000507
6865 0.000507
6866 0.000507
6867 0.000507
6868 0.000507
6869 0.000507
6870 0.000507
6871 0.000506
6872 0.000506
6873 0.000506
6874 0.000506
6875 0.000506
6876 0.000506
6877 0.000506
6878 0.000506
6879 0.000506
6880 0.000506
6881 0.000506
6882 0.000506
6883 0.000506
6884 0.000505
6885 0.000505
6886 0.000505
6887 0.000505
6888 0.000505
6889 0.000505
6890 0.000505
6891 0.000505
6892 0.000505
6893 0.000505
6894 0.000505
6895 0.000505
6896 0.000505
6897 0.000504
6898 0.000504
6899 0.000504
6900 0.000504
6901 0.000504
6902 0.000504
6903 0.000504
6904 0.000504
6905 0.000504
6906 0.000504
6907 0.000504
6908 0.000504
6909 0.000504
6910 0.000504
6911 0.000503
6912 0.000503
6913 0.000503
6914 0.000503
6915 0.000503
6916 0.000503
6917 0.000503
6918 0.000503
6919 0.000503
6920 0.000503
6921 0.000503
6922 0.000503
6923 0.000503
6924 0.000502
6925 0.000502
6926 0.000502
6927 0.000502
6928 0.000502
6929 0.000502
6930 0.000502
6931 0.000502
6932 0.000502
6933 0.000502
6934 0.000502
6935 0.000502
6936 0.000502
6937 0.000501
6938 0.000501
6939 0.000501
6940 0.000501
6941 0.000501
6942 0.000501
6943 0.000501
6944 0.000501
6945 0.000501
6946 0.000501
6947 0.000501
6948 0.000501
6949 0.000501
6950 0.000500
6951 0.000500
6952 0.000500
6953 0.000500
6954 0.000500
6955 0.000500
6956 0.000500
