0 1295.700208
1 1174.387263
2 1155.211241
3 1144.900652
4 1137.040831
5 1130.564971
6 1124.948467
7 1119.810449
8 1114.736808
9 1109.205407
10 1102.921705
11 1096.358791
12 1089.909504
13 1083.454620
14 1076.865361
15 1070.130960
16 1063.325713
17 1056.564983
18 1049.946438
19 1043.519872
20 1037.299284
21 1031.280453
22 1025.456608
23 1019.836707
24 1014.447488
25 1009.317173
26 1004.466156
27 999.905441
28 995.632768
29 991.630985
30 987.871929
31 984.323596
32 980.957322
33 977.752177
34 974.694962
35 971.778143
36 969.000420
37 966.366442
38 963.878107
39 961.527312
40 959.299497
41 957.179963
42 955.156515
43 953.219305
44 951.360002
45 949.571206
46 947.846145
47 946.178570
48 944.562827
49 942.994046
50 941.468236
51 939.982349
52 938.535433
53 937.131470
54 935.779169
55 934.483843
56 933.242439
57 932.047867
58 930.893390
59 929.774238
60 928.688025
61 927.634313
62 926.613093
63 925.623085
64 924.661299
65 923.723966
66 922.808147
67 921.913638
68 921.043735
69 920.202382
70 919.390116
71 918.604188
72 917.841055
73 917.097719
74 916.371877
75 915.661757
76 914.965971
77 914.283439
78 913.613366
79 912.955229
80 912.308747
81 911.673798
82 911.050320
83 910.438210
84 909.837271
85 909.247229
86 908.667792
87 908.098716
88 907.539856
89 906.991152
90 906.452560
91 905.923960
92 905.405075
93 904.895461
94 904.394538
95 903.901637
96 903.416049
97 902.937039
98 902.463860
99 901.995768
100 901.532093
101 901.072396
102 900.616736
103 900.165898
104 899.721314
105 899.284513
106 898.856478
107 898.437421
108 898.026967
109 897.624463
110 897.229185
111 896.840435
112 896.457570
113 896.080002
114 895.707182
115 895.338586
116 894.973701
117 894.612012
118 894.252992
119 893.896094
120 893.540745
121 893.186341
122 892.832252
123 892.477865
124 892.122737
125 891.766962
126 891.411683
127 891.059271
128 890.712534
129 890.373337
130 890.041990
131 889.717749
132 889.399575
133 889.086544
134 888.777961
135 888.473330
136 888.172289
137 887.874556
138 887.579882
139 887.288030
140 886.998763
141 886.711844
142 886.427040
143 886.144125
144 885.862890
145 885.583140
146 885.304702
147 885.027423
148 884.751170
149 884.475826
150 884.201283
151 883.927428
152 883.654137
153 883.381266
154 883.108643
155 882.836074
156 882.563355
157 882.290291
158 882.016730
159 881.742605
160 881.467974
161 881.193028
162 880.918062
163 880.643385
164 880.369209
165 880.095567
166 879.822285
167 879.548987
168 879.275131
169 879.000028
170 878.722872
171 878.442840
172 878.159348
173 877.872543
174 877.583756
175 877.295268
176 877.009165
177 876.726350
178 876.446593
179 876.169119
180 875.893060
181 875.617655
182 875.342325
183 875.066718
184 874.790761
185 874.514693
186 874.239021
187 873.964379
188 873.691318
189 873.420123
190 873.150764
191 872.882950
192 872.616236
193 872.350115
194 872.084073
195 871.817623
196 871.550310
197 871.281722
198 871.011500
199 870.739364
200 870.465147
201 870.188855
202 869.910719
203 869.631221
204 869.351040
205 869.070911
206 868.791456
207 868.513076
208 868.235929
209 867.959989
210 867.685120
211 867.411126
212 867.137799
213 866.864934
214 866.592337
215 866.319832
216 866.047257
217 865.774460
218 865.501288
219 865.227575
220 864.953132
221 864.677721
222 864.401052
223 864.122761
224 863.842401
225 863.559433
226 863.273229
227 862.983085
228 862.688284
229 862.388233
230 862.082776
231 861.772671
232 861.460028
233 861.148069
234 860.839945
235 860.537522
236 860.241265
237 859.950939
238 859.666146
239 859.386429
240 859.111212
241 858.839807
242 858.571505
243 858.305651
244 858.041689
245 857.779171
246 857.517737
247 857.257103
248 856.997046
249 856.737384
250 856.477972
251 856.218693
252 855.959447
253 855.700155
254 855.440749
255 855.181176
256 854.921389
257 854.661352
258 854.401037
259 854.140419
260 853.879483
261 853.618213
262 853.356600
263 853.094637
264 852.832316
265 852.569630
266 852.306571
267 852.043129
268 851.779289
269 851.515034
270 851.250338
271 850.985170
272 850.719493
273 850.453258
274 850.186411
275 849.918887
276 849.650615
277 849.381518
278 849.111522
279 848.840562
280 848.568597
281 848.295630
282 848.021721
283 847.747010
284 847.471710
285 847.196088
286 846.920413
287 846.644908
288 846.369707
289 846.094848
290 845.820300
291 845.545989
292 845.271831
293 844.997754
294 844.723698
295 844.449625
296 844.175511
297 843.901346
298 843.627132
299 843.352874
300 843.078582
301 842.804272
302 842.529957
303 842.255652
304 841.981372
305 841.707133
306 841.432951
307 841.158838
308 840.884812
309 840.610886
310 840.337074
311 840.063386
312 839.789831
313 839.516412
314 839.243127
315 838.969964
316 838.696903
317 838.423916
318 838.150961
319 837.877987
320 837.604931
321 837.331722
322 837.058279
323 836.784517
324 836.510347
325 836.235680
326 835.960430
327 835.684511
328 835.407833
329 835.130287
330 834.851719
331 834.571890
332 834.290417
333 834.006694
334 833.719801
335 833.428411
336 833.130853
337 832.825716
338 832.513730
339 832.200295
340 831.893531
341 831.596997
342 831.308631
343 831.025363
344 830.745146
345 830.466837
346 830.189794
347 829.913625
348 829.638051
349 829.362843
350 829.087786
351 828.812674
352 828.537294
353 828.261427
354 827.984834
355 827.707233
356 827.428273
357 827.147496
358 826.864325
359 826.578107
360 826.288293
361 825.994827
362 825.698649
363 825.401811
364 825.106741
365 824.815143
366 824.527588
367 824.243859
368 823.963432
369 823.685757
370 823.410372
371 823.136912
372 822.865097
373 822.594708
374 822.325566
375 822.057514
376 821.790418
377 821.524153
378 821.258610
379 820.993692
380 820.729316
381 820.465407
382 820.201903
383 819.938751
384 819.675906
385 819.413327
386 819.150982
387 818.888841
388 818.626877
389 818.365069
390 818.103398
391 817.841845
392 817.580397
393 817.319042
394 817.057769
395 816.796571
396 816.535441
397 816.274375
398 816.013369
399 815.752421
400 815.491530
401 815.230695
402 814.969918
403 814.709201
404 814.448547
405 814.187962
406 813.927453
407 813.667024
408 813.406680
409 813.146424
410 812.886257
411 812.626174
412 812.366166
413 812.106223
414 811.846325
415 811.586454
416 811.326582
417 811.066682
418 810.806721
419 810.546659
420 810.286452
421 810.026049
422 809.765381
423 809.504360
424 809.242863
425 808.980707
426 808.717610
427 808.453124
428 808.186500
429 807.916446
430 807.640649
431 807.354927
432 807.052307
433 806.725849
434 806.385987
435 806.067636
436 805.778938
437 805.505102
438 805.237509
439 804.972762
440 804.709454
441 804.446934
442 804.184863
443 803.923048
444 803.661371
445 803.399750
446 803.138129
447 802.876463
448 802.614711
449 802.352835
450 802.090796
451 801.828548
452 801.566034
453 801.303188
454 801.039923
455 800.776130
456 800.511666
457 800.246342
458 799.979901
459 799.711995
460 799.442136
461 799.169635
462 798.893526
463 798.612488
464 798.324866
465 798.029079
466 797.724872
467 797.415341
468 797.107236
469 796.806788
470 796.515584
471 796.231747
472 795.952792
473 795.676819
474 795.402565
475 795.129190
476 794.856105
477 794.582856
478 794.309052
479 794.034316
480 793.758258
481 793.480446
482 793.200386
483 792.917520
484 792.631232
485 792.340879
486 792.045845
487 791.745607
488 791.439883
489 791.129167
490 790.815958
491 790.505370
492 790.202397
493 789.908047
494 789.619994
495 789.335549
496 789.052929
497 788.771170
498 788.489790
499 788.208553
500 787.927345
501 787.646109
502 787.364813
503 787.083439
504 786.801969
505 786.520390
506 786.238687
507 785.956842
508 785.674836
509 785.392647
510 785.110251
511 784.827618
512 784.544716
513 784.261508
514 783.977953
515 783.694010
516 783.409634
517 783.124783
518 782.839418
519 782.553509
520 782.267040
521 781.980010
522 781.692433
523 781.404341
524 781.115778
525 780.826801
526 780.537472
527 780.247860
528 779.958046
529 779.668127
530 779.378218
531 779.088456
532 778.798987
533 778.509961
534 778.221512
535 777.933750
536 777.646744
537 777.360529
538 777.075101
539 776.790433
540 776.506475
541 776.223168
542 775.940448
543 775.658252
544 775.376516
545 775.095183
546 774.814199
547 774.533513
548 774.253076
549 773.972841
550 773.692759
551 773.412781
552 773.132855
553 772.852925
554 772.572933
555 772.292818
556 772.012514
557 771.731955
558 771.451069
559 771.169785
560 770.888027
561 770.605718
562 770.322782
563 770.039141
564 769.754720
565 769.469447
566 769.183264
567 768.896128
568 768.608025
569 768.318981
570 768.029077
571 767.738454
572 767.447320
573 767.155940
574 766.864616
575 766.573659
576 766.283356
577 765.993948
578 765.705615
579 765.418474
580 765.132581
581 764.847944
582 764.564536
583 764.282304
584 764.001184
585 763.721103
586 763.441990
587 763.163774
588 762.886390
589 762.609779
590 762.333887
591 762.058664
592 761.784067
593 761.510057
594 761.236600
595 760.963665
596 760.691224
597 760.419253
598 760.147731
599 759.876638
600 759.605958
601 759.335675
602 759.065777
603 758.796252
604 758.527090
605 758.258280
606 757.989815
607 757.721685
608 757.453882
609 757.186399
610 756.919226
611 756.652353
612 756.385769
613 756.119462
614 755.853417
615 755.587619
616 755.322046
617 755.056676
618 754.791483
619 754.526434
620 754.261493
621 753.996616
622 753.731751
623 753.466838
624 753.201806
625 752.936567
626 752.671021
627 752.405044
628 752.138490
629 751.871181
630 751.602903
631 751.333398
632 751.062360
633 750.789428
634 750.514194
635 750.236222
636 749.955099
637 749.670536
638 749.382531
639 749.091580
640 748.798823
641 748.505956
642 748.214790
643 747.926691
644 747.642286
645 747.361570
646 747.084193
647 746.809698
648 746.537648
649 746.267680
650 745.999507
651 745.732913
652 745.467736
653 745.203853
654 744.941171
655 744.679613
656 744.419112
657 744.159611
658 743.901049
659 743.643367
660 743.386502
661 743.130391
662 742.874968
663 742.620170
664 742.365940
665 742.112236
666 741.859039
667 741.606362
668 741.354258
669 741.102821
670 740.852180
671 740.602484
672 740.353879
673 740.106490
674 739.860404
675 739.615666
676 739.372279
677 739.130214
678 738.889424
679 738.649845
680 738.411412
681 738.174055
682 737.937709
683 737.702308
684 737.467793
685 737.234108
686 737.001197
687 736.769009
688 736.537495
689 736.306606
690 736.076295
691 735.846515
692 735.617219
693 735.388358
694 735.159884
695 734.931747
696 734.703894
697 734.476272
698 734.248826
699 734.021501
700 733.794245
701 733.567008
702 733.339753
703 733.112459
704 732.885128
705 732.657794
706 732.430527
707 732.203432
708 731.976635
709 731.750271
710 731.524455
711 731.299272
712 731.074768
713 730.850949
714 730.627795
715 730.405269
716 730.183330
717 729.961937
718 729.741056
719 729.520662
720 729.300738
721 729.081273
722 728.862258
723 728.643689
724 728.425558
725 728.207856
726 727.990571
727 727.773687
728 727.557187
729 727.341054
730 727.125269
731 726.909815
732 726.694675
733 726.479835
734 726.265280
735 726.051000
736 725.836983
737 725.623219
738 725.409700
739 725.196416
740 724.983359
741 724.770521
742 724.557895
743 724.345470
744 724.133241
745 723.921200
746 723.709339
747 723.497652
748 723.286134
749 723.074783
750 722.863595
751 722.652571
752 722.441712
753 722.231024
754 722.020511
755 721.810183
756 721.600047
757 721.390114
758 721.180395
759 720.970900
760 720.761638
761 720.552618
762 720.343845
763 720.135325
764 719.927059
765 719.719048
766 719.511289
767 719.303778
768 719.096511
769 718.889481
770 718.682684
771 718.476116
772 718.269774
773 718.063661
774 717.857780
775 717.652142
776 717.446761
777 717.241653
778 717.036840
779 716.832344
780 716.628187
781 716.424389
782 716.220966
783 716.017931
784 715.815290
785 715.613044
786 715.411189
787 715.209717
788 715.008617
789 714.807875
790 714.607476
791 714.407404
792 714.207645
793 714.008185
794 713.809009
795 713.610108
796 713.411472
797 713.213094
798 713.014968
799 712.817091
800 712.619464
801 712.422086
802 712.224961
803 712.028094
804 711.831490
805 711.635156
806 711.439100
807 711.243330
808 711.047853
809 710.852677
810 710.657810
811 710.463259
812 710.269028
813 710.075123
814 709.881547
815 709.688302
816 709.495391
817 709.302813
818 709.110567
819 708.918650
820 708.727060
821 708.535791
822 708.344837
823 708.154193
824 707.963851
825 707.773802
826 707.584037
827 707.394548
828 707.205323
829 707.016353
830 706.827627
831 706.639134
832 706.450864
833 706.262804
834 706.074945
835 705.887275
836 705.699784
837 705.512462
838 705.325297
839 705.138281
840 704.951404
841 704.764656
842 704.578029
843 704.391514
844 704.205103
845 704.018788
846 703.832561
847 703.646414
848 703.460341
849 703.274335
850 703.088389
851 702.902495
852 702.716649
853 702.530842
854 702.345070
855 702.159324
856 701.973600
857 701.787890
858 701.602188
859 701.416487
860 701.230781
861 701.045063
862 700.859326
863 700.673563
864 700.487767
865 700.301930
866 700.116045
867 699.930106
868 699.744104
869 699.558032
870 699.371884
871 699.185653
872 698.999332
873 698.812915
874 698.626399
875 698.439780
876 698.253057
877 698.066229
878 697.879299
879 697.692275
880 697.505164
881 697.317980
882 697.130740
883 696.943465
884 696.756178
885 696.568904
886 696.381673
887 696.194510
888 696.007443
889 695.820495
890 695.633685
891 695.447029
892 695.260538
893 695.074217
894 694.888068
895 694.702089
896 694.516273
897 694.330613
898 694.145098
899 693.959718
900 693.774459
901 693.589312
902 693.404263
903 693.219302
904 693.034420
905 692.849606
906 692.664852
907 692.480153
908 692.295500
909 692.110889
910 691.926315
911 691.741774
912 691.557262
913 691.372775
914 691.188311
915 691.003866
916 690.819436
917 690.635017
918 690.450605
919 690.266197
920 690.081788
921 689.897373
922 689.712948
923 689.528510
924 689.344055
925 689.159580
926 688.975082
927 688.790562
928 688.606019
929 688.421454
930 688.236872
931 688.052276
932 687.867673
933 687.683071
934 687.498479
935 687.313908
936 687.129369
937 686.944874
938 686.760436
939 686.576067
940 686.391781
941 686.207591
942 686.023508
943 685.839547
944 685.655719
945 685.472037
946 685.288515
947 685.105167
948 684.922005
949 684.739045
950 684.556301
951 684.373786
952 684.191513
953 684.009493
954 683.827734
955 683.646244
956 683.465026
957 683.284078
958 683.103399
959 682.922983
960 682.742819
961 682.562897
962 682.383204
963 682.203726
964 682.024446
965 681.845348
966 681.666418
967 681.487638
968 681.308995
969 681.130474
970 680.952061
971 680.773742
972 680.595505
973 680.417337
974 680.239221
975 680.061142
976 679.883078
977 679.705005
978 679.526893
979 679.348705
980 679.170395
981 678.991910
982 678.813188
983 678.634156
984 678.454735
985 678.274841
986 678.094391
987 677.913312
988 677.731555
989 677.549115
990 677.366046
991 677.182483
992 676.998642
993 676.814800
994 676.631263
995 676.448310
996 676.266156
997 676.084928
998 675.904671
999 675.725365
1000 675.546948
1001 675.369338
1002 675.192452
1003 675.016206
1004 674.840527
1005 674.665350
1006 674.490618
1007 674.316283
1008 674.142304
1009 673.968644
1010 673.795271
1011 673.622159
1012 673.449281
1013 673.276616
1014 673.104142
1015 672.931840
1016 672.759693
1017 672.587683
1018 672.415793
1019 672.244007
1020 672.072309
1021 671.900683
1022 671.729115
1023 671.557588
1024 671.386088
1025 671.214602
1026 671.043118
1027 670.871626
1028 670.700118
1029 670.528591
1030 670.357047
1031 670.185491
1032 670.013936
1033 669.842397
1034 669.670896
1035 669.499457
1036 669.328104
1037 669.156862
1038 668.985748
1039 668.814774
1040 668.643945
1041 668.473253
1042 668.302683
1043 668.132210
1044 667.961801
1045 667.791415
1046 667.621009
1047 667.450540
1048 667.279969
1049 667.109265
1050 666.938412
1051 666.767420
1052 666.596323
1053 666.425189
1054 666.254115
1055 666.083225
1056 665.912652
1057 665.742527
1058 665.572961
1059 665.404034
1060 665.235791
1061 665.068242
1062 664.901372
1063 664.735145
1064 664.569513
1065 664.404422
1066 664.239817
1067 664.075643
1068 663.911851
1069 663.748392
1070 663.585224
1071 663.422308
1072 663.259608
1073 663.097094
1074 662.934735
1075 662.772506
1076 662.610384
1077 662.448349
1078 662.286381
1079 662.124465
1080 661.962588
1081 661.800740
1082 661.638912
1083 661.477100
1084 661.315302
1085 661.153519
1086 660.991758
1087 660.830026
1088 660.668337
1089 660.506705
1090 660.345149
1091 660.183691
1092 660.022353
1093 659.861161
1094 659.700140
1095 659.539316
1096 659.378713
1097 659.218355
1098 659.058262
1099 658.898456
1100 658.738952
1101 658.579765
1102 658.420907
1103 658.262387
1104 658.104214
1105 657.946393
1106 657.788927
1107 657.631818
1108 657.475068
1109 657.318675
1110 657.162640
1111 657.006958
1112 656.851628
1113 656.696646
1114 656.542007
1115 656.387709
1116 656.233745
1117 656.080112
1118 655.926803
1119 655.773813
1120 655.621137
1121 655.468770
1122 655.316705
1123 655.164937
1124 655.013460
1125 654.862268
1126 654.711356
1127 654.560718
1128 654.410348
1129 654.260240
1130 654.110390
1131 653.960790
1132 653.811436
1133 653.662323
1134 653.513444
1135 653.364795
1136 653.216370
1137 653.068164
1138 652.920172
1139 652.772388
1140 652.624808
1141 652.477426
1142 652.330237
1143 652.183237
1144 652.036420
1145 651.889781
1146 651.743316
1147 651.597019
1148 651.450886
1149 651.304912
1150 651.159092
1151 651.013421
1152 650.867895
1153 650.722508
1154 650.577257
1155 650.432137
1156 650.287144
1157 650.142273
1158 649.997520
1159 649.852880
1160 649.708350
1161 649.563925
1162 649.419601
1163 649.275373
1164 649.131237
1165 648.987186
1166 648.843214
1167 648.699315
1168 648.555479
1169 648.411696
1170 648.267953
1171 648.124233
1172 647.980516
1173 647.836773
1174 647.692970
1175 647.549060
1176 647.404978
1177 647.260641
1178 647.115932
1179 646.970691
1180 646.824698
1181 646.677656
1182 646.529182
1183 646.378833
1184 646.226243
1185 646.071428
1186 645.915166
1187 645.758973
1188 645.604325
1189 645.451863
1190 645.301449
1191 645.152653
1192 645.005078
1193 644.858436
1194 644.712537
1195 644.567253
1196 644.422498
1197 644.278212
1198 644.134348
1199 643.990874
1200 643.847763
1201 643.704994
1202 643.562549
1203 643.420413
1204 643.278575
1205 643.137022
1206 642.995746
1207 642.854737
1208 642.713988
1209 642.573492
1210 642.433241
1211 642.293230
1212 642.153452
1213 642.013902
1214 641.874575
1215 641.735466
1216 641.596569
1217 641.457879
1218 641.319393
1219 641.181105
1220 641.043010
1221 640.905105
1222 640.767384
1223 640.629844
1224 640.492480
1225 640.355289
1226 640.218264
1227 640.081404
1228 639.944704
1229 639.808160
1230 639.671768
1231 639.535526
1232 639.399429
1233 639.263475
1234 639.127660
1235 638.991982
1236 638.856437
1237 638.721025
1238 638.585741
1239 638.450585
1240 638.315554
1241 638.180647
1242 638.045862
1243 637.911197
1244 637.776652
1245 637.642226
1246 637.507917
1247 637.373726
1248 637.239652
1249 637.105694
1250 636.971852
1251 636.838126
1252 636.704516
1253 636.571023
1254 636.437647
1255 636.304389
1256 636.171248
1257 636.038226
1258 635.905324
1259 635.772543
1260 635.639884
1261 635.507348
1262 635.374936
1263 635.242651
1264 635.110494
1265 634.978465
1266 634.846569
1267 634.714805
1268 634.583177
1269 634.451686
1270 634.320334
1271 634.189124
1272 634.058059
1273 633.927140
1274 633.796371
1275 633.665753
1276 633.535291
1277 633.404988
1278 633.274846
1279 633.144869
1280 633.015062
1281 632.885428
1282 632.755971
1283 632.626695
1284 632.497606
1285 632.368707
1286 632.240003
1287 632.111498
1288 631.983197
1289 631.855104
1290 631.727222
1291 631.599555
1292 631.472104
1293 631.344874
1294 631.217865
1295 631.091078
1296 630.964516
1297 630.838177
1298 630.712064
1299 630.586175
1300 630.460510
1301 630.335068
1302 630.209849
1303 630.084853
1304 629.960077
1305 629.835521
1306 629.711185
1307 629.587066
1308 629.463165
1309 629.339478
1310 629.216007
1311 629.092749
1312 628.969703
1313 628.846868
1314 628.724243
1315 628.601826
1316 628.479616
1317 628.357612
1318 628.235812
1319 628.114216
1320 627.992820
1321 627.871624
1322 627.750626
1323 627.629825
1324 627.509219
1325 627.388805
1326 627.268582
1327 627.148549
1328 627.028703
1329 626.909041
1330 626.789563
1331 626.670265
1332 626.551145
1333 626.432201
1334 626.313431
1335 626.194831
1336 626.076400
1337 625.958133
1338 625.840029
1339 625.722085
1340 625.604296
1341 625.486661
1342 625.369175
1343 625.251835
1344 625.134637
1345 625.017577
1346 624.900652
1347 624.783858
1348 624.667189
1349 624.550641
1350 624.434210
1351 624.317891
1352 624.201678
1353 624.085566
1354 623.969549
1355 623.853621
1356 623.737776
1357 623.622008
1358 623.506309
1359 623.390674
1360 623.275093
1361 623.159561
1362 623.044069
1363 622.928608
1364 622.813171
1365 622.697750
1366 622.582336
1367 622.466922
1368 622.351498
1369 622.236058
1370 622.120594
1371 622.005102
1372 621.889575
1373 621.774010
1374 621.658406
1375 621.542763
1376 621.427086
1377 621.311380
1378 621.195654
1379 621.079923
1380 620.964202
1381 620.848513
1382 620.732878
1383 620.617324
1384 620.501877
1385 620.386568
1386 620.271424
1387 620.156474
1388 620.041743
1389 619.927253
1390 619.813024
1391 619.699073
1392 619.585412
1393 619.472049
1394 619.358989
1395 619.246236
1396 619.133788
1397 619.021645
1398 618.909801
1399 618.798253
1400 618.686993
1401 618.576016
1402 618.465313
1403 618.354878
1404 618.244703
1405 618.134781
1406 618.025104
1407 617.915663
1408 617.806454
1409 617.697467
1410 617.588697
1411 617.480137
1412 617.371780
1413 617.263621
1414 617.155653
1415 617.047870
1416 616.940268
1417 616.832841
1418 616.725584
1419 616.618492
1420 616.511560
1421 616.404784
1422 616.298158
1423 616.191680
1424 616.085344
1425 615.979147
1426 615.873085
1427 615.767153
1428 615.661349
1429 615.555668
1430 615.450107
1431 615.344663
1432 615.239333
1433 615.134112
1434 615.028999
1435 614.923989
1436 614.819081
1437 614.714271
1438 614.609556
1439 614.504934
1440 614.400402
1441 614.295958
1442 614.191599
1443 614.087323
1444 613.983129
1445 613.879013
1446 613.774974
1447 613.671009
1448 613.567119
1449 613.463300
1450 613.359551
1451 613.255870
1452 613.152257
1453 613.048711
1454 612.945229
1455 612.841811
1456 612.738457
1457 612.635164
1458 612.531933
1459 612.428762
1460 612.325652
1461 612.222600
1462 612.119607
1463 612.016672
1464 611.913794
1465 611.810972
1466 611.708206
1467 611.605495
1468 611.502838
1469 611.400234
1470 611.297682
1471 611.195182
1472 611.092731
1473 610.990330
1474 610.887977
1475 610.785670
1476 610.683408
1477 610.581189
1478 610.479013
1479 610.376877
1480 610.274780
1481 610.172720
1482 610.070695
1483 609.968703
1484 609.866742
1485 609.764810
1486 609.662905
1487 609.561024
1488 609.459166
1489 609.357327
1490 609.255506
1491 609.153700
1492 609.051906
1493 608.950121
1494 608.848342
1495 608.746567
1496 608.644792
1497 608.543014
1498 608.441229
1499 608.339434
1500 608.237624
1501 608.135796
1502 608.033945
1503 607.932066
1504 607.830154
1505 607.728203
1506 607.626208
1507 607.524161
1508 607.422055
1509 607.319882
1510 607.217632
1511 607.115295
1512 607.012859
1513 606.910312
1514 606.807638
1515 606.704819
1516 606.601835
1517 606.498664
1518 606.395278
1519 606.291647
1520 606.187735
1521 606.083500
1522 605.978895
1523 605.873867
1524 605.768357
1525 605.662303
1526 605.555644
1527 605.448323
1528 605.340304
1529 605.231580
1530 605.122190
1531 605.012238
1532 604.901891
1533 604.791379
1534 604.680958
1535 604.570876
1536 604.461332
1537 604.352450
1538 604.244280
1539 604.136808
1540 604.029977
1541 603.923708
1542 603.817915
1543 603.712512
1544 603.607424
1545 603.502583
1546 603.397929
1547 603.293414
1548 603.188995
1549 603.084637
1550 602.980309
1551 602.875988
1552 602.771651
1553 602.667283
1554 602.562870
1555 602.458402
1556 602.353873
1557 602.249282
1558 602.144632
1559 602.039928
1560 601.935183
1561 601.830412
1562 601.725634
1563 601.620873
1564 601.516155
1565 601.411510
1566 601.306967
1567 601.202555
1568 601.098301
1569 600.994232
1570 600.890368
1571 600.786729
1572 600.683328
1573 600.580174
1574 600.477273
1575 600.374628
1576 600.272236
1577 600.170093
1578 600.068194
1579 599.966531
1580 599.865095
1581 599.763876
1582 599.662864
1583 599.562048
1584 599.461418
1585 599.360964
1586 599.260674
1587 599.160539
1588 599.060549
1589 598.960693
1590 598.860962
1591 598.761346
1592 598.661836
1593 598.562422
1594 598.463097
1595 598.363850
1596 598.264673
1597 598.165557
1598 598.066493
1599 597.967474
1600 597.868490
1601 597.769534
1602 597.670597
1603 597.571671
1604 597.472749
1605 597.373823
1606 597.274886
1607 597.175932
1608 597.076954
1609 596.977946
1610 596.878904
1611 596.779822
1612 596.680697
1613 596.581526
1614 596.482306
1615 596.383035
1616 596.283712
1617 596.184337
1618 596.084911
1619 595.985433
1620 595.885906
1621 595.786331
1622 595.686710
1623 595.587045
1624 595.487339
1625 595.387594
1626 595.287811
1627 595.187993
1628 595.088140
1629 594.988253
1630 594.888332
1631 594.788377
1632 594.688385
1633 594.588353
1634 594.488278
1635 594.388153
1636 594.287972
1637 594.187726
1638 594.087403
1639 593.986991
1640 593.886474
1641 593.785833
1642 593.685047
1643 593.584092
1644 593.482940
1645 593.381559
1646 593.279916
1647 593.177976
1648 593.075704
1649 592.973070
1650 592.870049
1651 592.766634
1652 592.662832
1653 592.558679
1654 592.454238
1655 592.349601
1656 592.244884
1657 592.140213
1658 592.035716
1659 591.931505
1660 591.827672
1661 591.724280
1662 591.621364
1663 591.518940
1664 591.417003
1665 591.315541
1666 591.214530
1667 591.113948
1668 591.013770
1669 590.913970
1670 590.814525
1671 590.715415
1672 590.616620
1673 590.518121
1674 590.419904
1675 590.321954
1676 590.224257
1677 590.126802
1678 590.029578
1679 589.932573
1680 589.835781
1681 589.739190
1682 589.642794
1683 589.546586
1684 589.450557
1685 589.354702
1686 589.259015
1687 589.163491
1688 589.068123
1689 588.972908
1690 588.877842
1691 588.782920
1692 588.688140
1693 588.593498
1694 588.498992
1695 588.404620
1696 588.310380
1697 588.216271
1698 588.122292
1699 588.028443
1700 587.934722
1701 587.841131
1702 587.747670
1703 587.654338
1704 587.561136
1705 587.468065
1706 587.375125
1707 587.282316
1708 587.189639
1709 587.097094
1710 587.004680
1711 586.912397
1712 586.820244
1713 586.728221
1714 586.636326
1715 586.544558
1716 586.452915
1717 586.361397
1718 586.269999
1719 586.178722
1720 586.087562
1721 585.996517
1722 585.905585
1723 585.814763
1724 585.724048
1725 585.633439
1726 585.542933
1727 585.452527
1728 585.362219
1729 585.272006
1730 585.181885
1731 585.091856
1732 585.001914
1733 584.912058
1734 584.822286
1735 584.732596
1736 584.642986
1737 584.553453
1738 584.463996
1739 584.374613
1740 584.285303
1741 584.196063
1742 584.106893
1743 584.017792
1744 583.928757
1745 583.839789
1746 583.750885
1747 583.662046
1748 583.573269
1749 583.484556
1750 583.395905
1751 583.307316
1752 583.218788
1753 583.130321
1754 583.041916
1755 582.953573
1756 582.865291
1757 582.777070
1758 582.688911
1759 582.600815
1760 582.512781
1761 582.424810
1762 582.336902
1763 582.249058
1764 582.161278
1765 582.073562
1766 581.985910
1767 581.898322
1768 581.810799
1769 581.723340
1770 581.635945
1771 581.548613
1772 581.461344
1773 581.374136
1774 581.286989
1775 581.199901
1776 581.112870
1777 581.025894
1778 580.938971
1779 580.852098
1780 580.765272
1781 580.678491
1782 580.591749
1783 580.505044
1784 580.418371
1785 580.331724
1786 580.245099
1787 580.158490
1788 580.071892
1789 579.985297
1790 579.898700
1791 579.812092
1792 579.725468
1793 579.638818
1794 579.552137
1795 579.465415
1796 579.378645
1797 579.291819
1798 579.204929
1799 579.117969
1800 579.030932
1801 578.943812
1802 578.856604
1803 578.769305
1804 578.681913
1805 578.594429
1806 578.506853
1807 578.419192
1808 578.331450
1809 578.243637
1810 578.155765
1811 578.067848
1812 577.979901
1813 577.891942
1814 577.803989
1815 577.716062
1816 577.628178
1817 577.540357
1818 577.452617
1819 577.364973
1820 577.277439
1821 577.190028
1822 577.102749
1823 577.015611
1824 576.928620
1825 576.841780
1826 576.755092
1827 576.668560
1828 576.582181
1829 576.495955
1830 576.409880
1831 576.323954
1832 576.238172
1833 576.152531
1834 576.067027
1835 575.981655
1836 575.896412
1837 575.811292
1838 575.726291
1839 575.641403
1840 575.556624
1841 575.471950
1842 575.387374
1843 575.302893
1844 575.218500
1845 575.134192
1846 575.049963
1847 574.965808
1848 574.881722
1849 574.797700
1850 574.713737
1851 574.629828
1852 574.545967
1853 574.462149
1854 574.378369
1855 574.294621
1856 574.210900
1857 574.127200
1858 574.043516
1859 573.959841
1860 573.876171
1861 573.792499
1862 573.708821
1863 573.625131
1864 573.541424
1865 573.457695
1866 573.373941
1867 573.290158
1868 573.206345
1869 573.122498
1870 573.038619
1871 572.954709
1872 572.870771
1873 572.786808
1874 572.702829
1875 572.618840
1876 572.534852
1877 572.450877
1878 572.366927
1879 572.283015
1880 572.199156
1881 572.115364
1882 572.031653
1883 571.948035
1884 571.864522
1885 571.781124
1886 571.697849
1887 571.614704
1888 571.531691
1889 571.448816
1890 571.366077
1891 571.283476
1892 571.201011
1893 571.118678
1894 571.036476
1895 570.954401
1896 570.872448
1897 570.790615
1898 570.708895
1899 570.627286
1900 570.545784
1901 570.464384
1902 570.383083
1903 570.301877
1904 570.220763
1905 570.139738
1906 570.058799
1907 569.977944
1908 569.897169
1909 569.816473
1910 569.735853
1911 569.655308
1912 569.574836
1913 569.494436
1914 569.414105
1915 569.333843
1916 569.253648
1917 569.173520
1918 569.093457
1919 569.013458
1920 568.933523
1921 568.853652
1922 568.773842
1923 568.694094
1924 568.614408
1925 568.534782
1926 568.455217
1927 568.375712
1928 568.296266
1929 568.216880
1930 568.137552
1931 568.058284
1932 567.979074
1933 567.899922
1934 567.820828
1935 567.741791
1936 567.662812
1937 567.583891
1938 567.505026
1939 567.426218
1940 567.347466
1941 567.268770
1942 567.190130
1943 567.111546
1944 567.033017
1945 566.954543
1946 566.876124
1947 566.797759
1948 566.719449
1949 566.641192
1950 566.562989
1951 566.484839
1952 566.406742
1953 566.328697
1954 566.250706
1955 566.172766
1956 566.094878
1957 566.017042
1958 565.939258
1959 565.861525
1960 565.783842
1961 565.706211
1962 565.628630
1963 565.551099
1964 565.473619
1965 565.396189
1966 565.318808
1967 565.241478
1968 565.164197
1969 565.086966
1970 565.009785
1971 564.932653
1972 564.855570
1973 564.778537
1974 564.701553
1975 564.624618
1976 564.547733
1977 564.470897
1978 564.394111
1979 564.317373
1980 564.240686
1981 564.164047
1982 564.087458
1983 564.010919
1984 563.934429
1985 563.857990
1986 563.781600
1987 563.705260
1988 563.628970
1989 563.552730
1990 563.476540
1991 563.400401
1992 563.324312
1993 563.248274
1994 563.172287
1995 563.096350
1996 563.020465
1997 562.944630
1998 562.868847
1999 562.793116
