2.29 2.78 -1.91 1 2.15 2.29 -0.85 1 -3.76 0.01 -6.23 0 -4.87 1.23 -5.1 0 9 11 4 0
2.15 2.29 -0.85 1 -3.76 0.01 -6.23 0 -4.87 1.23 -5.1 0 0.1 4.7 -1.57 0 10 11 5 1
-3.76 0.01 -6.23 0 -4.87 1.23 -5.1 0 0.1 4.7 -1.57 0 0.0 0.0 0.0 1 11 11 6 1
-4.87 1.23 -5.1 0 0.1 4.7 -1.57 0 0.0 0.0 0.0 1 0.0 0.0 0.0 1 12 11 0 1
0.1 4.7 -1.57 0 0.0 0.0 0.0 1 0.0 0.0 0.0 1 -0.12 2.59 -1.18 1 13 11 1 1
0.0 0.0 0.0 1 0.0 0.0 0.0 1 -0.12 2.59 -1.18 1 1.48 2.73 -0.4 1 14 11 2 0
0.0 0.0 0.0 1 -0.12 2.59 -1.18 1 1.48 2.73 -0.4 1 -3.55 0.91 -3.94 0 15 11 3 0
-0.12 2.59 -1.18 1 1.48 2.73 -0.4 1 -3.55 0.91 -3.94 0 -1.66 2.86 -4.07 0 16 11 4 1
1.48 2.73 -0.4 1 -3.55 0.91 -3.94 0 -1.66 2.86 -4.07 0 4.18 5.18 -2.33 1 17 11 5 1
-3.55 0.91 -3.94 0 -1.66 2.86 -4.07 0 4.18 5.18 -2.33 1 0.0 0.0 0.0 1 18 11 6 1
-1.66 2.86 -4.07 0 4.18 5.18 -2.33 1 0.0 0.0 0.0 1 0.0 0.0 0.0 1 19 11 0 1
4.18 5.18 -2.33 1 0.0 0.0 0.0 1 0.0 0.0 0.0 1 1.39 4.18 -0.86 1 20 11 1 1
0.0 0.0 0.0 1 0.0 0.0 0.0 1 1.39 4.18 -0.86 1 3.54 3.58 -0.64 1 21 11 2 1
0.0 0.0 0.0 1 1.39 4.18 -0.86 1 3.54 3.58 -0.64 1 4.19 4.83 -1.09 1 22 11 3 1
1.39 4.18 -0.86 1 3.54 3.58 -0.64 1 4.19 4.83 -1.09 1 0.0 0.0 0.0 1 23 11 4 1
3.54 3.58 -0.64 1 4.19 4.83 -1.09 1 0.0 0.0 0.0 1 -0.01 0.1 -3.41 1 24 11 5 1
4.19 4.83 -1.09 1 0.0 0.0 0.0 1 -0.01 0.1 -3.41 1 0.0 0.0 0.0 1 25 11 6 1
0.0 0.0 0.0 1 -0.01 0.1 -3.41 1 0.0 0.0 0.0 1 0.0 0.0 0.0 1 26 11 0 1
-0.01 0.1 -3.41 1 0.0 0.0 0.0 1 0.0 0.0 0.0 1 3.4 3.91 -2.39 1 27 11 1 0
0.0 0.0 0.0 1 0.0 0.0 0.0 1 3.4 3.91 -2.39 1 0.24 2.37 -1.68 0 28 11 2 1
0.0 0.0 0.0 1 3.4 3.91 -2.39 1 0.24 2.37 -1.68 0 4.66 4.77 -0.93 1 29 11 3 1
3.4 3.91 -2.39 1 0.24 2.37 -1.68 0 4.66 4.77 -0.93 1 3.22 4.42 -0.55 1 30 11 4 1
0.24 2.37 -1.68 0 4.66 4.77 -0.93 1 3.22 4.42 -0.55 1 1.66 2.25 -2.02 1 1 12 5 1
4.66 4.77 -0.93 1 3.22 4.42 -0.55 1 1.66 2.25 -2.02 1 0.0 0.0 0.0 1 2 12 6 1
3.22 4.42 -0.55 1 1.66 2.25 -2.02 1 0.0 0.0 0.0 1 0.0 0.0 0.0 1 3 12 0 0
1.66 2.25 -2.02 1 0.0 0.0 0.0 1 0.0 0.0 0.0 1 -2.11 1.57 -2.44 0 4 12 1 1
0.0 0.0 0.0 1 0.0 0.0 0.0 1 -2.11 1.57 -2.44 0 2.23 2.7 -1.64 1 5 12 2 1
0.0 0.0 0.0 1 -2.11 1.57 -2.44 0 2.23 2.7 -1.64 1 1.37 3.06 -1.99 1 6 12 3 0
-2.11 1.57 -2.44 0 2.23 2.7 -1.64 1 1.37 3.06 -1.99 1 0.37 2.1 -1.48 0 7 12 4 0
2.23 2.7 -1.64 1 1.37 3.06 -1.99 1 0.37 2.1 -1.48 0 -0.95 1.07 -2.04 0 8 12 5 1
1.37 3.06 -1.99 1 0.37 2.1 -1.48 0 -0.95 1.07 -2.04 0 0.0 0.0 0.0 1 9 12 6 1
0.37 2.1 -1.48 0 -0.95 1.07 -2.04 0 0.0 0.0 0.0 1 0.0 0.0 0.0 1 10 12 0 0
-0.95 1.07 -2.04 0 0.0 0.0 0.0 1 0.0 0.0 0.0 1 -5.34 1.61 -5.81 0 11 12 1 1
0.0 0.0 0.0 1 0.0 0.0 0.0 1 -5.34 1.61 -5.81 0 2.19 4.88 -1.85 1 12 12 2 1
0.0 0.0 0.0 1 -5.34 1.61 -5.81 0 2.19 4.88 -1.85 1 0.69 3.28 -1.01 1 13 12 3 0
-5.34 1.61 -5.81 0 2.19 4.88 -1.85 1 0.69 3.28 -1.01 1 0.14 3.4 -1.09 0 14 12 4 0
2.19 4.88 -1.85 1 0.69 3.28 -1.01 1 0.14 3.4 -1.09 0 -0.92 1.77 -2.3 0 15 12 5 1
0.69 3.28 -1.01 1 0.14 3.4 -1.09 0 -0.92 1.77 -2.3 0 0.0 0.0 0.0 1 16 12 6 1
0.14 3.4 -1.09 0 -0.92 1.77 -2.3 0 0.0 0.0 0.0 1 0.0 0.0 0.0 1 17 12 0 1
-0.92 1.77 -2.3 0 0.0 0.0 0.0 1 0.0 0.0 0.0 1 4.46 4.46 -0.26 1 18 12 1 1
0.0 0.0 0.0 1 0.0 0.0 0.0 1 4.46 4.46 -0.26 1 5.55 8.28 -0.03 1 19 12 2 0
0.0 0.0 0.0 1 4.46 4.46 -0.26 1 5.55 8.28 -0.03 1 -3.31 0.35 -3.6 0 20 12 3 1
4.46 4.46 -0.26 1 5.55 8.28 -0.03 1 -3.31 0.35 -3.6 0 3.37 4.28 -1.59 1 21 12 4 0
5.55 8.28 -0.03 1 -3.31 0.35 -3.6 0 3.37 4.28 -1.59 1 -0.9 0.48 -1.99 0 22 12 5 1
-3.31 0.35 -3.6 0 3.37 4.28 -1.59 1 -0.9 0.48 -1.99 0 0.0 0.0 0.0 1 23 12 6 1
3.37 4.28 -1.59 1 -0.9 0.48 -1.99 0 0.0 0.0 0.0 1 0.0 0.0 0.0 1 24 12 0 1
-0.9 0.48 -1.99 0 0.0 0.0 0.0 1 0.0 0.0 0.0 1 1.32 2.2 -0.33 1 25 12 1 1
0.0 0.0 0.0 1 0.0 0.0 0.0 1 1.32 2.2 -0.33 1 0.0 0.0 0.0 1 26 12 2 0
0.0 0.0 0.0 1 1.32 2.2 -0.33 1 0.0 0.0 0.0 1 -8.4 0.27 -9.11 0 27 12 3 0
1.32 2.2 -0.33 1 0.0 0.0 0.0 1 -8.4 0.27 -9.11 0 0.01 1.05 -5.38 0 28 12 4 0
0.0 0.0 0.0 1 -8.4 0.27 -9.11 0 0.01 1.05 -5.38 0 -0.67 1.5 -0.8 0 29 12 5 1
-8.4 0.27 -9.11 0 0.01 1.05 -5.38 0 -0.67 1.5 -0.8 0 0.0 0.0 0.0 1 30 12 6 1
0.01 1.05 -5.38 0 -0.67 1.5 -0.8 0 0.0 0.0 0.0 1 0.0 0.0 0.0 1 31 12 0 1
-0.67 1.5 -0.8 0 0.0 0.0 0.0 1 0.0 0.0 0.0 1 7.42 8.64 -0.97 1 1 1 1 1
0.0 0.0 0.0 1 0.0 0.0 0.0 1 7.42 8.64 -0.97 1 0.0 0.0 0.0 1 2 1 2 1
0.0 0.0 0.0 1 7.42 8.64 -0.97 1 0.0 0.0 0.0 1 0.96 1.66 -3.02 1 3 1 3 1
7.42 8.64 -0.97 1 0.0 0.0 0.0 1 0.96 1.66 -3.02 1 1.24 3.64 -0.87 1 4 1 4 1
0.0 0.0 0.0 1 0.96 1.66 -3.02 1 1.24 3.64 -0.87 1 1.57 2.22 -0.83 1 5 1 5 1
0.96 1.66 -3.02 1 1.24 3.64 -0.87 1 1.57 2.22 -0.83 1 0.0 0.0 0.0 1 6 1 6 1
1.24 3.64 -0.87 1 1.57 2.22 -0.83 1 0.0 0.0 0.0 1 0.0 0.0 0.0 1 7 1 0 1
1.57 2.22 -0.83 1 0.0 0.0 0.0 1 0.0 0.0 0.0 1 5.54 6.75 -0.24 1 8 1 1 0
0.0 0.0 0.0 1 0.0 0.0 0.0 1 5.54 6.75 -0.24 1 -0.72 1.88 -3.5 0 9 1 2 1
0.0 0.0 0.0 1 5.54 6.75 -0.24 1 -0.72 1.88 -3.5 0 -1.82 1.33 -2.72 1 10 1 3 0
5.54 6.75 -0.24 1 -0.72 1.88 -3.5 0 -1.82 1.33 -2.72 1 -3.2 0.14 -6.23 0 11 1 4 1
-0.72 1.88 -3.5 0 -1.82 1.33 -2.72 1 -3.2 0.14 -6.23 0 2.84 3.31 -0.97 1 12 1 5 1
-1.82 1.33 -2.72 1 -3.2 0.14 -6.23 0 2.84 3.31 -0.97 1 0.0 0.0 0.0 1 13 1 6 1
-3.2 0.14 -6.23 0 2.84 3.31 -0.97 1 0.0 0.0 0.0 1 0.0 0.0 0.0 1 14 1 0 1
2.84 3.31 -0.97 1 0.0 0.0 0.0 1 0.0 0.0 0.0 1 4.73 6.26 -0.3 1 15 1 1 0
0.0 0.0 0.0 1 0.0 0.0 0.0 1 4.73 6.26 -0.3 1 1.22 2.04 -1.32 0 16 1 2 0
0.0 0.0 0.0 1 4.73 6.26 -0.3 1 1.22 2.04 -1.32 0 -1.43 0.84 -2.51 0 17 1 3 1
4.73 6.26 -0.3 1 1.22 2.04 -1.32 0 -1.43 0.84 -2.51 0 -1.02 0.47 -2.26 1 18 1 4 1
1.22 2.04 -1.32 0 -1.43 0.84 -2.51 0 -1.02 0.47 -2.26 1 1.29 3.65 -1.23 1 19 1 5 1
-1.43 0.84 -2.51 0 -1.02 0.47 -2.26 1 1.29 3.65 -1.23 1 0.0 0.0 0.0 1 20 1 6 1
-1.02 0.47 -2.26 1 1.29 3.65 -1.23 1 0.0 0.0 0.0 1 0.0 0.0 0.0 1 21 1 0 1
1.29 3.65 -1.23 1 0.0 0.0 0.0 1 0.0 0.0 0.0 1 0.0 0.0 0.0 1 22 1 1 0
0.0 0.0 0.0 1 0.0 0.0 0.0 1 0.0 0.0 0.0 1 -1.43 0.48 -2.39 0 23 1 2 0
0.0 0.0 0.0 1 0.0 0.0 0.0 1 -1.43 0.48 -2.39 0 -2.46 0.43 -3.89 0 24 1 3 1
0.0 0.0 0.0 1 -1.43 0.48 -2.39 0 -2.46 0.43 -3.89 0 3.65 6.67 -0.39 1 25 1 4 1
-1.43 0.48 -2.39 0 -2.46 0.43 -3.89 0 3.65 6.67 -0.39 1 8.99 9.68 -0.58 1 26 1 5 1
-2.46 0.43 -3.89 0 3.65 6.67 -0.39 1 8.99 9.68 -0.58 1 0.0 0.0 0.0 1 27 1 6 1
3.65 6.67 -0.39 1 8.99 9.68 -0.58 1 0.0 0.0 0.0 1 0.0 0.0 0.0 1 28 1 0 0
8.99 9.68 -0.58 1 0.0 0.0 0.0 1 0.0 0.0 0.0 1 -7.74 0.69 -9.38 0 29 1 1 0
0.0 0.0 0.0 1 0.0 0.0 0.0 1 -7.74 0.69 -9.38 0 -7.22 0.0 -13.35 0 30 1 2 1
0.0 0.0 0.0 1 -7.74 0.69 -9.38 0 -7.22 0.0 -13.35 0 -10.25 1.19 -15.89 1 31 1 3 0
-7.74 0.69 -9.38 0 -7.22 0.0 -13.35 0 -10.25 1.19 -15.89 1 -5.38 5.05 -7.16 0 1 2 4 0
-7.22 0.0 -13.35 0 -10.25 1.19 -15.89 1 -5.38 5.05 -7.16 0 -3.59 0.11 -5.69 0 2 2 5 1
-10.25 1.19 -15.89 1 -5.38 5.05 -7.16 0 -3.59 0.11 -5.69 0 0.0 0.0 0.0 1 3 2 6 1
-5.38 5.05 -7.16 0 -3.59 0.11 -5.69 0 0.0 0.0 0.0 1 0.0 0.0 0.0 1 4 2 0 0
-3.59 0.11 -5.69 0 0.0 0.0 0.0 1 0.0 0.0 0.0 1 -2.79 1.79 -3.68 0 5 2 1 1
0.0 0.0 0.0 1 0.0 0.0 0.0 1 -2.79 1.79 -3.68 0 4.89 6.02 -0.44 1 6 2 2 0
0.0 0.0 0.0 1 -2.79 1.79 -3.68 0 4.89 6.02 -0.44 1 -2.88 1.79 -3.98 0 7 2 3 0
-2.79 1.79 -3.68 0 4.89 6.02 -0.44 1 -2.88 1.79 -3.98 0 -3.3 0.47 -8.37 0 8 2 4 1
4.89 6.02 -0.44 1 -2.88 1.79 -3.98 0 -3.3 0.47 -8.37 0 0.38 3.6 -1.01 1 9 2 5 1
-2.88 1.79 -3.98 0 -3.3 0.47 -8.37 0 0.38 3.6 -1.01 1 0.0 0.0 0.0 1 10 2 6 1
-3.3 0.47 -8.37 0 0.38 3.6 -1.01 1 0.0 0.0 0.0 1 0.0 0.0 0.0 1 11 2 0 0
0.38 3.6 -1.01 1 0.0 0.0 0.0 1 0.0 0.0 0.0 1 -5.99 0.05 -6.6 0 12 2 1 1
0.0 0.0 0.0 1 0.0 0.0 0.0 1 -5.99 0.05 -6.6 0 -0.37 1.08 -2.06 1 13 2 2 1
0.0 0.0 0.0 1 -5.99 0.05 -6.6 0 -0.37 1.08 -2.06 1 7.94 8.43 -1.17 1 14 2 3 0
-5.99 0.05 -6.6 0 -0.37 1.08 -2.06 1 7.94 8.43 -1.17 1 1.83 3.21 -2.0 0 15 2 4 0
-0.37 1.08 -2.06 1 7.94 8.43 -1.17 1 1.83 3.21 -2.0 0 -2.43 1.35 -4.4 0 16 2 5 1
7.94 8.43 -1.17 1 1.83 3.21 -2.0 0 -2.43 1.35 -4.4 0 0.0 0.0 0.0 1 17 2 6 1
1.83 3.21 -2.0 0 -2.43 1.35 -4.4 0 0.0 0.0 0.0 1 0.0 0.0 0.0 1 18 2 0 1
-2.43 1.35 -4.4 0 0.0 0.0 0.0 1 0.0 0.0 0.0 1 0.0 0.0 0.0 1 19 2 1 1
0.0 0.0 0.0 1 0.0 0.0 0.0 1 0.0 0.0 0.0 1 3.89 4.24 -1.36 1 20 2 2 0
0.0 0.0 0.0 1 0.0 0.0 0.0 1 3.89 4.24 -1.36 1 -3.65 4.1 -3.8 0 21 2 3 0
0.0 0.0 0.0 1 3.89 4.24 -1.36 1 -3.65 4.1 -3.8 0 0.82 4.24 -1.81 0 22 2 4 0
3.89 4.24 -1.36 1 -3.65 4.1 -3.8 0 0.82 4.24 -1.81 0 -1.2 0.48 -4.96 0 23 2 5 1
-3.65 4.1 -3.8 0 0.82 4.24 -1.81 0 -1.2 0.48 -4.96 0 0.0 0.0 0.0 1 24 2 6 1
0.82 4.24 -1.81 0 -1.2 0.48 -4.96 0 0.0 0.0 0.0 1 0.0 0.0 0.0 1 25 2 0 0
-1.2 0.48 -4.96 0 0.0 0.0 0.0 1 0.0 0.0 0.0 1 -7.07 1.73 -7.29 0 26 2 1 0
0.0 0.0 0.0 1 0.0 0.0 0.0 1 -7.07 1.73 -7.29 0 -1.53 1.15 -5.14 0 27 2 2 1
0.0 0.0 0.0 1 -7.07 1.73 -7.29 0 -1.53 1.15 -5.14 0 3.85 6.43 -2.54 1 28 2 3 1
-7.07 1.73 -7.29 0 -1.53 1.15 -5.14 0 3.85 6.43 -2.54 1 2.46 5.14 -1.14 1 1 3 4 1
-1.53 1.15 -5.14 0 3.85 6.43 -2.54 1 2.46 5.14 -1.14 1 2.48 3.34 -2.22 1 2 3 5 1
3.85 6.43 -2.54 1 2.46 5.14 -1.14 1 2.48 3.34 -2.22 1 0.0 0.0 0.0 1 3 3 6 1
2.46 5.14 -1.14 1 2.48 3.34 -2.22 1 0.0 0.0 0.0 1 0.0 0.0 0.0 1 4 3 0 1
2.48 3.34 -2.22 1 0.0 0.0 0.0 1 0.0 0.0 0.0 1 7.75 7.94 -0.93 1 5 3 1 1
0.0 0.0 0.0 1 0.0 0.0 0.0 1 7.75 7.94 -0.93 1 1.59 2.64 -4.01 1 6 3 2 0
0.0 0.0 0.0 1 7.75 7.94 -0.93 1 1.59 2.64 -4.01 1 -1.97 0.72 -3.92 0 7 3 3 1
7.75 7.94 -0.93 1 1.59 2.64 -4.01 1 -1.97 0.72 -3.92 0 -0.22 0.7 -2.18 1 8 3 4 1
1.59 2.64 -4.01 1 -1.97 0.72 -3.92 0 -0.22 0.7 -2.18 1 -0.81 0.3 -3.5 1 9 3 5 1
-1.97 0.72 -3.92 0 -0.22 0.7 -2.18 1 -0.81 0.3 -3.5 1 0.0 0.0 0.0 1 10 3 6 1
-0.22 0.7 -2.18 1 -0.81 0.3 -3.5 1 0.0 0.0 0.0 1 0.0 0.0 0.0 1 11 3 0 0
-0.81 0.3 -3.5 1 0.0 0.0 0.0 1 0.0 0.0 0.0 1 -2.19 0.51 -3.01 0 12 3 1 1
0.0 0.0 0.0 1 0.0 0.0 0.0 1 -2.19 0.51 -3.01 0 3.13 6.39 -0.5 1 13 3 2 1
0.0 0.0 0.0 1 -2.19 0.51 -3.01 0 3.13 6.39 -0.5 1 -0.14 1.23 -2.52 1 14 3 3 0
-2.19 0.51 -3.01 0 3.13 6.39 -0.5 1 -0.14 1.23 -2.52 1 -3.91 0.23 -6.05 0 15 3 4 0
3.13 6.39 -0.5 1 -0.14 1.23 -2.52 1 -3.91 0.23 -6.05 0 -3.0 2.28 -4.88 0 16 3 5 1
-0.14 1.23 -2.52 1 -3.91 0.23 -6.05 0 -3.0 2.28 -4.88 0 0.0 0.0 0.0 1 17 3 6 1
-3.91 0.23 -6.05 0 -3.0 2.28 -4.88 0 0.0 0.0 0.0 1 0.0 0.0 0.0 1 18 3 0 0
-3.0 2.28 -4.88 0 0.0 0.0 0.0 1 0.0 0.0 0.0 1 -1.41 2.12 -2.18 0 19 3 1 0
0.0 0.0 0.0 1 0.0 0.0 0.0 1 -1.41 2.12 -2.18 0 -1.98 1.04 -5.68 0 20 3 2 1
0.0 0.0 0.0 1 -1.41 2.12 -2.18 0 -1.98 1.04 -5.68 0 -0.59 1.78 -3.24 1 21 3 3 0
-1.41 2.12 -2.18 0 -1.98 1.04 -5.68 0 -0.59 1.78 -3.24 1 -2.72 0.79 -3.43 0 22 3 4 1
-1.98 1.04 -5.68 0 -0.59 1.78 -3.24 1 -2.72 0.79 -3.43 0 3.2 3.22 -2.48 1 23 3 5 1
-0.59 1.78 -3.24 1 -2.72 0.79 -3.43 0 3.2 3.22 -2.48 1 0.0 0.0 0.0 1 24 3 6 1
-2.72 0.79 -3.43 0 3.2 3.22 -2.48 1 0.0 0.0 0.0 1 0.0 0.0 0.0 1 25 3 0 0
3.2 3.22 -2.48 1 0.0 0.0 0.0 1 0.0 0.0 0.0 1 -2.56 0.82 -4.07 0 26 3 1 1
0.0 0.0 0.0 1 0.0 0.0 0.0 1 -2.56 0.82 -4.07 0 3.75 4.45 -0.69 1 27 3 2 1
0.0 0.0 0.0 1 -2.56 0.82 -4.07 0 3.75 4.45 -0.69 1 6.64 7.25 -0.7 1 28 3 3 1
-2.56 0.82 -4.07 0 3.75 4.45 -0.69 1 6.64 7.25 -0.7 1 0.5 1.37 -1.91 1 29 3 4 1
3.75 4.45 -0.69 1 6.64 7.25 -0.7 1 0.5 1.37 -1.91 1 0.0 0.0 0.0 1 30 3 5 1
6.64 7.25 -0.7 1 0.5 1.37 -1.91 1 0.0 0.0 0.0 1 0.0 0.0 0.0 1 31 3 6 1
0.5 1.37 -1.91 1 0.0 0.0 0.0 1 0.0 0.0 0.0 1 0.0 0.0 0.0 1 1 4 0 0
0.0 0.0 0.0 1 0.0 0.0 0.0 1 0.0 0.0 0.0 1 -5.37 0.42 -5.97 0 2 4 1 1
0.0 0.0 0.0 1 0.0 0.0 0.0 1 -5.37 0.42 -5.97 0 1.04 3.48 -1.81 1 3 4 2 0
0.0 0.0 0.0 1 -5.37 0.42 -5.97 0 1.04 3.48 -1.81 1 -3.16 1.48 -4.43 0 4 4 3 1
-5.37 0.42 -5.97 0 1.04 3.48 -1.81 1 -3.16 1.48 -4.43 0 0.32 1.64 -2.64 1 5 4 4 0
1.04 3.48 -1.81 1 -3.16 1.48 -4.43 0 0.32 1.64 -2.64 1 -0.44 0.26 -2.24 0 6 4 5 1
-3.16 1.48 -4.43 0 0.32 1.64 -2.64 1 -0.44 0.26 -2.24 0 0.0 0.0 0.0 1 7 4 6 1
0.32 1.64 -2.64 1 -0.44 0.26 -2.24 0 0.0 0.0 0.0 1 0.0 0.0 0.0 1 8 4 0 1
-0.44 0.26 -2.24 0 0.0 0.0 0.0 1 0.0 0.0 0.0 1 3.03 3.74 -0.29 1 9 4 1 1
0.0 0.0 0.0 1 0.0 0.0 0.0 1 3.03 3.74 -0.29 1 2.29 3.75 -1.85 1 10 4 2 1
0.0 0.0 0.0 1 3.03 3.74 -0.29 1 2.29 3.75 -1.85 1 3.61 4.82 -1.82 1 11 4 3 1
3.03 3.74 -0.29 1 2.29 3.75 -1.85 1 3.61 4.82 -1.82 1 5.0 6.07 0.0 1 12 4 4 1
2.29 3.75 -1.85 1 3.61 4.82 -1.82 1 5.0 6.07 0.0 1 2.75 3.13 -3.08 1 13 4 5 1
3.61 4.82 -1.82 1 5.0 6.07 0.0 1 2.75 3.13 -3.08 1 0.0 0.0 0.0 1 14 4 6 1
5.0 6.07 0.0 1 2.75 3.13 -3.08 1 0.0 0.0 0.0 1 0.0 0.0 0.0 1 15 4 0 0
2.75 3.13 -3.08 1 0.0 0.0 0.0 1 0.0 0.0 0.0 1 -3.65 3.75 -4.22 0 16 4 1 1
0.0 0.0 0.0 1 0.0 0.0 0.0 1 -3.65 3.75 -4.22 0 3.03 3.47 -1.24 1 17 4 2 0
0.0 0.0 0.0 1 -3.65 3.75 -4.22 0 3.03 3.47 -1.24 1 -3.4 0.03 -6.36 0 18 4 3 0
-3.65 3.75 -4.22 0 3.03 3.47 -1.24 1 -3.4 0.03 -6.36 0 -7.42 0.2 -10.11 0 19 4 4 1
3.03 3.47 -1.24 1 -3.4 0.03 -6.36 0 -7.42 0.2 -10.11 0 1.98 4.51 -0.76 1 20 4 5 1
-3.4 0.03 -6.36 0 -7.42 0.2 -10.11 0 1.98 4.51 -0.76 1 0.0 0.0 0.0 1 21 4 6 1
-7.42 0.2 -10.11 0 1.98 4.51 -0.76 1 0.0 0.0 0.0 1 0.0 0.0 0.0 1 22 4 0 1
1.98 4.51 -0.76 1 0.0 0.0 0.0 1 0.0 0.0 0.0 1 4.2 5.25 -1.32 1 23 4 1 1
0.0 0.0 0.0 1 0.0 0.0 0.0 1 4.2 5.25 -1.32 1 4.3 5.23 0.0 1 24 4 2 1
0.0 0.0 0.0 1 4.2 5.25 -1.32 1 4.3 5.23 0.0 1 -1.22 1.47 -3.11 1 25 4 3 1
4.2 5.25 -1.32 1 4.3 5.23 0.0 1 -1.22 1.47 -3.11 1 2.94 4.04 -1.26 1 26 4 4 0
4.3 5.23 0.0 1 -1.22 1.47 -3.11 1 2.94 4.04 -1.26 1 -15.13 2.06 -17.12 0 27 4 5 1
-1.22 1.47 -3.11 1 2.94 4.04 -1.26 1 -15.13 2.06 -17.12 0 0.0 0.0 0.0 1 28 4 6 1
2.94 4.04 -1.26 1 -15.13 2.06 -17.12 0 0.0 0.0 0.0 1 0.0 0.0 0.0 1 29 4 0 0
-15.13 2.06 -17.12 0 0.0 0.0 0.0 1 0.0 0.0 0.0 1 -5.16 2.1 -5.72 0 30 4 1 1
0.0 0.0 0.0 1 0.0 0.0 0.0 1 -5.16 2.1 -5.72 0 4.41 5.27 -0.84 1 1 5 2 0
0.0 0.0 0.0 1 -5.16 2.1 -5.72 0 4.41 5.27 -0.84 1 -5.67 0.2 -8.11 0 2 5 3 1
-5.16 2.1 -5.72 0 4.41 5.27 -0.84 1 -5.67 0.2 -8.11 0 3.61 3.99 -3.16 1 3 5 4 1
4.41 5.27 -0.84 1 -5.67 0.2 -8.11 0 3.61 3.99 -3.16 1 1.95 3.13 -1.36 1 4 5 5 1
-5.67 0.2 -8.11 0 3.61 3.99 -3.16 1 1.95 3.13 -1.36 1 0.0 0.0 0.0 1 5 5 6 1
3.61 3.99 -3.16 1 1.95 3.13 -1.36 1 0.0 0.0 0.0 1 0.0 0.0 0.0 1 6 5 0 0
1.95 3.13 -1.36 1 0.0 0.0 0.0 1 0.0 0.0 0.0 1 -2.37 1.31 -4.66 0 7 5 1 1
0.0 0.0 0.0 1 0.0 0.0 0.0 1 -2.37 1.31 -4.66 0 1.42 3.4 -3.39 1 8 5 2 1
0.0 0.0 0.0 1 -2.37 1.31 -4.66 0 1.42 3.4 -3.39 1 1.81 3.42 -1.52 1 9 5 3 1
-2.37 1.31 -4.66 0 1.42 3.4 -3.39 1 1.81 3.42 -1.52 1 1.36 4.72 -1.86 1 10 5 4 1
1.42 3.4 -3.39 1 1.81 3.42 -1.52 1 1.36 4.72 -1.86 1 2.75 2.77 -0.66 1 11 5 5 1
1.81 3.42 -1.52 1 1.36 4.72 -1.86 1 2.75 2.77 -0.66 1 0.0 0.0 0.0 1 12 5 6 1
1.36 4.72 -1.86 1 2.75 2.77 -0.66 1 0.0 0.0 0.0 1 0.0 0.0 0.0 1 13 5 0 1
2.75 2.77 -0.66 1 0.0 0.0 0.0 1 0.0 0.0 0.0 1 1.74 3.11 -0.76 1 14 5 1 1
0.0 0.0 0.0 1 0.0 0.0 0.0 1 1.74 3.11 -0.76 1 3.83 4.84 -0.03 1 15 5 2 0
0.0 0.0 0.0 1 1.74 3.11 -0.76 1 3.83 4.84 -0.03 1 -0.52 1.98 -2.47 0 16 5 3 0
1.74 3.11 -0.76 1 3.83 4.84 -0.03 1 -0.52 1.98 -2.47 0 -1.28 3.0 -1.55 0 17 5 4 1
3.83 4.84 -0.03 1 -0.52 1.98 -2.47 0 -1.28 3.0 -1.55 0 4.07 4.15 -0.46 1 18 5 5 1
-0.52 1.98 -2.47 0 -1.28 3.0 -1.55 0 4.07 4.15 -0.46 1 0.0 0.0 0.0 1 19 5 6 1
-1.28 3.0 -1.55 0 4.07 4.15 -0.46 1 0.0 0.0 0.0 1 0.0 0.0 0.0 1 20 5 0 0
4.07 4.15 -0.46 1 0.0 0.0 0.0 1 0.0 0.0 0.0 1 -1.37 2.76 -2.48 0 21 5 1 1
0.0 0.0 0.0 1 0.0 0.0 0.0 1 -1.37 2.76 -2.48 0 0.12 1.86 -1.03 1 22 5 2 0
0.0 0.0 0.0 1 -1.37 2.76 -2.48 0 0.12 1.86 -1.03 1 -4.43 0.14 -6.55 0 23 5 3 0
-1.37 2.76 -2.48 0 0.12 1.86 -1.03 1 -4.43 0.14 -6.55 0 1.31 2.62 -0.9 0 24 5 4 1
0.12 1.86 -1.03 1 -4.43 0.14 -6.55 0 1.31 2.62 -0.9 0 1.89 2.08 -1.47 1 25 5 5 1
-4.43 0.14 -6.55 0 1.31 2.62 -0.9 0 1.89 2.08 -1.47 1 0.0 0.0 0.0 1 26 5 6 1
1.31 2.62 -0.9 0 1.89 2.08 -1.47 1 0.0 0.0 0.0 1 0.0 0.0 0.0 1 27 5 0 1
1.89 2.08 -1.47 1 0.0 0.0 0.0 1 0.0 0.0 0.0 1 0.0 0.0 0.0 1 28 5 1 1
0.0 0.0 0.0 1 0.0 0.0 0.0 1 0.0 0.0 0.0 1 1.29 5.06 0.0 1 29 5 2 0
0.0 0.0 0.0 1 0.0 0.0 0.0 1 1.29 5.06 0.0 1 0.07 2.76 -0.6 0 30 5 3 1
0.0 0.0 0.0 1 1.29 5.06 0.0 1 0.07 2.76 -0.6 0 1.12 2.85 0.0 1 31 5 4 1
1.29 5.06 0.0 1 0.07 2.76 -0.6 0 1.12 2.85 0.0 1 3.03 5.91 -0.06 1 1 6 5 1
0.07 2.76 -0.6 0 1.12 2.85 0.0 1 3.03 5.91 -0.06 1 0.0 0.0 0.0 1 2 6 6 1
1.12 2.85 0.0 1 3.03 5.91 -0.06 1 0.0 0.0 0.0 1 0.0 0.0 0.0 1 3 6 0 0
3.03 5.91 -0.06 1 0.0 0.0 0.0 1 0.0 0.0 0.0 1 -2.08 0.15 -5.96 0 4 6 1 0
0.0 0.0 0.0 1 0.0 0.0 0.0 1 -2.08 0.15 -5.96 0 -1.3 1.88 -3.97 0 5 6 2 1
0.0 0.0 0.0 1 -2.08 0.15 -5.96 0 -1.3 1.88 -3.97 0 1.32 5.78 -0.68 1 6 6 3 1
-2.08 0.15 -5.96 0 -1.3 1.88 -3.97 0 1.32 5.78 -0.68 1 0.08 2.74 -3.54 1 7 6 4 1
-1.3 1.88 -3.97 0 1.32 5.78 -0.68 1 0.08 2.74 -3.54 1 7.13 10.27 -0.18 1 8 6 5 1
1.32 5.78 -0.68 1 0.08 2.74 -3.54 1 7.13 10.27 -0.18 1 0.0 0.0 0.0 1 9 6 6 1
0.08 2.74 -3.54 1 7.13 10.27 -0.18 1 0.0 0.0 0.0 1 0.0 0.0 0.0 1 10 6 0 1
7.13 10.27 -0.18 1 0.0 0.0 0.0 1 0.0 0.0 0.0 1 4.39 5.79 -1.43 1 11 6 1 0
0.0 0.0 0.0 1 0.0 0.0 0.0 1 4.39 5.79 -1.43 1 -1.41 2.22 -1.85 0 12 6 2 0
0.0 0.0 0.0 1 4.39 5.79 -1.43 1 -1.41 2.22 -1.85 0 -4.93 0.2 -6.15 0 13 6 3 1
4.39 5.79 -1.43 1 -1.41 2.22 -1.85 0 -4.93 0.2 -6.15 0 4.29 5.3 -1.0 1 14 6 4 0
-1.41 2.22 -1.85 0 -4.93 0.2 -6.15 0 4.29 5.3 -1.0 1 -1.01 2.01 -1.5 0 15 6 5 1
-4.93 0.2 -6.15 0 4.29 5.3 -1.0 1 -1.01 2.01 -1.5 0 0.0 0.0 0.0 1 16 6 6 1
4.29 5.3 -1.0 1 -1.01 2.01 -1.5 0 0.0 0.0 0.0 1 0.0 0.0 0.0 1 17 6 0 1
-1.01 2.01 -1.5 0 0.0 0.0 0.0 1 0.0 0.0 0.0 1 2.04 4.13 -0.37 1 18 6 1 1
0.0 0.0 0.0 1 0.0 0.0 0.0 1 2.04 4.13 -0.37 1 2.68 3.81 -0.95 1 19 6 2 0
0.0 0.0 0.0 1 2.04 4.13 -0.37 1 2.68 3.81 -0.95 1 -3.22 1.93 -3.51 0 20 6 3 0
2.04 4.13 -0.37 1 2.68 3.81 -0.95 1 -3.22 1.93 -3.51 0 -2.06 3.02 -3.1 0 21 6 4 0
2.68 3.81 -0.95 1 -3.22 1.93 -3.51 0 -2.06 3.02 -3.1 0 -1.55 0.87 -4.95 0 22 6 5 1
-3.22 1.93 -3.51 0 -2.06 3.02 -3.1 0 -1.55 0.87 -4.95 0 0.0 0.0 0.0 1 23 6 6 1
-2.06 3.02 -3.1 0 -1.55 0.87 -4.95 0 0.0 0.0 0.0 1 0.0 0.0 0.0 1 24 6 0 0
-1.55 0.87 -4.95 0 0.0 0.0 0.0 1 0.0 0.0 0.0 1 -0.68 1.81 -6.24 0 25 6 1 1
0.0 0.0 0.0 1 0.0 0.0 0.0 1 -0.68 1.81 -6.24 0 -0.32 1.12 -3.28 1 26 6 2 1
0.0 0.0 0.0 1 -0.68 1.81 -6.24 0 -0.32 1.12 -3.28 1 3.83 4.22 -0.09 1 27 6 3 1
-0.68 1.81 -6.24 0 -0.32 1.12 -3.28 1 3.83 4.22 -0.09 1 -1.02 1.63 -4.02 1 28 6 4 1
-0.32 1.12 -3.28 1 3.83 4.22 -0.09 1 -1.02 1.63 -4.02 1 1.5 3.59 0.0 1 29 6 5 1
3.83 4.22 -0.09 1 -1.02 1.63 -4.02 1 1.5 3.59 0.0 1 0.0 0.0 0.0 1 30 6 6 1
-1.02 1.63 -4.02 1 1.5 3.59 0.0 1 0.0 0.0 0.0 1 0.0 0.0 0.0 1 1 7 0 1
1.5 3.59 0.0 1 0.0 0.0 0.0 1 0.0 0.0 0.0 1 2.75 3.23 -1.82 1 2 7 1 1
0.0 0.0 0.0 1 0.0 0.0 0.0 1 2.75 3.23 -1.82 1 2.69 5.5 -0.32 1 3 7 2 1
0.0 0.0 0.0 1 2.75 3.23 -1.82 1 2.69 5.5 -0.32 1 1.54 2.91 -0.3 1 4 7 3 1
2.75 3.23 -1.82 1 2.69 5.5 -0.32 1 1.54 2.91 -0.3 1 0.0 0.0 0.0 1 5 7 4 1
2.69 5.5 -0.32 1 1.54 2.91 -0.3 1 0.0 0.0 0.0 1 0.88 1.33 -2.9 1 6 7 5 1
1.54 2.91 -0.3 1 0.0 0.0 0.0 1 0.88 1.33 -2.9 1 0.0 0.0 0.0 1 7 7 6 1
0.0 0.0 0.0 1 0.88 1.33 -2.9 1 0.0 0.0 0.0 1 0.0 0.0 0.0 1 8 7 0 1
0.88 1.33 -2.9 1 0.0 0.0 0.0 1 0.0 0.0 0.0 1 4.32 5.25 -0.22 1 9 7 1 1
0.0 0.0 0.0 1 0.0 0.0 0.0 1 4.32 5.25 -0.22 1 0.51 1.57 -2.98 1 10 7 2 1
0.0 0.0 0.0 1 4.32 5.25 -0.22 1 0.51 1.57 -2.98 1 0.92 1.92 -2.01 1 11 7 3 1
4.32 5.25 -0.22 1 0.51 1.57 -2.98 1 0.92 1.92 -2.01 1 4.61 5.57 -2.88 1 12 7 4 1
0.51 1.57 -2.98 1 0.92 1.92 -2.01 1 4.61 5.57 -2.88 1 8.86 8.86 -0.19 1 13 7 5 1
0.92 1.92 -2.01 1 4.61 5.57 -2.88 1 8.86 8.86 -0.19 1 0.0 0.0 0.0 1 14 7 6 1
4.61 5.57 -2.88 1 8.86 8.86 -0.19 1 0.0 0.0 0.0 1 0.0 0.0 0.0 1 15 7 0 0
8.86 8.86 -0.19 1 0.0 0.0 0.0 1 0.0 0.0 0.0 1 -0.7 0.71 -2.87 0 16 7 1 1
0.0 0.0 0.0 1 0.0 0.0 0.0 1 -0.7 0.71 -2.87 0 -0.43 2.09 -1.71 1 17 7 2 1
0.0 0.0 0.0 1 -0.7 0.71 -2.87 0 -0.43 2.09 -1.71 1 1.72 1.8 -1.21 1 18 7 3 0
-0.7 0.71 -2.87 0 -0.43 2.09 -1.71 1 1.72 1.8 -1.21 1 -2.16 0.0 -4.37 0 19 7 4 1
-0.43 2.09 -1.71 1 1.72 1.8 -1.21 1 -2.16 0.0 -4.37 0 0.84 1.31 -2.41 1 20 7 5 1
1.72 1.8 -1.21 1 -2.16 0.0 -4.37 0 0.84 1.31 -2.41 1 0.0 0.0 0.0 1 21 7 6 1
-2.16 0.0 -4.37 0 0.84 1.31 -2.41 1 0.0 0.0 0.0 1 0.0 0.0 0.0 1 22 7 0 0
0.84 1.31 -2.41 1 0.0 0.0 0.0 1 0.0 0.0 0.0 1 -5.77 0.0 -7.24 0 23 7 1 0
0.0 0.0 0.0 1 0.0 0.0 0.0 1 -5.77 0.0 -7.24 0 -2.1 1.9 -2.58 0 24 7 2 0
0.0 0.0 0.0 1 -5.77 0.0 -7.24 0 -2.1 1.9 -2.58 0 -4.08 0.78 -4.98 0 25 7 3 1
-5.77 0.0 -7.24 0 -2.1 1.9 -2.58 0 -4.08 0.78 -4.98 0 4.4 5.48 -2.25 1 26 7 4 1
-2.1 1.9 -2.58 0 -4.08 0.78 -4.98 0 4.4 5.48 -2.25 1 12.46 14.04 -4.0 1 27 7 5 1
-4.08 0.78 -4.98 0 4.4 5.48 -2.25 1 12.46 14.04 -4.0 1 0.0 0.0 0.0 1 28 7 6 1
4.4 5.48 -2.25 1 12.46 14.04 -4.0 1 0.0 0.0 0.0 1 0.0 0.0 0.0 1 29 7 0 0
12.46 14.04 -4.0 1 0.0 0.0 0.0 1 0.0 0.0 0.0 1 -4.97 1.91 -5.16 0 30 7 1 0
0.0 0.0 0.0 1 0.0 0.0 0.0 1 -4.97 1.91 -5.16 0 -5.31 0.27 -6.07 0 31 7 2 0
0.0 0.0 0.0 1 -4.97 1.91 -5.16 0 -5.31 0.27 -6.07 0 -2.69 1.18 -2.91 0 1 8 3 1
-4.97 1.91 -5.16 0 -5.31 0.27 -6.07 0 -2.69 1.18 -2.91 0 2.48 3.14 -4.14 1 2 8 4 0
-5.31 0.27 -6.07 0 -2.69 1.18 -2.91 0 2.48 3.14 -4.14 1 -0.63 0.67 -3.13 0 3 8 5 1
-2.69 1.18 -2.91 0 2.48 3.14 -4.14 1 -0.63 0.67 -3.13 0 0.0 0.0 0.0 1 4 8 6 1
2.48 3.14 -4.14 1 -0.63 0.67 -3.13 0 0.0 0.0 0.0 1 0.0 0.0 0.0 1 5 8 0 0
-0.63 0.67 -3.13 0 0.0 0.0 0.0 1 0.0 0.0 0.0 1 -2.41 0.0 -5.1 0 6 8 1 0
0.0 0.0 0.0 1 0.0 0.0 0.0 1 -2.41 0.0 -5.1 0 0.24 0.82 -2.97 0 7 8 2 0
0.0 0.0 0.0 1 -2.41 0.0 -5.1 0 0.24 0.82 -2.97 0 -3.24 0.75 -3.96 0 8 8 3 0
-2.41 0.0 -5.1 0 0.24 0.82 -2.97 0 -3.24 0.75 -3.96 0 -2.78 0.0 -5.91 0 9 8 4 1
0.24 0.82 -2.97 0 -3.24 0.75 -3.96 0 -2.78 0.0 -5.91 0 2.14 4.13 -0.44 1 10 8 5 1
-3.24 0.75 -3.96 0 -2.78 0.0 -5.91 0 2.14 4.13 -0.44 1 0.0 0.0 0.0 1 11 8 6 1
-2.78 0.0 -5.91 0 2.14 4.13 -0.44 1 0.0 0.0 0.0 1 0.0 0.0 0.0 1 12 8 0 0
2.14 4.13 -0.44 1 0.0 0.0 0.0 1 0.0 0.0 0.0 1 0.8 3.11 -0.63 0 13 8 1 0
0.0 0.0 0.0 1 0.0 0.0 0.0 1 0.8 3.11 -0.63 0 -2.19 0.05 -5.49 0 14 8 2 0
0.0 0.0 0.0 1 0.8 3.11 -0.63 0 -2.19 0.05 -5.49 0 -2.95 0.0 -3.74 0 15 8 3 0
0.8 3.11 -0.63 0 -2.19 0.05 -5.49 0 -2.95 0.0 -3.74 0 -2.32 0.14 -3.63 0 16 8 4 0
-2.19 0.05 -5.49 0 -2.95 0.0 -3.74 0 -2.32 0.14 -3.63 0 -2.04 1.66 -2.04 0 17 8 5 1
-2.95 0.0 -3.74 0 -2.32 0.14 -3.63 0 -2.04 1.66 -2.04 0 0.0 0.0 0.0 1 18 8 6 1
-2.32 0.14 -3.63 0 -2.04 1.66 -2.04 0 0.0 0.0 0.0 1 0.0 0.0 0.0 1 19 8 0 1
-2.04 1.66 -2.04 0 0.0 0.0 0.0 1 0.0 0.0 0.0 1 0.38 4.37 -1.71 1 20 8 1 1
0.0 0.0 0.0 1 0.0 0.0 0.0 1 0.38 4.37 -1.71 1 1.21 3.63 -0.14 1 21 8 2 0
0.0 0.0 0.0 1 0.38 4.37 -1.71 1 1.21 3.63 -0.14 1 -0.84 3.05 -1.51 0 22 8 3 1
0.38 4.37 -1.71 1 1.21 3.63 -0.14 1 -0.84 3.05 -1.51 0 4.93 4.97 0.0 1 23 8 4 1
1.21 3.63 -0.14 1 -0.84 3.05 -1.51 0 4.93 4.97 0.0 1 -1.2 0.29 -3.27 1 24 8 5 1
-0.84 3.05 -1.51 0 4.93 4.97 0.0 1 -1.2 0.29 -3.27 1 0.0 0.0 0.0 1 25 8 6 1
4.93 4.97 0.0 1 -1.2 0.29 -3.27 1 0.0 0.0 0.0 1 0.0 0.0 0.0 1 26 8 0 0
-1.2 0.29 -3.27 1 0.0 0.0 0.0 1 0.0 0.0 0.0 1 -4.3 0.57 -4.78 0 27 8 1 0
0.0 0.0 0.0 1 0.0 0.0 0.0 1 -4.3 0.57 -4.78 0 -2.94 1.37 -4.07 0 28 8 2 1
0.0 0.0 0.0 1 -4.3 0.57 -4.78 0 -2.94 1.37 -4.07 0 1.33 2.75 -0.84 1 29 8 3 1
-4.3 0.57 -4.78 0 -2.94 1.37 -4.07 0 1.33 2.75 -0.84 1 2.55 4.53 -1.42 1 30 8 4 0
-2.94 1.37 -4.07 0 1.33 2.75 -0.84 1 2.55 4.53 -1.42 1 -3.61 0.28 -4.54 0 31 8 5 1
1.33 2.75 -0.84 1 2.55 4.53 -1.42 1 -3.61 0.28 -4.54 0 0.0 0.0 0.0 1 1 9 6 1
2.55 4.53 -1.42 1 -3.61 0.28 -4.54 0 0.0 0.0 0.0 1 0.0 0.0 0.0 1 2 9 0 1
-3.61 0.28 -4.54 0 0.0 0.0 0.0 1 0.0 0.0 0.0 1 0.0 0.0 0.0 1 3 9 1 1
0.0 0.0 0.0 1 0.0 0.0 0.0 1 0.0 0.0 0.0 1 4.63 7.13 0.0 1 4 9 2 1
0.0 0.0 0.0 1 0.0 0.0 0.0 1 4.63 7.13 0.0 1 4.22 5.81 -1.8 1 5 9 3 1
0.0 0.0 0.0 1 4.63 7.13 0.0 1 4.22 5.81 -1.8 1 -0.35 2.55 -1.73 1 6 9 4 1
4.63 7.13 0.0 1 4.22 5.81 -1.8 1 -0.35 2.55 -1.73 1 0.53 3.55 -4.53 1 7 9 5 1
4.22 5.81 -1.8 1 -0.35 2.55 -1.73 1 0.53 3.55 -4.53 1 0.0 0.0 0.0 1 8 9 6 1
-0.35 2.55 -1.73 1 0.53 3.55 -4.53 1 0.0 0.0 0.0 1 0.0 0.0 0.0 1 9 9 0 1
0.53 3.55 -4.53 1 0.0 0.0 0.0 1 0.0 0.0 0.0 1 2.49 2.74 -0.48 1 10 9 1 1
0.0 0.0 0.0 1 0.0 0.0 0.0 1 2.49 2.74 -0.48 1 -0.19 0.31 -3.25 1 11 9 2 0
0.0 0.0 0.0 1 2.49 2.74 -0.48 1 -0.19 0.31 -3.25 1 0.61 2.79 -1.09 0 12 9 3 0
2.49 2.74 -0.48 1 -0.19 0.31 -3.25 1 0.61 2.79 -1.09 0 -1.07 2.07 -2.24 0 13 9 4 0
-0.19 0.31 -3.25 1 0.61 2.79 -1.09 0 -1.07 2.07 -2.24 0 -2.3 0.0 -4.02 0 14 9 5 1
0.61 2.79 -1.09 0 -1.07 2.07 -2.24 0 -2.3 0.0 -4.02 0 0.0 0.0 0.0 1 15 9 6 1
-1.07 2.07 -2.24 0 -2.3 0.0 -4.02 0 0.0 0.0 0.0 1 0.0 0.0 0.0 1 16 9 0 0
-2.3 0.0 -4.02 0 0.0 0.0 0.0 1 0.0 0.0 0.0 1 -3.76 1.18 -4.51 0 17 9 1 1
0.0 0.0 0.0 1 0.0 0.0 0.0 1 -3.76 1.18 -4.51 0 6.8 7.28 -1.21 1 18 9 2 1
0.0 0.0 0.0 1 -3.76 1.18 -4.51 0 6.8 7.28 -1.21 1 8.01 8.65 -1.08 1 19 9 3 1
-3.76 1.18 -4.51 0 6.8 7.28 -1.21 1 8.01 8.65 -1.08 1 -1.71 0.68 -2.73 1 20 9 4 1
6.8 7.28 -1.21 1 8.01 8.65 -1.08 1 -1.71 0.68 -2.73 1 3.69 7.85 -0.24 1 21 9 5 1
8.01 8.65 -1.08 1 -1.71 0.68 -2.73 1 3.69 7.85 -0.24 1 0.0 0.0 0.0 1 22 9 6 1
-1.71 0.68 -2.73 1 3.69 7.85 -0.24 1 0.0 0.0 0.0 1 0.0 0.0 0.0 1 23 9 0 0
3.69 7.85 -0.24 1 0.0 0.0 0.0 1 0.0 0.0 0.0 1 -2.52 1.83 -5.23 0 24 9 1 1
0.0 0.0 0.0 1 0.0 0.0 0.0 1 -2.52 1.83 -5.23 0 1.7 5.57 -1.15 1 25 9 2 0
0.0 0.0 0.0 1 -2.52 1.83 -5.23 0 1.7 5.57 -1.15 1 -1.88 2.08 -3.63 0 26 9 3 1
-2.52 1.83 -5.23 0 1.7 5.57 -1.15 1 -1.88 2.08 -3.63 0 4.61 5.8 -0.25 1 27 9 4 0
1.7 5.57 -1.15 1 -1.88 2.08 -3.63 0 4.61 5.8 -0.25 1 -0.03 1.17 -2.69 0 28 9 5 1
-1.88 2.08 -3.63 0 4.61 5.8 -0.25 1 -0.03 1.17 -2.69 0 0.0 0.0 0.0 1 29 9 6 1
4.61 5.8 -0.25 1 -0.03 1.17 -2.69 0 0.0 0.0 0.0 1 0.0 0.0 0.0 1 30 9 0 0
-0.03 1.17 -2.69 0 0.0 0.0 0.0 1 0.0 0.0 0.0 1 -0.77 1.7 -2.31 0 1 10 1 1
0.0 0.0 0.0 1 0.0 0.0 0.0 1 -0.77 1.7 -2.31 0 6.7 6.72 -0.42 1 2 10 2 0
0.0 0.0 0.0 1 -0.77 1.7 -2.31 0 6.7 6.72 -0.42 1 2.65 3.69 -0.37 0 3 10 3 0
-0.77 1.7 -2.31 0 6.7 6.72 -0.42 1 2.65 3.69 -0.37 0 -5.63 2.49 -7.37 0 4 10 4 1
6.7 6.72 -0.42 1 2.65 3.69 -0.37 0 -5.63 2.49 -7.37 0 3.3 3.32 -3.02 1 5 10 5 1
2.65 3.69 -0.37 0 -5.63 2.49 -7.37 0 3.3 3.32 -3.02 1 0.0 0.0 0.0 1 6 10 6 1
-5.63 2.49 -7.37 0 3.3 3.32 -3.02 1 0.0 0.0 0.0 1 0.0 0.0 0.0 1 7 10 0 0
3.3 3.32 -3.02 1 0.0 0.0 0.0 1 0.0 0.0 0.0 1 -4.99 0.27 -5.26 0 8 10 1 0
0.0 0.0 0.0 1 0.0 0.0 0.0 1 -4.99 0.27 -5.26 0 -8.27 0.0 -11.0 0 9 10 2 0
0.0 0.0 0.0 1 -4.99 0.27 -5.26 0 -8.27 0.0 -11.0 0 -5.19 0.0 -6.86 0 10 10 3 1
-4.99 0.27 -5.26 0 -8.27 0.0 -11.0 0 -5.19 0.0 -6.86 0 0.68 2.07 -1.89 1 11 10 4 1
-8.27 0.0 -11.0 0 -5.19 0.0 -6.86 0 0.68 2.07 -1.89 1 5.99 6.16 -0.82 1 12 10 5 1
-5.19 0.0 -6.86 0 0.68 2.07 -1.89 1 5.99 6.16 -0.82 1 0.0 0.0 0.0 1 13 10 6 1
0.68 2.07 -1.89 1 5.99 6.16 -0.82 1 0.0 0.0 0.0 1 0.0 0.0 0.0 1 14 10 0 1
5.99 6.16 -0.82 1 0.0 0.0 0.0 1 0.0 0.0 0.0 1 2.07 3.02 -1.62 1 15 10 1 0
0.0 0.0 0.0 1 0.0 0.0 0.0 1 2.07 3.02 -1.62 1 -3.52 0.71 -4.63 0 16 10 2 1
0.0 0.0 0.0 1 2.07 3.02 -1.62 1 -3.52 0.71 -4.63 0 2.04 2.35 -2.79 1 17 10 3 1
2.07 3.02 -1.62 1 -3.52 0.71 -4.63 0 2.04 2.35 -2.79 1 3.7 3.81 -1.82 1 18 10 4 1
-3.52 0.71 -4.63 0 2.04 2.35 -2.79 1 3.7 3.81 -1.82 1 9.64 12.5 -2.61 1 19 10 5 1
2.04 2.35 -2.79 1 3.7 3.81 -1.82 1 9.64 12.5 -2.61 1 0.0 0.0 0.0 1 20 10 6 1
3.7 3.81 -1.82 1 9.64 12.5 -2.61 1 0.0 0.0 0.0 1 0.0 0.0 0.0 1 21 10 0 0
9.64 12.5 -2.61 1 0.0 0.0 0.0 1 0.0 0.0 0.0 1 -3.45 0.11 -6.06 0 22 10 1 1
0.0 0.0 0.0 1 0.0 0.0 0.0 1 -3.45 0.11 -6.06 0 4.82 9.35 -1.71 1 23 10 2 0
0.0 0.0 0.0 1 -3.45 0.11 -6.06 0 4.82 9.35 -1.71 1 -3.87 0.82 -6.74 0 24 10 3 1
-3.45 0.11 -6.06 0 4.82 9.35 -1.71 1 -3.87 0.82 -6.74 0 2.57 3.0 -2.84 1 25 10 4 1
4.82 9.35 -1.71 1 -3.87 0.82 -6.74 0 2.57 3.0 -2.84 1 5.31 10.29 -5.41 1 26 10 5 1
-3.87 0.82 -6.74 0 2.57 3.0 -2.84 1 5.31 10.29 -5.41 1 0.0 0.0 0.0 1 27 10 6 1
2.57 3.0 -2.84 1 5.31 10.29 -5.41 1 0.0 0.0 0.0 1 0.0 0.0 0.0 1 28 10 0 0
5.31 10.29 -5.41 1 0.0 0.0 0.0 1 0.0 0.0 0.0 1 -1.76 2.81 -2.69 0 29 10 1 1
0.0 0.0 0.0 1 0.0 0.0 0.0 1 -1.76 2.81 -2.69 0 3.75 3.94 -2.66 1 30 10 2 0
0.0 0.0 0.0 1 -1.76 2.81 -2.69 0 3.75 3.94 -2.66 1 -1.54 2.38 -3.97 0 31 10 3 1
-1.76 2.81 -2.69 0 3.75 3.94 -2.66 1 -1.54 2.38 -3.97 0 2.14 4.11 -2.87 1 1 11 4 0
3.75 3.94 -2.66 1 -1.54 2.38 -3.97 0 2.14 4.11 -2.87 1 -6.45 0.19 -9.38 0 2 11 5 1
-1.54 2.38 -3.97 0 2.14 4.11 -2.87 1 -6.45 0.19 -9.38 0 0.0 0.0 0.0 1 3 11 6 1
2.14 4.11 -2.87 1 -6.45 0.19 -9.38 0 0.0 0.0 0.0 1 0.0 0.0 0.0 1 4 11 0 0
-6.45 0.19 -9.38 0 0.0 0.0 0.0 1 0.0 0.0 0.0 1 -1.38 0.87 -5.67 0 5 11 1 1
0.0 0.0 0.0 1 0.0 0.0 0.0 1 -1.38 0.87 -5.67 0 2.39 3.36 -1.9 1 6 11 2 0
0.0 0.0 0.0 1 -1.38 0.87 -5.67 0 2.39 3.36 -1.9 1 -4.27 2.02 -5.95 0 7 11 3 0
-1.38 0.87 -5.67 0 2.39 3.36 -1.9 1 -4.27 2.02 -5.95 0 -14.09 0.0 -15.76 0 8 11 4 1
2.39 3.36 -1.9 1 -4.27 2.02 -5.95 0 -14.09 0.0 -15.76 0 4.36 5.1 -1.89 1 9 11 5 1
-4.27 2.02 -5.95 0 -14.09 0.0 -15.76 0 4.36 5.1 -1.89 1 0.0 0.0 0.0 1 10 11 6 1
-14.09 0.0 -15.76 0 4.36 5.1 -1.89 1 0.0 0.0 0.0 1 0.0 0.0 0.0 1 11 11 0 1
4.36 5.1 -1.89 1 0.0 0.0 0.0 1 0.0 0.0 0.0 1 3.78 4.65 -2.53 1 12 11 1 0
0.0 0.0 0.0 1 0.0 0.0 0.0 1 3.78 4.65 -2.53 1 -3.5 2.33 -5.69 0 13 11 2 1
0.0 0.0 0.0 1 3.78 4.65 -2.53 1 -3.5 2.33 -5.69 0 8.82 8.82 -1.72 1 14 11 3 1
3.78 4.65 -2.53 1 -3.5 2.33 -5.69 0 8.82 8.82 -1.72 1 9.85 11.54 -0.89 1 15 11 4 1
-3.5 2.33 -5.69 0 8.82 8.82 -1.72 1 9.85 11.54 -0.89 1 1.54 5.27 -2.04 1 16 11 5 1
8.82 8.82 -1.72 1 9.85 11.54 -0.89 1 1.54 5.27 -2.04 1 0.0 0.0 0.0 1 17 11 6 1
9.85 11.54 -0.89 1 1.54 5.27 -2.04 1 0.0 0.0 0.0 1 0.0 0.0 0.0 1 18 11 0 0
1.54 5.27 -2.04 1 0.0 0.0 0.0 1 0.0 0.0 0.0 1 -4.1 3.12 -5.4 0 19 11 1 0
0.0 0.0 0.0 1 0.0 0.0 0.0 1 -4.1 3.12 -5.4 0 -0.88 2.93 -3.23 0 20 11 2 0
0.0 0.0 0.0 1 -4.1 3.12 -5.4 0 -0.88 2.93 -3.23 0 -4.99 0.0 -7.11 0 21 11 3 1
-4.1 3.12 -5.4 0 -0.88 2.93 -3.23 0 -4.99 0.0 -7.11 0 4.92 5.21 -0.69 1 22 11 4 1
-0.88 2.93 -3.23 0 -4.99 0.0 -7.11 0 4.92 5.21 -0.69 1 2.31 4.5 -3.68 1 23 11 5 1
-4.99 0.0 -7.11 0 4.92 5.21 -0.69 1 2.31 4.5 -3.68 1 0.0 0.0 0.0 1 24 11 6 1
4.92 5.21 -0.69 1 2.31 4.5 -3.68 1 0.0 0.0 0.0 1 0.0 0.0 0.0 1 25 11 0 1
2.31 4.5 -3.68 1 0.0 0.0 0.0 1 0.0 0.0 0.0 1 2.82 3.97 -0.62 1 26 11 1 1
0.0 0.0 0.0 1 0.0 0.0 0.0 1 2.82 3.97 -0.62 1 3.76 4.89 -2.71 1 27 11 2 1
0.0 0.0 0.0 1 2.82 3.97 -0.62 1 3.76 4.89 -2.71 1 3.21 3.5 -0.83 1 28 11 3 1
2.82 3.97 -0.62 1 3.76 4.89 -2.71 1 3.21 3.5 -0.83 1 0.0 0.0 0.0 1 29 11 4 1
3.76 4.89 -2.71 1 3.21 3.5 -0.83 1 0.0 0.0 0.0 1 4.03 4.43 -0.92 1 30 11 5 1
3.21 3.5 -0.83 1 0.0 0.0 0.0 1 4.03 4.43 -0.92 1 0.0 0.0 0.0 1 1 12 6 1
0.0 0.0 0.0 1 4.03 4.43 -0.92 1 0.0 0.0 0.0 1 0.0 0.0 0.0 1 2 12 0 0
4.03 4.43 -0.92 1 0.0 0.0 0.0 1 0.0 0.0 0.0 1 -6.7 0.0 -9.89 0 3 12 1 0
0.0 0.0 0.0 1 0.0 0.0 0.0 1 -6.7 0.0 -9.89 0 -5.45 0.78 -6.99 0 4 12 2 1
0.0 0.0 0.0 1 -6.7 0.0 -9.89 0 -5.45 0.78 -6.99 0 2.7 6.34 -1.73 1 5 12 3 0
-6.7 0.0 -9.89 0 -5.45 0.78 -6.99 0 2.7 6.34 -1.73 1 -1.27 0.44 -4.31 0 6 12 4 1
-5.45 0.78 -6.99 0 2.7 6.34 -1.73 1 -1.27 0.44 -4.31 0 -1.4 0.0 -4.43 1 7 12 5 1
2.7 6.34 -1.73 1 -1.27 0.44 -4.31 0 -1.4 0.0 -4.43 1 0.0 0.0 0.0 1 8 12 6 1
-1.27 0.44 -4.31 0 -1.4 0.0 -4.43 1 0.0 0.0 0.0 1 0.0 0.0 0.0 1 9 12 0 0
-1.4 0.0 -4.43 1 0.0 0.0 0.0 1 0.0 0.0 0.0 1 -3.22 0.08 -5.45 0 10 12 1 1
0.0 0.0 0.0 1 0.0 0.0 0.0 1 -3.22 0.08 -5.45 0 4.28 5.5 -0.4 1 11 12 2 0
0.0 0.0 0.0 1 -3.22 0.08 -5.45 0 4.28 5.5 -0.4 1 -5.15 1.63 -5.34 0 12 12 3 0
-3.22 0.08 -5.45 0 4.28 5.5 -0.4 1 -5.15 1.63 -5.34 0 -0.01 3.74 -1.74 0 13 12 4 1
4.28 5.5 -0.4 1 -5.15 1.63 -5.34 0 -0.01 3.74 -1.74 0 -1.08 4.09 -1.45 1 14 12 5 1
-5.15 1.63 -5.34 0 -0.01 3.74 -1.74 0 -1.08 4.09 -1.45 1 0.0 0.0 0.0 1 15 12 6 1
-0.01 3.74 -1.74 0 -1.08 4.09 -1.45 1 0.0 0.0 0.0 1 0.0 0.0 0.0 1 16 12 0 1
-1.08 4.09 -1.45 1 0.0 0.0 0.0 1 0.0 0.0 0.0 1 3.94 6.67 0.0 1 17 12 1 0
0.0 0.0 0.0 1 0.0 0.0 0.0 1 3.94 6.67 0.0 1 -3.0 0.35 -4.15 0 18 12 2 1
0.0 0.0 0.0 1 3.94 6.67 0.0 1 -3.0 0.35 -4.15 0 7.08 7.31 -5.74 1 19 12 3 0
3.94 6.67 0.0 1 -3.0 0.35 -4.15 0 7.08 7.31 -5.74 1 0.92 2.99 -1.63 0 20 12 4 1
-3.0 0.35 -4.15 0 7.08 7.31 -5.74 1 0.92 2.99 -1.63 0 5.36 7.82 -0.87 1 21 12 5 1
7.08 7.31 -5.74 1 0.92 2.99 -1.63 0 5.36 7.82 -0.87 1 0.0 0.0 0.0 1 22 12 6 1
0.92 2.99 -1.63 0 5.36 7.82 -0.87 1 0.0 0.0 0.0 1 0.0 0.0 0.0 1 23 12 0 1
5.36 7.82 -0.87 1 0.0 0.0 0.0 1 0.0 0.0 0.0 1 -0.55 1.51 -4.22 1 24 12 1 0
0.0 0.0 0.0 1 0.0 0.0 0.0 1 -0.55 1.51 -4.22 1 -3.32 0.92 -6.15 0 25 12 2 1
0.0 0.0 0.0 1 -0.55 1.51 -4.22 1 -3.32 0.92 -6.15 0 0.0 0.0 0.0 1 26 12 3 1
-0.55 1.51 -4.22 1 -3.32 0.92 -6.15 0 0.0 0.0 0.0 1 3.24 3.34 -4.32 1 27 12 4 0
-3.32 0.92 -6.15 0 0.0 0.0 0.0 1 3.24 3.34 -4.32 1 -6.92 0.5 -8.7 0 28 12 5 1
0.0 0.0 0.0 1 3.24 3.34 -4.32 1 -6.92 0.5 -8.7 0 0.0 0.0 0.0 1 29 12 6 1
3.24 3.34 -4.32 1 -6.92 0.5 -8.7 0 0.0 0.0 0.0 1 0.0 0.0 0.0 1 30 12 0 0
-6.92 0.5 -8.7 0 0.0 0.0 0.0 1 0.0 0.0 0.0 1 -6.55 0.0 -7.47 0 31 12 1 1
0.0 0.0 0.0 1 0.0 0.0 0.0 1 -6.55 0.0 -7.47 0 4.21 4.25 -0.58 1 1 1 2 1
0.0 0.0 0.0 1 -6.55 0.0 -7.47 0 4.21 4.25 -0.58 1 0.0 0.0 0.0 1 2 1 3 0
-6.55 0.0 -7.47 0 4.21 4.25 -0.58 1 0.0 0.0 0.0 1 -0.83 0.52 -4.77 0 3 1 4 0
4.21 4.25 -0.58 1 0.0 0.0 0.0 1 -0.83 0.52 -4.77 0 -1.85 4.38 -1.98 0 4 1 5 1
0.0 0.0 0.0 1 -0.83 0.52 -4.77 0 -1.85 4.38 -1.98 0 0.0 0.0 0.0 1 5 1 6 1
-0.83 0.52 -4.77 0 -1.85 4.38 -1.98 0 0.0 0.0 0.0 1 0.0 0.0 0.0 1 6 1 0 0
-1.85 4.38 -1.98 0 0.0 0.0 0.0 1 0.0 0.0 0.0 1 -2.5 0.78 -7.71 0 7 1 1 1
0.0 0.0 0.0 1 0.0 0.0 0.0 1 -2.5 0.78 -7.71 0 2.99 3.42 -0.49 1 8 1 2 1
0.0 0.0 0.0 1 -2.5 0.78 -7.71 0 2.99 3.42 -0.49 1 3.45 4.5 -2.36 1 9 1 3 0
-2.5 0.78 -7.71 0 2.99 3.42 -0.49 1 3.45 4.5 -2.36 1 -2.74 3.14 -5.26 0 10 1 4 0
2.99 3.42 -0.49 1 3.45 4.5 -2.36 1 -2.74 3.14 -5.26 0 -4.38 1.67 -8.24 0 11 1 5 1
3.45 4.5 -2.36 1 -2.74 3.14 -5.26 0 -4.38 1.67 -8.24 0 0.0 0.0 0.0 1 12 1 6 1
-2.74 3.14 -5.26 0 -4.38 1.67 -8.24 0 0.0 0.0 0.0 1 0.0 0.0 0.0 1 13 1 0 0
-4.38 1.67 -8.24 0 0.0 0.0 0.0 1 0.0 0.0 0.0 1 -6.69 1.98 -9.17 0 14 1 1 1
0.0 0.0 0.0 1 0.0 0.0 0.0 1 -6.69 1.98 -9.17 0 5.41 6.42 -0.81 1 15 1 2 0
0.0 0.0 0.0 1 -6.69 1.98 -9.17 0 5.41 6.42 -0.81 1 -3.07 0.35 -6.37 0 16 1 3 1
-6.69 1.98 -9.17 0 5.41 6.42 -0.81 1 -3.07 0.35 -6.37 0 2.12 5.61 -4.18 1 17 1 4 1
5.41 6.42 -0.81 1 -3.07 0.35 -6.37 0 2.12 5.61 -4.18 1 5.35 9.15 -0.26 1 18 1 5 1
-3.07 0.35 -6.37 0 2.12 5.61 -4.18 1 5.35 9.15 -0.26 1 0.0 0.0 0.0 1 19 1 6 1
2.12 5.61 -4.18 1 5.35 9.15 -0.26 1 0.0 0.0 0.0 1 0.0 0.0 0.0 1 20 1 0 1
5.35 9.15 -0.26 1 0.0 0.0 0.0 1 0.0 0.0 0.0 1 0.0 0.0 0.0 1 21 1 1 1
0.0 0.0 0.0 1 0.0 0.0 0.0 1 0.0 0.0 0.0 1 4.04 4.79 -1.41 1 22 1 2 0
0.0 0.0 0.0 1 0.0 0.0 0.0 1 4.04 4.79 -1.41 1 -3.46 0.06 -5.98 0 23 1 3 0
0.0 0.0 0.0 1 4.04 4.79 -1.41 1 -3.46 0.06 -5.98 0 -1.13 5.15 -3.2 0 24 1 4 0
4.04 4.79 -1.41 1 -3.46 0.06 -5.98 0 -1.13 5.15 -3.2 0 -10.56 2.02 -10.89 0 25 1 5 1
-3.46 0.06 -5.98 0 -1.13 5.15 -3.2 0 -10.56 2.02 -10.89 0 0.0 0.0 0.0 1 26 1 6 1
-1.13 5.15 -3.2 0 -10.56 2.02 -10.89 0 0.0 0.0 0.0 1 0.0 0.0 0.0 1 27 1 0 0
-10.56 2.02 -10.89 0 0.0 0.0 0.0 1 0.0 0.0 0.0 1 -4.22 3.6 -10.0 0 28 1 1 1
0.0 0.0 0.0 1 0.0 0.0 0.0 1 -4.22 3.6 -10.0 0 7.03 7.33 -0.13 1 29 1 2 0
0.0 0.0 0.0 1 -4.22 3.6 -10.0 0 7.03 7.33 -0.13 1 -7.96 0.57 -8.71 0 30 1 3 1
-4.22 3.6 -10.0 0 7.03 7.33 -0.13 1 -7.96 0.57 -8.71 0 8.88 12.48 -6.04 1 31 1 4 0
7.03 7.33 -0.13 1 -7.96 0.57 -8.71 0 8.88 12.48 -6.04 1 -13.51 3.05 -14.4 0 1 2 5 1
-7.96 0.57 -8.71 0 8.88 12.48 -6.04 1 -13.51 3.05 -14.4 0 0.0 0.0 0.0 1 2 2 6 1
8.88 12.48 -6.04 1 -13.51 3.05 -14.4 0 0.0 0.0 0.0 1 0.0 0.0 0.0 1 3 2 0 0
-13.51 3.05 -14.4 0 0.0 0.0 0.0 1 0.0 0.0 0.0 1 -12.84 1.86 -18.89 0 4 2 1 1
0.0 0.0 0.0 1 0.0 0.0 0.0 1 -12.84 1.86 -18.89 0 -1.57 4.47 -5.36 1 5 2 2 0
0.0 0.0 0.0 1 -12.84 1.86 -18.89 0 -1.57 4.47 -5.36 1 0.45 3.32 -8.21 0 6 2 3 1
-12.84 1.86 -18.89 0 -1.57 4.47 -5.36 1 0.45 3.32 -8.21 0 6.31 6.54 -0.28 1 7 2 4 1
-1.57 4.47 -5.36 1 0.45 3.32 -8.21 0 6.31 6.54 -0.28 1 2.41 3.13 -6.04 1 8 2 5 1
0.45 3.32 -8.21 0 6.31 6.54 -0.28 1 2.41 3.13 -6.04 1 0.0 0.0 0.0 1 9 2 6 1
6.31 6.54 -0.28 1 2.41 3.13 -6.04 1 0.0 0.0 0.0 1 0.0 0.0 0.0 1 10 2 0 0
2.41 3.13 -6.04 1 0.0 0.0 0.0 1 0.0 0.0 0.0 1 -1.48 2.55 -2.86 0 11 2 1 1
0.0 0.0 0.0 1 0.0 0.0 0.0 1 -1.48 2.55 -2.86 0 -0.55 1.25 -6.03 1 12 2 2 0
0.0 0.0 0.0 1 -1.48 2.55 -2.86 0 -0.55 1.25 -6.03 1 -7.18 1.29 -10.05 0 13 2 3 1
-1.48 2.55 -2.86 0 -0.55 1.25 -6.03 1 -7.18 1.29 -10.05 0 9.35 9.35 -1.35 1 14 2 4 1
-0.55 1.25 -6.03 1 -7.18 1.29 -10.05 0 9.35 9.35 -1.35 1 -1.65 0.01 -5.65 1 15 2 5 1
-7.18 1.29 -10.05 0 9.35 9.35 -1.35 1 -1.65 0.01 -5.65 1 0.0 0.0 0.0 1 16 2 6 1
9.35 9.35 -1.35 1 -1.65 0.01 -5.65 1 0.0 0.0 0.0 1 0.0 0.0 0.0 1 17 2 0 1
-1.65 0.01 -5.65 1 0.0 0.0 0.0 1 0.0 0.0 0.0 1 0.0 0.0 0.0 1 18 2 1 0
0.0 0.0 0.0 1 0.0 0.0 0.0 1 0.0 0.0 0.0 1 -0.35 1.7 -4.5 0 19 2 2 0
0.0 0.0 0.0 1 0.0 0.0 0.0 1 -0.35 1.7 -4.5 0 -5.26 1.87 -6.51 0 20 2 3 1
0.0 0.0 0.0 1 -0.35 1.7 -4.5 0 -5.26 1.87 -6.51 0 2.51 3.17 -2.91 1 21 2 4 0
-0.35 1.7 -4.5 0 -5.26 1.87 -6.51 0 2.51 3.17 -2.91 1 -5.68 1.68 -5.69 0 22 2 5 1
-5.26 1.87 -6.51 0 2.51 3.17 -2.91 1 -5.68 1.68 -5.69 0 0.0 0.0 0.0 1 23 2 6 1
2.51 3.17 -2.91 1 -5.68 1.68 -5.69 0 0.0 0.0 0.0 1 0.0 0.0 0.0 1 24 2 0 1
-5.68 1.68 -5.69 0 0.0 0.0 0.0 1 0.0 0.0 0.0 1 6.3 7.52 -2.19 1 25 2 1 1
0.0 0.0 0.0 1 0.0 0.0 0.0 1 6.3 7.52 -2.19 1 5.32 8.05 -1.42 1 26 2 2 1
0.0 0.0 0.0 1 6.3 7.52 -2.19 1 5.32 8.05 -1.42 1 -0.06 4.89 -2.68 1 27 2 3 1
6.3 7.52 -2.19 1 5.32 8.05 -1.42 1 -0.06 4.89 -2.68 1 2.29 2.73 -2.34 1 28 2 4 1
5.32 8.05 -1.42 1 -0.06 4.89 -2.68 1 2.29 2.73 -2.34 1 1.5 5.23 -3.49 1 1 3 5 1
-0.06 4.89 -2.68 1 2.29 2.73 -2.34 1 1.5 5.23 -3.49 1 0.0 0.0 0.0 1 2 3 6 1
2.29 2.73 -2.34 1 1.5 5.23 -3.49 1 0.0 0.0 0.0 1 0.0 0.0 0.0 1 3 3 0 0
1.5 5.23 -3.49 1 0.0 0.0 0.0 1 0.0 0.0 0.0 1 0.93 2.11 -4.29 0 4 3 1 1
0.0 0.0 0.0 1 0.0 0.0 0.0 1 0.93 2.11 -4.29 0 0.08 1.79 -1.36 1 5 3 2 1
0.0 0.0 0.0 1 0.93 2.11 -4.29 0 0.08 1.79 -1.36 1 7.87 8.22 -0.58 1 6 3 3 0
0.93 2.11 -4.29 0 0.08 1.79 -1.36 1 7.87 8.22 -0.58 1 -1.92 1.25 -5.18 0 7 3 4 1
0.08 1.79 -1.36 1 7.87 8.22 -0.58 1 -1.92 1.25 -5.18 0 -2.58 0.35 -4.99 1 8 3 5 1
7.87 8.22 -0.58 1 -1.92 1.25 -5.18 0 -2.58 0.35 -4.99 1 0.0 0.0 0.0 1 9 3 6 1
-1.92 1.25 -5.18 0 -2.58 0.35 -4.99 1 0.0 0.0 0.0 1 0.0 0.0 0.0 1 10 3 0 0
-2.58 0.35 -4.99 1 0.0 0.0 0.0 1 0.0 0.0 0.0 1 -1.74 0.46 -5.26 0 11 3 1 0
0.0 0.0 0.0 1 0.0 0.0 0.0 1 -1.74 0.46 -5.26 0 -2.11 1.87 -3.63 0 12 3 2 1
0.0 0.0 0.0 1 -1.74 0.46 -5.26 0 -2.11 1.87 -3.63 0 4.24 4.72 -2.73 1 13 3 3 1
-1.74 0.46 -5.26 0 -2.11 1.87 -3.63 0 4.24 4.72 -2.73 1 -5.0 6.49 -8.33 1 14 3 4 1
-2.11 1.87 -3.63 0 4.24 4.72 -2.73 1 -5.0 6.49 -8.33 1 1.11 5.93 -1.08 1 15 3 5 1
4.24 4.72 -2.73 1 -5.0 6.49 -8.33 1 1.11 5.93 -1.08 1 0.0 0.0 0.0 1 16 3 6 1
-5.0 6.49 -8.33 1 1.11 5.93 -1.08 1 0.0 0.0 0.0 1 0.0 0.0 0.0 1 17 3 0 1
1.11 5.93 -1.08 1 0.0 0.0 0.0 1 0.0 0.0 0.0 1 -0.55 3.26 -0.66 1 18 3 1 1
0.0 0.0 0.0 1 0.0 0.0 0.0 1 -0.55 3.26 -0.66 1 1.45 1.68 -2.32 1 19 3 2 0
0.0 0.0 0.0 1 -0.55 3.26 -0.66 1 1.45 1.68 -2.32 1 -5.54 0.23 -9.27 0 20 3 3 0
-0.55 3.26 -0.66 1 1.45 1.68 -2.32 1 -5.54 0.23 -9.27 0 -1.96 2.05 -4.63 0 21 3 4 0
1.45 1.68 -2.32 1 -5.54 0.23 -9.27 0 -1.96 2.05 -4.63 0 -12.22 0.0 -14.4 0 22 3 5 1
-5.54 0.23 -9.27 0 -1.96 2.05 -4.63 0 -12.22 0.0 -14.4 0 0.0 0.0 0.0 1 23 3 6 1
-1.96 2.05 -4.63 0 -12.22 0.0 -14.4 0 0.0 0.0 0.0 1 0.0 0.0 0.0 1 24 3 0 0
-12.22 0.0 -14.4 0 0.0 0.0 0.0 1 0.0 0.0 0.0 1 -8.67 0.92 -11.91 0 25 3 1 1
0.0 0.0 0.0 1 0.0 0.0 0.0 1 -8.67 0.92 -11.91 0 0.68 4.93 -5.04 1 26 3 2 0
0.0 0.0 0.0 1 -8.67 0.92 -11.91 0 0.68 4.93 -5.04 1 -13.72 0.47 -13.73 0 27 3 3 0
-8.67 0.92 -11.91 0 0.68 4.93 -5.04 1 -13.72 0.47 -13.73 0 -4.53 0.95 -12.11 0 28 3 4 0
0.68 4.93 -5.04 1 -13.72 0.47 -13.73 0 -4.53 0.95 -12.11 0 -1.84 6.87 -4.01 0 29 3 5 1
-13.72 0.47 -13.73 0 -4.53 0.95 -12.11 0 -1.84 6.87 -4.01 0 0.0 0.0 0.0 1 30 3 6 1
-4.53 0.95 -12.11 0 -1.84 6.87 -4.01 0 0.0 0.0 0.0 1 0.0 0.0 0.0 1 31 3 0 0
-1.84 6.87 -4.01 0 0.0 0.0 0.0 1 0.0 0.0 0.0 1 -5.98 3.78 -8.38 0 1 4 1 1
0.0 0.0 0.0 1 0.0 0.0 0.0 1 -5.98 3.78 -8.38 0 4.64 6.08 -0.35 1 2 4 2 0
0.0 0.0 0.0 1 -5.98 3.78 -8.38 0 4.64 6.08 -0.35 1 -4.03 2.18 -5.57 0 3 4 3 0
-5.98 3.78 -8.38 0 4.64 6.08 -0.35 1 -4.03 2.18 -5.57 0 -8.2 0.68 -13.31 0 4 4 4 0
4.64 6.08 -0.35 1 -4.03 2.18 -5.57 0 -8.2 0.68 -13.31 0 -12.37 0.26 -19.46 0 5 4 5 1
-4.03 2.18 -5.57 0 -8.2 0.68 -13.31 0 -12.37 0.26 -19.46 0 0.0 0.0 0.0 1 6 4 6 1
-8.2 0.68 -13.31 0 -12.37 0.26 -19.46 0 0.0 0.0 0.0 1 0.0 0.0 0.0 1 7 4 0 0
-12.37 0.26 -19.46 0 0.0 0.0 0.0 1 0.0 0.0 0.0 1 -3.23 3.78 -7.75 0 8 4 1 1
0.0 0.0 0.0 1 0.0 0.0 0.0 1 -3.23 3.78 -7.75 0 5.19 6.12 -3.22 1 9 4 2 1
0.0 0.0 0.0 1 -3.23 3.78 -7.75 0 5.19 6.12 -3.22 1 3.2 3.71 -5.97 1 10 4 3 0
-3.23 3.78 -7.75 0 5.19 6.12 -3.22 1 3.2 3.71 -5.97 1 -13.96 0.0 -14.46 0 11 4 4 0
5.19 6.12 -3.22 1 3.2 3.71 -5.97 1 -13.96 0.0 -14.46 0 -2.27 2.48 -4.48 0 12 4 5 1
3.2 3.71 -5.97 1 -13.96 0.0 -14.46 0 -2.27 2.48 -4.48 0 0.0 0.0 0.0 1 13 4 6 1
-13.96 0.0 -14.46 0 -2.27 2.48 -4.48 0 0.0 0.0 0.0 1 0.0 0.0 0.0 1 14 4 0 1
-2.27 2.48 -4.48 0 0.0 0.0 0.0 1 0.0 0.0 0.0 1 -1.6 2.93 -6.23 1 15 4 1 1
0.0 0.0 0.0 1 0.0 0.0 0.0 1 -1.6 2.93 -6.23 1 -0.62 1.58 -11.19 1 16 4 2 1
0.0 0.0 0.0 1 -1.6 2.93 -6.23 1 -0.62 1.58 -11.19 1 2.26 2.58 -6.5 1 17 4 3 1
-1.6 2.93 -6.23 1 -0.62 1.58 -11.19 1 2.26 2.58 -6.5 1 5.15 8.76 0.0 1 18 4 4 1
-0.62 1.58 -11.19 1 2.26 2.58 -6.5 1 5.15 8.76 0.0 1 0.0 0.0 0.0 1 19 4 5 1
2.26 2.58 -6.5 1 5.15 8.76 0.0 1 0.0 0.0 0.0 1 0.0 0.0 0.0 1 20 4 6 1
5.15 8.76 0.0 1 0.0 0.0 0.0 1 0.0 0.0 0.0 1 0.0 0.0 0.0 1 21 4 0 1
0.0 0.0 0.0 1 0.0 0.0 0.0 1 0.0 0.0 0.0 1 6.9 7.16 -1.6 1 22 4 1 0
0.0 0.0 0.0 1 0.0 0.0 0.0 1 6.9 7.16 -1.6 1 -2.89 5.29 -3.25 0 23 4 2 0
0.0 0.0 0.0 1 6.9 7.16 -1.6 1 -2.89 5.29 -3.25 0 -8.42 0.04 -9.54 0 24 4 3 1
6.9 7.16 -1.6 1 -2.89 5.29 -3.25 0 -8.42 0.04 -9.54 0 7.17 7.42 -6.98 1 25 4 4 0
-2.89 5.29 -3.25 0 -8.42 0.04 -9.54 0 7.17 7.42 -6.98 1 -12.2 0.04 -13.32 0 26 4 5 1
-8.42 0.04 -9.54 0 7.17 7.42 -6.98 1 -12.2 0.04 -13.32 0 0.0 0.0 0.0 1 27 4 6 1
7.17 7.42 -6.98 1 -12.2 0.04 -13.32 0 0.0 0.0 0.0 1 0.0 0.0 0.0 1 28 4 0 0
-12.2 0.04 -13.32 0 0.0 0.0 0.0 1 0.0 0.0 0.0 1 -7.42 0.32 -16.0 0 29 4 1 1
0.0 0.0 0.0 1 0.0 0.0 0.0 1 -7.42 0.32 -16.0 0 3.73 5.15 -6.2 1 30 4 2 1
0.0 0.0 0.0 1 -7.42 0.32 -16.0 0 3.73 5.15 -6.2 1 4.69 5.12 -1.24 1 1 5 3 1
-7.42 0.32 -16.0 0 3.73 5.15 -6.2 1 4.69 5.12 -1.24 1 3.76 6.35 -0.13 1 2 5 4 1
3.73 5.15 -6.2 1 4.69 5.12 -1.24 1 3.76 6.35 -0.13 1 -2.89 2.34 -6.59 1 3 5 5 1
4.69 5.12 -1.24 1 3.76 6.35 -0.13 1 -2.89 2.34 -6.59 1 0.0 0.0 0.0 1 4 5 6 1
3.76 6.35 -0.13 1 -2.89 2.34 -6.59 1 0.0 0.0 0.0 1 0.0 0.0 0.0 1 5 5 0 1
-2.89 2.34 -6.59 1 0.0 0.0 0.0 1 0.0 0.0 0.0 1 3.68 3.78 -1.35 1 6 5 1 0
0.0 0.0 0.0 1 0.0 0.0 0.0 1 3.68 3.78 -1.35 1 -12.15 0.26 -12.48 0 7 5 2 0
0.0 0.0 0.0 1 3.68 3.78 -1.35 1 -12.15 0.26 -12.48 0 -2.85 0.83 -8.83 0 8 5 3 0
3.68 3.78 -1.35 1 -12.15 0.26 -12.48 0 -2.85 0.83 -8.83 0 -2.33 5.18 -3.42 0 9 5 4 1
-12.15 0.26 -12.48 0 -2.85 0.83 -8.83 0 -2.33 5.18 -3.42 0 1.7 3.05 -6.19 1 10 5 5 1
-2.85 0.83 -8.83 0 -2.33 5.18 -3.42 0 1.7 3.05 -6.19 1 0.0 0.0 0.0 1 11 5 6 1
-2.33 5.18 -3.42 0 1.7 3.05 -6.19 1 0.0 0.0 0.0 1 0.0 0.0 0.0 1 12 5 0 1
1.7 3.05 -6.19 1 0.0 0.0 0.0 1 0.0 0.0 0.0 1 8.56 9.04 0.0 1 13 5 1 1
0.0 0.0 0.0 1 0.0 0.0 0.0 1 8.56 9.04 0.0 1 1.54 2.5 -2.35 1 14 5 2 0
0.0 0.0 0.0 1 8.56 9.04 0.0 1 1.54 2.5 -2.35 1 -5.3 1.72 -6.26 0 15 5 3 0
8.56 9.04 0.0 1 1.54 2.5 -2.35 1 -5.3 1.72 -6.26 0 -2.83 1.1 -7.63 0 16 5 4 1
1.54 2.5 -2.35 1 -5.3 1.72 -6.26 0 -2.83 1.1 -7.63 0 4.9 6.07 -1.23 1 17 5 5 1
-5.3 1.72 -6.26 0 -2.83 1.1 -7.63 0 4.9 6.07 -1.23 1 0.0 0.0 0.0 1 18 5 6 1
-2.83 1.1 -7.63 0 4.9 6.07 -1.23 1 0.0 0.0 0.0 1 0.0 0.0 0.0 1 19 5 0 0
4.9 6.07 -1.23 1 0.0 0.0 0.0 1 0.0 0.0 0.0 1 1.14 3.24 -1.83 0 20 5 1 1
0.0 0.0 0.0 1 0.0 0.0 0.0 1 1.14 3.24 -1.83 0 4.09 7.36 -0.35 1 21 5 2 1
0.0 0.0 0.0 1 1.14 3.24 -1.83 0 4.09 7.36 -0.35 1 2.8 3.74 -0.56 1 22 5 3 1
1.14 3.24 -1.83 0 4.09 7.36 -0.35 1 2.8 3.74 -0.56 1 -0.14 3.48 -2.02 1 23 5 4 1
4.09 7.36 -0.35 1 2.8 3.74 -0.56 1 -0.14 3.48 -2.02 1 6.57 6.67 -0.67 1 24 5 5 1
2.8 3.74 -0.56 1 -0.14 3.48 -2.02 1 6.57 6.67 -0.67 1 0.0 0.0 0.0 1 25 5 6 1
-0.14 3.48 -2.02 1 6.57 6.67 -0.67 1 0.0 0.0 0.0 1 0.0 0.0 0.0 1 26 5 0 1
6.57 6.67 -0.67 1 0.0 0.0 0.0 1 0.0 0.0 0.0 1 0.0 0.0 0.0 1 27 5 1 0
0.0 0.0 0.0 1 0.0 0.0 0.0 1 0.0 0.0 0.0 1 -3.8 0.0 -7.24 0 28 5 2 0
0.0 0.0 0.0 1 0.0 0.0 0.0 1 -3.8 0.0 -7.24 0 0.66 4.32 -2.04 0 29 5 3 1
0.0 0.0 0.0 1 -3.8 0.0 -7.24 0 0.66 4.32 -2.04 0 3.36 4.44 0.0 1 30 5 4 0
-3.8 0.0 -7.24 0 0.66 4.32 -2.04 0 3.36 4.44 0.0 1 -1.88 0.17 -6.82 0 31 5 5 1
0.66 4.32 -2.04 0 3.36 4.44 0.0 1 -1.88 0.17 -6.82 0 0.0 0.0 0.0 1 1 6 6 1
3.36 4.44 0.0 1 -1.88 0.17 -6.82 0 0.0 0.0 0.0 1 0.0 0.0 0.0 1 2 6 0 0
-1.88 0.17 -6.82 0 0.0 0.0 0.0 1 0.0 0.0 0.0 1 -3.37 0.33 -5.21 0 3 6 1 0
0.0 0.0 0.0 1 0.0 0.0 0.0 1 -3.37 0.33 -5.21 0 1.44 2.09 -0.68 0 4 6 2 0
0.0 0.0 0.0 1 -3.37 0.33 -5.21 0 1.44 2.09 -0.68 0 -0.07 2.65 -2.88 0 5 6 3 1
-3.37 0.33 -5.21 0 1.44 2.09 -0.68 0 -0.07 2.65 -2.88 0 15.32 19.61 -1.25 1 6 6 4 1
1.44 2.09 -0.68 0 -0.07 2.65 -2.88 0 15.32 19.61 -1.25 1 4.67 5.87 -0.07 1 7 6 5 1
-0.07 2.65 -2.88 0 15.32 19.61 -1.25 1 4.67 5.87 -0.07 1 0.0 0.0 0.0 1 8 6 6 1
15.32 19.61 -1.25 1 4.67 5.87 -0.07 1 0.0 0.0 0.0 1 0.0 0.0 0.0 1 9 6 0 0
4.67 5.87 -0.07 1 0.0 0.0 0.0 1 0.0 0.0 0.0 1 -3.85 1.65 -5.68 0 10 6 1 1
0.0 0.0 0.0 1 0.0 0.0 0.0 1 -3.85 1.65 -5.68 0 4.76 7.84 -0.15 1 11 6 2 1
0.0 0.0 0.0 1 -3.85 1.65 -5.68 0 4.76 7.84 -0.15 1 -0.99 4.51 -2.19 1 12 6 3 0
-3.85 1.65 -5.68 0 4.76 7.84 -0.15 1 -0.99 4.51 -2.19 1 -9.5 0.09 -10.71 0 13 6 4 1
4.76 7.84 -0.15 1 -0.99 4.51 -2.19 1 -9.5 0.09 -10.71 0 -0.78 2.1 -3.48 1 14 6 5 1
-0.99 4.51 -2.19 1 -9.5 0.09 -10.71 0 -0.78 2.1 -3.48 1 0.0 0.0 0.0 1 15 6 6 1
-9.5 0.09 -10.71 0 -0.78 2.1 -3.48 1 0.0 0.0 0.0 1 0.0 0.0 0.0 1 16 6 0 1
-0.78 2.1 -3.48 1 0.0 0.0 0.0 1 0.0 0.0 0.0 1 1.79 2.76 -2.3 1 17 6 1 0
0.0 0.0 0.0 1 0.0 0.0 0.0 1 1.79 2.76 -2.3 1 -1.92 3.63 -2.25 0 18 6 2 1
0.0 0.0 0.0 1 1.79 2.76 -2.3 1 -1.92 3.63 -2.25 0 6.45 7.81 -2.93 1 19 6 3 0
1.79 2.76 -2.3 1 -1.92 3.63 -2.25 0 6.45 7.81 -2.93 1 -9.0 2.9 -10.0 0 20 6 4 0
-1.92 3.63 -2.25 0 6.45 7.81 -2.93 1 -9.0 2.9 -10.0 0 -4.0 0.02 -7.71 0 21 6 5 1
6.45 7.81 -2.93 1 -9.0 2.9 -10.0 0 -4.0 0.02 -7.71 0 0.0 0.0 0.0 1 22 6 6 1
-9.0 2.9 -10.0 0 -4.0 0.02 -7.71 0 0.0 0.0 0.0 1 0.0 0.0 0.0 1 23 6 0 1
-4.0 0.02 -7.71 0 0.0 0.0 0.0 1 0.0 0.0 0.0 1 3.63 3.89 -2.16 1 24 6 1 0
0.0 0.0 0.0 1 0.0 0.0 0.0 1 3.63 3.89 -2.16 1 -3.38 2.15 -4.8 0 25 6 2 1
0.0 0.0 0.0 1 3.63 3.89 -2.16 1 -3.38 2.15 -4.8 0 3.11 3.78 -2.46 1 26 6 3 0
3.63 3.89 -2.16 1 -3.38 2.15 -4.8 0 3.11 3.78 -2.46 1 -2.8 0.13 -6.36 0 27 6 4 0
-3.38 2.15 -4.8 0 3.11 3.78 -2.46 1 -2.8 0.13 -6.36 0 -1.71 0.22 -2.95 0 28 6 5 1
3.11 3.78 -2.46 1 -2.8 0.13 -6.36 0 -1.71 0.22 -2.95 0 0.0 0.0 0.0 1 29 6 6 1
-2.8 0.13 -6.36 0 -1.71 0.22 -2.95 0 0.0 0.0 0.0 1 0.0 0.0 0.0 1 30 6 0 1
-1.71 0.22 -2.95 0 0.0 0.0 0.0 1 0.0 0.0 0.0 1 -0.2 1.87 -2.73 1 1 7 1 1
0.0 0.0 0.0 1 0.0 0.0 0.0 1 -0.2 1.87 -2.73 1 6.64 7.45 -0.65 1 2 7 2 1
0.0 0.0 0.0 1 -0.2 1.87 -2.73 1 6.64 7.45 -0.65 1 -0.4 3.47 -1.59 1 3 7 3 1
-0.2 1.87 -2.73 1 6.64 7.45 -0.65 1 -0.4 3.47 -1.59 1 2.55 3.45 -1.61 1 4 7 4 1
6.64 7.45 -0.65 1 -0.4 3.47 -1.59 1 2.55 3.45 -1.61 1 0.0 0.0 0.0 1 5 7 5 1
-0.4 3.47 -1.59 1 2.55 3.45 -1.61 1 0.0 0.0 0.0 1 0.0 0.0 0.0 1 6 7 6 1
2.55 3.45 -1.61 1 0.0 0.0 0.0 1 0.0 0.0 0.0 1 0.0 0.0 0.0 1 7 7 0 0
0.0 0.0 0.0 1 0.0 0.0 0.0 1 0.0 0.0 0.0 1 -3.95 0.05 -4.93 0 8 7 1 0
0.0 0.0 0.0 1 0.0 0.0 0.0 1 -3.95 0.05 -4.93 0 -9.29 0.5 -11.62 0 9 7 2 1
0.0 0.0 0.0 1 -3.95 0.05 -4.93 0 -9.29 0.5 -11.62 0 5.09 5.28 -1.6 1 10 7 3 0
-3.95 0.05 -4.93 0 -9.29 0.5 -11.62 0 5.09 5.28 -1.6 1 4.4 6.41 -0.85 0 11 7 4 1
-9.29 0.5 -11.62 0 5.09 5.28 -1.6 1 4.4 6.41 -0.85 0 11.49 12.29 0.0 1 12 7 5 1
5.09 5.28 -1.6 1 4.4 6.41 -0.85 0 11.49 12.29 0.0 1 0.0 0.0 0.0 1 13 7 6 1
4.4 6.41 -0.85 0 11.49 12.29 0.0 1 0.0 0.0 0.0 1 0.0 0.0 0.0 1 14 7 0 1
11.49 12.29 0.0 1 0.0 0.0 0.0 1 0.0 0.0 0.0 1 8.29 8.74 -1.54 1 15 7 1 0
0.0 0.0 0.0 1 0.0 0.0 0.0 1 8.29 8.74 -1.54 1 0.72 1.87 -4.3 0 16 7 2 1
0.0 0.0 0.0 1 8.29 8.74 -1.54 1 0.72 1.87 -4.3 0 0.29 3.68 -2.61 1 17 7 3 0
8.29 8.74 -1.54 1 0.72 1.87 -4.3 0 0.29 3.68 -2.61 1 -1.01 3.53 -2.02 0 18 7 4 1
0.72 1.87 -4.3 0 0.29 3.68 -2.61 1 -1.01 3.53 -2.02 0 3.0 4.75 -2.25 1 19 7 5 1
0.29 3.68 -2.61 1 -1.01 3.53 -2.02 0 3.0 4.75 -2.25 1 0.0 0.0 0.0 1 20 7 6 1
-1.01 3.53 -2.02 0 3.0 4.75 -2.25 1 0.0 0.0 0.0 1 0.0 0.0 0.0 1 21 7 0 1
3.0 4.75 -2.25 1 0.0 0.0 0.0 1 0.0 0.0 0.0 1 1.46 3.41 -1.58 1 22 7 1 1
0.0 0.0 0.0 1 0.0 0.0 0.0 1 1.46 3.41 -1.58 1 5.47 7.51 0.0 1 23 7 2 0
0.0 0.0 0.0 1 1.46 3.41 -1.58 1 5.47 7.51 0.0 1 -0.91 1.39 -2.37 0 24 7 3 1
1.46 3.41 -1.58 1 5.47 7.51 0.0 1 -0.91 1.39 -2.37 0 -1.37 4.86 -1.38 1 25 7 4 0
5.47 7.51 0.0 1 -0.91 1.39 -2.37 0 -1.37 4.86 -1.38 1 7.01 7.85 -2.24 0 26 7 5 1
-0.91 1.39 -2.37 0 -1.37 4.86 -1.38 1 7.01 7.85 -2.24 0 0.0 0.0 0.0 1 27 7 6 1
-1.37 4.86 -1.38 1 7.01 7.85 -2.24 0 0.0 0.0 0.0 1 0.0 0.0 0.0 1 28 7 0 0
7.01 7.85 -2.24 0 0.0 0.0 0.0 1 0.0 0.0 0.0 1 -3.99 0.42 -7.9 0 29 7 1 0
0.0 0.0 0.0 1 0.0 0.0 0.0 1 -3.99 0.42 -7.9 0 -1.98 0.91 -2.42 0 30 7 2 1
0.0 0.0 0.0 1 -3.99 0.42 -7.9 0 -1.98 0.91 -2.42 0 0.72 0.9 -3.23 1 31 7 3 1
-3.99 0.42 -7.9 0 -1.98 0.91 -2.42 0 0.72 0.9 -3.23 1 0.0 0.0 0.0 1 1 8 4 0
-1.98 0.91 -2.42 0 0.72 0.9 -3.23 1 0.0 0.0 0.0 1 -6.63 2.12 -9.09 0 2 8 5 1
0.72 0.9 -3.23 1 0.0 0.0 0.0 1 -6.63 2.12 -9.09 0 0.0 0.0 0.0 1 3 8 6 1
0.0 0.0 0.0 1 -6.63 2.12 -9.09 0 0.0 0.0 0.0 1 0.0 0.0 0.0 1 4 8 0 1
-6.63 2.12 -9.09 0 0.0 0.0 0.0 1 0.0 0.0 0.0 1 4.81 7.33 -0.34 1 5 8 1 0
0.0 0.0 0.0 1 0.0 0.0 0.0 1 4.81 7.33 -0.34 1 -0.98 1.2 -3.19 0 6 8 2 1
0.0 0.0 0.0 1 4.81 7.33 -0.34 1 -0.98 1.2 -3.19 0 3.06 4.8 -0.62 1 7 8 3 0
4.81 7.33 -0.34 1 -0.98 1.2 -3.19 0 3.06 4.8 -0.62 1 -3.76 0.63 -5.52 0 8 8 4 1
-0.98 1.2 -3.19 0 3.06 4.8 -0.62 1 -3.76 0.63 -5.52 0 5.08 5.6 -0.97 1 9 8 5 1
3.06 4.8 -0.62 1 -3.76 0.63 -5.52 0 5.08 5.6 -0.97 1 0.0 0.0 0.0 1 10 8 6 1
-3.76 0.63 -5.52 0 5.08 5.6 -0.97 1 0.0 0.0 0.0 1 0.0 0.0 0.0 1 11 8 0 1
5.08 5.6 -0.97 1 0.0 0.0 0.0 1 0.0 0.0 0.0 1 -0.15 1.9 -1.58 1 12 8 1 1
0.0 0.0 0.0 1 0.0 0.0 0.0 1 -0.15 1.9 -1.58 1 0.43 2.42 -1.91 1 13 8 2 1
0.0 0.0 0.0 1 -0.15 1.9 -1.58 1 0.43 2.42 -1.91 1 -1.03 4.41 -1.17 1 14 8 3 1
-0.15 1.9 -1.58 1 0.43 2.42 -1.91 1 -1.03 4.41 -1.17 1 5.41 6.23 -1.07 1 15 8 4 1
0.43 2.42 -1.91 1 -1.03 4.41 -1.17 1 5.41 6.23 -1.07 1 -1.25 0.12 -6.55 1 16 8 5 1
-1.03 4.41 -1.17 1 5.41 6.23 -1.07 1 -1.25 0.12 -6.55 1 0.0 0.0 0.0 1 17 8 6 1
5.41 6.23 -1.07 1 -1.25 0.12 -6.55 1 0.0 0.0 0.0 1 0.0 0.0 0.0 1 18 8 0 1
-1.25 0.12 -6.55 1 0.0 0.0 0.0 1 0.0 0.0 0.0 1 -0.95 2.31 -1.71 1 19 8 1 1
0.0 0.0 0.0 1 0.0 0.0 0.0 1 -0.95 2.31 -1.71 1 0.07 0.7 -2.04 1 20 8 2 1
0.0 0.0 0.0 1 -0.95 2.31 -1.71 1 0.07 0.7 -2.04 1 1.1 2.37 -0.62 1 21 8 3 0
-0.95 2.31 -1.71 1 0.07 0.7 -2.04 1 1.1 2.37 -0.62 1 -3.57 0.02 -4.23 0 22 8 4 0
0.07 0.7 -2.04 1 1.1 2.37 -0.62 1 -3.57 0.02 -4.23 0 -1.4 1.07 -2.19 0 23 8 5 1
1.1 2.37 -0.62 1 -3.57 0.02 -4.23 0 -1.4 1.07 -2.19 0 0.0 0.0 0.0 1 24 8 6 1
-3.57 0.02 -4.23 0 -1.4 1.07 -2.19 0 0.0 0.0 0.0 1 0.0 0.0 0.0 1 25 8 0 1
-1.4 1.07 -2.19 0 0.0 0.0 0.0 1 0.0 0.0 0.0 1 0.81 3.54 -0.41 1 26 8 1 1
0.0 0.0 0.0 1 0.0 0.0 0.0 1 0.81 3.54 -0.41 1 4.83 7.36 -2.33 1 27 8 2 1
0.0 0.0 0.0 1 0.81 3.54 -0.41 1 4.83 7.36 -2.33 1 1.34 4.81 -0.49 1 28 8 3 0
0.81 3.54 -0.41 1 4.83 7.36 -2.33 1 1.34 4.81 -0.49 1 0.02 1.66 -1.2 0 29 8 4 1
4.83 7.36 -2.33 1 1.34 4.81 -0.49 1 0.02 1.66 -1.2 0 -0.84 0.05 -1.01 1 30 8 5 1
1.34 4.81 -0.49 1 0.02 1.66 -1.2 0 -0.84 0.05 -1.01 1 0.0 0.0 0.0 1 31 8 6 1
0.02 1.66 -1.2 0 -0.84 0.05 -1.01 1 0.0 0.0 0.0 1 0.0 0.0 0.0 1 1 9 0 1
-0.84 0.05 -1.01 1 0.0 0.0 0.0 1 0.0 0.0 0.0 1 0.0 0.0 0.0 1 2 9 1 1
0.0 0.0 0.0 1 0.0 0.0 0.0 1 0.0 0.0 0.0 1 3.44 3.56 -1.68 1 3 9 2 0
0.0 0.0 0.0 1 0.0 0.0 0.0 1 3.44 3.56 -1.68 1 -3.54 0.73 -4.99 0 4 9 3 1
0.0 0.0 0.0 1 3.44 3.56 -1.68 1 -3.54 0.73 -4.99 0 2.26 5.68 -0.11 1 5 9 4 1
3.44 3.56 -1.68 1 -3.54 0.73 -4.99 0 2.26 5.68 -0.11 1 0.08 0.42 -3.8 1 6 9 5 1
-3.54 0.73 -4.99 0 2.26 5.68 -0.11 1 0.08 0.42 -3.8 1 0.0 0.0 0.0 1 7 9 6 1
2.26 5.68 -0.11 1 0.08 0.42 -3.8 1 0.0 0.0 0.0 1 0.0 0.0 0.0 1 8 9 0 0
0.08 0.42 -3.8 1 0.0 0.0 0.0 1 0.0 0.0 0.0 1 -2.2 1.26 -5.5 0 9 9 1 0
0.0 0.0 0.0 1 0.0 0.0 0.0 1 -2.2 1.26 -5.5 0 -11.86 0.15 -12.43 0 10 9 2 1
0.0 0.0 0.0 1 -2.2 1.26 -5.5 0 -11.86 0.15 -12.43 0 -2.95 0.7 -5.45 1 11 9 3 0
-2.2 1.26 -5.5 0 -11.86 0.15 -12.43 0 -2.95 0.7 -5.45 1 0.58 3.07 -3.44 0 12 9 4 1
-11.86 0.15 -12.43 0 -2.95 0.7 -5.45 1 0.58 3.07 -3.44 0 1.63 3.33 -0.7 1 13 9 5 1
-2.95 0.7 -5.45 1 0.58 3.07 -3.44 0 1.63 3.33 -0.7 1 0.0 0.0 0.0 1 14 9 6 1
0.58 3.07 -3.44 0 1.63 3.33 -0.7 1 0.0 0.0 0.0 1 0.0 0.0 0.0 1 15 9 0 0
1.63 3.33 -0.7 1 0.0 0.0 0.0 1 0.0 0.0 0.0 1 -7.02 0.27 -11.91 0 16 9 1 1
0.0 0.0 0.0 1 0.0 0.0 0.0 1 -7.02 0.27 -11.91 0 6.03 7.73 -1.55 1 17 9 2 0
0.0 0.0 0.0 1 -7.02 0.27 -11.91 0 6.03 7.73 -1.55 1 -3.76 0.23 -6.14 0 18 9 3 1
-7.02 0.27 -11.91 0 6.03 7.73 -1.55 1 -3.76 0.23 -6.14 0 -0.44 1.61 -1.71 1 19 9 4 1
6.03 7.73 -1.55 1 -3.76 0.23 -6.14 0 -0.44 1.61 -1.71 1 3.72 5.12 -2.03 1 20 9 5 1
-3.76 0.23 -6.14 0 -0.44 1.61 -1.71 1 3.72 5.12 -2.03 1 0.0 0.0 0.0 1 21 9 6 1
-0.44 1.61 -1.71 1 3.72 5.12 -2.03 1 0.0 0.0 0.0 1 0.0 0.0 0.0 1 22 9 0 0
3.72 5.12 -2.03 1 0.0 0.0 0.0 1 0.0 0.0 0.0 1 -3.97 0.41 -7.4 0 23 9 1 0
0.0 0.0 0.0 1 0.0 0.0 0.0 1 -3.97 0.41 -7.4 0 1.17 5.06 -1.21 0 24 9 2 1
0.0 0.0 0.0 1 -3.97 0.41 -7.4 0 1.17 5.06 -1.21 0 4.04 5.26 -4.61 1 25 9 3 0
-3.97 0.41 -7.4 0 1.17 5.06 -1.21 0 4.04 5.26 -4.61 1 -5.42 1.19 -5.92 0 26 9 4 1
1.17 5.06 -1.21 0 4.04 5.26 -4.61 1 -5.42 1.19 -5.92 0 1.71 1.99 -3.85 1 27 9 5 1
4.04 5.26 -4.61 1 -5.42 1.19 -5.92 0 1.71 1.99 -3.85 1 0.0 0.0 0.0 1 28 9 6 1
-5.42 1.19 -5.92 0 1.71 1.99 -3.85 1 0.0 0.0 0.0 1 0.0 0.0 0.0 1 29 9 0 0
1.71 1.99 -3.85 1 0.0 0.0 0.0 1 0.0 0.0 0.0 1 1.32 3.2 -1.17 0 30 9 1 1
0.0 0.0 0.0 1 0.0 0.0 0.0 1 1.32 3.2 -1.17 0 2.23 3.22 -1.59 1 1 10 2 0
0.0 0.0 0.0 1 1.32 3.2 -1.17 0 2.23 3.22 -1.59 1 -4.58 0.0 -6.44 0 2 10 3 1
1.32 3.2 -1.17 0 2.23 3.22 -1.59 1 -4.58 0.0 -6.44 0 1.49 1.58 -5.49 1 3 10 4 1
2.23 3.22 -1.59 1 -4.58 0.0 -6.44 0 1.49 1.58 -5.49 1 2.39 4.81 -0.74 1 4 10 5 1
-4.58 0.0 -6.44 0 1.49 1.58 -5.49 1 2.39 4.81 -0.74 1 0.0 0.0 0.0 1 5 10 6 1
1.49 1.58 -5.49 1 2.39 4.81 -0.74 1 0.0 0.0 0.0 1 0.0 0.0 0.0 1 6 10 0 0
2.39 4.81 -0.74 1 0.0 0.0 0.0 1 0.0 0.0 0.0 1 -1.93 0.0 -4.38 0 7 10 1 0
0.0 0.0 0.0 1 0.0 0.0 0.0 1 -1.93 0.0 -4.38 0 -2.45 2.52 -2.73 0 8 10 2 1
0.0 0.0 0.0 1 -1.93 0.0 -4.38 0 -2.45 2.52 -2.73 0 6.12 7.51 -2.42 1 9 10 3 0
-1.93 0.0 -4.38 0 -2.45 2.52 -2.73 0 6.12 7.51 -2.42 1 -5.91 0.69 -6.99 0 10 10 4 0
-2.45 2.52 -2.73 0 6.12 7.51 -2.42 1 -5.91 0.69 -6.99 0 -2.32 4.06 -2.33 0 11 10 5 1
6.12 7.51 -2.42 1 -5.91 0.69 -6.99 0 -2.32 4.06 -2.33 0 0.0 0.0 0.0 1 12 10 6 1
-5.91 0.69 -6.99 0 -2.32 4.06 -2.33 0 0.0 0.0 0.0 1 0.0 0.0 0.0 1 13 10 0 0
-2.32 4.06 -2.33 0 0.0 0.0 0.0 1 0.0 0.0 0.0 1 -3.55 3.16 -6.44 0 14 10 1 1
0.0 0.0 0.0 1 0.0 0.0 0.0 1 -3.55 3.16 -6.44 0 -0.06 3.82 -2.55 1 15 10 2 0
0.0 0.0 0.0 1 -3.55 3.16 -6.44 0 -0.06 3.82 -2.55 1 1.62 3.45 -5.23 0 16 10 3 0
-3.55 3.16 -6.44 0 -0.06 3.82 -2.55 1 1.62 3.45 -5.23 0 9.03 12.95 0.0 0 17 10 4 1
-0.06 3.82 -2.55 1 1.62 3.45 -5.23 0 9.03 12.95 0.0 0 -3.18 2.38 -4.1 1 18 10 5 1
1.62 3.45 -5.23 0 9.03 12.95 0.0 0 -3.18 2.38 -4.1 1 0.0 0.0 0.0 1 19 10 6 1
9.03 12.95 0.0 0 -3.18 2.38 -4.1 1 0.0 0.0 0.0 1 0.0 0.0 0.0 1 20 10 0 1
-3.18 2.38 -4.1 1 0.0 0.0 0.0 1 0.0 0.0 0.0 1 3.25 3.56 -0.94 1 21 10 1 1
0.0 0.0 0.0 1 0.0 0.0 0.0 1 3.25 3.56 -0.94 1 5.43 5.74 -2.76 1 22 10 2 0
0.0 0.0 0.0 1 3.25 3.56 -0.94 1 5.43 5.74 -2.76 1 -2.46 3.53 -2.77 0 23 10 3 1
3.25 3.56 -0.94 1 5.43 5.74 -2.76 1 -2.46 3.53 -2.77 0 0.07 3.68 -1.6 1 24 10 4 0
5.43 5.74 -2.76 1 -2.46 3.53 -2.77 0 0.07 3.68 -1.6 1 2.26 9.01 -0.8 0 25 10 5 1
-2.46 3.53 -2.77 0 0.07 3.68 -1.6 1 2.26 9.01 -0.8 0 0.0 0.0 0.0 1 26 10 6 1
0.07 3.68 -1.6 1 2.26 9.01 -0.8 0 0.0 0.0 0.0 1 0.0 0.0 0.0 1 27 10 0 1
2.26 9.01 -0.8 0 0.0 0.0 0.0 1 0.0 0.0 0.0 1 4.27 4.7 -0.65 1 28 10 1 1
0.0 0.0 0.0 1 0.0 0.0 0.0 1 4.27 4.7 -0.65 1 5.62 8.02 -0.18 1 29 10 2 0
0.0 0.0 0.0 1 4.27 4.7 -0.65 1 5.62 8.02 -0.18 1 -5.37 0.0 -6.39 0 30 10 3 1
4.27 4.7 -0.65 1 5.62 8.02 -0.18 1 -5.37 0.0 -6.39 0 5.09 5.72 -1.62 1 31 10 4 1
5.62 8.02 -0.18 1 -5.37 0.0 -6.39 0 5.09 5.72 -1.62 1 0.21 0.46 -3.74 1 1 11 5 1
-5.37 0.0 -6.39 0 5.09 5.72 -1.62 1 0.21 0.46 -3.74 1 0.0 0.0 0.0 1 2 11 6 1
5.09 5.72 -1.62 1 0.21 0.46 -3.74 1 0.0 0.0 0.0 1 0.0 0.0 0.0 1 3 11 0 1
0.21 0.46 -3.74 1 0.0 0.0 0.0 1 0.0 0.0 0.0 1 -0.97 1.31 -3.44 1 4 11 1 0
0.0 0.0 0.0 1 0.0 0.0 0.0 1 -0.97 1.31 -3.44 1 -0.93 0.48 -3.56 0 5 11 2 0
0.0 0.0 0.0 1 -0.97 1.31 -3.44 1 -0.93 0.48 -3.56 0 -6.49 0.57 -8.85 0 6 11 3 1
-0.97 1.31 -3.44 1 -0.93 0.48 -3.56 0 -6.49 0.57 -8.85 0 -0.26 0.1 -4.58 1 7 11 4 1
-0.93 0.48 -3.56 0 -6.49 0.57 -8.85 0 -0.26 0.1 -4.58 1 2.04 2.17 -1.53 1 8 11 5 1
-6.49 0.57 -8.85 0 -0.26 0.1 -4.58 1 2.04 2.17 -1.53 1 0.0 0.0 0.0 1 9 11 6 1
-0.26 0.1 -4.58 1 2.04 2.17 -1.53 1 0.0 0.0 0.0 1 0.0 0.0 0.0 1 10 11 0 1
2.04 2.17 -1.53 1 0.0 0.0 0.0 1 0.0 0.0 0.0 1 5.11 5.8 0.0 1 11 11 1 1
0.0 0.0 0.0 1 0.0 0.0 0.0 1 5.11 5.8 0.0 1 6.07 6.4 -2.24 1 12 11 2 0
0.0 0.0 0.0 1 5.11 5.8 0.0 1 6.07 6.4 -2.24 1 0.76 1.79 -1.89 0 13 11 3 1
5.11 5.8 0.0 1 6.07 6.4 -2.24 1 0.76 1.79 -1.89 0 4.48 5.88 -0.49 1 14 11 4 1
6.07 6.4 -2.24 1 0.76 1.79 -1.89 0 4.48 5.88 -0.49 1 10.56 14.99 -0.85 1 15 11 5 1
0.76 1.79 -1.89 0 4.48 5.88 -0.49 1 10.56 14.99 -0.85 1 0.0 0.0 0.0 1 16 11 6 1
4.48 5.88 -0.49 1 10.56 14.99 -0.85 1 0.0 0.0 0.0 1 0.0 0.0 0.0 1 17 11 0 0
10.56 14.99 -0.85 1 0.0 0.0 0.0 1 0.0 0.0 0.0 1 -2.96 1.99 -7.98 0 18 11 1 1
0.0 0.0 0.0 1 0.0 0.0 0.0 1 -2.96 1.99 -7.98 0 0.94 5.55 -0.6 1 19 11 2 1
0.0 0.0 0.0 1 -2.96 1.99 -7.98 0 0.94 5.55 -0.6 1 -0.46 1.39 -2.97 1 20 11 3 1
-2.96 1.99 -7.98 0 0.94 5.55 -0.6 1 -0.46 1.39 -2.97 1 6.54 8.67 -0.5 1 21 11 4 1
0.94 5.55 -0.6 1 -0.46 1.39 -2.97 1 6.54 8.67 -0.5 1 -2.79 2.91 -3.93 1 22 11 5 1
-0.46 1.39 -2.97 1 6.54 8.67 -0.5 1 -2.79 2.91 -3.93 1 0.0 0.0 0.0 1 23 11 6 1
6.54 8.67 -0.5 1 -2.79 2.91 -3.93 1 0.0 0.0 0.0 1 0.0 0.0 0.0 1 24 11 0 1
-2.79 2.91 -3.93 1 0.0 0.0 0.0 1 0.0 0.0 0.0 1 1.27 2.99 -0.74 1 25 11 1 0
0.0 0.0 0.0 1 0.0 0.0 0.0 1 1.27 2.99 -0.74 1 -0.23 0.95 -3.98 0 26 11 2 0
0.0 0.0 0.0 1 1.27 2.99 -0.74 1 -0.23 0.95 -3.98 0 -0.67 0.41 -2.47 0 27 11 3 1
1.27 2.99 -0.74 1 -0.23 0.95 -3.98 0 -0.67 0.41 -2.47 0 0.0 0.0 0.0 1 28 11 4 1
