0 34.919416
1 37.585811
2 38.458511
3 38.875038
4 39.201336
5 39.468036
6 39.660590
7 39.749410
8 39.670954
9 39.235508
10 38.154309
11 36.689129
12 34.722443
13 32.101000
14 29.265298
15 26.735628
16 24.705997
17 23.131681
18 21.896762
19 20.875830
20 19.937649
21 18.987498
22 18.026988
23 17.089046
24 16.164984
25 15.221888
26 14.234727
27 13.208567
28 12.186289
29 11.218052
30 10.338024
31 9.560676
32 8.873966
33 8.252137
34 7.676194
35 7.136796
36 6.630658
37 6.157516
38 5.718262
39 5.313719
40 4.943034
41 4.603614
42 4.293195
43 4.010470
44 3.754168
45 3.522423
46 3.312864
47 3.123028
48 2.950730
49 2.794207
50 2.652079
51 2.523231
52 2.406701
53 2.301594
54 2.207037
55 2.122160
56 2.046102
57 1.978021
58 1.917101
59 1.862565
60 1.813687
61 1.769789
62 1.730254
63 1.694526
64 1.662110
65 1.632574
66 1.605539
67 1.580685
68 1.557734
69 1.536454
70 1.516648
71 1.498151
72 1.480824
73 1.464550
74 1.449231
75 1.434783
76 1.421136
77 1.408227
78 1.396004
79 1.384419
80 1.373431
81 1.363001
82 1.353096
83 1.343683
84 1.334732
85 1.326215
86 1.318106
87 1.310378
88 1.303009
89 1.295974
90 1.289251
91 1.282818
92 1.276656
93 1.270745
94 1.265065
95 1.259600
96 1.254333
97 1.249248
98 1.244330
99 1.239567
100 1.234945
101 1.230453
102 1.226082
103 1.221822
104 1.217665
105 1.213605
106 1.209635
107 1.205751
108 1.201950
109 1.198227
110 1.194583
111 1.191014
112 1.187522
113 1.184105
114 1.180765
115 1.177502
116 1.174318
117 1.171213
118 1.168190
119 1.165250
120 1.162392
121 1.159618
122 1.156927
123 1.154319
124 1.151793
125 1.149346
126 1.146976
127 1.144678
128 1.142448
129 1.140282
130 1.138171
131 1.136111
132 1.134092
133 1.132106
134 1.130145
135 1.128199
136 1.126259
137 1.124313
138 1.122353
139 1.120366
140 1.118343
141 1.116273
142 1.114145
143 1.111948
144 1.109673
145 1.107309
146 1.104847
147 1.102277
148 1.099591
149 1.096780
150 1.093839
151 1.090759
152 1.087536
153 1.084165
154 1.080644
155 1.076970
156 1.073143
157 1.069164
158 1.065036
159 1.060763
160 1.056351
161 1.051806
162 1.047139
163 1.042360
164 1.037480
165 1.032513
166 1.027474
167 1.022377
168 1.017239
169 1.012078
170 1.006911
171 1.001756
172 0.996630
173 0.991552
174 0.986539
175 0.981607
176 0.976772
177 0.972047
178 0.967448
179 0.962985
180 0.958669
181 0.954509
182 0.950513
183 0.946686
184 0.943034
185 0.939559
186 0.936265
187 0.933152
188 0.930220
189 0.927471
190 0.924901
191 0.922511
192 0.920296
193 0.918256
194 0.916387
195 0.914687
196 0.913151
197 0.911777
198 0.910561
199 0.909500
200 0.908590
201 0.907828
202 0.907211
203 0.906734
204 0.906394
205 0.906188
206 0.906113
207 0.906164
208 0.906340
209 0.906636
210 0.907050
211 0.907578
212 0.908217
213 0.908965
214 0.909818
215 0.910773
216 0.911828
217 0.912980
218 0.914226
219 0.915564
220 0.916992
221 0.918505
222 0.920104
223 0.921785
224 0.923546
225 0.925384
226 0.927299
227 0.929287
228 0.931348
229 0.933478
230 0.935677
231 0.937941
232 0.940270
233 0.942661
234 0.945112
235 0.947620
236 0.950185
237 0.952804
238 0.955473
239 0.958191
240 0.960955
241 0.963763
242 0.966610
243 0.969495
244 0.972414
245 0.975364
246 0.978341
247 0.981342
248 0.984363
249 0.987401
250 0.990453
251 0.993513
252 0.996580
253 0.999650
254 1.002719
255 1.005785
256 1.008845
257 1.011896
258 1.014936
259 1.017964
260 1.020978
261 1.023977
262 1.026960
263 1.029927
264 1.032878
265 1.035814
266 1.038736
267 1.041646
268 1.044546
269 1.047439
270 1.050327
271 1.053215
272 1.056107
273 1.059008
274 1.061923
275 1.064860
276 1.067825
277 1.070827
278 1.073875
279 1.076980
280 1.080153
281 1.083408
282 1.086762
283 1.090231
284 1.093839
285 1.097609
286 1.101572
287 1.105765
288 1.110232
289 1.115030
290 1.120231
291 1.125925
292 1.132236
293 1.139323
294 1.147402
295 1.156755
296 1.167731
297 1.180696
298 1.195898
299 1.213328
300 1.232968
301 1.255580
302 1.283432
303 1.321902
304 1.378933
305 1.452190
306 1.523809
307 1.588331
308 1.645196
309 1.683871
310 1.710470
311 1.729954
312 1.744184
313 1.754557
314 1.762528
315 1.769318
316 1.775636
317 1.781760
318 1.787760
319 1.793648
320 1.799426
321 1.805099
322 1.810678
323 1.816177
324 1.821612
325 1.827000
326 1.832356
327 1.837694
328 1.843029
329 1.848372
330 1.853734
331 1.859123
332 1.864545
333 1.870003
334 1.875500
335 1.881034
336 1.886599
337 1.892188
338 1.897790
339 1.903389
340 1.908968
341 1.914506
342 1.919979
343 1.925362
344 1.930626
345 1.935741
346 1.940676
347 1.945396
348 1.949869
349 1.954063
350 1.957950
351 1.961507
352 1.964720
353 1.967589
354 1.970121
355 1.972339
356 1.974272
357 1.975958
358 1.977428
359 1.978707
360 1.979796
361 1.980664
362 1.981230
363 1.981345
364 1.980756
365 1.979065
366 1.975649
367 1.969579
368 1.959671
369 1.945434
370 1.929659
371 1.917874
372 1.910906
373 1.905393
374 1.900803
375 1.896628
376 1.892754
377 1.888888
378 1.885002
379 1.880853
380 1.876386
381 1.871473
382 1.866169
383 1.860835
384 1.856298
385 1.853532
386 1.852822
387 1.853490
388 1.854509
389 1.854977
390 1.854229
391 1.851940
392 1.848346
393 1.844473
394 1.841851
395 1.841158
396 1.841608
397 1.842104
398 1.841907
399 1.840624
400 1.838308
401 1.835646
402 1.833631
403 1.832503
404 1.831635
405 1.830579
406 1.829323
407 1.828006
408 1.826697
409 1.825393
410 1.824092
411 1.822793
412 1.821497
413 1.820203
414 1.818911
415 1.817620
416 1.816328
417 1.815038
418 1.813735
419 1.812455
420 1.811075
421 1.809992
422 1.807756
423 1.809953
424 1.793521
425 1.854742
426 1.764813
427 1.841412
428 1.657363
429 1.492180
430 1.875712
431 1.482799
432 1.867549
433 1.475497
434 1.861699
435 1.470112
436 1.857398
437 1.466539
438 1.854103
439 1.464503
440 1.851460
441 1.463654
442 1.849265
443 1.463662
444 1.847434
445 1.464276
446 1.845985
447 1.465337
448 1.845058
449 1.466785
450 1.844924
451 1.468623
452 1.845936
453 1.470849
454 1.848380
455 1.473356
456 1.852279
457 1.475691
458 1.857256
459 1.476120
460 1.862548
461 1.474677
462 1.873152
463 1.830440
464 1.860926
465 1.851171
466 1.647636
467 1.496292
468 1.539365
469 1.542548
470 1.502789
471 1.607516
472 1.523458
473 1.566442
474 1.504139
475 1.761514
476 1.253531
477 1.546230
478 1.499824
479 1.731632
480 1.307172
481 1.507159
482 1.569812
483 1.493552
484 1.704374
485 1.586971
486 1.280056
487 1.519548
488 1.497771
489 1.489914
490 1.483069
491 1.511050
492 1.498541
493 1.515959
494 1.466257
495 1.510623
496 1.437837
497 1.320757
498 1.471367
499 1.435330
500 1.421653
501 1.417313
502 1.212640
503 1.243043
504 1.458452
505 1.415106
506 1.263103
507 1.210341
508 1.258429
509 1.412648
510 1.351543
511 1.403930
512 1.396136
513 1.353455
514 1.291436
515 1.245887
516 1.338380
517 1.212572
518 1.661221
519 1.509062
520 1.323621
521 1.331221
522 1.349476
523 1.230430
524 1.651220
525 1.485145
526 1.636957
527 1.501154
528 1.546785
529 1.492372
530 1.502337
531 1.505331
532 1.486110
533 1.514404
534 1.493263
535 1.520381
536 1.504889
537 1.527245
538 1.513597
539 1.561709
540 1.506568
541 1.590326
542 1.502292
543 1.611990
544 1.514991
545 1.658292
546 1.556933
547 1.647821
548 1.559694
549 1.568146
550 1.521610
551 1.476249
552 1.522269
553 1.803218
554 1.641186
555 1.719763
556 1.778749
557 1.693273
558 1.704472
559 1.694926
560 1.673589
561 1.671726
562 1.737067
563 1.620619
564 2.080998
565 2.087073
566 2.085374
567 2.090395
568 2.081481
569 2.081899
570 2.093090
571 2.082554
572 2.078479
573 2.067281
574 2.089504
575 2.078139
576 2.068007
577 2.092188
578 2.101238
579 2.086254
580 2.078482
581 1.774072
582 1.887778
583 1.855995
584 1.951018
585 1.855594
586 1.887949
587 2.064863
588 2.100525
589 1.911125
590 2.189612
591 2.203675
592 2.224898
593 2.230084
594 2.229295
595 2.221186
596 2.199980
597 2.175644
598 2.172834
599 2.098468
600 2.109957
601 2.220757
602 2.170993
603 2.226240
604 2.029718
605 2.227584
606 1.995259
607 2.229089
608 1.983552
609 2.229542
610 1.982137
611 2.227429
612 1.984582
613 2.226019
614 1.989834
615 2.228017
616 1.993467
617 2.227136
618 2.000270
619 2.229896
620 2.002753
621 2.228300
622 2.015037
623 2.231443
624 2.012633
625 2.230529
626 2.036226
627 2.048138
628 2.232462
629 2.107011
630 2.288611
631 2.222124
632 2.186328
633 1.992568
634 2.227479
635 2.047425
636 2.229205
637 2.248896
638 2.193454
639 2.072835
640 1.817788
641 2.185028
642 2.185768
643 2.183970
644 2.185790
645 2.186256
646 2.184821
647 2.185812
648 2.186238
649 2.189224
650 2.196367
651 2.192831
652 2.201569
653 2.206723
654 2.221655
655 2.220165
656 2.210347
657 2.224957
658 2.220389
659 2.215554
660 2.221245
661 2.223046
662 2.221103
663 2.224848
664 2.221509
665 2.225517
666 2.221488
667 2.223961
668 2.221519
669 2.221992
670 2.221523
671 2.221861
672 2.222143
673 2.222559
674 2.222681
675 2.223163
676 2.223119
677 2.223709
678 2.223441
679 2.224095
680 2.223726
681 2.224090
682 2.223719
683 2.223470
684 2.222903
685 2.222145
686 2.221175
687 2.219999
688 2.218595
689 2.216883
690 2.214671
691 2.211459
692 2.205607
693 2.190080
694 2.217160
695 2.226090
696 2.216122
697 2.217975
698 2.214880
699 2.209480
700 2.195735
701 2.171712
702 2.209461
703 2.211359
704 2.210696
705 2.205466
706 2.190949
707 2.191446
708 2.194140
709 2.192498
710 2.195594
711 2.192347
712 2.194508
713 2.191025
714 2.191946
715 2.188717
716 2.188164
717 2.185281
718 2.182864
719 2.179576
720 2.175808
721 2.172297
722 2.170891
723 2.170942
724 2.170175
725 2.169746
726 2.169676
727 2.176404
728 1.915791
729 2.159698
730 2.108790
731 1.816422
732 1.817389
733 1.971905
734 2.364362
735 2.017447
736 2.390840
737 2.283780
738 1.987666
739 2.359101
740 2.267135
741 2.358431
742 2.347698
743 2.270239
744 2.366710
745 2.359642
746 2.308645
747 2.290127
748 2.297224
749 2.317490
750 2.352659
751 2.367561
752 2.356305
753 2.360214
754 2.345272
755 2.307594
756 2.287871
757 2.320460
758 2.287127
759 2.293554
760 2.294398
761 2.304536
762 2.297664
763 2.298772
764 2.298475
765 2.295427
766 2.292948
767 2.302804
768 2.296572
769 2.274621
770 2.185067
771 2.146219
772 2.286409
773 2.211059
774 2.311978
775 2.266182
776 2.185667
777 2.077192
778 2.253706
779 2.185603
780 1.954925
781 2.154939
782 2.189751
783 2.311047
784 2.323242
785 2.320480
786 2.304322
787 2.252891
788 2.185194
789 1.890098
790 2.320734
791 2.281602
792 2.202893
793 2.410796
794 2.294764
795 2.396043
796 2.177871
797 1.997011
798 2.338792
799 2.336407
800 2.324637
801 2.279919
802 2.210231
803 2.414525
804 2.187355
805 2.207708
806 1.952429
807 2.329285
808 2.283084
809 2.214108
810 2.405361
811 2.302693
812 2.185918
813 1.928934
814 2.352405
815 2.340978
816 2.309939
817 2.236163
818 2.217423
819 1.916482
820 2.326275
821 2.257412
822 2.224236
823 1.924709
824 2.329456
825 2.268024
826 2.235479
827 1.960032
828 2.315464
829 2.253589
830 2.368402
831 2.216935
832 1.961908
833 2.351999
834 2.334008
835 2.293205
836 2.257875
837 2.054051
838 2.311208
839 2.269983
840 2.071395
841 1.960839
842 2.381097
843 2.364624
844 2.349402
845 2.323755
846 2.260030
847 1.960831
848 2.360882
849 2.341044
850 2.288445
851 1.970588
852 2.352724
853 2.313891
854 2.112339
855 1.978251
856 2.362961
857 2.329090
858 2.115393
859 2.184282
860 2.407272
861 2.336051
862 2.248773
863 2.457913
864 2.237762
865 2.464542
866 2.446846
867 2.523778
868 2.452693
869 2.411275
870 2.214608
871 2.472371
872 2.130991
873 2.383185
874 2.458891
875 2.384961
876 2.452394
877 2.355927
878 2.479383
879 2.271619
880 2.464149
881 2.220464
882 2.421264
883 2.225811
884 2.420107
885 2.205660
886 2.368950
887 2.218461
888 2.236529
889 2.421451
890 2.409427
891 2.197058
892 2.340761
893 2.206198
894 2.510851
895 2.218852
896 2.557186
897 2.481266
898 2.209275
899 2.159126
900 2.471818
901 2.321395
902 2.438206
903 2.799418
904 2.923877
905 2.141090
906 2.157445
907 2.223800
908 2.167398
909 2.465969
910 2.216294
911 2.296821
912 2.241627
913 2.240379
914 2.433514
915 2.268736
916 2.498879
917 2.315467
918 2.269526
919 3.011072
920 2.404100
921 2.445627
922 2.338777
923 2.960722
924 2.164032
925 2.481182
926 2.497735
927 2.501117
928 2.982591
929 2.097533
930 2.482226
931 2.166569
932 2.111411
933 2.993381
934 2.118351
935 2.894677
936 2.384397
937 2.394258
938 2.412209
939 3.130387
940 3.096560
941 2.487184
942 2.428128
943 2.141015
944 2.485401
945 2.450060
946 2.492729
947 2.471555
948 2.461235
949 2.449511
950 2.426267
951 2.401174
952 2.355206
953 2.144734
954 2.350331
955 2.273764
956 2.268016
957 2.307772
958 2.067971
959 2.284554
960 2.187000
961 2.198057
962 2.220179
963 2.200445
964 2.254597
965 2.213699
966 2.209627
967 2.096265
968 2.210301
969 2.129796
970 2.151503
971 2.116460
972 2.090808
973 2.086549
974 2.088395
975 2.093294
976 2.097560
977 2.103262
978 2.107939
979 2.111135
980 2.112108
981 2.111334
982 2.110260
983 2.111126
984 2.116728
985 2.127396
986 2.138445
987 2.164714
988 2.266724
989 2.160674
990 2.178744
991 2.264020
992 2.234414
993 2.329728
994 2.267614
995 2.303319
996 2.365311
997 2.278345
998 2.344181
999 2.302311
1000 2.376177
1001 2.436279
1002 2.423319
1003 2.289964
1004 2.365279
1005 2.306218
1006 2.306716
1007 2.310916
1008 3.098354
1009 1.625753
1010 1.763180
1011 1.721922
1012 1.705716
1013 1.711157
1014 1.772785
1015 2.764585
1016 2.532078
1017 2.446795
1018 2.378507
1019 2.462283
1020 2.411303
1021 2.309842
1022 2.357441
1023 2.224168
1024 2.180985
1025 2.188819
1026 2.196965
1027 2.222426
1028 2.229443
1029 2.220432
1030 2.280941
1031 2.218550
1032 2.231738
1033 2.234327
1034 2.382065
1035 2.245084
1036 2.247935
1037 2.243515
1038 2.448790
1039 2.262042
1040 2.507004
1041 2.454333
1042 1.736524
1043 1.587420
1044 1.690477
1045 1.667244
1046 1.662139
1047 1.707348
1048 2.048817
1049 2.125663
1050 2.954579
1051 2.560153
1052 2.845958
1053 2.499667
1054 2.450818
1055 2.948344
1056 2.793193
1057 2.385611
1058 2.554338
1059 2.408738
1060 2.723643
1061 3.315437
1062 2.625884
1063 3.033887
1064 2.577597
1065 3.043696
1066 2.549045
1067 3.625943
1068 2.638791
1069 3.617202
1070 2.658094
1071 2.619137
1072 2.612427
1073 2.592342
1074 3.600445
1075 2.650187
1076 2.613559
1077 2.546615
1078 3.039329
1079 3.194398
1080 2.852256
1081 2.827597
1082 3.391536
1083 3.299131
1084 3.193341
1085 3.234863
1086 3.198841
1087 3.212146
1088 3.211379
1089 3.212340
1090 3.211234
1091 3.206278
1092 3.194633
1093 3.169796
1094 3.125063
1095 3.097108
1096 3.091610
1097 3.074263
1098 3.065077
1099 3.051557
1100 3.043231
1101 3.032403
1102 3.024946
1103 3.016342
1104 3.009761
1105 3.003159
1106 2.997805
1107 2.993134
1108 2.989526
1109 2.986984
1110 2.985680
1111 2.985776
1112 2.987487
1113 2.991092
1114 2.996954
1115 3.005539
1116 3.017373
1117 3.032798
1118 3.051295
1119 3.070455
1120 3.086190
1121 3.096038
1122 3.101658
1123 3.105522
1124 3.108264
1125 3.110131
1126 3.111370
1127 3.112123
1128 3.112527
1129 3.112651
1130 3.112589
1131 3.112362
1132 3.112059
1133 3.111638
1134 3.111259
1135 3.110709
1136 3.110448
1137 3.109656
1138 3.109983
1139 3.108248
1140 3.110755
1141 3.105355
1142 3.115452
1143 3.098858
1144 3.130479
1145 3.098336
1146 3.137482
1147 3.114364
1148 3.117877
1149 3.116494
1150 3.119667
1151 3.123232
1152 3.129388
1153 3.139644
1154 3.157181
1155 3.182640
1156 3.198874
1157 3.197803
1158 3.191231
1159 3.184586
1160 3.178351
1161 3.172675
1162 3.167512
1163 3.162761
1164 3.158318
1165 3.154099
1166 3.150054
1167 3.146169
1168 3.142469
1169 3.139013
1170 3.135885
1171 3.133165
1172 3.130909
1173 3.129130
1174 3.127789
1175 3.126813
1176 3.126106
1177 3.125570
1178 3.125111
1179 3.124653
1180 3.124136
1181 3.123523
1182 3.122799
1183 3.121965
1184 3.121038
1185 3.120044
1186 3.119011
1187 3.117965
1188 3.116928
1189 3.115916
1190 3.114940
1191 3.114003
1192 3.113109
1193 3.112255
1194 3.111441
1195 3.110663
1196 3.109918
1197 3.109206
1198 3.108524
1199 3.107870
1200 3.107244
1201 3.106645
1202 3.106071
1203 3.105524
1204 3.105002
1205 3.104505
1206 3.104033
1207 3.103585
1208 3.103162
1209 3.102764
1210 3.102389
1211 3.102039
1212 3.101712
1213 3.101409
1214 3.101128
1215 3.100871
1216 3.100636
1217 3.100424
1218 3.100234
1219 3.100066
1220 3.099920
1221 3.099795
1222 3.099691
1223 3.099609
1224 3.099547
1225 3.099506
1226 3.099486
1227 3.099485
1228 3.099505
1229 3.099544
1230 3.099603
1231 3.099681
1232 3.099779
1233 3.099896
1234 3.100032
1235 3.100186
1236 3.100360
1237 3.100552
1238 3.100762
1239 3.100990
1240 3.101237
1241 3.101502
1242 3.101784
1243 3.102085
1244 3.102403
1245 3.102738
1246 3.103091
1247 3.103462
1248 3.103850
1249 3.104255
1250 3.104676
1251 3.105115
1252 3.105571
1253 3.106044
1254 3.106533
1255 3.107038
1256 3.107561
1257 3.108099
1258 3.108654
1259 3.109225
1260 3.109811
1261 3.110414
1262 3.111031
1263 3.111669
1264 3.112309
1265 3.112995
1266 3.113625
1267 3.114441
1268 3.114853
1269 3.116316
1270 3.115220
1271 3.120620
1272 3.109924
1273 3.140829
1274 3.072746
1275 3.202222
1276 3.096002
1277 3.197930
1278 3.047308
1279 3.212289
1280 3.164901
1281 3.057053
1282 3.213930
1283 3.162722
1284 3.062956
1285 3.214917
1286 3.159721
1287 3.070783
1288 3.215523
1289 3.148958
1290 3.098103
1291 3.209910
1292 3.059836
1293 3.218446
1294 3.179821
1295 3.046597
1296 3.221680
1297 3.191113
1298 3.045326
1299 3.224358
1300 3.193136
1301 3.050105
1302 3.226481
1303 3.194079
1304 3.055189
1305 3.228549
1306 3.193423
1307 3.060601
1308 3.230626
1309 3.190468
1310 3.066351
1311 3.232710
1312 3.183922
1313 3.073556
1314 3.234746
1315 3.169056
1316 3.091263
1317 3.236504
1318 3.113189
1319 3.233838
1320 3.083663
1321 3.238896
1322 3.150168
1323 3.133549
1324 3.173496
1325 3.086240
1326 3.238742
1327 3.132459
1328 3.191582
1329 3.087658
1330 3.241654
1331 3.143072
1332 3.160944
1333 3.111390
1334 3.237192
1335 3.098456
1336 3.244862
1337 3.125425
1338 3.228741
1339 3.107816
1340 3.245453
1341 3.113327
1342 3.247247
1343 3.110928
1344 3.249546
1345 3.116148
1346 3.249479
1347 3.116312
1348 3.249824
1349 3.118638
1350 3.248734
1351 3.120755
1352 3.246724
1353 3.122641
1354 3.244190
1355 3.124193
1356 3.241674
1357 3.125493
1358 3.239427
1359 3.126689
1360 3.237394
1361 3.127863
1362 3.235453
1363 3.129034
1364 3.233538
1365 3.130202
1366 3.231623
1367 3.131368
1368 3.229692
1369 3.132535
1370 3.227732
1371 3.133708
1372 3.225736
1373 3.134892
1374 3.223696
1375 3.136093
1376 3.221607
1377 3.137317
1378 3.219465
1379 3.138570
1380 3.217265
1381 3.139861
1382 3.215006
1383 3.141198
1384 3.212684
1385 3.142591
1386 3.210299
1387 3.144051
1388 3.207847
1389 3.145591
1390 3.205331
1391 3.147227
1392 3.202750
1393 3.148974
1394 3.200111
1395 3.150852
1396 3.197423
1397 3.152880
1398 3.194704
1399 3.155077
1400 3.191984
1401 3.157455
1402 3.189311
1403 3.160016
1404 3.186755
1405 3.162740
1406 3.184414
1407 3.165574
1408 3.182402
1409 3.168427
1410 3.180840
1411 3.171178
1412 3.179818
1413 3.173705
1414 3.179368
1415 3.175929
1416 3.179453
1417 3.177839
1418 3.179981
1419 3.179488
1420 3.180832
1421 3.180959
1422 3.181897
1423 3.182334
1424 3.183095
1425 3.183675
1426 3.184372
1427 3.185016
1428 3.185701
1429 3.186376
1430 3.187068
1431 3.187763
1432 3.188468
1433 3.189179
1434 3.189897
1435 3.190623
1436 3.191355
1437 3.192094
1438 3.192839
1439 3.193590
1440 3.194347
1441 3.195111
1442 3.195879
1443 3.196654
1444 3.197433
1445 3.198217
1446 3.199006
1447 3.199799
1448 3.200597
1449 3.201398
1450 3.202204
1451 3.203013
1452 3.203826
1453 3.204641
1454 3.205461
1455 3.206283
1456 3.207108
1457 3.207936
1458 3.208768
1459 3.209602
1460 3.210439
1461 3.211279
1462 3.212123
1463 3.212970
1464 3.213820
1465 3.214675
1466 3.215533
1467 3.216397
1468 3.217265
1469 3.218138
1470 3.219018
1471 3.219905
1472 3.220799
1473 3.221701
1474 3.222612
1475 3.223533
1476 3.224465
1477 3.225409
1478 3.226367
1479 3.227339
1480 3.228328
1481 3.229335
1482 3.230362
1483 3.231411
1484 3.232483
1485 3.233582
1486 3.234711
1487 3.235871
1488 3.237067
1489 3.238303
1490 3.239582
1491 3.240909
1492 3.242290
1493 3.243731
1494 3.245238
1495 3.246821
1496 3.248489
1497 3.250252
1498 3.252125
1499 3.254123
1500 3.256266
1501 3.258578
1502 3.261087
1503 3.263830
1504 3.266851
1505 3.270202
1506 3.273938
1507 3.278087
1508 3.282532
1509 3.286525
1510 3.286497
1511 3.267721
1512 3.205470
1513 3.156191
1514 3.133269
1515 3.101763
1516 3.084323
1517 3.059297
1518 3.044205
1519 3.022870
1520 3.008408
1521 2.989786
1522 2.975166
1523 2.958599
1524 2.943820
1525 2.928599
1526 2.914019
1527 2.899579
1528 2.885417
1529 2.871450
1530 2.857624
1531 2.843839
1532 2.829929
1533 2.815625
1534 2.800489
1535 2.783843
1536 2.764760
1537 2.745233
1538 2.740378
1539 2.737921
1540 2.734592
1541 2.732462
1542 2.729832
1543 2.727911
1544 2.725616
1545 2.723805
1546 2.721674
1547 2.719922
1548 2.717874
1549 2.716156
1550 2.714145
1551 2.712450
1552 2.710447
1553 2.708769
1554 2.706753
1555 2.705090
1556 2.703040
1557 2.701394
1558 2.699290
1559 2.697665
1560 2.695484
1561 2.693885
1562 2.691602
1563 2.690038
1564 2.687626
1565 2.686105
1566 2.683535
1567 2.682064
1568 2.679308
1569 2.677888
1570 2.674926
1571 2.673545
1572 2.670368
1573 2.668992
1574 2.665616
1575 2.664180
1576 2.660644
1577 2.659052
1578 2.655419
1579 2.653552
1580 2.649883
1581 2.647624
1582 2.643949
1583 2.641212
1584 2.637497
1585 2.634242
1586 2.630381
1587 2.626598
1588 2.622429
1589 2.618095
1590 2.613431
1591 2.608454
1592 2.603087
1593 2.597273
1594 2.590926
1595 2.583938
1596 2.576163
1597 2.567391
1598 2.557314
1599 2.545432
1600 2.530936
1601 2.512745
1602 2.490547
1603 2.466426
1604 2.443009
1605 2.420621
1606 2.398549
1607 2.376283
1608 2.353473
1609 2.329836
1610 2.305138
1611 2.279205
1612 2.251963
1613 2.223536
1614 2.194376
1615 2.165412
1616 2.138036
1617 2.113773
1618 2.093676
1619 2.077915
1620 2.065932
1621 2.056917
1622 2.050147
1623 2.045070
1624 2.041274
1625 2.038451
1626 2.036366
1627 2.034835
1628 2.033717
1629 2.032902
1630 2.032307
1631 2.031866
1632 2.031533
1633 2.031271
1634 2.031055
1635 2.030867
1636 2.030694
1637 2.030530
1638 2.030368
1639 2.030206
1640 2.030043
1641 2.029878
1642 2.029712
1643 2.029546
1644 2.029379
1645 2.029214
1646 2.029052
1647 2.028892
1648 2.028735
1649 2.028583
1650 2.028435
1651 2.028292
1652 2.028153
1653 2.028019
1654 2.027891
1655 2.027766
1656 2.027646
1657 2.027530
1658 2.027417
1659 2.027307
1660 2.027200
1661 2.027096
1662 2.026993
1663 2.026891
1664 2.026790
1665 2.026690
1666 2.026590
1667 2.026490
1668 2.026389
1669 2.026286
1670 2.026183
1671 2.026077
1672 2.025970
1673 2.025861
1674 2.025749
1675 2.025635
1676 2.025518
1677 2.025398
1678 2.025275
1679 2.025149
1680 2.025020
1681 2.024888
1682 2.024753
1683 2.024615
1684 2.024473
1685 2.024329
1686 2.024181
1687 2.024031
1688 2.023877
1689 2.023721
1690 2.023562
1691 2.023400
1692 2.023236
1693 2.023069
1694 2.022900
1695 2.022729
1696 2.022555
1697 2.022380
1698 2.022203
1699 2.022024
1700 2.021844
1701 2.021663
1702 2.021480
1703 2.021296
1704 2.021112
1705 2.020926
1706 2.020740
1707 2.020553
1708 2.020367
1709 2.020180
1710 2.019993
1711 2.019806
1712 2.019619
1713 2.019433
1714 2.019248
1715 2.019063
1716 2.018879
1717 2.018697
1718 2.018515
1719 2.018336
1720 2.018157
1721 2.017981
1722 2.017807
1723 2.017634
1724 2.017464
1725 2.017297
1726 2.017132
1727 2.016970
1728 2.016811
1729 2.016655
1730 2.016503
1731 2.016355
1732 2.016210
1733 2.016069
1734 2.015933
1735 2.015801
1736 2.015673
1737 2.015551
1738 2.015434
1739 2.015322
1740 2.015216
1741 2.015115
1742 2.015021
1743 2.014933
1744 2.014852
1745 2.014778
1746 2.014712
1747 2.014653
1748 2.014602
1749 2.014559
1750 2.014524
1751 2.014499
1752 2.014483
1753 2.014477
1754 2.014480
1755 2.014495
1756 2.014520
1757 2.014556
1758 2.014605
1759 2.014665
1760 2.014739
1761 2.014825
1762 2.014926
1763 2.015041
1764 2.015171
1765 2.015317
1766 2.015479
1767 2.015658
1768 2.015855
1769 2.016070
1770 2.016305
1771 2.016559
1772 2.016834
1773 2.017131
1774 2.017451
1775 2.017794
1776 2.018162
1777 2.018555
1778 2.018976
1779 2.019424
1780 2.019902
1781 2.020410
1782 2.020951
1783 2.021524
1784 2.022133
1785 2.022778
1786 2.023462
1787 2.024186
1788 2.024951
1789 2.025761
1790 2.026617
1791 2.027521
1792 2.028475
1793 2.029483
1794 2.030546
1795 2.031668
1796 2.032852
1797 2.034100
1798 2.035416
1799 2.036803
1800 2.038265
1801 2.039806
1802 2.041430
1803 2.043141
1804 2.044943
1805 2.046842
1806 2.048842
1807 2.050948
1808 2.053166
1809 2.055502
1810 2.057960
1811 2.060547
1812 2.063269
1813 2.066132
1814 2.069141
1815 2.072304
1816 2.075625
1817 2.079111
1818 2.082767
1819 2.086599
1820 2.090611
1821 2.094808
1822 2.099194
1823 2.103772
1824 2.108547
1825 2.113520
1826 2.118695
1827 2.124073
1828 2.129658
1829 2.135451
1830 2.141455
1831 2.147671
1832 2.154104
1833 2.160754
1834 2.167625
1835 2.174718
1836 2.182034
1837 2.189574
1838 2.197334
1839 2.205309
1840 2.213489
1841 2.221856
1842 2.230388
1843 2.239052
1844 2.247807
1845 2.256603
1846 2.265382
1847 2.274086
1848 2.282653
1849 2.291027
1850 2.299161
1851 2.307019
1852 2.314574
1853 2.321813
1854 2.328729
1855 2.335322
1856 2.341599
1857 2.347566
1858 2.353235
1859 2.358617
1860 2.363724
1861 2.368569
1862 2.373164
1863 2.377522
1864 2.381654
1865 2.385573
1866 2.389289
1867 2.392812
1868 2.396153
1869 2.399319
1870 2.402319
1871 2.405161
1872 2.407850
1873 2.410393
1874 2.412797
1875 2.415066
1876 2.417206
1877 2.419222
1878 2.421119
1879 2.422902
1880 2.424575
1881 2.426142
1882 2.427609
1883 2.428979
1884 2.430257
1885 2.431447
1886 2.432552
1887 2.433578
1888 2.434527
1889 2.435403
1890 2.436210
1891 2.436952
1892 2.437631
1893 2.438252
1894 2.438816
1895 2.439327
1896 2.439788
1897 2.440201
1898 2.440569
1899 2.440894
1900 2.441179
1901 2.441425
1902 2.441636
1903 2.441812
1904 2.441956
1905 2.442069
1906 2.442154
1907 2.442211
1908 2.442243
1909 2.442250
1910 2.442235
1911 2.442197
1912 2.442139
1913 2.442062
1914 2.441967
1915 2.441854
1916 2.441725
1917 2.441581
1918 2.441422
1919 2.441250
1920 2.441065
1921 2.440868
1922 2.440660
1923 2.440441
1924 2.440212
1925 2.439973
1926 2.439726
1927 2.439470
1928 2.439206
1929 2.438936
1930 2.438658
1931 2.438374
1932 2.438084
1933 2.437789
1934 2.437488
1935 2.437182
1936 2.436873
1937 2.436558
1938 2.436240
1939 2.435919
1940 2.435594
1941 2.435266
1942 2.434936
1943 2.434603
1944 2.434268
1945 2.433930
1946 2.433591
1947 2.433250
1948 2.432908
1949 2.432564
1950 2.432219
1951 2.431874
1952 2.431527
1953 2.431180
1954 2.430832
1955 2.430484
1956 2.430135
1957 2.429787
1958 2.429438
1959 2.429089
1960 2.428741
1961 2.428392
1962 2.428044
1963 2.427697
1964 2.427350
1965 2.427003
1966 2.426657
1967 2.426312
1968 2.425967
1969 2.425623
1970 2.425281
1971 2.424939
1972 2.424598
1973 2.424258
1974 2.423919
1975 2.423581
1976 2.423244
1977 2.422909
1978 2.422574
1979 2.422241
1980 2.421910
1981 2.421579
1982 2.421250
1983 2.420922
1984 2.420595
1985 2.420270
1986 2.419946
1987 2.419624
1988 2.419303
1989 2.418983
1990 2.418665
1991 2.418348
1992 2.418033
1993 2.417719
1994 2.417407
1995 2.417096
1996 2.416787
1997 2.416479
1998 2.416173
1999 2.415868
2000 2.415564
2001 2.415263
2002 2.414962
2003 2.414663
2004 2.414366
2005 2.414070
2006 2.413776
2007 2.413483
2008 2.413191
2009 2.412901
2010 2.412613
2011 2.412326
2012 2.412040
2013 2.411756
2014 2.411473
2015 2.411192
2016 2.410913
2017 2.410634
2018 2.410357
2019 2.410082
2020 2.409808
2021 2.409535
2022 2.409264
2023 2.408994
2024 2.408725
2025 2.408458
2026 2.408192
2027 2.407928
2028 2.407665
2029 2.407403
2030 2.407142
2031 2.406883
2032 2.406625
2033 2.406369
2034 2.406113
2035 2.405859
2036 2.405607
2037 2.405355
2038 2.405105
2039 2.404856
2040 2.404608
2041 2.404362
2042 2.404116
2043 2.403872
2044 2.403629
2045 2.403387
2046 2.403147
2047 2.402907
2048 2.402669
2049 2.402432
2050 2.402196
2051 2.401961
2052 2.401727
2053 2.401494
2054 2.401263
2055 2.401032
2056 2.400803
2057 2.400574
2058 2.400347
2059 2.400121
2060 2.399896
2061 2.399671
2062 2.399448
2063 2.399226
2064 2.399005
2065 2.398785
2066 2.398566
2067 2.398347
2068 2.398130
2069 2.397914
2070 2.397699
2071 2.397484
2072 2.397271
2073 2.397059
2074 2.396847
2075 2.396636
2076 2.396427
2077 2.396218
2078 2.396010
2079 2.395803
2080 2.395597
2081 2.395392
2082 2.395187
2083 2.394984
2084 2.394781
2085 2.394579
2086 2.394379
2087 2.394178
2088 2.393979
2089 2.393781
2090 2.393583
2091 2.393386
2092 2.393190
2093 2.392995
2094 2.392801
2095 2.392607
2096 2.392414
2097 2.392222
2098 2.392031
2099 2.391840
2100 2.391650
2101 2.391461
2102 2.391273
2103 2.391085
2104 2.390899
2105 2.390713
2106 2.390527
2107 2.390343
2108 2.390159
2109 2.389976
2110 2.389793
2111 2.389611
2112 2.389430
2113 2.389250
2114 2.389070
2115 2.388891
2116 2.388713
2117 2.388535
2118 2.388358
2119 2.388182
2120 2.388006
2121 2.387831
2122 2.387657
2123 2.387483
2124 2.387310
2125 2.387138
2126 2.386966
2127 2.386795
2128 2.386625
2129 2.386455
2130 2.386286
2131 2.386117
2132 2.385949
2133 2.385782
2134 2.385615
2135 2.385449
2136 2.385284
2137 2.385119
2138 2.384954
2139 2.384791
2140 2.384627
2141 2.384465
2142 2.384303
2143 2.384142
2144 2.383981
2145 2.383821
2146 2.383661
2147 2.383502
2148 2.383344
2149 2.383186
2150 2.383028
2151 2.382871
2152 2.382715
2153 2.382560
2154 2.382404
2155 2.382250
2156 2.382096
2157 2.381942
2158 2.381789
2159 2.381637
2160 2.381485
2161 2.381334
2162 2.381183
2163 2.381033
2164 2.380883
2165 2.380734
2166 2.380585
2167 2.380437
2168 2.380289
2169 2.380142
2170 2.379996
2171 2.379850
2172 2.379704
2173 2.379559
2174 2.379414
2175 2.379270
2176 2.379127
2177 2.378984
2178 2.378841
2179 2.378699
2180 2.378557
2181 2.378416
2182 2.378276
2183 2.378136
2184 2.377996
2185 2.377857
2186 2.377718
2187 2.377580
2188 2.377442
2189 2.377305
2190 2.377168
2191 2.377032
2192 2.376896
2193 2.376761
2194 2.376626
2195 2.376492
2196 2.376358
2197 2.376224
2198 2.376091
2199 2.375959
2200 2.375827
2201 2.375695
2202 2.375564
2203 2.375433
2204 2.375303
2205 2.375173
2206 2.375043
2207 2.374914
2208 2.374786
2209 2.374658
2210 2.374530
2211 2.374403
2212 2.374276
2213 2.374150
2214 2.374024
2215 2.373898
2216 2.373773
2217 2.373649
2218 2.373525
2219 2.373401
2220 2.373277
2221 2.373154
2222 2.373032
2223 2.372910
2224 2.372788
2225 2.372667
2226 2.372546
2227 2.372426
2228 2.372306
2229 2.372186
2230 2.372067
2231 2.371948
2232 2.371830
2233 2.371711
2234 2.371594
2235 2.371477
2236 2.371360
2237 2.371243
2238 2.371127
2239 2.371012
2240 2.370897
2241 2.370782
2242 2.370667
2243 2.370553
2244 2.370439
2245 2.370326
2246 2.370213
2247 2.370101
2248 2.369988
2249 2.369877
2250 2.369765
2251 2.369654
2252 2.369544
2253 2.369433
2254 2.369323
2255 2.369214
2256 2.369104
2257 2.368996
2258 2.368887
2259 2.368779
2260 2.368671
2261 2.368564
2262 2.368457
2263 2.368350
2264 2.368244
2265 2.368138
2266 2.368032
2267 2.367927
2268 2.367822
2269 2.367717
2270 2.367613
2271 2.367509
2272 2.367406
2273 2.367302
2274 2.367200
2275 2.367097
2276 2.366995
2277 2.366893
2278 2.366791
2279 2.366690
2280 2.366589
2281 2.366489
2282 2.366389
2283 2.366289
2284 2.366189
2285 2.366090
2286 2.365991
2287 2.365892
2288 2.365794
2289 2.365696
2290 2.365598
2291 2.365501
2292 2.365404
2293 2.365307
2294 2.365211
2295 2.365114
2296 2.365019
2297 2.364923
2298 2.364828
2299 2.364733
2300 2.364638
2301 2.364544
2302 2.364450
2303 2.364356
2304 2.364263
2305 2.364170
2306 2.364077
2307 2.363984
2308 2.363892
2309 2.363800
2310 2.363708
2311 2.363617
2312 2.363525
2313 2.363435
2314 2.363344
2315 2.363254
2316 2.363164
2317 2.363074
2318 2.362984
2319 2.362895
2320 2.362806
2321 2.362717
2322 2.362629
2323 2.362541
2324 2.362453
2325 2.362365
2326 2.362278
2327 2.362190
2328 2.362103
2329 2.362017
2330 2.361930
2331 2.361844
2332 2.361758
2333 2.361673
2334 2.361587
2335 2.361502
2336 2.361417
2337 2.361333
2338 2.361248
2339 2.361164
2340 2.361080
2341 2.360996
2342 2.360913
2343 2.360829
2344 2.360746
2345 2.360664
2346 2.360581
2347 2.360499
2348 2.360416
2349 2.360335
2350 2.360253
2351 2.360171
2352 2.360090
2353 2.360009
2354 2.359928
2355 2.359848
2356 2.359767
2357 2.359687
2358 2.359607
2359 2.359527
2360 2.359448
2361 2.359368
2362 2.359289
2363 2.359210
2364 2.359131
2365 2.359053
2366 2.358975
2367 2.358896
2368 2.358818
2369 2.358741
2370 2.358663
2371 2.358586
2372 2.358508
2373 2.358431
2374 2.358354
2375 2.358278
2376 2.358201
2377 2.358125
2378 2.358049
2379 2.357973
2380 2.357897
2381 2.357821
2382 2.357746
2383 2.357671
2384 2.357596
2385 2.357521
2386 2.357446
2387 2.357371
2388 2.357297
2389 2.357222
2390 2.357148
2391 2.357074
2392 2.357001
2393 2.356927
2394 2.356853
2395 2.356780
2396 2.356707
2397 2.356634
2398 2.356561
2399 2.356488
2400 2.356415
2401 2.356343
2402 2.356271
2403 2.356198
2404 2.356126
2405 2.356054
2406 2.355983
2407 2.355911
2408 2.355839
2409 2.355768
2410 2.355697
2411 2.355625
2412 2.355554
2413 2.355484
2414 2.355413
2415 2.355342
2416 2.355272
2417 2.355201
2418 2.355131
2419 2.355061
2420 2.354990
2421 2.354921
2422 2.354851
2423 2.354781
2424 2.354711
2425 2.354642
2426 2.354572
2427 2.354503
2428 2.354434
2429 2.354365
2430 2.354296
2431 2.354227
2432 2.354158
2433 2.354089
2434 2.354020
2435 2.353952
2436 2.353883
2437 2.353815
2438 2.353747
2439 2.353678
2440 2.353610
2441 2.353542
2442 2.353474
2443 2.353406
2444 2.353338
2445 2.353271
2446 2.353203
2447 2.353135
2448 2.353068
2449 2.353000
2450 2.352933
2451 2.352866
2452 2.352798
2453 2.352731
2454 2.352664
2455 2.352597
2456 2.352530
2457 2.352463
2458 2.352396
2459 2.352329
2460 2.352263
2461 2.352196
2462 2.352129
2463 2.352063
2464 2.351996
2465 2.351929
2466 2.351863
2467 2.351796
2468 2.351730
2469 2.351664
2470 2.351597
2471 2.351531
2472 2.351465
2473 2.351398
2474 2.351332
2475 2.351266
2476 2.351200
2477 2.351134
2478 2.351068
2479 2.351002
2480 2.350936
2481 2.350870
2482 2.350804
2483 2.350738
2484 2.350672
2485 2.350606
2486 2.350540
2487 2.350474
2488 2.350408
2489 2.350342
2490 2.350276
2491 2.350211
2492 2.350145
2493 2.350079
2494 2.350013
2495 2.349947
2496 2.349881
2497 2.349816
2498 2.349750
2499 2.349684
2500 2.349618
2501 2.349552
2502 2.349486
2503 2.349420
2504 2.349355
2505 2.349289
2506 2.349223
2507 2.349157
2508 2.349091
2509 2.349025
2510 2.348959
2511 2.348893
2512 2.348827
2513 2.348761
2514 2.348695
2515 2.348629
2516 2.348563
2517 2.348497
2518 2.348430
2519 2.348364
2520 2.348298
2521 2.348232
2522 2.348165
2523 2.348099
2524 2.348033
2525 2.347966
2526 2.347900
2527 2.347833
2528 2.347767
2529 2.347700
2530 2.347634
2531 2.347567
2532 2.347500
2533 2.347433
2534 2.347366
2535 2.347300
2536 2.347233
2537 2.347166
2538 2.347099
2539 2.347031
2540 2.346964
2541 2.346897
2542 2.346830
2543 2.346762
2544 2.346695
2545 2.346627
2546 2.346560
2547 2.346492
2548 2.346425
2549 2.346357
2550 2.346289
2551 2.346221
2552 2.346153
2553 2.346085
2554 2.346017
2555 2.345949
2556 2.345880
2557 2.345812
2558 2.345743
2559 2.345675
2560 2.345606
2561 2.345537
2562 2.345468
2563 2.345399
2564 2.345330
2565 2.345261
2566 2.345192
2567 2.345123
2568 2.345053
2569 2.344984
2570 2.344914
2571 2.344845
2572 2.344775
2573 2.344705
2574 2.344635
2575 2.344565
2576 2.344494
2577 2.344424
2578 2.344354
2579 2.344283
2580 2.344212
2581 2.344141
2582 2.344071
2583 2.343999
2584 2.343928
2585 2.343857
2586 2.343786
2587 2.343714
2588 2.343642
2589 2.343571
2590 2.343499
2591 2.343427
2592 2.343355
2593 2.343282
2594 2.343210
2595 2.343137
2596 2.343065
2597 2.342992
2598 2.342919
2599 2.342846
2600 2.342772
2601 2.342699
2602 2.342625
2603 2.342552
2604 2.342478
2605 2.342404
2606 2.342330
2607 2.342256
2608 2.342181
2609 2.342107
2610 2.342032
2611 2.341957
2612 2.341882
2613 2.341807
2614 2.341731
2615 2.341656
2616 2.341580
2617 2.341504
2618 2.341428
2619 2.341352
2620 2.341276
2621 2.341199
2622 2.341123
2623 2.341046
2624 2.340969
2625 2.340892
2626 2.340814
2627 2.340737
2628 2.340659
2629 2.340581
2630 2.340503
2631 2.340425
2632 2.340347
2633 2.340268
2634 2.340189
2635 2.340110
2636 2.340031
2637 2.339952
2638 2.339872
2639 2.339793
2640 2.339713
2641 2.339633
2642 2.339553
2643 2.339472
2644 2.339391
2645 2.339311
2646 2.339230
2647 2.339148
2648 2.339067
2649 2.338985
2650 2.338903
2651 2.338821
2652 2.338739
2653 2.338657
2654 2.338574
2655 2.338491
2656 2.338408
2657 2.338325
2658 2.338241
2659 2.338157
2660 2.338073
2661 2.337989
2662 2.337905
2663 2.337820
2664 2.337735
2665 2.337650
2666 2.337565
2667 2.337480
2668 2.337394
2669 2.337308
2670 2.337222
2671 2.337136
2672 2.337049
2673 2.336962
2674 2.336875
2675 2.336788
2676 2.336700
2677 2.336613
2678 2.336525
2679 2.336436
2680 2.336348
2681 2.336259
2682 2.336170
2683 2.336081
2684 2.335992
2685 2.335902
2686 2.335812
2687 2.335722
2688 2.335632
2689 2.335541
2690 2.335450
2691 2.335359
2692 2.335268
2693 2.335176
2694 2.335084
2695 2.334992
2696 2.334900
2697 2.334807
2698 2.334714
2699 2.334621
2700 2.334528
2701 2.334434
2702 2.334340
2703 2.334246
2704 2.334152
2705 2.334057
2706 2.333962
2707 2.333867
2708 2.333771
2709 2.333675
2710 2.333579
2711 2.333483
2712 2.333386
2713 2.333290
2714 2.333192
2715 2.333095
2716 2.332997
2717 2.332899
2718 2.332801
2719 2.332703
2720 2.332604
2721 2.332505
2722 2.332406
2723 2.332306
2724 2.332206
2725 2.332106
2726 2.332005
2727 2.331905
2728 2.331804
2729 2.331702
2730 2.331601
2731 2.331499
2732 2.331397
2733 2.331294
2734 2.331191
2735 2.331088
2736 2.330985
2737 2.330881
2738 2.330777
2739 2.330673
2740 2.330569
2741 2.330464
2742 2.330359
2743 2.330253
2744 2.330148
2745 2.330041
2746 2.329935
2747 2.329829
2748 2.329722
2749 2.329614
2750 2.329507
2751 2.329399
2752 2.329291
2753 2.329182
2754 2.329074
2755 2.328964
2756 2.328855
2757 2.328745
2758 2.328635
2759 2.328525
2760 2.328414
2761 2.328303
2762 2.328192
2763 2.328080
2764 2.327969
2765 2.327856
2766 2.327744
2767 2.327631
2768 2.327518
2769 2.327404
2770 2.327290
2771 2.327176
2772 2.327062
2773 2.326947
2774 2.326832
2775 2.326716
2776 2.326601
2777 2.326484
2778 2.326368
2779 2.326251
2780 2.326134
2781 2.326017
2782 2.325899
2783 2.325781
2784 2.325663
2785 2.325544
2786 2.325425
2787 2.325305
2788 2.325186
2789 2.325065
2790 2.324945
2791 2.324824
2792 2.324703
2793 2.324582
2794 2.324460
2795 2.324338
2796 2.324215
2797 2.324093
2798 2.323970
2799 2.323846
2800 2.323722
2801 2.323598
2802 2.323474
2803 2.323349
2804 2.323224
2805 2.323098
2806 2.322972
2807 2.322846
2808 2.322719
2809 2.322592
2810 2.322465
2811 2.322337
2812 2.322209
2813 2.322081
2814 2.321952
2815 2.321823
2816 2.321694
2817 2.321564
2818 2.321434
2819 2.321304
2820 2.321173
2821 2.321042
2822 2.320910
2823 2.320779
2824 2.320646
2825 2.320514
2826 2.320381
2827 2.320248
2828 2.320114
2829 2.319980
2830 2.319846
2831 2.319711
2832 2.319576
2833 2.319440
2834 2.319305
2835 2.319168
2836 2.319032
2837 2.318895
2838 2.318758
2839 2.318620
2840 2.318482
2841 2.318344
2842 2.318205
2843 2.318066
2844 2.317927
2845 2.317787
2846 2.317647
2847 2.317506
2848 2.317365
2849 2.317224
2850 2.317083
2851 2.316941
2852 2.316798
2853 2.316655
2854 2.316512
2855 2.316369
2856 2.316225
2857 2.316081
2858 2.315936
2859 2.315791
2860 2.315646
2861 2.315500
2862 2.315354
2863 2.315208
2864 2.315061
2865 2.314914
2866 2.314767
2867 2.314619
2868 2.314470
2869 2.314322
2870 2.314173
2871 2.314023
2872 2.313874
2873 2.313723
2874 2.313573
2875 2.313422
2876 2.313271
2877 2.313119
2878 2.312967
2879 2.312815
2880 2.312662
2881 2.312509
2882 2.312355
2883 2.312201
2884 2.312047
2885 2.311893
2886 2.311738
2887 2.311582
2888 2.311426
2889 2.311270
2890 2.311114
2891 2.310957
2892 2.310800
2893 2.310642
2894 2.310484
2895 2.310326
2896 2.310167
2897 2.310008
2898 2.309848
2899 2.309688
2900 2.309528
2901 2.309367
2902 2.309206
2903 2.309045
2904 2.308883
2905 2.308721
2906 2.308558
2907 2.308395
2908 2.308232
2909 2.308069
2910 2.307904
2911 2.307740
2912 2.307575
2913 2.307410
2914 2.307244
2915 2.307079
2916 2.306912
2917 2.306746
2918 2.306578
2919 2.306411
2920 2.306243
2921 2.306075
2922 2.305906
2923 2.305737
2924 2.305568
2925 2.305398
2926 2.305228
2927 2.305058
2928 2.304887
2929 2.304716
2930 2.304544
2931 2.304372
2932 2.304200
2933 2.304027
2934 2.303854
2935 2.303681
2936 2.303507
2937 2.303333
2938 2.303158
2939 2.302983
2940 2.302808
2941 2.302632
2942 2.302456
2943 2.302279
2944 2.302102
2945 2.301925
2946 2.301748
2947 2.301570
2948 2.301391
2949 2.301213
2950 2.301033
2951 2.300854
2952 2.300674
2953 2.300494
2954 2.300313
2955 2.300132
2956 2.299951
2957 2.299769
2958 2.299587
2959 2.299405
2960 2.299222
2961 2.299039
2962 2.298855
2963 2.298671
2964 2.298487
2965 2.298302
2966 2.298117
2967 2.297932
2968 2.297746
2969 2.297560
2970 2.297373
2971 2.297186
2972 2.296999
2973 2.296811
2974 2.296623
2975 2.296435
2976 2.296246
2977 2.296057
2978 2.295868
2979 2.295678
2980 2.295488
2981 2.295297
2982 2.295106
2983 2.294915
2984 2.294723
2985 2.294531
2986 2.294339
2987 2.294146
2988 2.293953
2989 2.293760
2990 2.293566
2991 2.293372
2992 2.293177
2993 2.292982
2994 2.292787
2995 2.292591
2996 2.292395
2997 2.292199
2998 2.292002
2999 2.291805
3000 2.291608
3001 2.291410
3002 2.291212
3003 2.291013
3004 2.290814
3005 2.290615
3006 2.290416
3007 2.290216
3008 2.290015
3009 2.289815
3010 2.289614
3011 2.289412
3012 2.289211
3013 2.289009
3014 2.288806
3015 2.288603
3016 2.288400
3017 2.288197
3018 2.287993
3019 2.287789
3020 2.287584
3021 2.287380
3022 2.287174
3023 2.286969
3024 2.286763
3025 2.286557
3026 2.286350
3027 2.286143
3028 2.285936
3029 2.285728
3030 2.285520
3031 2.285312
3032 2.285103
3033 2.284894
3034 2.284685
3035 2.284475
3036 2.284265
3037 2.284055
3038 2.283844
3039 2.283633
3040 2.283422
3041 2.283210
3042 2.282998
3043 2.282786
3044 2.282573
3045 2.282360
3046 2.282147
3047 2.281933
3048 2.281719
3049 2.281504
3050 2.281290
3051 2.281075
3052 2.280859
3053 2.280644
3054 2.280428
3055 2.280211
3056 2.279994
3057 2.279777
3058 2.279560
3059 2.279342
3060 2.279124
3061 2.278906
3062 2.278687
3063 2.278468
3064 2.278249
3065 2.278029
3066 2.277809
3067 2.277589
3068 2.277368
3069 2.277147
3070 2.276926
3071 2.276705
3072 2.276483
3073 2.276261
3074 2.276038
3075 2.275815
3076 2.275592
3077 2.275368
3078 2.275145
3079 2.274921
3080 2.274696
3081 2.274471
3082 2.274246
3083 2.274021
3084 2.273795
3085 2.273569
3086 2.273343
3087 2.273116
3088 2.272889
3089 2.272662
3090 2.272435
3091 2.272207
3092 2.271979
3093 2.271750
3094 2.271521
3095 2.271292
3096 2.271063
3097 2.270833
3098 2.270603
3099 2.270373
3100 2.270142
3101 2.269911
3102 2.269680
3103 2.269449
3104 2.269217
3105 2.268985
3106 2.268753
3107 2.268520
3108 2.268287
3109 2.268054
3110 2.267820
3111 2.267586
3112 2.267352
3113 2.267117
3114 2.266883
3115 2.266648
3116 2.266412
3117 2.266177
3118 2.265941
3119 2.265705
3120 2.265468
3121 2.265231
3122 2.264994
3123 2.264757
3124 2.264519
3125 2.264281
3126 2.264043
3127 2.263805
3128 2.263566
3129 2.263327
3130 2.263088
3131 2.262848
3132 2.262608
3133 2.262368
3134 2.262127
3135 2.261887
3136 2.261646
3137 2.261404
3138 2.261163
3139 2.260921
3140 2.260679
3141 2.260436
3142 2.260194
3143 2.259951
3144 2.259708
3145 2.259464
3146 2.259220
3147 2.258976
3148 2.258732
3149 2.258487
3150 2.258243
3151 2.257997
3152 2.257752
3153 2.257506
3154 2.257261
3155 2.257014
3156 2.256768
3157 2.256521
3158 2.256274
3159 2.256027
3160 2.255780
3161 2.255532
3162 2.255284
3163 2.255036
3164 2.254787
3165 2.254538
3166 2.254289
3167 2.254040
3168 2.253790
3169 2.253540
3170 2.253290
3171 2.253040
3172 2.252789
3173 2.252539
3174 2.252287
3175 2.252036
3176 2.251784
3177 2.251533
3178 2.251280
3179 2.251028
3180 2.250776
3181 2.250523
3182 2.250270
3183 2.250016
3184 2.249763
3185 2.249509
3186 2.249255
3187 2.249000
3188 2.248746
3189 2.248491
3190 2.248236
3191 2.247980
3192 2.247725
3193 2.247469
3194 2.247213
3195 2.246957
3196 2.246700
3197 2.246443
3198 2.246186
3199 2.245929
3200 2.245672
3201 2.245414
3202 2.245156
3203 2.244898
3204 2.244639
3205 2.244381
3206 2.244122
3207 2.243862
3208 2.243603
3209 2.243343
3210 2.243084
3211 2.242824
3212 2.242563
3213 2.242303
3214 2.242042
3215 2.241781
3216 2.241520
3217 2.241258
3218 2.240996
3219 2.240734
3220 2.240472
3221 2.240210
3222 2.239947
3223 2.239684
3224 2.239421
3225 2.239158
3226 2.238894
3227 2.238631
3228 2.238367
3229 2.238103
3230 2.237838
3231 2.237573
3232 2.237309
3233 2.237043
3234 2.236778
3235 2.236513
3236 2.236247
3237 2.235981
3238 2.235715
3239 2.235448
3240 2.235182
3241 2.234915
3242 2.234648
3243 2.234380
3244 2.234113
3245 2.233845
3246 2.233577
3247 2.233309
3248 2.233040
3249 2.232772
3250 2.232503
3251 2.232234
3252 2.231965
3253 2.231695
3254 2.231426
3255 2.231156
3256 2.230885
3257 2.230615
3258 2.230345
3259 2.230074
3260 2.229803
3261 2.229532
3262 2.229260
3263 2.228989
3264 2.228717
3265 2.228445
3266 2.228172
3267 2.227900
3268 2.227627
3269 2.227354
3270 2.227081
3271 2.226808
3272 2.226534
3273 2.226261
3274 2.225987
3275 2.225713
3276 2.225438
3277 2.225164
3278 2.224889
3279 2.224614
3280 2.224339
3281 2.224063
3282 2.223788
3283 2.223512
3284 2.223236
3285 2.222959
3286 2.222683
3287 2.222406
3288 2.222129
3289 2.221852
3290 2.221575
3291 2.221298
3292 2.221020
3293 2.220742
3294 2.220464
3295 2.220186
3296 2.219907
3297 2.219628
3298 2.219349
3299 2.219070
3300 2.218791
3301 2.218511
3302 2.218231
3303 2.217951
3304 2.217671
3305 2.217391
3306 2.217110
3307 2.216829
3308 2.216548
3309 2.216267
3310 2.215986
3311 2.215704
3312 2.215422
3313 2.215140
3314 2.214858
3315 2.214575
3316 2.214293
3317 2.214010
3318 2.213727
3319 2.213443
3320 2.213160
3321 2.212876
3322 2.212592
3323 2.212308
3324 2.212024
3325 2.211739
3326 2.211454
3327 2.211169
3328 2.210884
3329 2.210599
3330 2.210313
3331 2.210027
3332 2.209741
3333 2.209455
3334 2.209169
3335 2.208882
3336 2.208595
3337 2.208308
3338 2.208021
3339 2.207733
3340 2.207446
3341 2.207158
3342 2.206869
3343 2.206581
3344 2.206292
3345 2.206004
3346 2.205715
3347 2.205425
3348 2.205136
3349 2.204846
3350 2.204557
3351 2.204266
3352 2.203976
3353 2.203686
3354 2.203395
3355 2.203104
3356 2.202813
3357 2.202521
3358 2.202230
3359 2.201938
3360 2.201646
3361 2.201354
3362 2.201061
3363 2.200769
3364 2.200476
3365 2.200183
3366 2.199889
3367 2.199596
3368 2.199302
3369 2.199008
3370 2.198713
3371 2.198419
3372 2.198124
3373 2.197829
3374 2.197534
3375 2.197239
3376 2.196943
3377 2.196647
3378 2.196351
3379 2.196055
3380 2.195758
3381 2.195462
3382 2.195165
3383 2.194867
3384 2.194570
3385 2.194272
3386 2.193974
3387 2.193676
3388 2.193378
3389 2.193079
3390 2.192780
3391 2.192481
3392 2.192182
3393 2.191882
3394 2.191582
3395 2.191282
3396 2.190982
3397 2.190681
3398 2.190381
3399 2.190079
3400 2.189778
3401 2.189477
3402 2.189175
3403 2.188873
3404 2.188571
3405 2.188268
3406 2.187965
3407 2.187662
3408 2.187359
3409 2.187055
3410 2.186752
3411 2.186448
3412 2.186143
3413 2.185839
3414 2.185534
3415 2.185229
3416 2.184924
3417 2.184618
3418 2.184312
3419 2.184006
3420 2.183700
3421 2.183393
3422 2.183086
3423 2.182779
3424 2.182471
3425 2.182164
3426 2.181856
3427 2.181548
3428 2.181239
3429 2.180930
3430 2.180621
3431 2.180312
3432 2.180002
3433 2.179692
3434 2.179382
3435 2.179072
3436 2.178761
3437 2.178450
3438 2.178139
3439 2.177827
3440 2.177515
3441 2.177203
3442 2.176891
3443 2.176578
3444 2.176265
3445 2.175952
3446 2.175638
3447 2.175324
3448 2.175010
3449 2.174696
3450 2.174381
3451 2.174066
3452 2.173751
3453 2.173435
3454 2.173119
3455 2.172803
3456 2.172486
3457 2.172169
3458 2.171852
3459 2.171535
3460 2.171217
3461 2.170899
3462 2.170580
3463 2.170262
3464 2.169943
3465 2.169623
3466 2.169304
3467 2.168984
3468 2.168663
3469 2.168343
3470 2.168022
3471 2.167700
3472 2.167379
3473 2.167057
3474 2.166735
3475 2.166412
3476 2.166089
3477 2.165766
3478 2.165442
3479 2.165118
3480 2.164794
3481 2.164470
3482 2.164145
3483 2.163819
3484 2.163494
3485 2.163168
3486 2.162842
3487 2.162515
3488 2.162188
3489 2.161861
3490 2.161533
3491 2.161205
3492 2.160876
3493 2.160548
3494 2.160219
3495 2.159889
3496 2.159559
3497 2.159229
3498 2.158898
3499 2.158568
3500 2.158236
3501 2.157905
3502 2.157573
3503 2.157240
3504 2.156907
3505 2.156574
3506 2.156241
3507 2.155907
3508 2.155573
3509 2.155238
3510 2.154903
3511 2.154568
3512 2.154232
3513 2.153896
3514 2.153559
3515 2.153222
3516 2.152885
3517 2.152547
3518 2.152209
3519 2.151870
3520 2.151531
3521 2.151192
3522 2.150852
3523 2.150512
3524 2.150172
3525 2.149831
3526 2.149490
3527 2.149148
3528 2.148806
3529 2.148463
3530 2.148120
3531 2.147777
3532 2.147433
3533 2.147089
3534 2.146744
3535 2.146399
3536 2.146054
3537 2.145708
3538 2.145361
3539 2.145015
3540 2.144667
3541 2.144320
3542 2.143972
3543 2.143623
3544 2.143274
3545 2.142925
3546 2.142575
3547 2.142225
3548 2.141874
3549 2.141523
3550 2.141172
3551 2.140820
3552 2.140467
3553 2.140114
3554 2.139761
3555 2.139407
3556 2.139053
3557 2.138698
3558 2.138343
3559 2.137988
3560 2.137631
3561 2.137275
3562 2.136918
3563 2.136561
3564 2.136203
3565 2.135844
3566 2.135485
3567 2.135126
3568 2.134766
3569 2.134406
3570 2.134045
3571 2.133684
3572 2.133322
3573 2.132960
3574 2.132598
3575 2.132235
3576 2.131871
3577 2.131507
3578 2.131142
3579 2.130777
3580 2.130412
3581 2.130046
3582 2.129679
3583 2.129312
3584 2.128945
3585 2.128577
3586 2.128208
3587 2.127839
3588 2.127470
3589 2.127100
3590 2.126729
3591 2.126359
3592 2.125987
3593 2.125615
3594 2.125243
3595 2.124870
3596 2.124496
3597 2.124122
3598 2.123748
3599 2.123373
3600 2.122997
3601 2.122621
3602 2.122245
3603 2.121867
3604 2.121490
3605 2.121112
3606 2.120733
3607 2.120354
3608 2.119974
3609 2.119594
3610 2.119214
3611 2.118832
3612 2.118451
3613 2.118068
3614 2.117685
3615 2.117302
3616 2.116918
3617 2.116534
3618 2.116149
3619 2.115764
3620 2.115378
3621 2.114991
3622 2.114604
3623 2.114217
3624 2.113829
3625 2.113440
3626 2.113051
3627 2.112661
3628 2.112271
3629 2.111880
3630 2.111489
3631 2.111097
3632 2.110704
3633 2.110312
3634 2.109918
3635 2.109524
3636 2.109130
3637 2.108734
3638 2.108339
3639 2.107943
3640 2.107546
3641 2.107149
3642 2.106751
3643 2.106352
3644 2.105954
3645 2.105554
3646 2.105154
3647 2.104754
3648 2.104353
3649 2.103951
3650 2.103549
3651 2.103146
3652 2.102743
3653 2.102339
3654 2.101935
3655 2.101530
3656 2.101124
3657 2.100718
3658 2.100312
3659 2.099905
3660 2.099497
3661 2.099089
3662 2.098680
3663 2.098271
3664 2.097861
3665 2.097450
3666 2.097040
3667 2.096628
3668 2.096216
3669 2.095804
3670 2.095390
3671 2.094977
3672 2.094563
3673 2.094148
3674 2.093732
3675 2.093317
3676 2.092900
3677 2.092483
3678 2.092066
3679 2.091648
3680 2.091229
3681 2.090810
3682 2.090391
3683 2.089970
3684 2.089550
3685 2.089128
3686 2.088707
3687 2.088284
3688 2.087862
3689 2.087438
3690 2.087014
3691 2.086590
3692 2.086165
3693 2.085739
3694 2.085313
3695 2.084887
3696 2.084459
3697 2.084032
3698 2.083604
3699 2.083175
3700 2.082746
3701 2.082316
3702 2.081886
3703 2.081455
3704 2.081024
3705 2.080592
3706 2.080159
3707 2.079727
3708 2.079293
3709 2.078859
3710 2.078425
3711 2.077990
3712 2.077555
3713 2.077119
3714 2.076682
3715 2.076245
3716 2.075808
3717 2.075370
3718 2.074932
3719 2.074493
3720 2.074053
3721 2.073613
3722 2.073173
3723 2.072732
3724 2.072291
3725 2.071849
3726 2.071406
3727 2.070964
3728 2.070520
3729 2.070077
3730 2.069632
3731 2.069188
3732 2.068742
3733 2.068297
3734 2.067851
3735 2.067404
3736 2.066957
3737 2.066509
3738 2.066061
3739 2.065613
3740 2.065164
3741 2.064715
3742 2.064265
3743 2.063815
3744 2.063364
3745 2.062913
3746 2.062461
3747 2.062009
3748 2.061557
3749 2.061104
3750 2.060651
3751 2.060197
3752 2.059743
3753 2.059289
3754 2.058834
3755 2.058378
3756 2.057923
3757 2.057467
3758 2.057010
3759 2.056553
3760 2.056096
3761 2.055638
3762 2.055180
3763 2.054721
3764 2.054262
3765 2.053803
3766 2.053343
3767 2.052883
3768 2.052423
3769 2.051962
3770 2.051501
3771 2.051040
3772 2.050578
3773 2.050116
3774 2.049653
3775 2.049190
3776 2.048727
3777 2.048263
3778 2.047799
3779 2.047335
3780 2.046871
3781 2.046406
3782 2.045940
3783 2.045475
3784 2.045009
3785 2.044543
3786 2.044076
3787 2.043610
3788 2.043143
3789 2.042675
3790 2.042208
3791 2.041740
3792 2.041272
3793 2.040803
3794 2.040334
3795 2.039865
3796 2.039396
3797 2.038927
3798 2.038457
3799 2.037987
3800 2.037516
3801 2.037046
3802 2.036575
3803 2.036104
3804 2.035633
3805 2.035161
3806 2.034690
3807 2.034218
3808 2.033746
3809 2.033273
3810 2.032801
3811 2.032328
3812 2.031855
3813 2.031382
3814 2.030909
3815 2.030435
3816 2.029962
3817 2.029488
3818 2.029014
3819 2.028539
3820 2.028065
3821 2.027591
3822 2.027116
3823 2.026641
3824 2.026166
3825 2.025691
3826 2.025216
3827 2.024741
3828 2.024265
3829 2.023790
3830 2.023314
3831 2.022838
3832 2.022362
3833 2.021886
3834 2.021410
3835 2.020934
3836 2.020458
3837 2.019982
3838 2.019505
3839 2.019029
3840 2.018552
3841 2.018076
3842 2.017599
3843 2.017122
3844 2.016646
3845 2.016169
3846 2.015692
3847 2.015215
3848 2.014738
3849 2.014261
3850 2.013784
3851 2.013308
3852 2.012831
3853 2.012354
3854 2.011877
3855 2.011400
3856 2.010923
3857 2.010446
3858 2.009969
3859 2.009492
3860 2.009015
3861 2.008539
3862 2.008062
3863 2.007585
3864 2.007109
3865 2.006632
3866 2.006155
3867 2.005679
3868 2.005203
3869 2.004726
3870 2.004250
3871 2.003774
3872 2.003298
3873 2.002822
3874 2.002346
3875 2.001870
3876 2.001394
3877 2.000919
3878 2.000443
3879 1.999968
3880 1.999493
3881 1.999018
3882 1.998543
3883 1.998068
3884 1.997593
3885 1.997119
3886 1.996644
3887 1.996170
3888 1.995696
3889 1.995222
3890 1.994749
3891 1.994275
3892 1.993802
3893 1.993329
3894 1.992856
3895 1.992383
3896 1.991910
3897 1.991438
3898 1.990966
3899 1.990494
3900 1.990022
3901 1.989550
3902 1.989079
3903 1.988608
3904 1.988137
3905 1.987666
3906 1.987196
3907 1.986726
3908 1.986256
3909 1.985786
3910 1.985317
3911 1.984847
3912 1.984378
3913 1.983910
3914 1.983441
3915 1.982973
3916 1.982506
3917 1.982038
3918 1.981571
3919 1.981104
3920 1.980637
3921 1.980171
3922 1.979704
3923 1.979239
3924 1.978773
3925 1.978308
3926 1.977843
3927 1.977379
3928 1.976914
3929 1.976450
3930 1.975987
3931 1.975523
3932 1.975060
3933 1.974598
3934 1.974136
3935 1.973674
3936 1.973212
3937 1.972751
3938 1.972290
3939 1.971829
3940 1.971369
3941 1.970909
3942 1.970450
3943 1.969991
3944 1.969532
3945 1.969073
3946 1.968615
3947 1.968158
3948 1.967700
3949 1.967244
3950 1.966787
3951 1.966331
3952 1.965875
3953 1.965420
3954 1.964965
3955 1.964510
3956 1.964056
3957 1.963602
3958 1.963149
3959 1.962696
3960 1.962243
3961 1.961791
3962 1.961339
3963 1.960888
3964 1.960437
3965 1.959986
3966 1.959536
3967 1.959087
3968 1.958637
3969 1.958188
3970 1.957740
3971 1.957292
3972 1.956844
3973 1.956397
3974 1.955950
3975 1.955504
3976 1.955058
3977 1.954613
3978 1.954168
3979 1.953723
3980 1.953279
3981 1.952835
3982 1.952392
3983 1.951949
3984 1.951507
3985 1.951065
3986 1.950623
3987 1.950182
3988 1.949741
3989 1.949301
3990 1.948861
3991 1.948422
3992 1.947983
3993 1.947545
3994 1.947107
3995 1.946669
3996 1.946232
3997 1.945796
3998 1.945360
3999 1.944924
4000 1.944489
4001 1.944054
4002 1.943620
4003 1.943186
4004 1.942752
4005 1.942319
4006 1.941887
4007 1.941455
4008 1.941023
4009 1.940592
4010 1.940161
4011 1.939731
4012 1.939301
4013 1.938872
4014 1.938443
4015 1.938014
4016 1.937586
4017 1.937159
4018 1.936732
4019 1.936305
4020 1.935879
4021 1.935453
4022 1.935028
4023 1.934603
4024 1.934179
4025 1.933755
4026 1.933332
4027 1.932909
4028 1.932486
4029 1.932064
4030 1.931642
4031 1.931221
4032 1.930800
4033 1.930380
4034 1.929960
4035 1.929541
4036 1.929122
4037 1.928703
4038 1.928285
4039 1.927868
4040 1.927450
4041 1.927034
4042 1.926617
4043 1.926201
4044 1.925786
4045 1.925371
4046 1.924956
4047 1.924542
4048 1.924128
4049 1.923715
4050 1.923302
4051 1.922890
4052 1.922478
4053 1.922066
4054 1.921655
4055 1.921244
4056 1.920834
4057 1.920424
4058 1.920015
4059 1.919606
4060 1.919197
4061 1.918789
4062 1.918381
4063 1.917974
4064 1.917567
4065 1.917160
4066 1.916754
4067 1.916348
4068 1.915943
4069 1.915538
4070 1.915133
4071 1.914729
4072 1.914325
4073 1.913922
4074 1.913519
4075 1.913116
4076 1.912714
4077 1.912312
4078 1.911911
4079 1.911510
4080 1.911109
4081 1.910709
4082 1.910309
4083 1.909909
4084 1.909510
4085 1.909111
4086 1.908713
4087 1.908315
4088 1.907917
4089 1.907520
4090 1.907123
4091 1.906726
4092 1.906330
4093 1.905934
4094 1.905538
4095 1.905143
4096 1.904748
4097 1.904353
4098 1.903959
4099 1.903565
4100 1.903172
4101 1.902778
4102 1.902385
4103 1.901993
4104 1.901600
4105 1.901208
4106 1.900817
4107 1.900425
4108 1.900034
4109 1.899643
4110 1.899253
4111 1.898863
4112 1.898473
4113 1.898083
4114 1.897694
4115 1.897305
4116 1.896916
4117 1.896528
4118 1.896140
4119 1.895752
4120 1.895364
4121 1.894977
4122 1.894590
4123 1.894203
4124 1.893816
4125 1.893430
4126 1.893044
4127 1.892658
4128 1.892272
4129 1.891887
4130 1.891502
4131 1.891117
4132 1.890732
4133 1.890348
4134 1.889964
4135 1.889580
4136 1.889196
4137 1.888812
4138 1.888429
4139 1.888045
4140 1.887662
4141 1.887280
4142 1.886897
4143 1.886514
4144 1.886132
4145 1.885750
4146 1.885368
4147 1.884986
4148 1.884605
4149 1.884223
4150 1.883842
4151 1.883460
4152 1.883079
4153 1.882698
4154 1.882318
4155 1.881937
4156 1.881556
4157 1.881176
4158 1.880796
4159 1.880415
4160 1.880035
4161 1.879655
4162 1.879275
4163 1.878895
4164 1.878515
4165 1.878136
4166 1.877756
4167 1.877376
4168 1.876997
4169 1.876617
4170 1.876238
4171 1.875858
4172 1.875479
4173 1.875099
4174 1.874720
4175 1.874340
4176 1.873961
4177 1.873582
4178 1.873202
4179 1.872823
4180 1.872443
4181 1.872064
4182 1.871684
4183 1.871305
4184 1.870925
4185 1.870545
4186 1.870165
4187 1.869786
4188 1.869406
4189 1.869025
4190 1.868645
4191 1.868265
4192 1.867885
4193 1.867504
4194 1.867124
4195 1.866743
4196 1.866362
4197 1.865981
4198 1.865599
4199 1.865218
4200 1.864836
4201 1.864454
4202 1.864072
4203 1.863690
4204 1.863308
4205 1.862925
4206 1.862542
4207 1.862159
4208 1.861775
4209 1.861391
4210 1.861007
4211 1.860623
4212 1.860238
4213 1.859853
4214 1.859468
4215 1.859082
4216 1.858696
4217 1.858309
4218 1.857923
4219 1.857535
4220 1.857148
4221 1.856760
4222 1.856371
4223 1.855982
4224 1.855593
4225 1.855203
4226 1.854813
4227 1.854422
4228 1.854031
4229 1.853639
4230 1.853246
4231 1.852853
4232 1.852460
4233 1.852066
4234 1.851671
4235 1.851275
4236 1.850879
4237 1.850483
4238 1.850085
4239 1.849687
4240 1.849289
4241 1.848889
4242 1.848489
4243 1.848088
4244 1.847686
4245 1.847284
4246 1.846880
4247 1.846476
4248 1.846071
4249 1.845665
4250 1.845258
4251 1.844850
4252 1.844442
4253 1.844032
4254 1.843621
4255 1.843210
4256 1.842797
4257 1.842383
4258 1.841968
4259 1.841553
4260 1.841136
4261 1.840717
4262 1.840298
4263 1.839877
4264 1.839455
4265 1.839032
4266 1.838608
4267 1.838182
4268 1.837755
4269 1.837327
4270 1.836897
4271 1.836466
4272 1.836033
4273 1.835599
4274 1.835163
4275 1.834725
4276 1.834287
4277 1.833846
4278 1.833404
4279 1.832960
4280 1.832514
4281 1.832066
4282 1.831617
4283 1.831166
4284 1.830713
4285 1.830258
4286 1.829801
4287 1.829342
4288 1.828881
4289 1.828417
4290 1.827952
4291 1.827484
4292 1.827015
4293 1.826542
4294 1.826068
4295 1.825591
4296 1.825112
4297 1.824630
4298 1.824145
4299 1.823658
4300 1.823168
4301 1.822676
4302 1.822180
4303 1.821682
4304 1.821181
4305 1.820677
4306 1.820170
4307 1.819659
4308 1.819146
4309 1.818629
4310 1.818109
4311 1.817585
4312 1.817058
4313 1.816527
4314 1.815993
4315 1.815455
4316 1.814913
4317 1.814367
4318 1.813817
4319 1.813263
4320 1.812705
4321 1.812143
4322 1.811576
4323 1.811004
4324 1.810428
4325 1.809848
4326 1.809262
4327 1.808671
4328 1.808076
4329 1.807475
4330 1.806869
4331 1.806257
4332 1.805640
4333 1.805017
4334 1.804388
4335 1.803753
4336 1.803112
4337 1.802465
4338 1.801811
4339 1.801150
4340 1.800483
4341 1.799808
4342 1.799126
4343 1.798437
4344 1.797741
4345 1.797036
4346 1.796323
4347 1.795603
4348 1.794873
4349 1.794135
4350 1.793388
4351 1.792632
4352 1.791867
4353 1.791091
4354 1.790306
4355 1.789510
4356 1.788704
4357 1.787887
4358 1.787059
4359 1.786219
4360 1.785367
4361 1.784503
4362 1.783627
4363 1.782737
4364 1.781835
4365 1.780918
4366 1.779987
4367 1.779042
4368 1.778081
4369 1.777105
4370 1.776113
4371 1.775105
4372 1.774079
4373 1.773036
4374 1.771975
4375 1.770896
4376 1.769797
4377 1.768679
4378 1.767540
4379 1.766380
4380 1.765199
4381 1.763996
4382 1.762770
4383 1.761520
4384 1.760247
4385 1.758948
4386 1.757625
4387 1.756276
4388 1.754900
4389 1.753497
4390 1.752067
4391 1.750609
4392 1.749122
4393 1.747606
4394 1.746061
4395 1.744487
4396 1.742884
4397 1.741251
4398 1.739588
4399 1.737896
4400 1.736176
4401 1.734428
4402 1.732652
4403 1.730850
4404 1.729023
4405 1.727172
4406 1.725300
4407 1.723407
4408 1.721497
4409 1.719570
4410 1.717631
4411 1.715681
4412 1.713722
4413 1.711759
4414 1.709794
4415 1.707829
4416 1.705867
4417 1.703911
4418 1.701963
4419 1.700024
4420 1.698098
4421 1.696185
4422 1.694286
4423 1.692404
4424 1.690537
4425 1.688686
4426 1.686852
4427 1.685035
4428 1.683233
4429 1.681448
4430 1.679678
4431 1.677922
4432 1.676180
4433 1.674452
4434 1.672736
4435 1.671033
4436 1.669341
4437 1.667660
4438 1.665990
4439 1.664330
4440 1.662679
4441 1.661037
4442 1.659405
4443 1.657781
4444 1.656165
4445 1.654558
4446 1.652959
4447 1.651367
4448 1.649784
4449 1.648208
4450 1.646640
4451 1.645079
4452 1.643526
4453 1.641981
4454 1.640444
4455 1.638914
4456 1.637392
4457 1.635878
4458 1.634371
4459 1.632873
4460 1.631383
4461 1.629901
4462 1.628426
4463 1.626960
4464 1.625503
4465 1.624053
4466 1.622612
4467 1.621179
4468 1.619755
4469 1.618339
4470 1.616931
4471 1.615532
4472 1.614141
4473 1.612758
4474 1.611384
4475 1.610018
4476 1.608660
4477 1.607310
4478 1.605969
4479 1.604635
4480 1.603310
4481 1.601992
4482 1.600682
4483 1.599379
4484 1.598084
4485 1.596797
4486 1.595516
4487 1.594243
4488 1.592976
4489 1.591716
4490 1.590463
4491 1.589216
4492 1.587976
4493 1.586742
4494 1.585513
4495 1.584291
4496 1.583073
4497 1.581862
4498 1.580655
4499 1.579453
4500 1.578257
4501 1.577064
4502 1.575876
4503 1.574693
4504 1.573513
4505 1.572337
4506 1.571165
4507 1.569996
4508 1.568831
4509 1.567668
4510 1.566508
4511 1.565351
4512 1.564197
4513 1.563044
4514 1.561894
4515 1.560745
4516 1.559598
4517 1.558452
4518 1.557308
4519 1.556165
4520 1.555022
4521 1.553880
4522 1.552739
4523 1.551598
4524 1.550457
4525 1.549316
4526 1.548174
4527 1.547032
4528 1.545889
4529 1.544746
4530 1.543601
4531 1.542455
4532 1.541307
4533 1.540158
4534 1.539007
4535 1.537854
4536 1.536699
4537 1.535541
4538 1.534380
4539 1.533217
4540 1.532050
4541 1.530881
4542 1.529707
4543 1.528531
4544 1.527350
4545 1.526165
4546 1.524976
4547 1.523782
4548 1.522584
4549 1.521380
4550 1.520171
4551 1.518957
4552 1.517738
4553 1.516512
4554 1.515280
4555 1.514042
4556 1.512797
4557 1.511546
4558 1.510287
4559 1.509021
4560 1.507747
4561 1.506465
4562 1.505175
4563 1.503876
4564 1.502568
4565 1.501251
4566 1.499925
4567 1.498589
4568 1.497243
4569 1.495886
4570 1.494519
4571 1.493140
4572 1.491749
4573 1.490347
4574 1.488932
4575 1.487504
4576 1.486062
4577 1.484607
4578 1.483138
4579 1.481654
4580 1.480155
4581 1.478639
4582 1.477108
4583 1.475559
4584 1.473993
4585 1.472408
4586 1.470805
4587 1.469181
4588 1.467538
4589 1.465873
4590 1.464186
4591 1.462477
4592 1.460743
4593 1.458985
4594 1.457201
4595 1.455390
4596 1.453552
4597 1.451684
4598 1.449786
4599 1.447856
4600 1.445892
4601 1.443895
4602 1.441860
4603 1.439788
4604 1.437676
4605 1.435523
4606 1.433325
4607 1.431081
4608 1.428788
4609 1.426445
4610 1.424047
4611 1.421592
4612 1.419076
4613 1.416496
4614 1.413848
4615 1.411127
4616 1.408329
4617 1.405447
4618 1.402476
4619 1.399409
4620 1.396238
4621 1.392953
4622 1.389545
4623 1.386001
4624 1.382306
4625 1.378442
4626 1.374388
4627 1.370117
4628 1.365596
4629 1.360783
4630 1.355622
4631 1.350044
4632 1.343959
4633 1.337253
4634 1.329794
4635 1.321453
4636 1.312175
4637 1.302131
4638 1.291954
4639 1.282782
4640 1.275662
4641 1.270660
4642 1.267166
4643 1.264726
4644 1.262956
4645 1.261652
4646 1.260627
4647 1.259825
4648 1.259129
4649 1.258571
4650 1.258022
4651 1.257611
4652 1.257111
4653 1.256841
4654 1.256289
4655 1.256247
4656 1.255448
4657 1.255928
4658 1.254379
4659 1.256248
4660 1.252582
4661 1.258482
4662 1.249098
4663 1.267898
4664 1.243947
4665 1.303280
4666 1.249896
4667 1.273383
4668 1.242975
4669 1.313976
4670 1.254147
4671 1.260135
4672 1.246350
4673 1.276477
4674 1.241852
4675 1.329467
4676 1.262846
4677 1.247822
4678 1.268746
4679 1.243186
4680 1.315201
4681 1.247622
4682 1.276755
4683 1.243243
4684 1.342809
4685 1.267814
4686 1.245724
4687 1.285041
4688 1.242968
4689 1.358929
4690 1.287251
4691 1.242761
4692 1.346141
4693 1.262562
4694 1.249934
4695 1.260372
4696 1.248395
4697 1.271407
4698 1.248737
4699 1.355087
4700 1.265555
4701 1.249257
4702 1.271771
4703 1.251386
4704 1.366460
4705 1.274076
4706 1.250280
4707 1.332996
4708 1.244542
4709 1.269219
4710 1.256101
4711 1.367926
4712 1.267544
4713 1.253132
4714 1.277383
4715 1.260236
4716 1.477572
4717 1.623244
4718 1.471289
4719 1.302483
4720 1.271429
4721 1.255162
4722 1.263452
4723 1.257560
4724 1.287073
4725 1.268972
4726 1.627216
4727 1.649761
4728 1.397292
4729 1.284230
4730 1.283936
4731 1.264180
4732 1.310448
4733 1.261466
4734 1.521109
4735 1.597246
4736 1.413914
4737 1.281605
4738 1.291968
4739 1.276633
4740 1.515877
4741 1.505669
4742 1.338774
4743 1.280544
4744 1.395535
4745 1.263611
4746 1.262823
4747 1.258061
4748 1.259245
4749 1.259503
4750 1.259734
4751 1.263906
4752 1.270988
4753 1.286981
4754 1.447138
4755 1.335548
4756 1.264299
4757 1.417427
4758 1.275936
4759 1.286664
4760 1.437043
4761 1.296820
4762 1.307698
4763 1.829656
4764 1.300608
4765 1.282231
4766 1.621768
4767 1.475607
4768 1.293483
4769 1.281081
4770 1.318332
4771 1.304917
4772 1.797681
4773 1.314387
4774 1.306604
4775 1.783463
4776 1.322879
4777 1.297312
4778 1.684937
4779 1.377142
4780 1.307777
4781 1.618917
4782 1.377075
4783 1.314309
4784 1.656471
4785 1.362758
4786 1.316851
4787 1.689383
4788 1.355106
4789 1.309979
4790 1.652537
4791 1.360505
4792 1.318365
4793 1.705827
4794 1.351210
4795 1.302896
4796 1.592696
4797 1.353200
4798 1.321470
4799 1.737958
4800 1.345527
4801 1.293243
4802 1.495171
4803 1.295447
4804 1.319171
4805 1.685540
4806 1.370527
4807 1.318408
4808 1.680076
4809 1.352588
4810 1.316022
4811 1.657042
4812 1.348872
4813 1.318307
4814 1.658089
4815 1.346818
4816 1.317314
4817 1.633936
4818 1.343785
4819 1.318717
4820 1.625440
4821 1.341168
4822 1.318736
4823 1.603737
4824 1.334120
4825 1.319952
4826 1.587592
4827 1.327006
4828 1.322091
4829 1.575822
4830 1.320358
4831 1.325109
4832 1.569271
4833 1.315501
4834 1.327718
4835 1.559395
4836 1.308683
4837 1.330957
4838 1.554951
4839 1.304899
4840 1.331475
4841 1.530400
4842 1.291531
4843 1.320325
4844 1.419451
4845 1.272631
4846 1.246598
4847 1.238196
4848 1.247897
4849 1.240192
4850 1.251977
4851 1.245662
4852 1.257701
4853 1.254250
4854 1.266135
4855 1.268980
4856 1.281764
4857 1.299298
4858 1.318713
4859 1.337637
4860 1.430463
4861 1.274833
4862 1.239078
4863 1.228995
4864 1.245642
4865 1.235140
4866 1.252159
4867 1.243484
4868 1.259593
4869 1.254958
4870 1.269081
4871 1.272365
4872 1.283848
4873 1.301951
4874 1.310149
4875 1.338759
4876 1.353969
4877 1.315291
4878 1.327463
4879 1.332594
4880 1.335002
4881 1.327527
4882 1.328159
4883 1.332785
4884 1.325643
4885 1.334768
4886 1.321945
4887 1.336763
4888 1.317975
4889 1.337660
4890 1.313513
4891 1.336788
4892 1.308379
4893 1.333248
4894 1.302497
4895 1.326223
4896 1.296249
4897 1.315977
4898 1.290593
4899 1.304819
4900 1.286285
4901 1.295417
4902 1.283299
4903 1.288472
4904 1.281231
4905 1.283346
4906 1.279723
4907 1.279325
4908 1.278557
4909 1.275962
4910 1.277612
4911 1.273009
4912 1.276818
4913 1.270324
4914 1.276135
4915 1.267817
4916 1.275534
4917 1.265429
4918 1.274995
4919 1.263114
4920 1.274503
4921 1.260839
4922 1.274044
4923 1.258574
4924 1.273609
4925 1.256294
4926 1.273187
4927 1.253978
4928 1.272770
4929 1.251604
4930 1.272349
4931 1.249152
4932 1.271914
4933 1.246606
4934 1.271459
4935 1.243947
4936 1.270972
4937 1.241161
4938 1.270446
4939 1.238237
4940 1.269871
4941 1.235169
4942 1.269237
4943 1.231962
4944 1.268539
4945 1.228634
4946 1.267770
4947 1.225224
4948 1.266929
4949 1.221791
4950 1.266023
4951 1.218416
4952 1.265062
4953 1.215190
4954 1.264062
4955 1.212203
4956 1.263044
4957 1.209516
4958 1.262025
4959 1.207159
4960 1.261018
4961 1.205128
4962 1.260028
4963 1.203394
4964 1.259054
4965 1.201920
4966 1.258092
4967 1.200670
4968 1.257135
4969 1.199615
4970 1.256176
4971 1.198733
4972 1.255209
4973 1.198011
4974 1.254231
4975 1.197437
4976 1.253237
4977 1.197007
4978 1.252224
4979 1.196717
4980 1.251189
4981 1.196566
4982 1.250131
4983 1.196554
4984 1.249047
4985 1.196684
4986 1.247933
4987 1.196956
4988 1.246785
4989 1.197374
4990 1.245599
4991 1.197939
4992 1.244370
4993 1.198655
4994 1.243090
4995 1.199524
4996 1.241751
4997 1.200547
4998 1.240344
4999 1.201725
