0 25.092727
1 24.538469
2 24.770320
3 24.895656
4 24.956009
5 24.990774
6 25.013847
7 25.029443
8 25.037968
9 25.037067
10 25.020156
11 24.972872
12 24.870206
13 24.685829
14 24.412675
15 24.044300
16 23.528650
17 22.773594
18 21.721753
19 20.441122
20 19.082390
21 17.780669
22 16.619388
23 15.627996
24 14.797574
25 14.101876
26 13.512279
27 13.003985
28 12.557098
29 12.156061
30 11.788847
31 11.446146
32 11.120556
33 10.805815
34 10.496169
35 10.186011
36 9.869999
37 9.543820
38 9.205326
39 8.855052
40 8.495471
41 8.129684
42 7.760648
43 7.391055
44 7.023465
45 6.660429
46 6.304539
47 5.958387
48 5.624435
49 5.304819
50 5.001173
51 4.714543
52 4.445409
53 4.193786
54 3.959356
55 3.741587
56 3.539814
57 3.353283
58 3.181182
59 3.022662
60 2.876861
61 2.742912
62 2.619966
63 2.507191
64 2.403780
65 2.308952
66 2.221957
67 2.142073
68 2.068616
69 2.000943
70 1.938454
71 1.880599
72 1.826879
73 1.776846
74 1.730102
75 1.686299
76 1.645133
77 1.606344
78 1.569704
79 1.535021
80 1.502129
81 1.470886
82 1.441169
83 1.412873
84 1.385905
85 1.360185
86 1.335641
87 1.312209
88 1.289832
89 1.268457
90 1.248036
91 1.228525
92 1.209881
93 1.192066
94 1.175043
95 1.158775
96 1.143230
97 1.128376
98 1.114181
99 1.100617
100 1.087655
101 1.075268
102 1.063431
103 1.052118
104 1.041305
105 1.030971
106 1.021093
107 1.011651
108 1.002624
109 0.993996
110 0.985746
111 0.977860
112 0.970320
113 0.963112
114 0.956221
115 0.949634
116 0.943338
117 0.937321
118 0.931572
119 0.926081
120 0.920837
121 0.915830
122 0.911052
123 0.906495
124 0.902151
125 0.898012
126 0.894071
127 0.890322
128 0.886759
129 0.883375
130 0.880166
131 0.877125
132 0.874248
133 0.871530
134 0.868966
135 0.866553
136 0.864285
137 0.862160
138 0.860173
139 0.858321
140 0.856600
141 0.855006
142 0.853537
143 0.852189
144 0.850960
145 0.849846
146 0.848843
147 0.847951
148 0.847165
149 0.846483
150 0.845903
151 0.845421
152 0.845035
153 0.844744
154 0.844544
155 0.844432
156 0.844408
157 0.844468
158 0.844610
159 0.844832
160 0.845132
161 0.845508
162 0.845957
163 0.846478
164 0.847068
165 0.847727
166 0.848450
167 0.849238
168 0.850088
169 0.850997
170 0.851965
171 0.852990
172 0.854069
173 0.855202
174 0.856386
175 0.857620
176 0.858902
177 0.860231
178 0.861604
179 0.863022
180 0.864481
181 0.865981
182 0.867520
183 0.869097
184 0.870710
185 0.872358
186 0.874039
187 0.875752
188 0.877496
189 0.879270
190 0.881071
191 0.882899
192 0.884752
193 0.886630
194 0.888530
195 0.890452
196 0.892393
197 0.894353
198 0.896331
199 0.898325
200 0.900333
201 0.902355
202 0.904389
203 0.906434
204 0.908488
205 0.910549
206 0.912617
207 0.914691
208 0.916768
209 0.918847
210 0.920927
211 0.923006
212 0.925083
213 0.927157
214 0.929225
215 0.931287
216 0.933341
217 0.935385
218 0.937418
219 0.939439
220 0.941446
221 0.943437
222 0.945411
223 0.947367
224 0.949303
225 0.951219
226 0.953112
227 0.954981
228 0.956826
229 0.958644
230 0.960436
231 0.962200
232 0.963934
233 0.965639
234 0.967314
235 0.968957
236 0.970569
237 0.972149
238 0.973696
239 0.975210
240 0.976692
241 0.978141
242 0.979557
243 0.980941
244 0.982293
245 0.983613
246 0.984901
247 0.986159
248 0.987387
249 0.988585
250 0.989753
251 0.990893
252 0.992004
253 0.993088
254 0.994144
255 0.995173
256 0.996175
257 0.997149
258 0.998095
259 0.999013
260 0.999902
261 1.000762
262 1.001591
263 1.002388
264 1.003153
265 1.003883
266 1.004579
267 1.005237
268 1.005857
269 1.006438
270 1.006978
271 1.007476
272 1.007932
273 1.008343
274 1.008710
275 1.009031
276 1.009308
277 1.009539
278 1.009724
279 1.009865
280 1.009960
281 1.010012
282 1.010019
283 1.009984
284 1.009908
285 1.009790
286 1.009632
287 1.009435
288 1.009200
289 1.008929
290 1.008621
291 1.008280
292 1.007904
293 1.007496
294 1.007058
295 1.006589
296 1.006091
297 1.005566
298 1.005015
299 1.004439
300 1.003840
301 1.003218
302 1.002576
303 1.001915
304 1.001237
305 1.000542
306 0.999833
307 0.999111
308 0.998377
309 0.997634
310 0.996882
311 0.996123
312 0.995359
313 0.994591
314 0.993820
315 0.993048
316 0.992276
317 0.991505
318 0.990737
319 0.989971
320 0.989210
321 0.988455
322 0.987705
323 0.986963
324 0.986228
325 0.985502
326 0.984785
327 0.984077
328 0.983380
329 0.982693
330 0.982017
331 0.981352
332 0.980698
333 0.980057
334 0.979428
335 0.978810
336 0.978205
337 0.977613
338 0.977033
339 0.976465
340 0.975910
341 0.975368
342 0.974838
343 0.974321
344 0.973816
345 0.973323
346 0.972842
347 0.972374
348 0.971917
349 0.971472
350 0.971039
351 0.970617
352 0.970207
353 0.969808
354 0.969420
355 0.969043
356 0.968676
357 0.968320
358 0.967974
359 0.967638
360 0.967313
361 0.966997
362 0.966690
363 0.966393
364 0.966105
365 0.965825
366 0.965555
367 0.965293
368 0.965040
369 0.964795
370 0.964557
371 0.964328
372 0.964106
373 0.963892
374 0.963685
375 0.963486
376 0.963293
377 0.963107
378 0.962928
379 0.962755
380 0.962589
381 0.962429
382 0.962274
383 0.962126
384 0.961983
385 0.961846
386 0.961715
387 0.961588
388 0.961467
389 0.961351
390 0.961239
391 0.961133
392 0.961030
393 0.960933
394 0.960839
395 0.960750
396 0.960665
397 0.960584
398 0.960507
399 0.960433
400 0.960363
401 0.960297
402 0.960234
403 0.960174
404 0.960117
405 0.960064
406 0.960013
407 0.959965
408 0.959920
409 0.959877
410 0.959837
411 0.959800
412 0.959765
413 0.959731
414 0.959701
415 0.959672
416 0.959645
417 0.959620
418 0.959597
419 0.959575
420 0.959555
421 0.959537
422 0.959520
423 0.959504
424 0.959490
425 0.959477
426 0.959464
427 0.959453
428 0.959443
429 0.959434
430 0.959426
431 0.959418
432 0.959411
433 0.959404
434 0.959399
435 0.959393
436 0.959388
437 0.959383
438 0.959379
439 0.959374
440 0.959370
441 0.959366
442 0.959362
443 0.959357
444 0.959353
445 0.959348
446 0.959343
447 0.959338
448 0.959333
449 0.959327
450 0.959320
451 0.959313
452 0.959306
453 0.959298
454 0.959289
455 0.959280
456 0.959269
457 0.959258
458 0.959246
459 0.959233
460 0.959219
461 0.959205
462 0.959189
463 0.959172
464 0.959154
465 0.959134
466 0.959114
467 0.959092
468 0.959069
469 0.959045
470 0.959019
471 0.958992
472 0.958963
473 0.958933
474 0.958902
475 0.958869
476 0.958834
477 0.958798
478 0.958760
479 0.958720
480 0.958679
481 0.958636
482 0.958592
483 0.958545
484 0.958497
485 0.958447
486 0.958396
487 0.958342
488 0.958287
489 0.958229
490 0.958170
491 0.958109
492 0.958046
493 0.957981
494 0.957913
495 0.957844
496 0.957773
497 0.957700
498 0.957625
499 0.957548
500 0.957469
501 0.957387
502 0.957304
503 0.957219
504 0.957131
505 0.957041
506 0.956950
507 0.956856
508 0.956760
509 0.956662
510 0.956562
511 0.956459
512 0.956355
513 0.956248
514 0.956140
515 0.956029
516 0.955916
517 0.955801
518 0.955684
519 0.955565
520 0.955444
521 0.955320
522 0.955195
523 0.955067
524 0.954938
525 0.954806
526 0.954672
527 0.954537
528 0.954399
529 0.954259
530 0.954118
531 0.953974
532 0.953828
533 0.953680
534 0.953531
535 0.953379
536 0.953226
537 0.953071
538 0.952913
539 0.952754
540 0.952594
541 0.952431
542 0.952266
543 0.952100
544 0.951932
545 0.951762
546 0.951590
547 0.951417
548 0.951242
549 0.951065
550 0.950887
551 0.950707
552 0.950525
553 0.950342
554 0.950157
555 0.949971
556 0.949783
557 0.949593
558 0.949403
559 0.949210
560 0.949016
561 0.948821
562 0.948624
563 0.948425
564 0.948226
565 0.948025
566 0.947822
567 0.947618
568 0.947413
569 0.947207
570 0.946999
571 0.946790
572 0.946579
573 0.946367
574 0.946155
575 0.945940
576 0.945725
577 0.945508
578 0.945290
579 0.945071
580 0.944851
581 0.944630
582 0.944407
583 0.944184
584 0.943959
585 0.943733
586 0.943506
587 0.943278
588 0.943049
589 0.942819
590 0.942587
591 0.942355
592 0.942121
593 0.941887
594 0.941651
595 0.941415
596 0.941177
597 0.940939
598 0.940699
599 0.940459
600 0.940217
601 0.939975
602 0.939731
603 0.939487
604 0.939242
605 0.938995
606 0.938748
607 0.938500
608 0.938251
609 0.938001
610 0.937750
611 0.937498
612 0.937245
613 0.936991
614 0.936737
615 0.936481
616 0.936225
617 0.935968
618 0.935710
619 0.935451
620 0.935191
621 0.934930
622 0.934669
623 0.934406
624 0.934143
625 0.933879
626 0.933614
627 0.933348
628 0.933082
629 0.932814
630 0.932546
631 0.932277
632 0.932007
633 0.931737
634 0.931465
635 0.931193
636 0.930920
637 0.930646
638 0.930372
639 0.930096
640 0.929820
641 0.929543
642 0.929266
643 0.928987
644 0.928708
645 0.928428
646 0.928147
647 0.927866
648 0.927584
649 0.927301
650 0.927017
651 0.926733
652 0.926448
653 0.926162
654 0.925875
655 0.925588
656 0.925300
657 0.925011
658 0.924722
659 0.924432
660 0.924141
661 0.923849
662 0.923557
663 0.923264
664 0.922970
665 0.922676
666 0.922381
667 0.922085
668 0.921789
669 0.921492
670 0.921194
671 0.920896
672 0.920597
673 0.920297
674 0.919997
675 0.919696
676 0.919394
677 0.919092
678 0.918789
679 0.918485
680 0.918181
681 0.917876
682 0.917570
683 0.917264
684 0.916957
685 0.916649
686 0.916341
687 0.916032
688 0.915723
689 0.915413
690 0.915102
691 0.914791
692 0.914479
693 0.914167
694 0.913853
695 0.913540
696 0.913225
697 0.912910
698 0.912595
699 0.912279
700 0.911962
701 0.911645
702 0.911327
703 0.911008
704 0.910689
705 0.910369
706 0.910049
707 0.909728
708 0.909406
709 0.909084
710 0.908762
711 0.908438
712 0.908115
713 0.907790
714 0.907465
715 0.907140
716 0.906814
717 0.906487
718 0.906160
719 0.905832
720 0.905504
721 0.905175
722 0.904845
723 0.904515
724 0.904185
725 0.903854
726 0.903522
727 0.903190
728 0.902857
729 0.902524
730 0.902190
731 0.901855
732 0.901520
733 0.901185
734 0.900849
735 0.900512
736 0.900175
737 0.899838
738 0.899500
739 0.899161
740 0.898822
741 0.898482
742 0.898142
743 0.897801
744 0.897460
745 0.897118
746 0.896776
747 0.896433
748 0.896090
749 0.895746
750 0.895402
751 0.895057
752 0.894711
753 0.894366
754 0.894019
755 0.893673
756 0.893325
757 0.892977
758 0.892629
759 0.892280
760 0.891931
761 0.891581
762 0.891231
763 0.890881
764 0.890529
765 0.890178
766 0.889826
767 0.889473
768 0.889120
769 0.888766
770 0.888412
771 0.888058
772 0.887703
773 0.887348
774 0.886992
775 0.886636
776 0.886279
777 0.885922
778 0.885564
779 0.885206
780 0.884847
781 0.884488
782 0.884129
783 0.883769
784 0.883409
785 0.883048
786 0.882687
787 0.882325
788 0.881963
789 0.881601
790 0.881238
791 0.880875
792 0.880511
793 0.880147
794 0.879782
795 0.879418
796 0.879052
797 0.878687
798 0.878320
799 0.877954
800 0.877587
801 0.877220
802 0.876852
803 0.876484
804 0.876115
805 0.875746
806 0.875377
807 0.875007
808 0.874637
809 0.874267
810 0.873896
811 0.873525
812 0.873154
813 0.872782
814 0.872410
815 0.872037
816 0.871664
817 0.871291
818 0.870917
819 0.870543
820 0.870169
821 0.869794
822 0.869419
823 0.869044
824 0.868668
825 0.868292
826 0.867916
827 0.867539
828 0.867162
829 0.866785
830 0.866407
831 0.866029
832 0.865651
833 0.865272
834 0.864894
835 0.864514
836 0.864135
837 0.863755
838 0.863375
839 0.862995
840 0.862614
841 0.862233
842 0.861852
843 0.861471
844 0.861089
845 0.860707
846 0.860325
847 0.859942
848 0.859559
849 0.859176
850 0.858793
851 0.858409
852 0.858026
853 0.857642
854 0.857257
855 0.856873
856 0.856488
857 0.856103
858 0.855718
859 0.855332
860 0.854946
861 0.854561
862 0.854174
863 0.853788
864 0.853401
865 0.853015
866 0.852628
867 0.852241
868 0.851853
869 0.851466
870 0.851078
871 0.850690
872 0.850302
873 0.849913
874 0.849525
875 0.849136
876 0.848747
877 0.848358
878 0.847969
879 0.847580
880 0.847190
881 0.846801
882 0.846411
883 0.846021
884 0.845631
885 0.845241
886 0.844850
887 0.844460
888 0.844069
889 0.843678
890 0.843288
891 0.842897
892 0.842505
893 0.842114
894 0.841723
895 0.841331
896 0.840940
897 0.840548
898 0.840156
899 0.839765
900 0.839373
901 0.838981
902 0.838588
903 0.838196
904 0.837804
905 0.837412
906 0.837019
907 0.836627
908 0.836234
909 0.835842
910 0.835449
911 0.835056
912 0.834664
913 0.834271
914 0.833878
915 0.833485
916 0.833092
917 0.832699
918 0.832306
919 0.831913
920 0.831520
921 0.831127
922 0.830734
923 0.830341
924 0.829948
925 0.829555
926 0.829162
927 0.828769
928 0.828376
929 0.827983
930 0.827589
931 0.827196
932 0.826803
933 0.826410
934 0.826017
935 0.825624
936 0.825232
937 0.824839
938 0.824446
939 0.824053
940 0.823660
941 0.823267
942 0.822875
943 0.822482
944 0.822090
945 0.821697
946 0.821305
947 0.820912
948 0.820520
949 0.820128
950 0.819736
951 0.819344
952 0.818952
953 0.818560
954 0.818168
955 0.817776
956 0.817385
957 0.816993
958 0.816602
959 0.816210
960 0.815819
961 0.815428
962 0.815037
963 0.814646
964 0.814256
965 0.813865
966 0.813475
967 0.813084
968 0.812694
969 0.812304
970 0.811914
971 0.811524
972 0.811135
973 0.810745
974 0.810356
975 0.809966
976 0.809577
977 0.809189
978 0.808800
979 0.808411
980 0.808023
981 0.807635
982 0.807247
983 0.806859
984 0.806471
985 0.806084
986 0.805696
987 0.805309
988 0.804922
989 0.804535
990 0.804149
991 0.803762
992 0.803376
993 0.802990
994 0.802605
995 0.802219
996 0.801834
997 0.801449
998 0.801064
999 0.800679
1000 0.800295
1001 0.799910
1002 0.799526
1003 0.799143
1004 0.798759
1005 0.798376
1006 0.797993
1007 0.797610
1008 0.797227
1009 0.796845
1010 0.796463
1011 0.796081
1012 0.795699
1013 0.795318
1014 0.794937
1015 0.794556
1016 0.794176
1017 0.793795
1018 0.793415
1019 0.793036
1020 0.792656
1021 0.792277
1022 0.791898
1023 0.791519
1024 0.791141
1025 0.790763
1026 0.790385
1027 0.790007
1028 0.789630
1029 0.789253
1030 0.788877
1031 0.788500
1032 0.788124
1033 0.787748
1034 0.787373
1035 0.786998
1036 0.786623
1037 0.786248
1038 0.785874
1039 0.785500
1040 0.785126
1041 0.784753
1042 0.784380
1043 0.784007
1044 0.783635
1045 0.783263
1046 0.782891
1047 0.782520
1048 0.782149
1049 0.781778
1050 0.781407
1051 0.781037
1052 0.780668
1053 0.780298
1054 0.779929
1055 0.779560
1056 0.779192
1057 0.778824
1058 0.778456
1059 0.778089
1060 0.777722
1061 0.777355
1062 0.776989
1063 0.776623
1064 0.776257
1065 0.775892
1066 0.775527
1067 0.775162
1068 0.774798
1069 0.774434
1070 0.774071
1071 0.773708
1072 0.773345
1073 0.772982
1074 0.772620
1075 0.772259
1076 0.771897
1077 0.771537
1078 0.771176
1079 0.770816
1080 0.770456
1081 0.770097
1082 0.769737
1083 0.769379
1084 0.769020
1085 0.768663
1086 0.768305
1087 0.767948
1088 0.767591
1089 0.767235
1090 0.766879
1091 0.766523
1092 0.766168
1093 0.765813
1094 0.765458
1095 0.765104
1096 0.764751
1097 0.764397
1098 0.764045
1099 0.763692
1100 0.763340
1101 0.762988
1102 0.762637
1103 0.762286
1104 0.761936
1105 0.761585
1106 0.761236
1107 0.760886
1108 0.760537
1109 0.760189
1110 0.759841
1111 0.759493
1112 0.759146
1113 0.758799
1114 0.758452
1115 0.758106
1116 0.757761
1117 0.757415
1118 0.757071
1119 0.756726
1120 0.756382
1121 0.756039
1122 0.755695
1123 0.755352
1124 0.755010
1125 0.754668
1126 0.754327
1127 0.753985
1128 0.753645
1129 0.753304
1130 0.752964
1131 0.752625
1132 0.752286
1133 0.751947
1134 0.751609
1135 0.751271
1136 0.750934
1137 0.750597
1138 0.750260
1139 0.749924
1140 0.749588
1141 0.749253
1142 0.748918
1143 0.748584
1144 0.748250
1145 0.747916
1146 0.747583
1147 0.747250
1148 0.746918
1149 0.746586
1150 0.746254
1151 0.745923
1152 0.745593
1153 0.745262
1154 0.744933
1155 0.744603
1156 0.744274
1157 0.743946
1158 0.743618
1159 0.743290
1160 0.742963
1161 0.742636
1162 0.742309
1163 0.741983
1164 0.741658
1165 0.741333
1166 0.741008
1167 0.740684
1168 0.740360
1169 0.740036
1170 0.739713
1171 0.739391
1172 0.739069
1173 0.738747
1174 0.738426
1175 0.738105
1176 0.737784
1177 0.737464
1178 0.737145
1179 0.736826
1180 0.736507
1181 0.736188
1182 0.735871
1183 0.735553
1184 0.735236
1185 0.734919
1186 0.734603
1187 0.734287
1188 0.733972
1189 0.733657
1190 0.733343
1191 0.733029
1192 0.732715
1193 0.732402
1194 0.732089
1195 0.731777
1196 0.731465
1197 0.731153
1198 0.730842
1199 0.730531
1200 0.730221
1201 0.729911
1202 0.729602
1203 0.729293
1204 0.728985
1205 0.728676
1206 0.728369
1207 0.728061
1208 0.727755
1209 0.727448
1210 0.727142
1211 0.726837
1212 0.726531
1213 0.726227
1214 0.725922
1215 0.725618
1216 0.725315
1217 0.725012
1218 0.724709
1219 0.724407
1220 0.724105
1221 0.723804
1222 0.723503
1223 0.723202
1224 0.722902
1225 0.722602
1226 0.722303
1227 0.722004
1228 0.721706
1229 0.721408
1230 0.721110
1231 0.720813
1232 0.720516
1233 0.720220
1234 0.719924
1235 0.719628
1236 0.719333
1237 0.719038
1238 0.718744
1239 0.718450
1240 0.718156
1241 0.717863
1242 0.717571
1243 0.717278
1244 0.716987
1245 0.716695
1246 0.716404
1247 0.716114
1248 0.715823
1249 0.715534
1250 0.715244
1251 0.714955
1252 0.714667
1253 0.714378
1254 0.714091
1255 0.713803
1256 0.713516
1257 0.713230
1258 0.712944
1259 0.712658
1260 0.712373
1261 0.712088
1262 0.711803
1263 0.711519
1264 0.711235
1265 0.710952
1266 0.710669
1267 0.710386
1268 0.710104
1269 0.709823
1270 0.709541
1271 0.709260
1272 0.708980
1273 0.708700
1274 0.708420
1275 0.708141
1276 0.707862
1277 0.707583
1278 0.707305
1279 0.707027
1280 0.706750
1281 0.706473
1282 0.706196
1283 0.705920
1284 0.705644
1285 0.705369
1286 0.705094
1287 0.704819
1288 0.704545
1289 0.704271
1290 0.703998
1291 0.703725
1292 0.703452
1293 0.703180
1294 0.702908
1295 0.702636
1296 0.702365
1297 0.702094
1298 0.701824
1299 0.701554
1300 0.701284
1301 0.701015
1302 0.700746
1303 0.700478
1304 0.700210
1305 0.699942
1306 0.699675
1307 0.699408
1308 0.699141
1309 0.698875
1310 0.698610
1311 0.698344
1312 0.698079
1313 0.697814
1314 0.697550
1315 0.697286
1316 0.697023
1317 0.696760
1318 0.696497
1319 0.696234
1320 0.695972
1321 0.695711
1322 0.695449
1323 0.695189
1324 0.694928
1325 0.694668
1326 0.694408
1327 0.694149
1328 0.693890
1329 0.693631
1330 0.693373
1331 0.693115
1332 0.692857
1333 0.692600
1334 0.692343
1335 0.692086
1336 0.691830
1337 0.691574
1338 0.691319
1339 0.691064
1340 0.690809
1341 0.690555
1342 0.690301
1343 0.690047
1344 0.689794
1345 0.689541
1346 0.689289
1347 0.689037
1348 0.688785
1349 0.688533
1350 0.688282
1351 0.688032
1352 0.687781
1353 0.687531
1354 0.687281
1355 0.687032
1356 0.686783
1357 0.686535
1358 0.686286
1359 0.686038
1360 0.685791
1361 0.685544
1362 0.685297
1363 0.685050
1364 0.684804
1365 0.684558
1366 0.684313
1367 0.684068
1368 0.683823
1369 0.683579
1370 0.683334
1371 0.683091
1372 0.682847
1373 0.682604
1374 0.682362
1375 0.682119
1376 0.681877
1377 0.681636
1378 0.681394
1379 0.681153
1380 0.680913
1381 0.680672
1382 0.680432
1383 0.680193
1384 0.679953
1385 0.679714
1386 0.679476
1387 0.679237
1388 0.679000
1389 0.678762
1390 0.678525
1391 0.678288
1392 0.678051
1393 0.677815
1394 0.677579
1395 0.677343
1396 0.677108
1397 0.676873
1398 0.676638
1399 0.676404
1400 0.676170
1401 0.675936
1402 0.675703
1403 0.675470
1404 0.675238
1405 0.675005
1406 0.674773
1407 0.674542
1408 0.674310
1409 0.674079
1410 0.673848
1411 0.673618
1412 0.673388
1413 0.673158
1414 0.672929
1415 0.672700
1416 0.672471
1417 0.672243
1418 0.672015
1419 0.671787
1420 0.671559
1421 0.671332
1422 0.671105
1423 0.670879
1424 0.670652
1425 0.670427
1426 0.670201
1427 0.669976
1428 0.669751
1429 0.669526
1430 0.669302
1431 0.669078
1432 0.668854
1433 0.668631
1434 0.668408
1435 0.668185
1436 0.667963
1437 0.667740
1438 0.667519
1439 0.667297
1440 0.667076
1441 0.666855
1442 0.666634
1443 0.666414
1444 0.666194
1445 0.665974
1446 0.665755
1447 0.665536
1448 0.665317
1449 0.665099
1450 0.664881
1451 0.664663
1452 0.664445
1453 0.664228
1454 0.664011
1455 0.663795
1456 0.663578
1457 0.663362
1458 0.663147
1459 0.662931
1460 0.662716
1461 0.662501
1462 0.662287
1463 0.662072
1464 0.661859
1465 0.661645
1466 0.661432
1467 0.661219
1468 0.661006
1469 0.660793
1470 0.660581
1471 0.660369
1472 0.660158
1473 0.659947
1474 0.659736
1475 0.659525
1476 0.659314
1477 0.659104
1478 0.658895
1479 0.658685
1480 0.658476
1481 0.658267
1482 0.658058
1483 0.657850
1484 0.657642
1485 0.657434
1486 0.657227
1487 0.657019
1488 0.656812
1489 0.656606
1490 0.656400
1491 0.656193
1492 0.655988
1493 0.655782
1494 0.655577
1495 0.655372
1496 0.655167
1497 0.654963
1498 0.654759
1499 0.654555
1500 0.654352
1501 0.654149
1502 0.653946
1503 0.653743
1504 0.653541
1505 0.653338
1506 0.653137
1507 0.652935
1508 0.652734
1509 0.652533
1510 0.652332
1511 0.652132
1512 0.651932
1513 0.651732
1514 0.651532
1515 0.651333
1516 0.651134
1517 0.650935
1518 0.650736
1519 0.650538
1520 0.650340
1521 0.650143
1522 0.649945
1523 0.649748
1524 0.649551
1525 0.649355
1526 0.649158
1527 0.648962
1528 0.648766
1529 0.648571
1530 0.648376
1531 0.648181
1532 0.647986
1533 0.647792
1534 0.647597
1535 0.647403
1536 0.647210
1537 0.647016
1538 0.646823
1539 0.646631
1540 0.646438
1541 0.646246
1542 0.646054
1543 0.645862
1544 0.645670
1545 0.645479
1546 0.645288
1547 0.645097
1548 0.644907
1549 0.644717
1550 0.644527
1551 0.644337
1552 0.644148
1553 0.643959
1554 0.643770
1555 0.643581
1556 0.643393
1557 0.643205
1558 0.643017
1559 0.642829
1560 0.642642
1561 0.642455
1562 0.642268
1563 0.642081
1564 0.641895
1565 0.641709
1566 0.641523
1567 0.641338
1568 0.641152
1569 0.640967
1570 0.640783
1571 0.640598
1572 0.640414
1573 0.640230
1574 0.640046
1575 0.639863
1576 0.639679
1577 0.639496
1578 0.639314
1579 0.639131
1580 0.638949
1581 0.638767
1582 0.638585
1583 0.638404
1584 0.638222
1585 0.638041
1586 0.637861
1587 0.637680
1588 0.637500
1589 0.637320
1590 0.637140
1591 0.636961
1592 0.636781
1593 0.636602
1594 0.636423
1595 0.636245
1596 0.636067
1597 0.635889
1598 0.635711
1599 0.635533
1600 0.635356
1601 0.635179
1602 0.635002
1603 0.634826
1604 0.634649
1605 0.634473
1606 0.634297
1607 0.634122
1608 0.633946
1609 0.633771
1610 0.633596
1611 0.633422
1612 0.633247
1613 0.633073
1614 0.632899
1615 0.632726
1616 0.632552
1617 0.632379
1618 0.632206
1619 0.632033
1620 0.631861
1621 0.631688
1622 0.631516
1623 0.631345
1624 0.631173
1625 0.631002
1626 0.630831
1627 0.630660
1628 0.630489
1629 0.630319
1630 0.630149
1631 0.629979
1632 0.629809
1633 0.629640
1634 0.629470
1635 0.629302
1636 0.629133
1637 0.628964
1638 0.628796
1639 0.628628
1640 0.628460
1641 0.628293
1642 0.628125
1643 0.627958
1644 0.627791
1645 0.627625
1646 0.627458
1647 0.627292
1648 0.627126
1649 0.626960
1650 0.626795
1651 0.626629
1652 0.626464
1653 0.626299
1654 0.626135
1655 0.625970
1656 0.625806
1657 0.625642
1658 0.625479
1659 0.625315
1660 0.625152
1661 0.624989
1662 0.624826
1663 0.624664
1664 0.624501
1665 0.624339
1666 0.624177
1667 0.624015
1668 0.623854
1669 0.623693
1670 0.623532
1671 0.623371
1672 0.623210
1673 0.623050
1674 0.622890
1675 0.622730
1676 0.622570
1677 0.622411
1678 0.622252
1679 0.622092
1680 0.621934
1681 0.621775
1682 0.621617
1683 0.621459
1684 0.621301
1685 0.621143
1686 0.620985
1687 0.620828
1688 0.620671
1689 0.620514
1690 0.620357
1691 0.620201
1692 0.620045
1693 0.619889
1694 0.619733
1695 0.619578
1696 0.619422
1697 0.619267
1698 0.619112
1699 0.618957
1700 0.618803
1701 0.618649
1702 0.618495
1703 0.618341
1704 0.618187
1705 0.618034
1706 0.617880
1707 0.617727
1708 0.617575
1709 0.617422
1710 0.617270
1711 0.617117
1712 0.616966
1713 0.616814
1714 0.616662
1715 0.616511
1716 0.616360
1717 0.616209
1718 0.616058
1719 0.615908
1720 0.615757
1721 0.615607
1722 0.615457
1723 0.615308
1724 0.615158
1725 0.615009
1726 0.614860
1727 0.614711
1728 0.614563
1729 0.614414
1730 0.614266
1731 0.614118
1732 0.613970
1733 0.613823
1734 0.613675
1735 0.613528
1736 0.613381
1737 0.613234
1738 0.613088
1739 0.612941
1740 0.612795
1741 0.612649
1742 0.612503
1743 0.612358
1744 0.612212
1745 0.612067
1746 0.611922
1747 0.611777
1748 0.611633
1749 0.611488
1750 0.611344
1751 0.611200
1752 0.611057
1753 0.610913
1754 0.610770
1755 0.610626
1756 0.610483
1757 0.610341
1758 0.610198
1759 0.610056
1760 0.609914
1761 0.609772
1762 0.609630
1763 0.609488
1764 0.609347
1765 0.609206
1766 0.609065
1767 0.608924
1768 0.608783
1769 0.608643
1770 0.608502
1771 0.608362
1772 0.608223
1773 0.608083
1774 0.607943
1775 0.607804
1776 0.607665
1777 0.607526
1778 0.607388
1779 0.607249
1780 0.607111
1781 0.606973
1782 0.606835
1783 0.606697
1784 0.606560
1785 0.606422
1786 0.606285
1787 0.606148
1788 0.606011
1789 0.605875
1790 0.605738
1791 0.605602
1792 0.605466
1793 0.605330
1794 0.605195
1795 0.605059
1796 0.604924
1797 0.604789
1798 0.604654
1799 0.604519
1800 0.604385
1801 0.604251
1802 0.604116
1803 0.603982
1804 0.603849
1805 0.603715
1806 0.603582
1807 0.603449
1808 0.603316
1809 0.603183
1810 0.603050
1811 0.602918
1812 0.602785
1813 0.602653
1814 0.602521
1815 0.602390
1816 0.602258
1817 0.602127
1818 0.601995
1819 0.601864
1820 0.601734
1821 0.601603
1822 0.601473
1823 0.601342
1824 0.601212
1825 0.601082
1826 0.600953
1827 0.600823
1828 0.600694
1829 0.600564
1830 0.600435
1831 0.600307
1832 0.600178
1833 0.600049
1834 0.599921
1835 0.599793
1836 0.599665
1837 0.599537
1838 0.599410
1839 0.599282
1840 0.599155
1841 0.599028
1842 0.598901
1843 0.598774
1844 0.598648
1845 0.598522
1846 0.598395
1847 0.598269
1848 0.598144
1849 0.598018
1850 0.597892
1851 0.597767
1852 0.597642
1853 0.597517
1854 0.597392
1855 0.597268
1856 0.597143
1857 0.597019
1858 0.596895
1859 0.596771
1860 0.596647
1861 0.596524
1862 0.596400
1863 0.596277
1864 0.596154
1865 0.596031
1866 0.595908
1867 0.595786
1868 0.595663
1869 0.595541
1870 0.595419
1871 0.595297
1872 0.595176
1873 0.595054
1874 0.594933
1875 0.594811
1876 0.594690
1877 0.594570
1878 0.594449
1879 0.594328
1880 0.594208
1881 0.594088
1882 0.593968
1883 0.593848
1884 0.593728
1885 0.593609
1886 0.593489
1887 0.593370
1888 0.593251
1889 0.593132
1890 0.593014
1891 0.592895
1892 0.592777
1893 0.592658
1894 0.592540
1895 0.592422
1896 0.592305
1897 0.592187
1898 0.592070
1899 0.591953
1900 0.591835
1901 0.591719
1902 0.591602
1903 0.591485
1904 0.591369
1905 0.591253
1906 0.591136
1907 0.591021
1908 0.590905
1909 0.590789
1910 0.590674
1911 0.590558
1912 0.590443
1913 0.590328
1914 0.590213
1915 0.590099
1916 0.589984
1917 0.589870
1918 0.589756
1919 0.589642
1920 0.589528
1921 0.589414
1922 0.589300
1923 0.589187
1924 0.589074
1925 0.588961
1926 0.588848
1927 0.588735
1928 0.588622
1929 0.588510
1930 0.588397
1931 0.588285
1932 0.588173
1933 0.588061
1934 0.587950
1935 0.587838
1936 0.587727
1937 0.587615
1938 0.587504
1939 0.587393
1940 0.587283
1941 0.587172
1942 0.587062
1943 0.586951
1944 0.586841
1945 0.586731
1946 0.586621
1947 0.586511
1948 0.586402
1949 0.586292
1950 0.586183
1951 0.586074
1952 0.585965
1953 0.585856
1954 0.585747
1955 0.585639
1956 0.585530
1957 0.585422
1958 0.585314
1959 0.585206
1960 0.585098
1961 0.584991
1962 0.584883
1963 0.584776
1964 0.584668
1965 0.584561
1966 0.584454
1967 0.584348
1968 0.584241
1969 0.584135
1970 0.584028
1971 0.583922
1972 0.583816
1973 0.583710
1974 0.583604
1975 0.583499
1976 0.583393
1977 0.583288
1978 0.583183
1979 0.583077
1980 0.582973
1981 0.582868
1982 0.582763
1983 0.582659
1984 0.582554
1985 0.582450
1986 0.582346
1987 0.582242
1988 0.582138
1989 0.582035
1990 0.581931
1991 0.581828
1992 0.581724
1993 0.581621
1994 0.581518
1995 0.581416
1996 0.581313
1997 0.581210
1998 0.581108
1999 0.581006
2000 0.580903
2001 0.580801
2002 0.580700
2003 0.580598
2004 0.580496
2005 0.580395
2006 0.580293
2007 0.580192
2008 0.580091
2009 0.579990
2010 0.579889
2011 0.579789
2012 0.579688
2013 0.579588
2014 0.579488
2015 0.579387
2016 0.579287
2017 0.579188
2018 0.579088
2019 0.578988
2020 0.578889
2021 0.578790
2022 0.578690
2023 0.578591
2024 0.578492
2025 0.578393
2026 0.578295
2027 0.578196
2028 0.578098
2029 0.577999
2030 0.577901
2031 0.577803
2032 0.577705
2033 0.577608
2034 0.577510
2035 0.577412
2036 0.577315
2037 0.577218
2038 0.577121
2039 0.577024
2040 0.576927
2041 0.576830
2042 0.576733
2043 0.576637
2044 0.576540
2045 0.576444
2046 0.576348
2047 0.576252
2048 0.576156
2049 0.576060
2050 0.575965
2051 0.575869
2052 0.575774
2053 0.575678
2054 0.575583
2055 0.575488
2056 0.575393
2057 0.575298
2058 0.575204
2059 0.575109
2060 0.575015
2061 0.574920
2062 0.574826
2063 0.574732
2064 0.574638
2065 0.574544
2066 0.574451
2067 0.574357
2068 0.574263
2069 0.574170
2070 0.574077
2071 0.573984
2072 0.573891
2073 0.573798
2074 0.573705
2075 0.573612
2076 0.573520
2077 0.573427
2078 0.573335
2079 0.573243
2080 0.573151
2081 0.573059
2082 0.572967
2083 0.572875
2084 0.572783
2085 0.572692
2086 0.572601
2087 0.572509
2088 0.572418
2089 0.572327
2090 0.572236
2091 0.572145
2092 0.572054
2093 0.571964
2094 0.571873
2095 0.571783
2096 0.571693
2097 0.571602
2098 0.571512
2099 0.571422
2100 0.571332
2101 0.571243
2102 0.571153
2103 0.571064
2104 0.570974
2105 0.570885
2106 0.570796
2107 0.570706
2108 0.570617
2109 0.570529
2110 0.570440
2111 0.570351
2112 0.570263
2113 0.570174
2114 0.570086
2115 0.569997
2116 0.569909
2117 0.569821
2118 0.569733
2119 0.569645
2120 0.569558
2121 0.569470
2122 0.569382
2123 0.569295
2124 0.569208
2125 0.569120
2126 0.569033
2127 0.568946
2128 0.568859
2129 0.568773
2130 0.568686
2131 0.568599
2132 0.568513
2133 0.568426
2134 0.568340
2135 0.568254
2136 0.568167
2137 0.568081
2138 0.567995
2139 0.567910
2140 0.567824
2141 0.567738
2142 0.567653
2143 0.567567
2144 0.567482
2145 0.567397
2146 0.567311
2147 0.567226
2148 0.567141
2149 0.567056
2150 0.566972
2151 0.566887
2152 0.566802
2153 0.566718
2154 0.566633
2155 0.566549
2156 0.566465
2157 0.566381
2158 0.566296
2159 0.566212
2160 0.566129
2161 0.566045
2162 0.565961
2163 0.565877
2164 0.565794
2165 0.565710
2166 0.565627
2167 0.565544
2168 0.565461
2169 0.565378
2170 0.565295
2171 0.565212
2172 0.565129
2173 0.565046
2174 0.564963
2175 0.564881
2176 0.564798
2177 0.564716
2178 0.564634
2179 0.564551
2180 0.564469
2181 0.564387
2182 0.564305
2183 0.564223
2184 0.564141
2185 0.564060
2186 0.563978
2187 0.563896
2188 0.563815
2189 0.563734
2190 0.563652
2191 0.563571
2192 0.563490
2193 0.563409
2194 0.563328
2195 0.563247
2196 0.563166
2197 0.563085
2198 0.563004
2199 0.562924
2200 0.562843
2201 0.562763
2202 0.562682
2203 0.562602
2204 0.562522
2205 0.562441
2206 0.562361
2207 0.562281
2208 0.562201
2209 0.562121
2210 0.562042
2211 0.561962
2212 0.561882
2213 0.561803
2214 0.561723
2215 0.561644
2216 0.561564
2217 0.561485
2218 0.561406
2219 0.561327
2220 0.561247
2221 0.561168
2222 0.561089
2223 0.561011
2224 0.560932
2225 0.560853
2226 0.560774
2227 0.560696
2228 0.560617
2229 0.560538
2230 0.560460
2231 0.560382
2232 0.560303
2233 0.560225
2234 0.560147
2235 0.560069
2236 0.559991
2237 0.559913
2238 0.559835
2239 0.559757
2240 0.559679
2241 0.559601
2242 0.559524
2243 0.559446
2244 0.559369
2245 0.559291
2246 0.559214
2247 0.559136
2248 0.559059
2249 0.558982
2250 0.558904
2251 0.558827
2252 0.558750
2253 0.558673
2254 0.558596
2255 0.558519
2256 0.558442
2257 0.558365
2258 0.558289
2259 0.558212
2260 0.558135
2261 0.558059
2262 0.557982
2263 0.557906
2264 0.557829
2265 0.557753
2266 0.557676
2267 0.557600
2268 0.557524
2269 0.557448
2270 0.557371
2271 0.557295
2272 0.557219
2273 0.557143
2274 0.557067
2275 0.556991
2276 0.556915
2277 0.556840
2278 0.556764
2279 0.556688
2280 0.556612
2281 0.556537
2282 0.556461
2283 0.556385
2284 0.556310
2285 0.556234
2286 0.556159
2287 0.556084
2288 0.556008
2289 0.555933
2290 0.555858
2291 0.555782
2292 0.555707
2293 0.555632
2294 0.555557
2295 0.555482
2296 0.555407
2297 0.555332
2298 0.555257
2299 0.555182
2300 0.555107
2301 0.555032
2302 0.554957
2303 0.554882
2304 0.554807
2305 0.554733
2306 0.554658
2307 0.554583
2308 0.554509
2309 0.554434
2310 0.554359
2311 0.554285
2312 0.554210
2313 0.554136
2314 0.554061
2315 0.553987
2316 0.553912
2317 0.553838
2318 0.553764
2319 0.553689
2320 0.553615
2321 0.553541
2322 0.553466
2323 0.553392
2324 0.553318
2325 0.553244
2326 0.553170
2327 0.553095
2328 0.553021
2329 0.552947
2330 0.552873
2331 0.552799
2332 0.552725
2333 0.552651
2334 0.552577
2335 0.552503
2336 0.552429
2337 0.552355
2338 0.552281
2339 0.552207
2340 0.552133
2341 0.552059
2342 0.551985
2343 0.551911
2344 0.551837
2345 0.551763
2346 0.551689
2347 0.551616
2348 0.551542
2349 0.551468
2350 0.551394
2351 0.551320
2352 0.551246
2353 0.551172
2354 0.551099
2355 0.551025
2356 0.550951
2357 0.550877
2358 0.550803
2359 0.550730
2360 0.550656
2361 0.550582
2362 0.550508
2363 0.550434
2364 0.550361
2365 0.550287
2366 0.550213
2367 0.550139
2368 0.550065
2369 0.549992
2370 0.549918
2371 0.549844
2372 0.549770
2373 0.549696
2374 0.549622
2375 0.549549
2376 0.549475
2377 0.549401
2378 0.549327
2379 0.549253
2380 0.549179
2381 0.549105
2382 0.549031
2383 0.548957
2384 0.548884
2385 0.548810
2386 0.548736
2387 0.548662
2388 0.548588
2389 0.548514
2390 0.548440
2391 0.548365
2392 0.548291
2393 0.548217
2394 0.548143
2395 0.548069
2396 0.547995
2397 0.547921
2398 0.547846
2399 0.547772
2400 0.547698
2401 0.547624
2402 0.547549
2403 0.547475
2404 0.547401
2405 0.547326
2406 0.547252
2407 0.547177
2408 0.547103
2409 0.547028
2410 0.546954
2411 0.546879
2412 0.546804
2413 0.546730
2414 0.546655
2415 0.546580
2416 0.546505
2417 0.546431
2418 0.546356
2419 0.546281
2420 0.546206
2421 0.546131
2422 0.546056
2423 0.545981
2424 0.545906
2425 0.545831
2426 0.545755
2427 0.545680
2428 0.545605
2429 0.545529
2430 0.545454
2431 0.545379
2432 0.545303
2433 0.545227
2434 0.545152
2435 0.545076
2436 0.545000
2437 0.544925
2438 0.544849
2439 0.544773
2440 0.544697
2441 0.544621
2442 0.544545
2443 0.544469
2444 0.544393
2445 0.544316
2446 0.544240
2447 0.544164
2448 0.544087
2449 0.544011
2450 0.543934
2451 0.543857
2452 0.543781
2453 0.543704
2454 0.543627
2455 0.543550
2456 0.543473
2457 0.543396
2458 0.543319
2459 0.543241
2460 0.543164
2461 0.543087
2462 0.543009
2463 0.542932
2464 0.542854
2465 0.542776
2466 0.542698
2467 0.542621
2468 0.542543
2469 0.542464
2470 0.542386
2471 0.542308
2472 0.542230
2473 0.542151
2474 0.542073
2475 0.541994
2476 0.541915
2477 0.541836
2478 0.541758
2479 0.541679
2480 0.541599
2481 0.541520
2482 0.541441
2483 0.541361
2484 0.541282
2485 0.541202
2486 0.541122
2487 0.541043
2488 0.540963
2489 0.540882
2490 0.540802
2491 0.540722
2492 0.540642
2493 0.540561
2494 0.540480
2495 0.540400
2496 0.540319
2497 0.540238
2498 0.540156
2499 0.540075
2500 0.539994
2501 0.539912
2502 0.539831
2503 0.539749
2504 0.539667
2505 0.539585
2506 0.539503
2507 0.539420
2508 0.539338
2509 0.539255
2510 0.539173
2511 0.539090
2512 0.539007
2513 0.538924
2514 0.538840
2515 0.538757
2516 0.538673
2517 0.538589
2518 0.538506
2519 0.538421
2520 0.538337
2521 0.538253
2522 0.538168
2523 0.538084
2524 0.537999
2525 0.537914
2526 0.537829
2527 0.537743
2528 0.537658
2529 0.537572
2530 0.537486
2531 0.537400
2532 0.537314
2533 0.537228
2534 0.537141
2535 0.537055
2536 0.536968
2537 0.536881
2538 0.536793
2539 0.536706
2540 0.536618
2541 0.536530
2542 0.536442
2543 0.536354
2544 0.536266
2545 0.536177
2546 0.536088
2547 0.535999
2548 0.535910
2549 0.535821
2550 0.535731
2551 0.535641
2552 0.535551
2553 0.535461
2554 0.535370
2555 0.535280
2556 0.535189
2557 0.535098
2558 0.535006
2559 0.534915
2560 0.534823
2561 0.534731
2562 0.534639
2563 0.534546
2564 0.534454
2565 0.534361
2566 0.534267
2567 0.534174
2568 0.534080
2569 0.533986
2570 0.533892
2571 0.533798
2572 0.533703
2573 0.533608
2574 0.533513
2575 0.533418
2576 0.533322
2577 0.533226
2578 0.533130
2579 0.533033
2580 0.532936
2581 0.532839
2582 0.532742
2583 0.532644
2584 0.532546
2585 0.532448
2586 0.532350
2587 0.532251
2588 0.532152
2589 0.532053
2590 0.531953
2591 0.531853
2592 0.531753
2593 0.531652
2594 0.531551
2595 0.531450
2596 0.531349
2597 0.531247
2598 0.531145
2599 0.531042
2600 0.530939
2601 0.530836
2602 0.530733
2603 0.530629
2604 0.530525
2605 0.530421
2606 0.530316
2607 0.530211
2608 0.530105
2609 0.529999
2610 0.529893
2611 0.529786
2612 0.529679
2613 0.529572
2614 0.529464
2615 0.529356
2616 0.529248
2617 0.529139
2618 0.529030
2619 0.528920
2620 0.528810
2621 0.528700
2622 0.528589
2623 0.528478
2624 0.528366
2625 0.528254
2626 0.528142
2627 0.528029
2628 0.527915
2629 0.527802
2630 0.527688
2631 0.527573
2632 0.527458
2633 0.527342
2634 0.527227
2635 0.527110
2636 0.526993
2637 0.526876
2638 0.526758
2639 0.526640
2640 0.526521
2641 0.526402
2642 0.526282
2643 0.526162
2644 0.526042
2645 0.525920
2646 0.525799
2647 0.525677
2648 0.525554
2649 0.525431
2650 0.525307
2651 0.525183
2652 0.525058
2653 0.524933
2654 0.524807
2655 0.524680
2656 0.524553
2657 0.524426
2658 0.524298
2659 0.524169
2660 0.524040
2661 0.523910
2662 0.523779
2663 0.523648
2664 0.523517
2665 0.523384
2666 0.523251
2667 0.523118
2668 0.522984
2669 0.522849
2670 0.522714
2671 0.522578
2672 0.522441
2673 0.522304
2674 0.522166
2675 0.522027
2676 0.521888
2677 0.521747
2678 0.521607
2679 0.521465
2680 0.521323
2681 0.521180
2682 0.521037
2683 0.520892
2684 0.520747
2685 0.520601
2686 0.520455
2687 0.520307
2688 0.520159
2689 0.520010
2690 0.519861
2691 0.519710
2692 0.519559
2693 0.519407
2694 0.519254
2695 0.519100
2696 0.518945
2697 0.518790
2698 0.518633
2699 0.518476
2700 0.518318
2701 0.518159
2702 0.517999
2703 0.517838
2704 0.517677
2705 0.517514
2706 0.517350
2707 0.517186
2708 0.517020
2709 0.516854
2710 0.516686
2711 0.516518
2712 0.516348
2713 0.516178
2714 0.516006
2715 0.515834
2716 0.515660
2717 0.515485
2718 0.515309
2719 0.515132
2720 0.514954
2721 0.514775
2722 0.514595
2723 0.514414
2724 0.514231
2725 0.514047
2726 0.513862
2727 0.513676
2728 0.513489
2729 0.513300
2730 0.513110
2731 0.512919
2732 0.512726
2733 0.512533
2734 0.512338
2735 0.512141
2736 0.511943
2737 0.511744
2738 0.511544
2739 0.511342
2740 0.511139
2741 0.510934
2742 0.510728
2743 0.510520
2744 0.510311
2745 0.510100
2746 0.509888
2747 0.509674
2748 0.509459
2749 0.509242
2750 0.509023
2751 0.508803
2752 0.508581
2753 0.508357
2754 0.508132
2755 0.507905
2756 0.507676
2757 0.507445
2758 0.507213
2759 0.506979
2760 0.506743
2761 0.506505
2762 0.506265
2763 0.506023
2764 0.505779
2765 0.505534
2766 0.505286
2767 0.505036
2768 0.504784
2769 0.504530
2770 0.504274
2771 0.504015
2772 0.503755
2773 0.503492
2774 0.503227
2775 0.502960
2776 0.502690
2777 0.502418
2778 0.502143
2779 0.501866
2780 0.501587
2781 0.501305
2782 0.501021
2783 0.500733
2784 0.500444
2785 0.500151
2786 0.499856
2787 0.499558
2788 0.499257
2789 0.498953
2790 0.498647
2791 0.498337
2792 0.498025
2793 0.497709
2794 0.497390
2795 0.497068
2796 0.496743
2797 0.496415
2798 0.496083
2799 0.495748
2800 0.495410
2801 0.495068
2802 0.494722
2803 0.494373
2804 0.494020
2805 0.493663
2806 0.493303
2807 0.492938
2808 0.492570
2809 0.492197
2810 0.491821
2811 0.491440
2812 0.491055
2813 0.490666
2814 0.490272
2815 0.489874
2816 0.489471
2817 0.489063
2818 0.488651
2819 0.488234
2820 0.487812
2821 0.487384
2822 0.486952
2823 0.486514
2824 0.486071
2825 0.485622
2826 0.485168
2827 0.484708
2828 0.484242
2829 0.483771
2830 0.483293
2831 0.482809
2832 0.482318
2833 0.481821
2834 0.481317
2835 0.480807
2836 0.480289
2837 0.479765
2838 0.479233
2839 0.478694
2840 0.478146
2841 0.477592
2842 0.477029
2843 0.476458
2844 0.475878
2845 0.475290
2846 0.474693
2847 0.474087
2848 0.473472
2849 0.472847
2850 0.472212
2851 0.471568
2852 0.470913
2853 0.470247
2854 0.469570
2855 0.468882
2856 0.468183
2857 0.467472
2858 0.466748
2859 0.466012
2860 0.465263
2861 0.464501
2862 0.463724
2863 0.462934
2864 0.462129
2865 0.461308
2866 0.460472
2867 0.459620
2868 0.458751
2869 0.457865
2870 0.456961
2871 0.456038
2872 0.455095
2873 0.454133
2874 0.453150
2875 0.452145
2876 0.451117
2877 0.450066
2878 0.448991
2879 0.447890
2880 0.446763
2881 0.445607
2882 0.444423
2883 0.443208
2884 0.441961
2885 0.440680
2886 0.439363
2887 0.438010
2888 0.436617
2889 0.435182
2890 0.433703
2891 0.432177
2892 0.430602
2893 0.428973
2894 0.427287
2895 0.425541
2896 0.423729
2897 0.421846
2898 0.419887
2899 0.417845
2900 0.415712
2901 0.413480
2902 0.411137
2903 0.408673
2904 0.406073
2905 0.403320
2906 0.400392
2907 0.397264
2908 0.393904
2909 0.390271
2910 0.386311
2911 0.381950
2912 0.377091
2913 0.371591
2914 0.365239
2915 0.357703
2916 0.348435
2917 0.336459
2918 0.319899
2919 0.294897
2920 0.253745
2921 0.188493
2922 0.120556
2923 0.093362
2924 0.087493
2925 0.084801
2926 0.083075
2927 0.081846
2928 0.080911
2929 0.080161
2930 0.079538
2931 0.079003
2932 0.078533
2933 0.078111
2934 0.077726
2935 0.077369
2936 0.077035
2937 0.076720
2938 0.076419
2939 0.076131
2940 0.075853
2941 0.075584
2942 0.075323
2943 0.075068
2944 0.074819
2945 0.074575
2946 0.074335
2947 0.074099
2948 0.073867
2949 0.073637
2950 0.073411
2951 0.073188
2952 0.072967
2953 0.072748
2954 0.072531
2955 0.072317
2956 0.072104
2957 0.071894
2958 0.071685
2959 0.071478
2960 0.071272
2961 0.071069
2962 0.070866
2963 0.070665
2964 0.070466
2965 0.070268
2966 0.070072
2967 0.069876
2968 0.069683
2969 0.069490
2970 0.069299
2971 0.069109
2972 0.068920
2973 0.068733
2974 0.068546
2975 0.068361
2976 0.068177
2977 0.067994
2978 0.067813
2979 0.067632
2980 0.067453
2981 0.067275
2982 0.067098
2983 0.066921
2984 0.066746
2985 0.066572
2986 0.066400
2987 0.066228
2988 0.066057
2989 0.065887
2990 0.065718
2991 0.065550
2992 0.065383
2993 0.065218
2994 0.065053
2995 0.064889
2996 0.064726
2997 0.064564
2998 0.064402
2999 0.064242
3000 0.064083
3001 0.063925
3002 0.063767
3003 0.063610
3004 0.063455
3005 0.063300
3006 0.063146
3007 0.062993
3008 0.062840
3009 0.062689
3010 0.062538
3011 0.062388
3012 0.062239
3013 0.062091
3014 0.061944
3015 0.061797
3016 0.061652
3017 0.061507
3018 0.061362
3019 0.061219
3020 0.061076
3021 0.060934
3022 0.060793
3023 0.060653
3024 0.060513
3025 0.060374
3026 0.060236
3027 0.060099
3028 0.059962
3029 0.059826
3030 0.059691
3031 0.059556
3032 0.059422
3033 0.059289
3034 0.059156
3035 0.059024
3036 0.058893
3037 0.058763
3038 0.058633
3039 0.058504
3040 0.058375
3041 0.058247
3042 0.058120
3043 0.057993
3044 0.057867
3045 0.057742
3046 0.057617
3047 0.057493
3048 0.057370
3049 0.057247
3050 0.057125
3051 0.057003
3052 0.056882
3053 0.056761
3054 0.056642
3055 0.056522
3056 0.056404
3057 0.056285
3058 0.056168
3059 0.056051
3060 0.055934
3061 0.055819
3062 0.055703
3063 0.055589
3064 0.055474
3065 0.055361
3066 0.055248
3067 0.055135
3068 0.055023
3069 0.054911
3070 0.054800
3071 0.054690
3072 0.054580
3073 0.054471
3074 0.054362
3075 0.054253
3076 0.054145
3077 0.054038
3078 0.053931
3079 0.053825
3080 0.053719
3081 0.053613
3082 0.053508
3083 0.053404
3084 0.053300
3085 0.053196
3086 0.053093
3087 0.052991
3088 0.052889
3089 0.052787
3090 0.052686
3091 0.052585
3092 0.052485
3093 0.052385
3094 0.052286
3095 0.052187
3096 0.052088
3097 0.051990
3098 0.051893
3099 0.051795
3100 0.051699
3101 0.051602
3102 0.051507
3103 0.051411
3104 0.051316
3105 0.051221
3106 0.051127
3107 0.051033
3108 0.050940
3109 0.050847
3110 0.050754
3111 0.050662
3112 0.050570
3113 0.050479
3114 0.050388
3115 0.050298
3116 0.050207
3117 0.050118
3118 0.050028
3119 0.049939
3120 0.049850
3121 0.049762
3122 0.049674
3123 0.049587
3124 0.049499
3125 0.049413
3126 0.049326
3127 0.049240
3128 0.049154
3129 0.049069
3130 0.048984
3131 0.048899
3132 0.048815
3133 0.048731
3134 0.048648
3135 0.048564
3136 0.048482
3137 0.048399
3138 0.048317
3139 0.048235
3140 0.048153
3141 0.048072
3142 0.047991
3143 0.047911
3144 0.047831
3145 0.047751
3146 0.047671
3147 0.047592
3148 0.047513
3149 0.047435
3150 0.047356
3151 0.047278
3152 0.047201
3153 0.047123
3154 0.047046
3155 0.046970
3156 0.046893
3157 0.046817
3158 0.046742
3159 0.046666
3160 0.046591
3161 0.046516
3162 0.046441
3163 0.046367
3164 0.046293
3165 0.046219
3166 0.046146
3167 0.046073
3168 0.046000
3169 0.045928
3170 0.045855
3171 0.045783
3172 0.045712
3173 0.045640
3174 0.045569
3175 0.045498
3176 0.045428
3177 0.045357
3178 0.045287
3179 0.045217
3180 0.045148
3181 0.045079
3182 0.045010
3183 0.044941
3184 0.044873
3185 0.044804
3186 0.044736
3187 0.044669
3188 0.044601
3189 0.044534
3190 0.044467
3191 0.044401
3192 0.044334
3193 0.044268
3194 0.044202
3195 0.044136
3196 0.044071
3197 0.044006
3198 0.043941
3199 0.043876
3200 0.043812
3201 0.043748
3202 0.043684
3203 0.043620
3204 0.043556
3205 0.043493
3206 0.043430
3207 0.043367
3208 0.043305
3209 0.043243
3210 0.043180
3211 0.043119
3212 0.043057
3213 0.042995
3214 0.042934
3215 0.042873
3216 0.042813
3217 0.042752
3218 0.042692
3219 0.042632
3220 0.042572
3221 0.042512
3222 0.042453
3223 0.042393
3224 0.042334
3225 0.042275
3226 0.042217
3227 0.042158
3228 0.042100
3229 0.042042
3230 0.041984
3231 0.041927
3232 0.041869
3233 0.041812
3234 0.041755
3235 0.041699
3236 0.041642
3237 0.041586
3238 0.041529
3239 0.041473
3240 0.041418
3241 0.041362
3242 0.041307
3243 0.041251
3244 0.041196
3245 0.041141
3246 0.041087
3247 0.041032
3248 0.040978
3249 0.040924
3250 0.040870
3251 0.040816
3252 0.040763
3253 0.040710
3254 0.040656
3255 0.040603
3256 0.040551
3257 0.040498
3258 0.040445
3259 0.040393
3260 0.040341
3261 0.040289
3262 0.040237
3263 0.040186
3264 0.040134
3265 0.040083
3266 0.040032
3267 0.039981
3268 0.039930
3269 0.039880
3270 0.039830
3271 0.039779
3272 0.039729
3273 0.039679
3274 0.039630
3275 0.039580
3276 0.039531
3277 0.039481
3278 0.039432
3279 0.039383
3280 0.039335
3281 0.039286
3282 0.039237
3283 0.039189
3284 0.039141
3285 0.039093
3286 0.039045
3287 0.038998
3288 0.038950
3289 0.038903
3290 0.038855
3291 0.038808
3292 0.038761
3293 0.038715
3294 0.038668
3295 0.038622
3296 0.038575
3297 0.038529
3298 0.038483
3299 0.038437
3300 0.038391
3301 0.038346
3302 0.038300
3303 0.038255
3304 0.038210
3305 0.038165
3306 0.038120
3307 0.038075
3308 0.038030
3309 0.037986
3310 0.037942
3311 0.037897
3312 0.037853
3313 0.037809
3314 0.037766
3315 0.037722
3316 0.037678
3317 0.037635
3318 0.037592
3319 0.037548
3320 0.037505
3321 0.037463
3322 0.037420
3323 0.037377
3324 0.037335
3325 0.037292
3326 0.037250
3327 0.037208
3328 0.037166
3329 0.037124
3330 0.037082
3331 0.037041
3332 0.036999
3333 0.036958
3334 0.036916
3335 0.036875
3336 0.036834
3337 0.036793
3338 0.036753
3339 0.036712
3340 0.036671
3341 0.036631
3342 0.036591
3343 0.036551
3344 0.036510
3345 0.036471
3346 0.036431
3347 0.036391
3348 0.036351
3349 0.036312
3350 0.036272
3351 0.036233
3352 0.036194
3353 0.036155
3354 0.036116
3355 0.036077
3356 0.036038
3357 0.036000
3358 0.035961
3359 0.035923
3360 0.035885
3361 0.035847
3362 0.035808
3363 0.035770
3364 0.035733
3365 0.035695
3366 0.035657
3367 0.035620
3368 0.035582
3369 0.035545
3370 0.035508
3371 0.035471
3372 0.035434
3373 0.035397
3374 0.035360
3375 0.035323
3376 0.035286
3377 0.035250
3378 0.035213
3379 0.035177
3380 0.035141
3381 0.035105
3382 0.035069
3383 0.035033
3384 0.034997
3385 0.034961
3386 0.034926
3387 0.034890
3388 0.034855
3389 0.034819
3390 0.034784
3391 0.034749
3392 0.034714
3393 0.034679
3394 0.034644
3395 0.034609
3396 0.034574
3397 0.034540
3398 0.034505
3399 0.034471
3400 0.034436
3401 0.034402
3402 0.034368
3403 0.034334
3404 0.034300
3405 0.034266
3406 0.034232
3407 0.034198
3408 0.034165
3409 0.034131
3410 0.034097
3411 0.034064
3412 0.034031
3413 0.033998
3414 0.033964
3415 0.033931
3416 0.033898
3417 0.033865
3418 0.033833
3419 0.033800
3420 0.033767
3421 0.033735
3422 0.033702
3423 0.033670
3424 0.033637
3425 0.033605
3426 0.033573
3427 0.033541
3428 0.033509
3429 0.033477
3430 0.033445
3431 0.033413
3432 0.033382
3433 0.033350
3434 0.033319
3435 0.033287
3436 0.033256
3437 0.033224
3438 0.033193
3439 0.033162
3440 0.033131
3441 0.033100
3442 0.033069
3443 0.033038
3444 0.033007
3445 0.032977
3446 0.032946
3447 0.032916
3448 0.032885
3449 0.032855
3450 0.032824
3451 0.032794
3452 0.032764
3453 0.032734
3454 0.032704
3455 0.032674
3456 0.032644
3457 0.032614
3458 0.032584
3459 0.032554
3460 0.032525
3461 0.032495
3462 0.032466
3463 0.032436
3464 0.032407
3465 0.032378
3466 0.032348
3467 0.032319
3468 0.032290
3469 0.032261
3470 0.032232
3471 0.032203
3472 0.032174
3473 0.032145
3474 0.032117
3475 0.032088
3476 0.032060
3477 0.032031
3478 0.032003
3479 0.031974
3480 0.031946
3481 0.031918
3482 0.031889
3483 0.031861
3484 0.031833
3485 0.031805
3486 0.031777
3487 0.031749
3488 0.031722
3489 0.031694
3490 0.031666
3491 0.031638
3492 0.031611
3493 0.031583
3494 0.031556
3495 0.031529
3496 0.031501
3497 0.031474
3498 0.031447
3499 0.031420
3500 0.031392
3501 0.031365
3502 0.031338
3503 0.031311
3504 0.031285
3505 0.031258
3506 0.031231
3507 0.031204
3508 0.031178
3509 0.031151
3510 0.031125
3511 0.031098
3512 0.031072
3513 0.031045
3514 0.031019
3515 0.030993
3516 0.030967
3517 0.030940
3518 0.030914
3519 0.030888
3520 0.030862
3521 0.030836
3522 0.030810
3523 0.030785
3524 0.030759
3525 0.030733
3526 0.030707
3527 0.030682
3528 0.030656
3529 0.030631
3530 0.030605
3531 0.030580
3532 0.030555
3533 0.030529
3534 0.030504
3535 0.030479
3536 0.030454
3537 0.030429
3538 0.030404
3539 0.030379
3540 0.030354
3541 0.030329
3542 0.030304
3543 0.030279
3544 0.030254
3545 0.030230
3546 0.030205
3547 0.030180
3548 0.030156
3549 0.030131
3550 0.030107
3551 0.030083
3552 0.030058
3553 0.030034
3554 0.030010
3555 0.029985
3556 0.029961
3557 0.029937
3558 0.029913
3559 0.029889
3560 0.029865
3561 0.029841
3562 0.029817
3563 0.029793
3564 0.029770
3565 0.029746
3566 0.029722
3567 0.029699
3568 0.029675
3569 0.029651
3570 0.029628
3571 0.029604
3572 0.029581
3573 0.029558
3574 0.029534
3575 0.029511
3576 0.029488
3577 0.029464
3578 0.029441
3579 0.029418
3580 0.029395
3581 0.029372
3582 0.029349
3583 0.029326
3584 0.029303
3585 0.029280
3586 0.029257
3587 0.029235
3588 0.029212
3589 0.029189
3590 0.029167
3591 0.029144
3592 0.029121
3593 0.029099
3594 0.029076
3595 0.029054
3596 0.029031
3597 0.029009
3598 0.028987
3599 0.028965
3600 0.028942
3601 0.028920
3602 0.028898
3603 0.028876
3604 0.028854
3605 0.028832
3606 0.028810
3607 0.028788
3608 0.028766
3609 0.028744
3610 0.028722
3611 0.028700
3612 0.028678
3613 0.028657
3614 0.028635
3615 0.028613
3616 0.028592
3617 0.028570
3618 0.028549
3619 0.028527
3620 0.028506
3621 0.028484
3622 0.028463
3623 0.028441
3624 0.028420
3625 0.028399
3626 0.028378
3627 0.028356
3628 0.028335
3629 0.028314
3630 0.028293
3631 0.028272
3632 0.028251
3633 0.028230
3634 0.028209
3635 0.028188
3636 0.028167
3637 0.028146
3638 0.028125
3639 0.028105
3640 0.028084
3641 0.028063
3642 0.028043
3643 0.028022
3644 0.028001
3645 0.027981
3646 0.027960
3647 0.027940
3648 0.027919
3649 0.027899
3650 0.027878
3651 0.027858
3652 0.027838
3653 0.027817
3654 0.027797
3655 0.027777
3656 0.027757
3657 0.027737
3658 0.027717
3659 0.027696
3660 0.027676
3661 0.027656
3662 0.027636
3663 0.027616
3664 0.027596
3665 0.027577
3666 0.027557
3667 0.027537
3668 0.027517
3669 0.027497
3670 0.027478
3671 0.027458
3672 0.027438
3673 0.027419
3674 0.027399
3675 0.027379
3676 0.027360
3677 0.027340
3678 0.027321
3679 0.027301
3680 0.027282
3681 0.027263
3682 0.027243
3683 0.027224
3684 0.027205
3685 0.027185
3686 0.027166
3687 0.027147
3688 0.027128
3689 0.027109
3690 0.027090
3691 0.027071
3692 0.027051
3693 0.027032
3694 0.027013
3695 0.026994
3696 0.026976
3697 0.026957
3698 0.026938
3699 0.026919
3700 0.026900
3701 0.026881
3702 0.026863
3703 0.026844
3704 0.026825
3705 0.026807
3706 0.026788
3707 0.026769
3708 0.026751
3709 0.026732
3710 0.026714
3711 0.026695
3712 0.026677
3713 0.026658
3714 0.026640
3715 0.026621
3716 0.026603
3717 0.026585
3718 0.026566
3719 0.026548
3720 0.026530
3721 0.026512
3722 0.026494
3723 0.026475
3724 0.026457
3725 0.026439
3726 0.026421
3727 0.026403
3728 0.026385
3729 0.026367
3730 0.026349
3731 0.026331
3732 0.026313
3733 0.026295
3734 0.026277
3735 0.026260
3736 0.026242
3737 0.026224
3738 0.026206
3739 0.026189
3740 0.026171
3741 0.026153
3742 0.026136
3743 0.026118
3744 0.026100
3745 0.026083
3746 0.026065
3747 0.026048
3748 0.026030
3749 0.026013
3750 0.025995
3751 0.025978
3752 0.025960
3753 0.025943
3754 0.025926
3755 0.025908
3756 0.025891
3757 0.025874
3758 0.025857
3759 0.025839
3760 0.025822
3761 0.025805
3762 0.025788
3763 0.025771
3764 0.025754
3765 0.025737
3766 0.025720
3767 0.025703
3768 0.025686
3769 0.025669
3770 0.025652
3771 0.025635
3772 0.025618
3773 0.025601
3774 0.025584
3775 0.025567
3776 0.025550
3777 0.025534
3778 0.025517
3779 0.025500
3780 0.025483
3781 0.025467
3782 0.025450
3783 0.025433
3784 0.025417
3785 0.025400
3786 0.025384
3787 0.025367
3788 0.025351
3789 0.025334
3790 0.025318
3791 0.025301
3792 0.025285
3793 0.025268
3794 0.025252
3795 0.025236
3796 0.025219
3797 0.025203
3798 0.025187
3799 0.025170
3800 0.025154
3801 0.025138
3802 0.025122
3803 0.025105
3804 0.025089
3805 0.025073
3806 0.025057
3807 0.025041
3808 0.025025
3809 0.025009
3810 0.024993
3811 0.024977
3812 0.024961
3813 0.024945
3814 0.024929
3815 0.024913
3816 0.024897
3817 0.024881
3818 0.024865
3819 0.024850
3820 0.024834
3821 0.024818
3822 0.024802
3823 0.024786
3824 0.024771
3825 0.024755
3826 0.024739
3827 0.024724
3828 0.024708
3829 0.024692
3830 0.024677
3831 0.024661
3832 0.024646
3833 0.024630
3834 0.024614
3835 0.024599
3836 0.024584
3837 0.024568
3838 0.024553
3839 0.024537
3840 0.024522
3841 0.024506
3842 0.024491
3843 0.024476
3844 0.024460
3845 0.024445
3846 0.024430
3847 0.024415
3848 0.024399
3849 0.024384
3850 0.024369
3851 0.024354
3852 0.024339
3853 0.024323
3854 0.024308
3855 0.024293
3856 0.024278
3857 0.024263
3858 0.024248
3859 0.024233
3860 0.024218
3861 0.024203
3862 0.024188
3863 0.024173
3864 0.024158
3865 0.024143
3866 0.024128
3867 0.024114
3868 0.024099
3869 0.024084
3870 0.024069
3871 0.024054
3872 0.024040
3873 0.024025
3874 0.024010
3875 0.023995
3876 0.023981
3877 0.023966
3878 0.023951
3879 0.023937
3880 0.023922
3881 0.023907
3882 0.023893
3883 0.023878
3884 0.023864
3885 0.023849
3886 0.023835
3887 0.023820
3888 0.023806
3889 0.023791
3890 0.023777
3891 0.023762
3892 0.023748
3893 0.023734
3894 0.023719
3895 0.023705
3896 0.023691
3897 0.023676
3898 0.023662
3899 0.023648
3900 0.023633
3901 0.023619
3902 0.023605
3903 0.023591
3904 0.023577
3905 0.023562
3906 0.023548
3907 0.023534
3908 0.023520
3909 0.023506
3910 0.023492
3911 0.023478
3912 0.023464
3913 0.023450
3914 0.023436
3915 0.023422
3916 0.023408
3917 0.023394
3918 0.023380
3919 0.023366
3920 0.023352
3921 0.023338
3922 0.023324
3923 0.023310
3924 0.023296
3925 0.023283
3926 0.023269
3927 0.023255
3928 0.023241
3929 0.023227
3930 0.023214
3931 0.023200
3932 0.023186
3933 0.023173
3934 0.023159
3935 0.023145
3936 0.023132
3937 0.023118
3938 0.023104
3939 0.023091
3940 0.023077
3941 0.023064
3942 0.023050
3943 0.023036
3944 0.023023
3945 0.023009
3946 0.022996
3947 0.022983
3948 0.022969
3949 0.022956
3950 0.022942
3951 0.022929
3952 0.022915
3953 0.022902
3954 0.022889
3955 0.022875
3956 0.022862
3957 0.022849
3958 0.022835
3959 0.022822
3960 0.022809
3961 0.022796
3962 0.022782
3963 0.022769
3964 0.022756
3965 0.022743
3966 0.022730
3967 0.022717
3968 0.022703
3969 0.022690
3970 0.022677
3971 0.022664
3972 0.022651
3973 0.022638
3974 0.022625
3975 0.022612
3976 0.022599
3977 0.022586
3978 0.022573
3979 0.022560
3980 0.022547
3981 0.022534
3982 0.022521
3983 0.022508
3984 0.022495
3985 0.022482
3986 0.022470
3987 0.022457
3988 0.022444
3989 0.022431
3990 0.022418
3991 0.022405
3992 0.022393
3993 0.022380
3994 0.022367
3995 0.022354
3996 0.022342
3997 0.022329
3998 0.022316
3999 0.022304
4000 0.022291
4001 0.022278
4002 0.022266
4003 0.022253
4004 0.022240
4005 0.022228
4006 0.022215
4007 0.022203
4008 0.022190
4009 0.022178
4010 0.022165
4011 0.022153
4012 0.022140
4013 0.022128
4014 0.022115
4015 0.022103
4016 0.022090
4017 0.022078
4018 0.022066
4019 0.022053
4020 0.022041
4021 0.022028
4022 0.022016
4023 0.022004
4024 0.021991
4025 0.021979
4026 0.021967
4027 0.021955
4028 0.021942
4029 0.021930
4030 0.021918
4031 0.021906
4032 0.021893
4033 0.021881
4034 0.021869
4035 0.021857
4036 0.021845
4037 0.021833
4038 0.021820
4039 0.021808
4040 0.021796
4041 0.021784
4042 0.021772
4043 0.021760
4044 0.021748
4045 0.021736
4046 0.021724
4047 0.021712
4048 0.021700
4049 0.021688
4050 0.021676
4051 0.021664
4052 0.021652
4053 0.021640
4054 0.021628
4055 0.021616
4056 0.021604
4057 0.021592
4058 0.021581
4059 0.021569
4060 0.021557
4061 0.021545
4062 0.021533
4063 0.021522
4064 0.021510
4065 0.021498
4066 0.021486
4067 0.021474
4068 0.021463
4069 0.021451
4070 0.021439
4071 0.021428
4072 0.021416
4073 0.021404
4074 0.021393
4075 0.021381
4076 0.021369
4077 0.021358
4078 0.021346
4079 0.021334
4080 0.021323
4081 0.021311
4082 0.021300
4083 0.021288
4084 0.021277
4085 0.021265
4086 0.021254
4087 0.021242
4088 0.021231
4089 0.021219
4090 0.021208
4091 0.021196
4092 0.021185
4093 0.021173
4094 0.021162
4095 0.021151
4096 0.021139
4097 0.021128
4098 0.021116
4099 0.021105
4100 0.021094
4101 0.021082
4102 0.021071
4103 0.021060
4104 0.021049
4105 0.021037
4106 0.021026
4107 0.021015
4108 0.021004
4109 0.020992
4110 0.020981
4111 0.020970
4112 0.020959
4113 0.020948
4114 0.020936
4115 0.020925
4116 0.020914
4117 0.020903
4118 0.020892
4119 0.020881
4120 0.020870
4121 0.020858
4122 0.020847
4123 0.020836
4124 0.020825
4125 0.020814
4126 0.020803
4127 0.020792
4128 0.020781
4129 0.020770
4130 0.020759
4131 0.020748
4132 0.020737
4133 0.020726
4134 0.020715
4135 0.020704
4136 0.020694
4137 0.020683
4138 0.020672
4139 0.020661
4140 0.020650
4141 0.020639
4142 0.020628
4143 0.020617
4144 0.020607
4145 0.020596
4146 0.020585
4147 0.020574
4148 0.020563
4149 0.020553
4150 0.020542
4151 0.020531
4152 0.020520
4153 0.020510
4154 0.020499
4155 0.020488
4156 0.020478
4157 0.020467
4158 0.020456
4159 0.020446
4160 0.020435
4161 0.020424
4162 0.020414
4163 0.020403
4164 0.020392
4165 0.020382
4166 0.020371
4167 0.020361
4168 0.020350
4169 0.020340
4170 0.020329
4171 0.020318
4172 0.020308
4173 0.020297
4174 0.020287
4175 0.020276
4176 0.020266
4177 0.020256
4178 0.020245
4179 0.020235
4180 0.020224
4181 0.020214
4182 0.020203
4183 0.020193
4184 0.020183
4185 0.020172
4186 0.020162
4187 0.020151
4188 0.020141
4189 0.020131
4190 0.020120
4191 0.020110
4192 0.020100
4193 0.020090
4194 0.020079
4195 0.020069
4196 0.020059
4197 0.020048
4198 0.020038
4199 0.020028
4200 0.020018
4201 0.020007
4202 0.019997
4203 0.019987
4204 0.019977
4205 0.019967
4206 0.019957
4207 0.019946
4208 0.019936
4209 0.019926
4210 0.019916
4211 0.019906
4212 0.019896
4213 0.019886
4214 0.019876
4215 0.019866
4216 0.019855
4217 0.019845
4218 0.019835
4219 0.019825
4220 0.019815
4221 0.019805
4222 0.019795
4223 0.019785
4224 0.019775
4225 0.019765
4226 0.019755
4227 0.019745
4228 0.019735
4229 0.019726
4230 0.019716
4231 0.019706
4232 0.019696
4233 0.019686
4234 0.019676
4235 0.019666
4236 0.019656
4237 0.019646
4238 0.019637
4239 0.019627
4240 0.019617
4241 0.019607
4242 0.019597
4243 0.019587
4244 0.019578
4245 0.019568
4246 0.019558
4247 0.019548
4248 0.019539
4249 0.019529
4250 0.019519
4251 0.019509
4252 0.019500
4253 0.019490
4254 0.019480
4255 0.019471
4256 0.019461
4257 0.019451
4258 0.019442
4259 0.019432
4260 0.019422
4261 0.019413
4262 0.019403
4263 0.019393
4264 0.019384
4265 0.019374
4266 0.019365
4267 0.019355
4268 0.019346
4269 0.019336
4270 0.019326
4271 0.019317
4272 0.019307
4273 0.019298
4274 0.019288
4275 0.019279
4276 0.019269
4277 0.019260
4278 0.019250
4279 0.019241
4280 0.019231
4281 0.019222
4282 0.019213
4283 0.019203
4284 0.019194
4285 0.019184
4286 0.019175
4287 0.019165
4288 0.019156
4289 0.019147
4290 0.019137
4291 0.019128
4292 0.019119
4293 0.019109
4294 0.019100
4295 0.019091
4296 0.019081
4297 0.019072
4298 0.019063
4299 0.019053
4300 0.019044
4301 0.019035
4302 0.019026
4303 0.019016
4304 0.019007
4305 0.018998
4306 0.018989
4307 0.018979
4308 0.018970
4309 0.018961
4310 0.018952
4311 0.018943
4312 0.018934
4313 0.018924
4314 0.018915
4315 0.018906
4316 0.018897
4317 0.018888
4318 0.018879
4319 0.018870
4320 0.018860
4321 0.018851
4322 0.018842
4323 0.018833
4324 0.018824
4325 0.018815
4326 0.018806
4327 0.018797
4328 0.018788
4329 0.018779
4330 0.018770
4331 0.018761
4332 0.018752
4333 0.018743
4334 0.018734
4335 0.018725
4336 0.018716
4337 0.018707
4338 0.018698
4339 0.018689
4340 0.018680
4341 0.018671
4342 0.018662
4343 0.018653
4344 0.018645
4345 0.018636
4346 0.018627
4347 0.018618
4348 0.018609
4349 0.018600
4350 0.018591
4351 0.018582
4352 0.018574
4353 0.018565
4354 0.018556
4355 0.018547
4356 0.018538
4357 0.018530
4358 0.018521
4359 0.018512
4360 0.018503
4361 0.018494
4362 0.018486
4363 0.018477
4364 0.018468
4365 0.018459
4366 0.018451
4367 0.018442
4368 0.018433
4369 0.018425
4370 0.018416
4371 0.018407
4372 0.018399
4373 0.018390
4374 0.018381
4375 0.018373
4376 0.018364
4377 0.018355
4378 0.018347
4379 0.018338
4380 0.018329
4381 0.018321
4382 0.018312
4383 0.018304
4384 0.018295
4385 0.018286
4386 0.018278
4387 0.018269
4388 0.018261
4389 0.018252
4390 0.018244
4391 0.018235
4392 0.018227
4393 0.018218
4394 0.018210
4395 0.018201
4396 0.018193
4397 0.018184
4398 0.018176
4399 0.018167
4400 0.018159
4401 0.018150
4402 0.018142
4403 0.018133
4404 0.018125
4405 0.018117
4406 0.018108
4407 0.018100
4408 0.018091
4409 0.018083
4410 0.018075
4411 0.018066
4412 0.018058
4413 0.018050
4414 0.018041
4415 0.018033
4416 0.018024
4417 0.018016
4418 0.018008
4419 0.018000
4420 0.017991
4421 0.017983
4422 0.017975
4423 0.017966
4424 0.017958
4425 0.017950
4426 0.017942
4427 0.017933
4428 0.017925
4429 0.017917
4430 0.017909
4431 0.017900
4432 0.017892
4433 0.017884
4434 0.017876
4435 0.017867
4436 0.017859
4437 0.017851
4438 0.017843
4439 0.017835
4440 0.017827
4441 0.017818
4442 0.017810
4443 0.017802
4444 0.017794
4445 0.017786
4446 0.017778
4447 0.017770
4448 0.017762
4449 0.017753
4450 0.017745
4451 0.017737
4452 0.017729
4453 0.017721
4454 0.017713
4455 0.017705
4456 0.017697
4457 0.017689
4458 0.017681
4459 0.017673
4460 0.017665
4461 0.017657
4462 0.017649
4463 0.017641
4464 0.017633
4465 0.017625
4466 0.017617
4467 0.017609
4468 0.017601
4469 0.017593
4470 0.017585
4471 0.017577
4472 0.017569
4473 0.017561
4474 0.017553
4475 0.017545
4476 0.017538
4477 0.017530
4478 0.017522
4479 0.017514
4480 0.017506
4481 0.017498
4482 0.017490
4483 0.017482
4484 0.017475
4485 0.017467
4486 0.017459
4487 0.017451
4488 0.017443
4489 0.017435
4490 0.017428
4491 0.017420
4492 0.017412
4493 0.017404
4494 0.017396
4495 0.017389
4496 0.017381
4497 0.017373
4498 0.017365
4499 0.017358
4500 0.017350
4501 0.017342
4502 0.017334
4503 0.017327
4504 0.017319
4505 0.017311
4506 0.017303
4507 0.017296
4508 0.017288
4509 0.017280
4510 0.017273
4511 0.017265
4512 0.017257
4513 0.017250
4514 0.017242
4515 0.017234
4516 0.017227
4517 0.017219
4518 0.017212
4519 0.017204
4520 0.017196
4521 0.017189
4522 0.017181
4523 0.017173
4524 0.017166
4525 0.017158
4526 0.017151
4527 0.017143
4528 0.017136
4529 0.017128
4530 0.017121
4531 0.017113
4532 0.017105
4533 0.017098
4534 0.017090
4535 0.017083
4536 0.017075
4537 0.017068
4538 0.017060
4539 0.017053
4540 0.017045
4541 0.017038
4542 0.017030
4543 0.017023
4544 0.017016
4545 0.017008
4546 0.017001
4547 0.016993
4548 0.016986
4549 0.016978
4550 0.016971
4551 0.016963
4552 0.016956
4553 0.016949
4554 0.016941
4555 0.016934
4556 0.016926
4557 0.016919
4558 0.016912
4559 0.016904
4560 0.016897
4561 0.016890
4562 0.016882
4563 0.016875
4564 0.016868
4565 0.016860
4566 0.016853
4567 0.016846
4568 0.016838
4569 0.016831
4570 0.016824
4571 0.016816
4572 0.016809
4573 0.016802
4574 0.016795
4575 0.016787
4576 0.016780
4577 0.016773
4578 0.016766
4579 0.016758
4580 0.016751
4581 0.016744
4582 0.016737
4583 0.016729
4584 0.016722
4585 0.016715
4586 0.016708
4587 0.016701
4588 0.016693
4589 0.016686
4590 0.016679
4591 0.016672
4592 0.016665
4593 0.016658
4594 0.016650
4595 0.016643
4596 0.016636
4597 0.016629
4598 0.016622
4599 0.016615
4600 0.016608
4601 0.016601
4602 0.016593
4603 0.016586
4604 0.016579
4605 0.016572
4606 0.016565
4607 0.016558
4608 0.016551
4609 0.016544
4610 0.016537
4611 0.016530
4612 0.016523
4613 0.016516
4614 0.016509
4615 0.016502
4616 0.016495
4617 0.016488
4618 0.016481
4619 0.016474
4620 0.016467
4621 0.016460
4622 0.016453
4623 0.016446
4624 0.016439
4625 0.016432
4626 0.016425
4627 0.016418
4628 0.016411
4629 0.016404
4630 0.016397
4631 0.016390
4632 0.016383
4633 0.016376
4634 0.016369
4635 0.016362
4636 0.016355
4637 0.016348
4638 0.016341
4639 0.016335
4640 0.016328
4641 0.016321
4642 0.016314
4643 0.016307
4644 0.016300
4645 0.016293
4646 0.016286
4647 0.016280
4648 0.016273
4649 0.016266
4650 0.016259
4651 0.016252
4652 0.016245
4653 0.016239
4654 0.016232
4655 0.016225
4656 0.016218
4657 0.016211
4658 0.016205
4659 0.016198
4660 0.016191
4661 0.016184
4662 0.016178
4663 0.016171
4664 0.016164
4665 0.016157
4666 0.016151
4667 0.016144
4668 0.016137
4669 0.016130
4670 0.016124
4671 0.016117
4672 0.016110
4673 0.016104
4674 0.016097
4675 0.016090
4676 0.016083
4677 0.016077
4678 0.016070
4679 0.016063
4680 0.016057
4681 0.016050
4682 0.016043
4683 0.016037
4684 0.016030
4685 0.016023
4686 0.016017
4687 0.016010
4688 0.016004
4689 0.015997
4690 0.015990
4691 0.015984
4692 0.015977
4693 0.015970
4694 0.015964
4695 0.015957
4696 0.015951
4697 0.015944
4698 0.015938
4699 0.015931
4700 0.015924
4701 0.015918
4702 0.015911
4703 0.015905
4704 0.015898
4705 0.015892
4706 0.015885
4707 0.015879
4708 0.015872
4709 0.015866
4710 0.015859
4711 0.015853
4712 0.015846
4713 0.015840
4714 0.015833
4715 0.015827
4716 0.015820
4717 0.015814
4718 0.015807
4719 0.015801
4720 0.015794
4721 0.015788
4722 0.015781
4723 0.015775
4724 0.015768
4725 0.015762
4726 0.015756
4727 0.015749
4728 0.015743
4729 0.015736
4730 0.015730
4731 0.015724
4732 0.015717
4733 0.015711
4734 0.015704
4735 0.015698
4736 0.015692
4737 0.015685
4738 0.015679
4739 0.015672
4740 0.015666
4741 0.015660
4742 0.015653
4743 0.015647
4744 0.015641
4745 0.015634
4746 0.015628
4747 0.015622
4748 0.015615
4749 0.015609
4750 0.015603
4751 0.015596
4752 0.015590
4753 0.015584
4754 0.015578
4755 0.015571
4756 0.015565
4757 0.015559
4758 0.015552
4759 0.015546
4760 0.015540
4761 0.015534
4762 0.015527
4763 0.015521
4764 0.015515
4765 0.015509
4766 0.015502
4767 0.015496
4768 0.015490
4769 0.015484
4770 0.015478
4771 0.015471
4772 0.015465
4773 0.015459
4774 0.015453
4775 0.015447
4776 0.015440
4777 0.015434
4778 0.015428
4779 0.015422
4780 0.015416
4781 0.015410
4782 0.015403
4783 0.015397
4784 0.015391
4785 0.015385
4786 0.015379
4787 0.015373
4788 0.015367
4789 0.015360
4790 0.015354
4791 0.015348
4792 0.015342
4793 0.015336
4794 0.015330
4795 0.015324
4796 0.015318
4797 0.015312
4798 0.015306
4799 0.015300
4800 0.015293
4801 0.015287
4802 0.015281
4803 0.015275
4804 0.015269
4805 0.015263
4806 0.015257
4807 0.015251
4808 0.015245
4809 0.015239
4810 0.015233
4811 0.015227
4812 0.015221
4813 0.015215
4814 0.015209
4815 0.015203
4816 0.015197
4817 0.015191
4818 0.015185
4819 0.015179
4820 0.015173
4821 0.015167
4822 0.015161
4823 0.015155
4824 0.015149
4825 0.015143
4826 0.015137
4827 0.015131
4828 0.015125
4829 0.015119
4830 0.015113
4831 0.015108
4832 0.015102
4833 0.015096
4834 0.015090
4835 0.015084
4836 0.015078
4837 0.015072
4838 0.015066
4839 0.015060
4840 0.015054
4841 0.015048
4842 0.015043
4843 0.015037
4844 0.015031
4845 0.015025
4846 0.015019
4847 0.015013
4848 0.015007
4849 0.015002
4850 0.014996
4851 0.014990
4852 0.014984
4853 0.014978
4854 0.014972
4855 0.014967
4856 0.014961
4857 0.014955
4858 0.014949
4859 0.014943
4860 0.014937
4861 0.014932
4862 0.014926
4863 0.014920
4864 0.014914
4865 0.014909
4866 0.014903
4867 0.014897
4868 0.014891
4869 0.014885
4870 0.014880
4871 0.014874
4872 0.014868
4873 0.014862
4874 0.014857
4875 0.014851
4876 0.014845
4877 0.014840
4878 0.014834
4879 0.014828
4880 0.014822
4881 0.014817
4882 0.014811
4883 0.014805
4884 0.014800
4885 0.014794
4886 0.014788
4887 0.014782
4888 0.014777
4889 0.014771
4890 0.014765
4891 0.014760
4892 0.014754
4893 0.014748
4894 0.014743
4895 0.014737
4896 0.014731
4897 0.014726
4898 0.014720
4899 0.014715
4900 0.014709
4901 0.014703
4902 0.014698
4903 0.014692
4904 0.014686
4905 0.014681
4906 0.014675
4907 0.014670
4908 0.014664
4909 0.014658
4910 0.014653
4911 0.014647
4912 0.014642
4913 0.014636
4914 0.014631
4915 0.014625
4916 0.014619
4917 0.014614
4918 0.014608
4919 0.014603
4920 0.014597
4921 0.014592
4922 0.014586
4923 0.014581
4924 0.014575
4925 0.014569
4926 0.014564
4927 0.014558
4928 0.014553
4929 0.014547
4930 0.014542
4931 0.014536
4932 0.014531
4933 0.014525
4934 0.014520
4935 0.014514
4936 0.014509
4937 0.014503
4938 0.014498
4939 0.014492
4940 0.014487
4941 0.014482
4942 0.014476
4943 0.014471
4944 0.014465
4945 0.014460
4946 0.014454
4947 0.014449
4948 0.014443
4949 0.014438
4950 0.014433
4951 0.014427
4952 0.014422
4953 0.014416
4954 0.014411
4955 0.014405
4956 0.014400
4957 0.014395
4958 0.014389
4959 0.014384
4960 0.014378
4961 0.014373
4962 0.014368
4963 0.014362
4964 0.014357
4965 0.014352
4966 0.014346
4967 0.014341
4968 0.014336
4969 0.014330
4970 0.014325
4971 0.014319
4972 0.014314
4973 0.014309
4974 0.014303
4975 0.014298
4976 0.014293
4977 0.014287
4978 0.014282
4979 0.014277
4980 0.014271
4981 0.014266
4982 0.014261
4983 0.014256
4984 0.014250
4985 0.014245
4986 0.014240
4987 0.014234
4988 0.014229
4989 0.014224
4990 0.014219
4991 0.014213
4992 0.014208
4993 0.014203
4994 0.014198
4995 0.014192
4996 0.014187
4997 0.014182
4998 0.014177
4999 0.014171
