0 33.819218
1 33.735227
2 34.298106
3 34.526475
4 34.657651
5 34.759138
6 34.842414
7 34.899256
8 34.900738
9 34.790564
10 34.505039
11 34.028336
12 33.334445
13 32.253404
14 30.704413
15 28.803972
16 26.772683
17 24.805068
18 23.039346
19 21.530379
20 20.230318
21 19.049819
22 17.924147
23 16.832336
24 15.778960
25 14.771187
26 13.812710
27 12.906645
28 12.055441
29 11.260043
30 10.519371
31 9.830331
32 9.188394
33 8.588662
34 8.026901
35 7.500256
36 7.007394
37 6.547869
38 6.121226
39 5.726455
40 5.361818
41 5.025077
42 4.714038
43 4.426995
44 4.162707
45 3.920068
46 3.697842
47 3.494602
48 3.308835
49 3.139074
50 2.983991
51 2.842415
52 2.713322
53 2.595789
54 2.488962
55 2.392027
56 2.304196
57 2.224701
58 2.152797
59 2.087763
60 2.028912
61 1.975596
62 1.927207
63 1.883189
64 1.843030
65 1.806275
66 1.772516
67 1.741394
68 1.712597
69 1.685854
70 1.660934
71 1.637637
72 1.615793
73 1.595259
74 1.575912
75 1.557646
76 1.540371
77 1.524011
78 1.508498
79 1.493774
80 1.479788
81 1.466493
82 1.453849
83 1.441817
84 1.430363
85 1.419456
86 1.409065
87 1.399162
88 1.389721
89 1.380716
90 1.372122
91 1.363916
92 1.356076
93 1.348580
94 1.341408
95 1.334538
96 1.327952
97 1.321631
98 1.315559
99 1.309717
100 1.304089
101 1.298662
102 1.293419
103 1.288349
104 1.283437
105 1.278672
106 1.274044
107 1.269541
108 1.265156
109 1.260879
110 1.256704
111 1.252623
112 1.248631
113 1.244722
114 1.240893
115 1.237140
116 1.233460
117 1.229850
118 1.226309
119 1.222835
120 1.219427
121 1.216086
122 1.212809
123 1.209598
124 1.206451
125 1.203368
126 1.200350
127 1.197395
128 1.194502
129 1.191671
130 1.188900
131 1.186186
132 1.183528
133 1.180921
134 1.178364
135 1.175850
136 1.173377
137 1.170938
138 1.168528
139 1.166141
140 1.163770
141 1.161408
142 1.159049
143 1.156683
144 1.154304
145 1.151904
146 1.149473
147 1.147004
148 1.144489
149 1.141918
150 1.139283
151 1.136577
152 1.133791
153 1.130916
154 1.127947
155 1.124874
156 1.121692
157 1.118395
158 1.114977
159 1.111433
160 1.107761
161 1.103956
162 1.100018
163 1.095946
164 1.091740
165 1.087405
166 1.082941
167 1.078356
168 1.073655
169 1.068846
170 1.063940
171 1.058945
172 1.053875
173 1.048743
174 1.043563
175 1.038349
176 1.033119
177 1.027887
178 1.022670
179 1.017485
180 1.012347
181 1.007273
182 1.002278
183 0.997375
184 0.992579
185 0.987900
186 0.983350
187 0.978938
188 0.974673
189 0.970562
190 0.966609
191 0.962820
192 0.959197
193 0.955744
194 0.952461
195 0.949348
196 0.946406
197 0.943634
198 0.941030
199 0.938592
200 0.936319
201 0.934207
202 0.932255
203 0.930458
204 0.928815
205 0.927321
206 0.925974
207 0.924770
208 0.923707
209 0.922780
210 0.921987
211 0.921324
212 0.920787
213 0.920375
214 0.920083
215 0.919909
216 0.919848
217 0.919899
218 0.920059
219 0.920323
220 0.920690
221 0.921156
222 0.921719
223 0.922376
224 0.923124
225 0.923961
226 0.924885
227 0.925892
228 0.926980
229 0.928148
230 0.929392
231 0.930711
232 0.932103
233 0.933565
234 0.935096
235 0.936694
236 0.938356
237 0.940081
238 0.941867
239 0.943712
240 0.945615
241 0.947572
242 0.949583
243 0.951646
244 0.953758
245 0.955917
246 0.958121
247 0.960367
248 0.962654
249 0.964979
250 0.967339
251 0.969731
252 0.972152
253 0.974600
254 0.977072
255 0.979564
256 0.982073
257 0.984597
258 0.987131
259 0.989674
260 0.992222
261 0.994771
262 0.997320
263 0.999865
264 1.002405
265 1.004936
266 1.007458
267 1.009967
268 1.012464
269 1.014946
270 1.017413
271 1.019865
272 1.022301
273 1.024721
274 1.027126
275 1.029516
276 1.031893
277 1.034257
278 1.036611
279 1.038957
280 1.041296
281 1.043632
282 1.045967
283 1.048304
284 1.050648
285 1.053001
286 1.055368
287 1.057754
288 1.060164
289 1.062602
290 1.065076
291 1.067592
292 1.070156
293 1.072778
294 1.075465
295 1.078228
296 1.081077
297 1.084025
298 1.087086
299 1.090276
300 1.093614
301 1.097122
302 1.100828
303 1.104761
304 1.108963
305 1.113482
306 1.118382
307 1.123747
308 1.129692
309 1.136375
310 1.144028
311 1.152999
312 1.163819
313 1.177305
314 1.194615
315 1.216992
316 1.244990
317 1.279225
318 1.326793
319 1.408367
320 1.506474
321 1.587201
322 1.662403
323 1.708667
324 1.738455
325 1.760330
326 1.775618
327 1.786165
328 1.794520
329 1.802406
330 1.810166
331 1.817695
332 1.824947
333 1.831934
334 1.838680
335 1.845213
336 1.851565
337 1.857766
338 1.863846
339 1.869831
340 1.875744
341 1.881605
342 1.887429
343 1.893229
344 1.899011
345 1.904780
346 1.910534
347 1.916266
348 1.921969
349 1.927628
350 1.933228
351 1.938748
352 1.944169
353 1.949467
354 1.954614
355 1.959580
356 1.964333
357 1.968838
358 1.973056
359 1.976952
360 1.980494
361 1.983658
362 1.986434
363 1.988829
364 1.990867
365 1.992589
366 1.994044
367 1.995282
368 1.996339
369 1.997222
370 1.997890
371 1.998224
372 1.997990
373 1.996772
374 1.993829
375 1.987803
376 1.976149
377 1.955484
378 1.930288
379 1.919985
380 1.916954
381 1.910479
382 1.909070
383 1.902226
384 1.902686
385 1.894246
386 1.894955
387 1.887776
388 1.884070
389 1.878732
390 1.872653
391 1.866596
392 1.862288
393 1.861385
394 1.863635
395 1.867553
396 1.871671
397 1.874220
398 1.872867
399 1.865578
400 1.851312
401 1.837943
402 1.843768
403 1.848228
404 1.852922
405 1.857593
406 1.862046
407 1.865548
408 1.865919
409 1.857966
410 1.833445
411 1.825458
412 1.843129
413 1.826391
414 1.846120
415 1.829538
416 1.840512
417 1.827994
418 1.843845
419 1.825360
420 1.847498
421 1.821272
422 1.854439
423 1.822351
424 1.838808
425 1.792013
426 1.931380
427 1.523290
428 1.925195
429 1.500841
430 1.896152
431 1.487818
432 1.882047
433 1.474646
434 1.872548
435 1.462883
436 1.867131
437 1.453463
438 1.863953
439 1.446512
440 1.861669
441 1.441724
442 1.859632
443 1.438663
444 1.857555
445 1.436893
446 1.855289
447 1.436031
448 1.852724
449 1.435765
450 1.849768
451 1.435868
452 1.846368
453 1.436210
454 1.842584
455 1.436783
456 1.838756
457 1.437740
458 1.835730
459 1.439371
460 1.834784
461 1.441777
462 1.836618
463 1.444587
464 1.840396
465 1.447578
466 1.845182
467 1.450911
468 1.850891
469 1.454738
470 1.857621
471 1.459293
472 1.865655
473 1.464797
474 1.875290
475 1.470191
476 1.885646
477 1.456001
478 1.886003
479 1.454356
480 1.903902
481 1.874925
482 1.723301
483 1.513142
484 1.491307
485 1.486448
486 1.471893
487 1.553543
488 1.460503
489 1.798332
490 1.765878
491 1.813933
492 1.841210
493 1.919502
494 1.740233
495 1.660556
496 1.842943
497 1.902021
498 1.796450
499 1.760738
500 1.542966
501 1.540287
502 1.603612
503 1.736688
504 1.685451
505 1.807249
506 1.866158
507 1.794805
508 1.734047
509 1.896491
510 1.597110
511 1.818201
512 1.786485
513 1.674168
514 1.766759
515 1.601790
516 1.815884
517 1.591542
518 1.773288
519 1.674227
520 1.804415
521 1.603356
522 1.747852
523 1.799008
524 1.615541
525 1.649639
526 1.580474
527 1.679810
528 1.469745
529 1.665115
530 1.608927
531 1.631393
532 1.724758
533 1.857493
534 1.733059
535 1.592643
536 1.607733
537 1.528846
538 1.522524
539 1.512012
540 1.608927
541 1.589640
542 1.633363
543 1.650726
544 1.643396
545 1.611548
546 1.570811
547 1.508008
548 1.433194
549 1.290959
550 1.253811
551 1.346804
552 1.683199
553 1.492054
554 1.575371
555 1.513476
556 1.556839
557 1.521249
558 1.531696
559 1.528827
560 1.531021
561 1.557895
562 1.531649
563 1.630449
564 1.742919
565 1.536040
566 1.564555
567 1.773343
568 1.246264
569 1.582226
570 1.616187
571 1.254687
572 1.574778
573 1.692363
574 1.285497
575 1.597170
576 1.543760
577 1.717498
578 1.934053
579 1.766696
580 1.721007
581 1.475430
582 1.430264
583 1.343080
584 1.384831
585 1.347424
586 1.803790
587 1.634939
588 1.784690
589 1.797031
590 2.187266
591 1.711325
592 1.734443
593 1.749731
594 1.694960
595 1.635486
596 1.701877
597 2.082982
598 1.630027
599 1.663744
600 1.989028
601 1.714605
602 1.871782
603 1.737343
604 1.958428
605 1.860075
606 2.070034
607 2.183254
608 1.843061
609 1.944034
610 2.046290
611 2.099788
612 2.013100
613 2.201029
614 2.237570
615 2.234921
616 2.229560
617 2.204070
618 2.194220
619 2.210989
620 2.193459
621 2.204004
622 2.140298
623 1.990826
624 2.253597
625 2.217931
626 2.199933
627 2.158944
628 2.260011
629 2.259306
630 2.257701
631 2.275700
632 2.258182
633 2.295968
634 2.291348
635 2.294723
636 2.306786
637 2.316937
638 2.323140
639 2.320695
640 2.316155
641 2.314236
642 2.289268
643 2.269163
644 2.140396
645 2.575058
646 2.292224
647 2.287463
648 2.294785
649 2.207326
650 2.070861
651 2.189026
652 2.555945
653 2.336590
654 2.322096
655 2.338090
656 2.309215
657 2.290353
658 2.321168
659 2.300672
660 2.293547
661 2.297347
662 2.302207
663 2.298264
664 2.293790
665 2.275879
666 2.345258
667 2.284430
668 2.346659
669 2.307925
670 2.285236
671 2.345729
672 2.327515
673 2.327308
674 2.333078
675 2.334989
676 2.348382
677 2.336591
678 2.355193
679 2.337205
680 2.359352
681 2.340563
682 2.344042
683 2.340081
684 2.336426
685 2.336971
686 2.338718
687 2.339873
688 2.340356
689 2.340160
690 2.339518
691 2.338716
692 2.337829
693 2.336881
694 2.335888
695 2.334854
696 2.333794
697 2.332717
698 2.331659
699 2.330673
700 2.329923
701 2.329884
702 2.332346
703 2.342562
704 2.348008
705 2.334563
706 2.346940
707 2.345416
708 2.350085
709 2.341197
710 2.352905
711 2.333255
712 2.351009
713 2.353608
714 2.349940
715 2.344619
716 2.354120
717 2.351326
718 2.355105
719 2.350115
720 2.347376
721 2.340496
722 2.327848
723 2.310826
724 2.307783
725 2.313811
726 2.315891
727 2.316121
728 2.314125
729 2.310968
730 2.307764
731 2.304612
732 2.301395
733 2.298150
734 2.294940
735 2.291923
736 2.289443
737 2.288202
738 2.289142
739 2.292043
740 2.294940
741 2.297190
742 2.297481
743 2.292441
744 2.273232
745 2.219956
746 2.264136
747 2.186108
748 1.919016
749 2.286477
750 2.172868
751 1.837830
752 1.940144
753 1.985568
754 2.308975
755 2.309900
756 2.304825
757 2.277577
758 2.216940
759 1.920489
760 2.229118
761 2.188956
762 1.873959
763 1.958578
764 2.315770
765 2.298200
766 2.238315
767 2.160065
768 2.190831
769 2.265327
770 2.323302
771 2.316093
772 2.283579
773 2.220909
774 1.929654
775 2.300119
776 2.235265
777 2.188275
778 2.437409
779 2.317918
780 2.277594
781 2.213860
782 1.905357
783 2.312398
784 2.255302
785 2.166294
786 2.224807
787 1.911106
788 2.316234
789 2.264759
790 2.187823
791 1.977811
792 1.978291
793 2.337809
794 2.324132
795 2.288282
796 2.234925
797 1.939469
798 2.319846
799 2.273491
800 2.551481
801 2.270864
802 2.085990
803 2.314970
804 2.321450
805 2.272914
806 2.228888
807 2.325630
808 2.292392
809 2.219310
810 1.936824
811 2.340276
812 2.324440
813 2.278477
814 2.057222
815 2.321653
816 2.276620
817 1.948885
818 2.343765
819 2.324723
820 2.230045
821 1.957757
822 2.349992
823 2.332322
824 2.237890
825 2.021982
826 2.010381
827 2.374099
828 2.352126
829 2.346305
830 2.283921
831 2.290471
832 2.400418
833 2.695698
834 2.410237
835 2.343558
836 2.371167
837 2.373803
838 2.362794
839 2.365156
840 2.267872
841 2.436578
842 2.417981
843 2.266466
844 2.386822
845 2.543462
846 2.326005
847 2.604662
848 2.441923
849 2.067546
850 2.456166
851 2.638103
852 2.511427
853 2.372314
854 2.438177
855 2.687162
856 2.470799
857 2.674168
858 2.469614
859 2.678736
860 2.419703
861 2.382854
862 2.359606
863 2.676314
864 2.474632
865 2.615171
866 2.257928
867 2.889689
868 2.457527
869 2.729932
870 2.450367
871 2.395126
872 2.558565
873 2.428804
874 2.415544
875 2.474726
876 2.145657
877 2.127149
878 2.730575
879 2.325201
880 2.467996
881 2.265356
882 2.216602
883 2.460134
884 2.375415
885 2.399573
886 2.410362
887 2.424452
888 2.426074
889 2.437852
890 2.454004
891 2.467677
892 2.471685
893 2.475178
894 2.495127
895 2.471058
896 2.484080
897 2.490256
898 2.465956
899 2.464766
900 2.488628
901 2.425748
902 2.446698
903 2.441180
904 2.438755
905 2.433241
906 2.426649
907 2.418714
908 2.410009
909 2.399210
910 2.381934
911 2.358085
912 2.356887
913 2.746758
914 2.866030
915 2.106298
916 2.357921
917 2.446080
918 2.438595
919 2.413021
920 2.388623
921 2.289056
922 2.085687
923 2.745773
924 2.080505
925 2.442622
926 2.400182
927 2.375725
928 2.770118
929 2.050794
930 2.411704
931 2.356712
932 2.054276
933 2.345980
934 2.153194
935 2.263844
936 2.076012
937 2.598079
938 2.841676
939 2.433473
940 2.161313
941 2.127446
942 2.122910
943 2.769284
944 2.175177
945 2.088711
946 2.324416
947 2.076016
948 2.338571
949 2.338357
950 2.460583
951 2.491968
952 2.075253
953 2.334880
954 2.311597
955 3.422925
956 2.169779
957 2.091170
958 2.216239
959 2.093462
960 2.383706
961 2.420866
962 2.251288
963 2.123646
964 2.411905
965 2.219684
966 2.099156
967 2.242899
968 2.108378
969 2.259632
970 2.197744
971 2.327769
972 2.141101
973 2.262072
974 2.271429
975 2.250722
976 2.279386
977 2.201468
978 2.282192
979 2.207119
980 2.211361
981 2.448688
982 2.425978
983 2.399463
984 2.220624
985 2.387314
986 2.435508
987 2.233497
988 2.451781
989 2.447051
990 2.388986
991 2.194241
992 2.237660
993 2.451433
994 2.389024
995 2.244537
996 2.358910
997 2.251547
998 2.278509
999 2.308599
1000 2.322119
1001 2.456879
1002 2.446869
1003 3.824557
1004 1.813228
1005 1.695157
1006 1.696246
1007 1.721623
1008 3.096232
1009 2.448888
1010 1.779843
1011 2.460408
1012 2.363260
1013 2.474823
1014 2.343390
1015 2.247938
1016 2.341594
1017 2.210390
1018 2.224488
1019 2.207468
1020 2.189080
1021 2.191823
1022 2.199214
1023 2.217683
1024 2.212563
1025 2.224174
1026 2.237070
1027 2.215772
1028 3.564683
1029 1.813247
1030 2.253283
1031 2.245347
1032 2.241386
1033 2.229936
1034 2.380047
1035 2.238581
1036 2.282794
1037 1.732361
1038 1.706008
1039 1.672717
1040 1.652051
1041 1.670484
1042 1.768458
1043 2.512141
1044 2.847700
1045 2.577847
1046 2.850279
1047 2.768289
1048 2.490818
1049 2.715614
1050 2.318297
1051 2.612424
1052 2.285658
1053 2.390861
1054 2.275449
1055 2.493533
1056 2.315762
1057 2.400784
1058 2.465615
1059 2.296751
1060 2.372617
1061 2.285610
1062 2.322949
1063 2.347961
1064 2.336570
1065 2.322803
1066 2.299739
1067 2.486204
1068 2.245787
1069 1.729398
1070 1.602981
1071 1.577534
1072 1.602635
1073 1.634124
1074 1.733797
1075 3.949247
1076 1.809323
1077 2.371262
1078 4.364449
1079 1.899113
1080 3.533660
1081 2.834286
1082 1.864778
1083 2.849173
1084 4.373099
1085 2.411290
1086 2.955283
1087 2.880771
1088 1.784112
1089 2.442912
1090 3.149386
1091 2.913129
1092 3.581792
1093 2.448415
1094 2.953975
1095 2.829476
1096 2.899528
1097 2.890394
1098 2.921376
1099 1.701321
1100 2.250539
1101 2.402009
1102 4.524261
1103 1.843863
1104 2.819108
1105 4.251293
1106 1.780350
1107 2.389466
1108 2.876929
1109 2.367588
1110 3.968342
1111 3.917088
1112 1.935910
1113 2.618277
1114 3.118503
1115 1.749720
1116 2.394383
1117 4.004669
1118 2.591754
1119 2.457565
1120 2.849757
1121 2.851503
1122 2.926861
1123 2.030069
1124 2.220377
1125 2.656409
1126 3.188589
1127 2.475553
1128 2.326724
1129 2.140981
1130 2.656904
1131 2.932045
1132 2.976165
1133 3.309360
1134 2.841333
1135 2.964218
1136 3.001355
1137 2.854999
1138 2.710905
1139 3.413243
1140 2.928415
1141 3.000626
1142 3.005273
1143 2.924411
1144 3.248108
1145 2.978925
1146 3.028639
1147 3.055763
1148 3.069618
1149 3.067751
1150 3.049472
1151 3.027832
1152 3.012376
1153 3.001281
1154 2.991323
1155 2.980569
1156 2.967994
1157 2.952849
1158 2.934014
1159 2.909574
1160 2.876838
1161 2.833296
1162 2.779750
1163 2.723676
1164 2.673490
1165 2.629755
1166 2.589731
1167 2.552283
1168 2.517215
1169 2.484706
1170 2.455067
1171 2.428513
1172 2.405060
1173 2.384550
1174 2.366713
1175 2.351240
1176 2.337819
1177 2.326161
1178 2.316005
1179 2.307127
1180 2.299335
1181 2.292465
1182 2.286380
1183 2.280965
1184 2.276123
1185 2.271775
1186 2.267852
1187 2.264299
1188 2.261067
1189 2.258117
1190 2.255414
1191 2.252930
1192 2.250639
1193 2.248521
1194 2.246558
1195 2.244733
1196 2.243032
1197 2.241444
1198 2.239957
1199 2.238560
1200 2.237245
1201 2.236002
1202 2.234823
1203 2.233699
1204 2.232620
1205 2.231578
1206 2.230561
1207 2.229559
1208 2.228560
1209 2.227550
1210 2.226518
1211 2.225450
1212 2.224339
1213 2.223189
1214 2.222035
1215 2.220977
1216 2.220268
1217 2.220519
1218 2.223167
1219 2.231536
1220 2.252823
1221 2.299628
1222 2.374559
1223 2.425799
1224 2.460671
1225 2.502785
1226 2.558083
1227 2.632477
1228 2.707425
1229 2.777890
1230 2.815697
1231 2.791907
1232 2.743137
1233 2.701027
1234 2.702400
1235 2.727540
1236 2.745846
1237 2.746086
1238 2.692113
1239 2.724139
1240 2.657224
1241 1.803277
1242 2.738475
1243 1.743451
1244 2.645316
1245 1.802838
1246 2.420258
1247 2.535367
1248 2.527539
1249 2.424181
1250 2.564025
1251 2.477175
1252 2.562641
1253 2.440685
1254 2.580014
1255 1.585104
1256 2.648736
1257 1.671745
1258 2.430184
1259 2.461389
1260 2.548847
1261 2.544951
1262 2.550137
1263 2.552496
1264 2.555443
1265 2.557295
1266 2.559461
1267 2.560806
1268 2.562664
1269 2.563468
1270 2.565452
1271 2.565260
1272 2.568397
1273 2.565092
1274 2.572497
1275 2.554001
1276 2.570816
1277 2.580078
1278 1.562373
1279 2.526154
1280 2.521645
1281 2.593002
1282 2.535085
1283 2.589328
1284 2.536788
1285 2.583876
1286 2.553733
1287 2.584040
1288 2.564049
1289 2.580572
1290 2.571273
1291 2.573850
1292 2.576420
1293 2.575805
1294 2.628983
1295 1.771316
1296 2.551950
1297 2.580517
1298 2.586721
1299 2.590422
1300 2.585656
1301 2.597551
1302 1.563462
1303 2.593646
1304 1.564710
1305 2.554087
1306 2.565868
1307 2.591643
1308 2.603496
1309 2.604817
1310 2.608640
1311 2.608684
1312 2.596496
1313 2.936948
1314 1.673848
1315 2.993991
1316 1.789076
1317 2.634010
1318 1.791572
1319 3.029390
1320 2.516827
1321 1.837851
1322 3.026425
1323 2.857557
1324 2.801810
1325 2.701310
1326 2.385527
1327 1.765614
1328 2.730534
1329 1.851932
1330 2.717247
1331 1.674157
1332 2.893893
1333 1.728221
1334 3.016589
1335 1.664729
1336 3.026073
1337 1.807733
1338 2.989866
1339 1.728796
1340 2.992097
1341 1.846023
1342 2.733276
1343 1.707098
1344 3.701545
1345 3.182727
1346 3.324161
1347 3.116590
1348 2.200057
1349 2.449785
1350 2.043531
1351 3.369274
1352 3.293001
1353 2.770548
1354 1.777489
1355 3.596865
1356 3.113289
1357 2.348447
1358 2.914800
1359 2.843042
1360 2.230297
1361 3.356195
1362 3.459064
1363 3.262914
1364 2.789041
1365 1.834283
1366 3.369647
1367 3.054672
1368 2.415395
1369 2.329121
1370 3.216663
1371 3.327914
1372 2.863600
1373 2.324893
1374 3.136421
1375 3.362624
1376 3.492007
1377 3.465386
1378 3.427974
1379 3.308497
1380 2.934371
1381 2.261925
1382 3.444814
1383 3.457336
1384 3.399587
1385 3.258638
1386 2.987447
1387 2.222261
1388 2.809942
1389 3.097917
1390 2.342635
1391 3.439202
1392 3.433119
1393 3.442107
1394 3.446755
1395 3.446454
1396 3.446174
1397 3.447691
1398 3.452234
1399 3.458645
1400 3.463248
1401 3.463917
1402 3.461802
1403 3.458081
1404 3.452932
1405 3.446294
1406 3.438090
1407 3.428228
1408 3.416598
1409 3.403076
1410 3.387536
1411 3.369875
1412 3.350067
1413 3.328255
1414 3.304867
1415 3.280713
1416 3.256946
1417 3.234777
1418 3.215035
1419 3.197907
1420 3.183077
1421 3.170057
1422 3.158422
1423 3.147863
1424 3.138172
1425 3.129201
1426 3.120847
1427 3.113031
1428 3.105695
1429 3.098792
1430 3.092286
1431 3.086147
1432 3.080351
1433 3.074876
1434 3.069703
1435 3.064817
1436 3.060202
1437 3.055845
1438 3.051733
1439 3.047853
1440 3.044194
1441 3.040744
1442 3.037492
1443 3.034427
1444 3.031539
1445 3.028817
1446 3.026251
1447 3.023832
1448 3.021550
1449 3.019396
1450 3.017361
1451 3.015437
1452 3.013616
1453 3.011890
1454 3.010253
1455 3.008696
1456 3.007214
1457 3.005801
1458 3.004452
1459 3.003160
1460 3.001921
1461 3.000730
1462 2.999583
1463 2.998476
1464 2.997406
1465 2.996369
1466 2.995361
1467 2.994381
1468 2.993425
1469 2.992490
1470 2.991575
1471 2.990677
1472 2.989795
1473 2.988926
1474 2.988069
1475 2.987222
1476 2.986384
1477 2.985553
1478 2.984729
1479 2.983909
1480 2.983094
1481 2.982281
1482 2.981469
1483 2.980659
1484 2.979849
1485 2.979037
1486 2.978224
1487 2.977408
1488 2.976589
1489 2.975766
1490 2.974938
1491 2.974105
1492 2.973266
1493 2.972419
1494 2.971566
1495 2.970704
1496 2.969834
1497 2.968954
1498 2.968064
1499 2.967164
1500 2.966253
1501 2.965329
1502 2.964393
1503 2.963444
1504 2.962482
1505 2.961505
1506 2.960513
1507 2.959505
1508 2.958481
1509 2.957441
1510 2.956382
1511 2.955306
1512 2.954210
1513 2.953096
1514 2.951961
1515 2.950805
1516 2.949628
1517 2.948428
1518 2.947206
1519 2.945961
1520 2.944691
1521 2.943397
1522 2.942077
1523 2.940731
1524 2.939359
1525 2.937959
1526 2.936532
1527 2.935076
1528 2.933591
1529 2.932076
1530 2.930530
1531 2.928954
1532 2.927346
1533 2.925705
1534 2.924032
1535 2.922325
1536 2.920585
1537 2.918809
1538 2.916998
1539 2.915151
1540 2.913267
1541 2.911345
1542 2.909386
1543 2.907387
1544 2.905349
1545 2.903270
1546 2.901151
1547 2.898989
1548 2.896784
1549 2.894535
1550 2.892241
1551 2.889902
1552 2.887515
1553 2.885081
1554 2.882598
1555 2.880065
1556 2.877481
1557 2.874844
1558 2.872154
1559 2.869408
1560 2.866607
1561 2.863749
1562 2.860832
1563 2.857856
1564 2.854818
1565 2.851719
1566 2.848556
1567 2.845329
1568 2.842038
1569 2.838680
1570 2.835256
1571 2.831765
1572 2.828207
1573 2.824581
1574 2.820888
1575 2.817128
1576 2.813303
1577 2.809412
1578 2.805458
1579 2.801443
1580 2.797367
1581 2.793234
1582 2.789046
1583 2.784806
1584 2.780517
1585 2.776183
1586 2.771808
1587 2.767394
1588 2.762946
1589 2.758467
1590 2.753961
1591 2.749431
1592 2.744881
1593 2.740314
1594 2.735734
1595 2.731142
1596 2.726541
1597 2.721935
1598 2.717324
1599 2.712712
1600 2.708099
1601 2.703488
1602 2.698879
1603 2.694275
1604 2.689677
1605 2.685085
1606 2.680502
1607 2.675928
1608 2.671365
1609 2.666812
1610 2.662273
1611 2.657747
1612 2.653235
1613 2.648740
1614 2.644260
1615 2.639799
1616 2.635357
1617 2.630934
1618 2.626532
1619 2.622152
1620 2.617794
1621 2.613460
1622 2.609151
1623 2.604867
1624 2.600609
1625 2.596378
1626 2.592174
1627 2.587999
1628 2.583852
1629 2.579735
1630 2.575647
1631 2.571589
1632 2.567562
1633 2.563565
1634 2.559598
1635 2.555662
1636 2.551757
1637 2.547883
1638 2.544039
1639 2.540225
1640 2.536442
1641 2.532689
1642 2.528965
1643 2.525270
1644 2.521604
1645 2.517967
1646 2.514357
1647 2.510775
1648 2.507219
1649 2.503690
1650 2.500187
1651 2.496709
1652 2.493256
1653 2.489827
1654 2.486421
1655 2.483039
1656 2.479678
1657 2.476340
1658 2.473023
1659 2.469726
1660 2.466450
1661 2.463194
1662 2.459956
1663 2.456738
1664 2.453537
1665 2.450354
1666 2.447189
1667 2.444040
1668 2.440908
1669 2.437793
1670 2.434693
1671 2.431608
1672 2.428538
1673 2.425484
1674 2.422444
1675 2.419418
1676 2.416406
1677 2.413408
1678 2.410424
1679 2.407453
1680 2.404496
1681 2.401551
1682 2.398620
1683 2.395701
1684 2.392795
1685 2.389902
1686 2.387021
1687 2.384152
1688 2.381296
1689 2.378451
1690 2.375619
1691 2.372799
1692 2.369990
1693 2.367193
1694 2.364408
1695 2.361634
1696 2.358871
1697 2.356119
1698 2.353379
1699 2.350649
1700 2.347930
1701 2.345221
1702 2.342523
1703 2.339834
1704 2.337155
1705 2.334486
1706 2.331826
1707 2.329174
1708 2.326531
1709 2.323896
1710 2.321269
1711 2.318649
1712 2.316035
1713 2.313428
1714 2.310827
1715 2.308231
1716 2.305639
1717 2.303051
1718 2.300467
1719 2.297885
1720 2.295306
1721 2.292727
1722 2.290149
1723 2.287570
1724 2.284990
1725 2.282408
1726 2.279823
1727 2.277234
1728 2.274639
1729 2.272039
1730 2.269432
1731 2.266816
1732 2.264192
1733 2.261558
1734 2.258912
1735 2.256255
1736 2.253586
1737 2.250902
1738 2.248205
1739 2.245493
1740 2.242767
1741 2.240025
1742 2.237269
1743 2.234499
1744 2.231715
1745 2.228919
1746 2.226112
1747 2.223297
1748 2.220476
1749 2.217652
1750 2.214828
1751 2.212009
1752 2.209197
1753 2.206399
1754 2.203618
1755 2.200859
1756 2.198127
1757 2.195425
1758 2.192759
1759 2.190132
1760 2.187547
1761 2.185008
1762 2.182517
1763 2.180076
1764 2.177687
1765 2.175351
1766 2.173069
1767 2.170842
1768 2.168670
1769 2.166553
1770 2.164491
1771 2.162483
1772 2.160529
1773 2.158628
1774 2.156778
1775 2.154980
1776 2.153232
1777 2.151533
1778 2.149881
1779 2.148276
1780 2.146716
1781 2.145199
1782 2.143724
1783 2.142290
1784 2.140895
1785 2.139538
1786 2.138216
1787 2.136929
1788 2.135674
1789 2.134449
1790 2.133254
1791 2.132084
1792 2.130940
1793 2.129817
1794 2.128715
1795 2.127629
1796 2.126558
1797 2.125498
1798 2.124446
1799 2.123399
1800 2.122352
1801 2.121301
1802 2.120242
1803 2.119169
1804 2.118076
1805 2.116957
1806 2.115806
1807 2.114614
1808 2.113374
1809 2.112078
1810 2.110716
1811 2.109282
1812 2.107766
1813 2.106164
1814 2.104473
1815 2.102694
1816 2.100836
1817 2.098914
1818 2.096953
1819 2.094988
1820 2.093059
1821 2.091209
1822 2.089477
1823 2.087890
1824 2.086466
1825 2.085207
1826 2.084106
1827 2.083150
1828 2.082325
1829 2.081618
1830 2.081015
1831 2.080507
1832 2.080086
1833 2.079746
1834 2.079482
1835 2.079290
1836 2.079169
1837 2.079117
1838 2.079132
1839 2.079216
1840 2.079369
1841 2.079590
1842 2.079884
1843 2.080250
1844 2.080692
1845 2.081213
1846 2.081816
1847 2.082506
1848 2.083287
1849 2.084165
1850 2.085147
1851 2.086241
1852 2.087456
1853 2.088803
1854 2.090296
1855 2.091951
1856 2.093788
1857 2.095833
1858 2.098116
1859 2.100681
1860 2.103581
1861 2.106891
1862 2.110710
1863 2.115180
1864 2.120501
1865 2.126958
1866 2.134935
1867 2.144874
1868 2.156998
1869 2.170588
1870 2.183511
1871 2.194370
1872 2.204216
1873 2.213194
1874 2.222201
1875 2.230492
1876 2.240106
1877 2.246809
1878 2.261528
1879 2.255297
1880 2.313299
1881 2.211485
1882 2.534803
1883 2.268308
1884 2.432823
1885 2.307185
1886 2.455635
1887 2.336436
1888 2.494065
1889 2.413787
1890 2.508011
1891 2.515504
1892 2.589890
1893 2.657714
1894 2.666556
1895 2.660137
1896 2.669467
1897 2.678651
1898 2.687582
1899 2.696175
1900 2.704410
1901 2.712264
1902 2.719715
1903 2.726740
1904 2.733319
1905 2.739429
1906 2.745048
1907 2.750154
1908 2.754723
1909 2.758730
1910 2.762147
1911 2.764943
1912 2.767079
1913 2.768510
1914 2.769187
1915 2.769112
1916 2.768581
1917 2.768982
1918 2.772684
1919 2.774075
1920 2.751193
1921 2.708574
1922 2.681127
1923 2.678128
1924 2.667512
1925 2.680548
1926 2.660607
1927 2.698936
1928 2.651443
1929 2.695002
1930 2.646942
1931 2.676456
1932 2.649373
1933 2.663811
1934 2.655517
1935 2.660342
1936 2.661157
1937 2.663775
1938 2.666567
1939 2.669668
1940 2.672925
1941 2.676208
1942 2.679413
1943 2.682471
1944 2.685347
1945 2.688026
1946 2.690502
1947 2.692778
1948 2.694856
1949 2.696739
1950 2.698430
1951 2.699931
1952 2.701245
1953 2.702374
1954 2.703322
1955 2.704093
1956 2.704689
1957 2.705117
1958 2.705379
1959 2.705482
1960 2.705429
1961 2.705225
1962 2.704873
1963 2.704376
1964 2.703739
1965 2.702963
1966 2.702053
1967 2.701012
1968 2.699847
1969 2.698563
1970 2.697167
1971 2.695668
1972 2.694076
1973 2.692399
1974 2.690648
1975 2.688831
1976 2.686957
1977 2.685034
1978 2.683069
1979 2.681068
1980 2.679037
1981 2.676982
1982 2.674905
1983 2.672811
1984 2.670703
1985 2.668584
1986 2.666456
1987 2.664321
1988 2.662183
1989 2.660041
1990 2.657898
1991 2.655756
1992 2.653615
1993 2.651476
1994 2.649341
1995 2.647210
1996 2.645085
1997 2.642966
1998 2.640853
1999 2.638748
2000 2.636650
2001 2.634560
2002 2.632478
2003 2.630404
2004 2.628338
2005 2.626281
2006 2.624232
2007 2.622190
2008 2.620157
2009 2.618130
2010 2.616111
2011 2.614098
2012 2.612091
2013 2.610089
2014 2.608091
2015 2.606098
2016 2.604107
2017 2.602120
2018 2.600133
2019 2.598148
2020 2.596163
2021 2.594177
2022 2.592190
2023 2.590200
2024 2.588208
2025 2.586212
2026 2.584212
2027 2.582208
2028 2.580198
2029 2.578182
2030 2.576160
2031 2.574132
2032 2.572096
2033 2.570054
2034 2.568004
2035 2.565946
2036 2.563881
2037 2.561809
2038 2.559729
2039 2.557641
2040 2.555546
2041 2.553444
2042 2.551336
2043 2.549222
2044 2.547101
2045 2.544976
2046 2.542846
2047 2.540711
2048 2.538574
2049 2.536434
2050 2.534292
2051 2.532149
2052 2.530006
2053 2.527863
2054 2.525723
2055 2.523585
2056 2.521451
2057 2.519322
2058 2.517199
2059 2.515083
2060 2.512974
2061 2.510875
2062 2.508786
2063 2.506708
2064 2.504642
2065 2.502590
2066 2.500552
2067 2.498529
2068 2.496522
2069 2.494533
2070 2.492561
2071 2.490609
2072 2.488676
2073 2.486764
2074 2.484872
2075 2.483003
2076 2.481155
2077 2.479331
2078 2.477530
2079 2.475752
2080 2.473999
2081 2.472270
2082 2.470567
2083 2.468888
2084 2.467234
2085 2.465605
2086 2.464002
2087 2.462424
2088 2.460871
2089 2.459343
2090 2.457841
2091 2.456363
2092 2.454910
2093 2.453482
2094 2.452078
2095 2.450697
2096 2.449341
2097 2.448008
2098 2.446697
2099 2.445409
2100 2.444144
2101 2.442900
2102 2.441677
2103 2.440474
2104 2.439292
2105 2.438130
2106 2.436986
2107 2.435862
2108 2.434755
2109 2.433666
2110 2.432593
2111 2.431537
2112 2.430497
2113 2.429472
2114 2.428461
2115 2.427464
2116 2.426480
2117 2.425509
2118 2.424550
2119 2.423603
2120 2.422666
2121 2.421740
2122 2.420823
2123 2.419916
2124 2.419017
2125 2.418127
2126 2.417245
2127 2.416370
2128 2.415502
2129 2.414641
2130 2.413786
2131 2.412938
2132 2.412095
2133 2.411257
2134 2.410426
2135 2.409599
2136 2.408778
2137 2.407961
2138 2.407150
2139 2.406343
2140 2.405540
2141 2.404743
2142 2.403949
2143 2.403161
2144 2.402376
2145 2.401595
2146 2.400819
2147 2.400046
2148 2.399277
2149 2.398512
2150 2.397750
2151 2.396991
2152 2.396236
2153 2.395484
2154 2.394735
2155 2.393988
2156 2.393245
2157 2.392503
2158 2.391764
2159 2.391028
2160 2.390293
2161 2.389560
2162 2.388829
2163 2.388099
2164 2.387371
2165 2.386645
2166 2.385919
2167 2.385195
2168 2.384471
2169 2.383748
2170 2.383026
2171 2.382305
2172 2.381584
2173 2.380863
2174 2.380143
2175 2.379422
2176 2.378702
2177 2.377981
2178 2.377261
2179 2.376540
2180 2.375818
2181 2.375096
2182 2.374374
2183 2.373651
2184 2.372927
2185 2.372202
2186 2.371477
2187 2.370750
2188 2.370022
2189 2.369293
2190 2.368563
2191 2.367832
2192 2.367099
2193 2.366365
2194 2.365629
2195 2.364892
2196 2.364153
2197 2.363412
2198 2.362670
2199 2.361926
2200 2.361180
2201 2.360432
2202 2.359682
2203 2.358930
2204 2.358176
2205 2.357420
2206 2.356662
2207 2.355902
2208 2.355139
2209 2.354374
2210 2.353607
2211 2.352837
2212 2.352065
2213 2.351291
2214 2.350514
2215 2.349735
2216 2.348953
2217 2.348169
2218 2.347382
2219 2.346592
2220 2.345800
2221 2.345005
2222 2.344208
2223 2.343407
2224 2.342605
2225 2.341799
2226 2.340991
2227 2.340180
2228 2.339366
2229 2.338550
2230 2.337731
2231 2.336909
2232 2.336084
2233 2.335257
2234 2.334427
2235 2.333594
2236 2.332759
2237 2.331921
2238 2.331081
2239 2.330238
2240 2.329392
2241 2.328544
2242 2.327693
2243 2.326840
2244 2.325985
2245 2.325127
2246 2.324267
2247 2.323405
2248 2.322541
2249 2.321674
2250 2.320806
2251 2.319936
2252 2.319064
2253 2.318190
2254 2.317315
2255 2.316439
2256 2.315561
2257 2.314682
2258 2.313801
2259 2.312920
2260 2.312038
2261 2.311156
2262 2.310273
2263 2.309390
2264 2.308507
2265 2.307624
2266 2.306741
2267 2.305859
2268 2.304978
2269 2.304098
2270 2.303219
2271 2.302341
2272 2.301465
2273 2.300592
2274 2.299721
2275 2.298852
2276 2.297986
2277 2.297124
2278 2.296265
2279 2.295410
2280 2.294560
2281 2.293714
2282 2.292872
2283 2.292036
2284 2.291206
2285 2.290381
2286 2.289563
2287 2.288752
2288 2.287947
2289 2.287150
2290 2.286360
2291 2.285579
2292 2.284806
2293 2.284041
2294 2.283286
2295 2.282540
2296 2.281803
2297 2.281077
2298 2.280361
2299 2.279655
2300 2.278959
2301 2.278275
2302 2.277602
2303 2.276940
2304 2.276289
2305 2.275651
2306 2.275023
2307 2.274408
2308 2.273805
2309 2.273213
2310 2.272634
2311 2.272067
2312 2.271512
2313 2.270969
2314 2.270437
2315 2.269918
2316 2.269411
2317 2.268915
2318 2.268432
2319 2.267959
2320 2.267498
2321 2.267049
2322 2.266610
2323 2.266183
2324 2.265766
2325 2.265359
2326 2.264963
2327 2.264578
2328 2.264202
2329 2.263835
2330 2.263479
2331 2.263131
2332 2.262793
2333 2.262463
2334 2.262142
2335 2.261829
2336 2.261524
2337 2.261228
2338 2.260938
2339 2.260657
2340 2.260382
2341 2.260114
2342 2.259854
2343 2.259599
2344 2.259351
2345 2.259110
2346 2.258874
2347 2.258644
2348 2.258419
2349 2.258200
2350 2.257986
2351 2.257776
2352 2.257572
2353 2.257373
2354 2.257178
2355 2.256987
2356 2.256800
2357 2.256618
2358 2.256439
2359 2.256264
2360 2.256093
2361 2.255925
2362 2.255761
2363 2.255600
2364 2.255442
2365 2.255287
2366 2.255135
2367 2.254986
2368 2.254839
2369 2.254696
2370 2.254554
2371 2.254416
2372 2.254279
2373 2.254145
2374 2.254013
2375 2.253883
2376 2.253755
2377 2.253630
2378 2.253506
2379 2.253384
2380 2.253264
2381 2.253145
2382 2.253028
2383 2.252913
2384 2.252800
2385 2.252688
2386 2.252577
2387 2.252468
2388 2.252360
2389 2.252254
2390 2.252149
2391 2.252046
2392 2.251943
2393 2.251842
2394 2.251742
2395 2.251643
2396 2.251545
2397 2.251449
2398 2.251353
2399 2.251258
2400 2.251165
2401 2.251072
2402 2.250981
2403 2.250890
2404 2.250801
2405 2.250712
2406 2.250624
2407 2.250537
2408 2.250451
2409 2.250366
2410 2.250282
2411 2.250198
2412 2.250115
2413 2.250033
2414 2.249952
2415 2.249872
2416 2.249792
2417 2.249713
2418 2.249635
2419 2.249558
2420 2.249481
2421 2.249405
2422 2.249330
2423 2.249255
2424 2.249182
2425 2.249109
2426 2.249036
2427 2.248965
2428 2.248894
2429 2.248823
2430 2.248754
2431 2.248685
2432 2.248616
2433 2.248549
2434 2.248482
2435 2.248415
2436 2.248350
2437 2.248285
2438 2.248220
2439 2.248157
2440 2.248094
2441 2.248031
2442 2.247970
2443 2.247908
2444 2.247848
2445 2.247788
2446 2.247729
2447 2.247671
2448 2.247613
2449 2.247556
2450 2.247500
2451 2.247444
2452 2.247389
2453 2.247334
2454 2.247280
2455 2.247227
2456 2.247175
2457 2.247123
2458 2.247072
2459 2.247021
2460 2.246972
2461 2.246922
2462 2.246874
2463 2.246826
2464 2.246779
2465 2.246733
2466 2.246687
2467 2.246642
2468 2.246598
2469 2.246555
2470 2.246512
2471 2.246470
2472 2.246428
2473 2.246387
2474 2.246347
2475 2.246308
2476 2.246270
2477 2.246232
2478 2.246195
2479 2.246158
2480 2.246123
2481 2.246088
2482 2.246054
2483 2.246020
2484 2.245988
2485 2.245956
2486 2.245925
2487 2.245895
2488 2.245865
2489 2.245836
2490 2.245808
2491 2.245781
2492 2.245755
2493 2.245729
2494 2.245705
2495 2.245681
2496 2.245657
2497 2.245635
2498 2.245614
2499 2.245593
2500 2.245573
2501 2.245554
2502 2.245536
2503 2.245519
2504 2.245502
2505 2.245487
2506 2.245472
2507 2.245458
2508 2.245445
2509 2.245433
2510 2.245422
2511 2.245412
2512 2.245402
2513 2.245394
2514 2.245386
2515 2.245380
2516 2.245374
2517 2.245369
2518 2.245365
2519 2.245362
2520 2.245360
2521 2.245359
2522 2.245359
2523 2.245360
2524 2.245362
2525 2.245365
2526 2.245369
2527 2.245374
2528 2.245380
2529 2.245387
2530 2.245394
2531 2.245403
2532 2.245413
2533 2.245424
2534 2.245436
2535 2.245449
2536 2.245464
2537 2.245479
2538 2.245495
2539 2.245512
2540 2.245531
2541 2.245550
2542 2.245571
2543 2.245593
2544 2.245616
2545 2.245640
2546 2.245665
2547 2.245691
2548 2.245718
2549 2.245747
2550 2.245777
2551 2.245808
2552 2.245840
2553 2.245873
2554 2.245908
2555 2.245943
2556 2.245980
2557 2.246018
2558 2.246058
2559 2.246098
2560 2.246140
2561 2.246183
2562 2.246228
2563 2.246274
2564 2.246321
2565 2.246369
2566 2.246419
2567 2.246469
2568 2.246522
2569 2.246575
2570 2.246630
2571 2.246687
2572 2.246744
2573 2.246804
2574 2.246864
2575 2.246926
2576 2.246989
2577 2.247054
2578 2.247120
2579 2.247188
2580 2.247257
2581 2.247328
2582 2.247400
2583 2.247473
2584 2.247548
2585 2.247625
2586 2.247703
2587 2.247783
2588 2.247864
2589 2.247947
2590 2.248031
2591 2.248117
2592 2.248205
2593 2.248294
2594 2.248385
2595 2.248477
2596 2.248571
2597 2.248667
2598 2.248765
2599 2.248864
2600 2.248965
2601 2.249068
2602 2.249172
2603 2.249279
2604 2.249387
2605 2.249496
2606 2.249608
2607 2.249722
2608 2.249837
2609 2.249954
2610 2.250073
2611 2.250194
2612 2.250317
2613 2.250442
2614 2.250569
2615 2.250698
2616 2.250828
2617 2.250961
2618 2.251096
2619 2.251233
2620 2.251371
2621 2.251512
2622 2.251656
2623 2.251801
2624 2.251948
2625 2.252098
2626 2.252249
2627 2.252403
2628 2.252559
2629 2.252718
2630 2.252878
2631 2.253041
2632 2.253207
2633 2.253374
2634 2.253544
2635 2.253717
2636 2.253891
2637 2.254069
2638 2.254248
2639 2.254430
2640 2.254615
2641 2.254802
2642 2.254992
2643 2.255185
2644 2.255380
2645 2.255578
2646 2.255778
2647 2.255981
2648 2.256187
2649 2.256396
2650 2.256607
2651 2.256822
2652 2.257039
2653 2.257259
2654 2.257482
2655 2.257708
2656 2.257937
2657 2.258169
2658 2.258405
2659 2.258643
2660 2.258884
2661 2.259129
2662 2.259377
2663 2.259628
2664 2.259883
2665 2.260140
2666 2.260404
2667 2.260665
2668 2.260941
2669 2.261198
2670 2.261502
2671 2.261724
2672 2.262123
2673 2.262173
2674 2.262952
2675 2.262225
2676 2.264666
2677 2.260356
2678 2.270316
2679 2.249417
2680 2.286226
2681 2.223800
2682 2.280780
2683 2.228187
2684 2.293154
2685 2.232620
2686 2.300659
2687 2.235750
2688 2.307280
2689 2.240962
2690 2.311088
2691 2.242501
2692 2.320215
2693 2.254955
2694 2.308620
2695 2.242540
2696 2.339028
2697 2.294799
2698 2.272292
2699 2.343362
2700 2.287272
2701 2.294876
2702 2.308179
2703 2.267391
2704 2.363419
2705 2.306125
2706 2.294284
2707 2.354334
2708 2.296442
2709 2.339354
2710 2.280351
2711 2.379439
2712 2.326006
2713 2.335927
2714 2.309371
2715 2.367602
2716 2.311906
2717 2.376063
2718 2.332268
2719 2.383391
2720 2.346162
2721 2.390992
2722 2.359587
2723 2.398247
2724 2.373399
2725 2.405775
2726 2.388977
2727 2.414387
2728 2.408629
2729 2.427065
2730 2.437092
2731 2.454337
2732 2.483052
2733 2.509895
2734 2.522243
2735 2.520921
2736 2.515050
2737 2.515579
2738 2.516493
2739 2.513802
2740 2.511614
2741 2.511208
2742 2.510008
2743 2.507694
2744 2.505982
2745 2.504856
2746 2.503149
2747 2.500963
2748 2.499158
2749 2.497667
2750 2.495827
2751 2.493633
2752 2.491625
2753 2.489917
2754 2.488094
2755 2.485932
2756 2.483714
2757 2.481753
2758 2.479968
2759 2.478046
2760 2.475877
2761 2.473672
2762 2.471685
2763 2.469947
2764 2.468288
2765 2.466548
2766 2.464749
2767 2.463064
2768 2.461658
2769 2.460584
2770 2.459782
2771 2.459165
2772 2.458685
2773 2.458351
2774 2.458191
2775 2.458215
2776 2.458401
2777 2.458709
2778 2.459103
2779 2.459557
2780 2.460062
2781 2.460612
2782 2.461206
2783 2.461834
2784 2.462489
2785 2.463165
2786 2.463858
2787 2.464567
2788 2.465287
2789 2.466019
2790 2.466760
2791 2.467509
2792 2.468265
2793 2.469027
2794 2.469795
2795 2.470569
2796 2.471347
2797 2.472130
2798 2.472918
2799 2.473710
2800 2.474506
2801 2.475306
2802 2.476111
2803 2.476920
2804 2.477733
2805 2.478551
2806 2.479373
2807 2.480200
2808 2.481032
2809 2.481869
2810 2.482710
2811 2.483557
2812 2.484410
2813 2.485268
2814 2.486132
2815 2.487002
2816 2.487879
2817 2.488762
2818 2.489652
2819 2.490549
2820 2.491453
2821 2.492365
2822 2.493285
2823 2.494214
2824 2.495151
2825 2.496096
2826 2.497052
2827 2.498017
2828 2.498992
2829 2.499977
2830 2.500974
2831 2.501982
2832 2.503002
2833 2.504034
2834 2.505080
2835 2.506139
2836 2.507212
2837 2.508300
2838 2.509404
2839 2.510524
2840 2.511661
2841 2.512815
2842 2.513989
2843 2.515182
2844 2.516396
2845 2.517632
2846 2.518891
2847 2.520175
2848 2.521484
2849 2.522820
2850 2.524185
2851 2.525581
2852 2.527009
2853 2.528472
2854 2.529973
2855 2.531513
2856 2.533095
2857 2.534724
2858 2.536402
2859 2.538134
2860 2.539923
2861 2.541776
2862 2.543697
2863 2.545695
2864 2.547775
2865 2.549949
2866 2.552223
2867 2.554615
2868 2.557133
2869 2.559801
2870 2.562634
2871 2.565660
2872 2.568915
2873 2.572425
2874 2.576266
2875 2.580457
2876 2.585152
2877 2.590364
2878 2.596365
2879 2.603206
2880 2.611320
2881 2.620888
2882 2.632488
2883 2.646399
2884 2.662838
2885 2.681066
2886 2.699205
2887 2.714658
2888 2.725837
2889 2.732990
2890 2.737359
2891 2.740124
2892 2.742050
2893 2.743547
2894 2.744817
2895 2.745954
2896 2.747003
2897 2.747985
2898 2.748910
2899 2.749784
2900 2.750611
2901 2.751393
2902 2.752133
2903 2.752832
2904 2.753492
2905 2.754114
2906 2.754701
2907 2.755252
2908 2.755769
2909 2.756253
2910 2.756705
2911 2.757125
2912 2.757515
2913 2.757875
2914 2.758206
2915 2.758508
2916 2.758782
2917 2.759027
2918 2.759246
2919 2.759437
2920 2.759602
2921 2.759740
2922 2.759852
2923 2.759938
2924 2.759999
2925 2.760034
2926 2.760043
2927 2.760028
2928 2.759987
2929 2.759920
2930 2.759829
2931 2.759712
2932 2.759570
2933 2.759402
2934 2.759209
2935 2.758990
2936 2.758744
2937 2.758473
2938 2.758175
2939 2.757850
2940 2.757498
2941 2.757118
2942 2.756710
2943 2.756272
2944 2.755806
2945 2.755309
2946 2.754782
2947 2.754223
2948 2.753631
2949 2.753006
2950 2.752346
2951 2.751651
2952 2.750918
2953 2.750147
2954 2.749336
2955 2.748484
2956 2.747588
2957 2.746647
2958 2.745658
2959 2.744620
2960 2.743530
2961 2.742385
2962 2.741183
2963 2.739921
2964 2.738595
2965 2.737201
2966 2.735738
2967 2.734199
2968 2.732583
2969 2.730884
2970 2.729099
2971 2.727224
2972 2.725255
2973 2.723187
2974 2.721018
2975 2.718745
2976 2.716365
2977 2.713877
2978 2.711281
2979 2.708577
2980 2.705769
2981 2.702858
2982 2.699852
2983 2.696756
2984 2.693579
2985 2.690330
2986 2.687020
2987 2.683658
2988 2.680256
2989 2.676822
2990 2.673367
2991 2.669896
2992 2.666416
2993 2.662929
2994 2.659436
2995 2.655937
2996 2.652425
2997 2.648896
2998 2.645338
2999 2.641740
3000 2.638085
3001 2.634351
3002 2.630513
3003 2.626536
3004 2.622376
3005 2.617974
3006 2.613248
3007 2.608084
3008 2.602311
3009 2.595672
3010 2.587754
3011 2.577872
3012 2.564867
3013 2.546958
3014 2.523358
3015 2.502453
3016 2.494893
3017 2.497697
3018 2.497448
3019 2.495494
3020 2.493955
3021 2.492798
3022 2.491672
3023 2.490540
3024 2.489469
3025 2.488489
3026 2.487601
3027 2.486807
3028 2.486120
3029 2.485563
3030 2.485165
3031 2.484971
3032 2.485048
3033 2.485512
3034 2.486566
3035 2.488601
3036 2.492425
3037 2.499779
3038 2.513984
3039 2.538678
3040 2.574008
3041 2.607511
3042 2.633802
3043 2.654669
3044 2.669600
3045 2.679115
3046 2.684689
3047 2.687722
3048 2.689170
3049 2.689630
3050 2.689472
3051 2.688923
3052 2.688126
3053 2.687173
3054 2.686119
3055 2.685001
3056 2.683841
3057 2.682654
3058 2.681450
3059 2.680234
3060 2.679011
3061 2.677782
3062 2.676549
3063 2.675314
3064 2.674078
3065 2.672840
3066 2.671601
3067 2.670361
3068 2.669121
3069 2.667880
3070 2.666639
3071 2.665397
3072 2.664156
3073 2.662914
3074 2.661671
3075 2.660429
3076 2.659186
3077 2.657943
3078 2.656699
3079 2.655455
3080 2.654210
3081 2.652965
3082 2.651720
3083 2.650473
3084 2.649226
3085 2.647978
3086 2.646729
3087 2.645478
3088 2.644227
3089 2.642974
3090 2.641720
3091 2.640464
3092 2.639206
3093 2.637946
3094 2.636685
3095 2.635421
3096 2.634155
3097 2.632886
3098 2.631615
3099 2.630341
3100 2.629064
3101 2.627784
3102 2.626501
3103 2.625214
3104 2.623924
3105 2.622629
3106 2.621331
3107 2.620029
3108 2.618722
3109 2.617411
3110 2.616095
3111 2.614774
3112 2.613448
3113 2.612117
3114 2.610780
3115 2.609438
3116 2.608090
3117 2.606735
3118 2.605374
3119 2.604007
3120 2.602632
3121 2.601251
3122 2.599862
3123 2.598466
3124 2.597061
3125 2.595649
3126 2.594228
3127 2.592798
3128 2.591359
3129 2.589910
3130 2.588452
3131 2.586983
3132 2.585503
3133 2.584011
3134 2.582508
3135 2.580992
3136 2.579463
3137 2.577920
3138 2.576363
3139 2.574790
3140 2.573201
3141 2.571594
3142 2.569969
3143 2.568325
3144 2.566659
3145 2.564972
3146 2.563261
3147 2.561524
3148 2.559760
3149 2.557967
3150 2.556142
3151 2.554283
3152 2.552387
3153 2.550451
3154 2.548472
3155 2.546445
3156 2.544367
3157 2.542232
3158 2.540036
3159 2.537772
3160 2.535435
3161 2.533016
3162 2.530507
3163 2.527898
3164 2.525181
3165 2.522343
3166 2.519372
3167 2.516253
3168 2.512974
3169 2.509518
3170 2.505872
3171 2.502020
3172 2.497954
3173 2.493666
3174 2.489160
3175 2.484449
3176 2.479566
3177 2.474558
3178 2.469496
3179 2.464466
3180 2.459562
3181 2.454878
3182 2.450485
3183 2.446429
3184 2.442723
3185 2.439348
3186 2.436266
3187 2.433425
3188 2.430773
3189 2.428262
3190 2.425851
3191 2.423508
3192 2.421211
3193 2.418943
3194 2.416692
3195 2.414450
3196 2.412213
3197 2.409975
3198 2.407735
3199 2.405491
3200 2.403239
3201 2.400980
3202 2.398711
3203 2.396431
3204 2.394140
3205 2.391835
3206 2.389516
3207 2.387182
3208 2.384830
3209 2.382461
3210 2.380072
3211 2.377663
3212 2.375231
3213 2.372776
3214 2.370297
3215 2.367790
3216 2.365256
3217 2.362691
3218 2.360095
3219 2.357465
3220 2.354800
3221 2.352096
3222 2.349351
3223 2.346564
3224 2.343730
3225 2.340847
3226 2.337912
3227 2.334921
3228 2.331870
3229 2.328756
3230 2.325574
3231 2.322319
3232 2.318987
3233 2.315573
3234 2.312072
3235 2.308480
3236 2.304793
3237 2.301008
3238 2.297126
3239 2.293150
3240 2.289089
3241 2.284962
3242 2.280797
3243 2.276638
3244 2.272548
3245 2.268605
3246 2.264905
3247 2.261542
3248 2.258594
3249 2.256100
3250 2.254044
3251 2.252362
3252 2.250960
3253 2.249748
3254 2.248665
3255 2.247688
3256 2.246815
3257 2.246056
3258 2.245410
3259 2.244864
3260 2.244397
3261 2.243991
3262 2.243633
3263 2.243317
3264 2.243043
3265 2.242809
3266 2.242612
3267 2.242448
3268 2.242312
3269 2.242200
3270 2.242110
3271 2.242039
3272 2.241987
3273 2.241951
3274 2.241932
3275 2.241926
3276 2.241933
3277 2.241952
3278 2.241981
3279 2.242020
3280 2.242068
3281 2.242125
3282 2.242189
3283 2.242261
3284 2.242339
3285 2.242424
3286 2.242514
3287 2.242610
3288 2.242711
3289 2.242817
3290 2.242927
3291 2.243042
3292 2.243161
3293 2.243283
3294 2.243409
3295 2.243539
3296 2.243672
3297 2.243808
3298 2.243946
3299 2.244088
3300 2.244233
3301 2.244380
3302 2.244530
3303 2.244682
3304 2.244837
3305 2.244994
3306 2.245153
3307 2.245315
3308 2.245479
3309 2.245645
3310 2.245813
3311 2.245983
3312 2.246155
3313 2.246329
3314 2.246505
3315 2.246683
3316 2.246863
3317 2.247045
3318 2.247229
3319 2.247415
3320 2.247602
3321 2.247792
3322 2.247983
3323 2.248177
3324 2.248372
3325 2.248569
3326 2.248768
3327 2.248969
3328 2.249172
3329 2.249377
3330 2.249583
3331 2.249792
3332 2.250003
3333 2.250215
3334 2.250430
3335 2.250646
3336 2.250865
3337 2.251086
3338 2.251308
3339 2.251533
3340 2.251760
3341 2.251989
3342 2.252220
3343 2.252454
3344 2.252690
3345 2.252928
3346 2.253168
3347 2.253410
3348 2.253655
3349 2.253903
3350 2.254152
3351 2.254405
3352 2.254659
3353 2.254917
3354 2.255176
3355 2.255439
3356 2.255704
3357 2.255972
3358 2.256242
3359 2.256516
3360 2.256792
3361 2.257071
3362 2.257353
3363 2.257638
3364 2.257926
3365 2.258218
3366 2.258512
3367 2.258810
3368 2.259111
3369 2.259415
3370 2.259723
3371 2.260034
3372 2.260349
3373 2.260668
3374 2.260990
3375 2.261316
3376 2.261646
3377 2.261980
3378 2.262318
3379 2.262660
3380 2.263007
3381 2.263358
3382 2.263713
3383 2.264073
3384 2.264437
3385 2.264806
3386 2.265180
3387 2.265559
3388 2.265943
3389 2.266333
3390 2.266728
3391 2.267128
3392 2.267534
3393 2.267946
3394 2.268364
3395 2.268788
3396 2.269218
3397 2.269655
3398 2.270098
3399 2.270549
3400 2.271006
3401 2.271471
3402 2.271943
3403 2.272423
3404 2.272911
3405 2.273408
3406 2.273912
3407 2.274426
3408 2.274949
3409 2.275481
3410 2.276023
3411 2.276575
3412 2.277138
3413 2.277712
3414 2.278297
3415 2.278893
3416 2.279502
3417 2.280124
3418 2.280759
3419 2.281408
3420 2.282072
3421 2.282750
3422 2.283445
3423 2.284156
3424 2.284885
3425 2.285632
3426 2.286398
3427 2.287185
3428 2.287993
3429 2.288825
3430 2.289680
3431 2.290561
3432 2.291470
3433 2.292408
3434 2.293377
3435 2.294380
3436 2.295419
3437 2.296497
3438 2.297618
3439 2.298784
3440 2.300002
3441 2.301275
3442 2.302609
3443 2.304012
3444 2.305492
3445 2.307058
3446 2.308723
3447 2.310501
3448 2.312411
3449 2.314477
3450 2.316731
3451 2.319213
3452 2.321983
3453 2.325121
3454 2.328751
3455 2.333063
3456 2.338374
3457 2.345253
3458 2.354811
3459 2.369486
3460 2.395200
3461 2.444703
3462 2.514317
3463 2.507544
3464 2.512813
3465 2.508428
3466 2.512133
3467 2.509111
3468 2.511659
3469 2.509606
3470 2.511330
3471 2.509958
3472 2.511102
3473 2.510200
3474 2.510945
3475 2.510360
3476 2.510833
3477 2.510458
3478 2.510749
3479 2.510508
3480 2.510678
3481 2.510521
3482 2.510611
3483 2.510504
3484 2.510542
3485 2.510462
3486 2.510465
3487 2.510398
3488 2.510377
3489 2.510315
3490 2.510276
3491 2.510212
3492 2.510159
3493 2.510091
3494 2.510026
3495 2.509951
3496 2.509875
3497 2.509792
3498 2.509707
3499 2.509615
3500 2.509519
3501 2.509418
3502 2.509312
3503 2.509200
3504 2.509084
3505 2.508963
3506 2.508836
3507 2.508703
3508 2.508566
3509 2.508422
3510 2.508274
3511 2.508119
3512 2.507958
3513 2.507792
3514 2.507619
3515 2.507441
3516 2.507256
3517 2.507065
3518 2.506867
3519 2.506663
3520 2.506453
3521 2.506235
3522 2.506011
3523 2.505779
3524 2.505541
3525 2.505295
3526 2.505042
3527 2.504781
3528 2.504512
3529 2.504236
3530 2.503952
3531 2.503659
3532 2.503358
3533 2.503049
3534 2.502730
3535 2.502403
3536 2.502067
3537 2.501721
3538 2.501366
3539 2.501001
3540 2.500626
3541 2.500241
3542 2.499845
3543 2.499438
3544 2.499019
3545 2.498589
3546 2.498148
3547 2.497693
3548 2.497227
3549 2.496746
3550 2.496253
3551 2.495744
3552 2.495222
3553 2.494683
3554 2.494129
3555 2.493558
3556 2.492969
3557 2.492362
3558 2.491735
3559 2.491087
3560 2.490418
3561 2.489725
3562 2.489008
3563 2.488263
3564 2.487490
3565 2.486685
3566 2.485847
3567 2.484970
3568 2.484052
3569 2.483087
3570 2.482069
3571 2.480990
3572 2.479840
3573 2.478607
3574 2.477273
3575 2.475813
3576 2.474193
3577 2.472363
3578 2.470241
3579 2.467694
3580 2.464487
3581 2.460153
3582 2.453669
3583 2.442382
3584 2.417898
3585 2.351679
3586 2.235322
3587 2.212686
3588 2.322644
3589 2.281601
3590 2.234994
3591 2.252558
3592 2.259026
3593 2.260724
3594 2.261581
3595 2.262957
3596 2.264627
3597 2.266292
3598 2.267929
3599 2.269611
3600 2.271370
3601 2.273206
3602 2.275110
3603 2.277084
3604 2.279138
3605 2.281285
3606 2.283539
3607 2.285915
3608 2.288430
3609 2.291109
3610 2.293984
3611 2.297101
3612 2.300524
3613 2.304348
3614 2.308718
3615 2.313874
3616 2.320236
3617 2.328607
3618 2.340681
3619 2.360395
3620 2.396695
3621 2.455223
3622 2.482251
3623 2.458446
3624 2.474166
3625 2.464437
3626 2.470475
3627 2.466389
3628 2.468602
3629 2.466875
3630 2.467539
3631 2.466752
3632 2.466812
3633 2.466372
3634 2.466207
3635 2.465881
3636 2.465634
3637 2.465336
3638 2.465055
3639 2.464757
3640 2.464459
3641 2.464153
3642 2.463842
3643 2.463524
3644 2.463201
3645 2.462871
3646 2.462535
3647 2.462194
3648 2.461846
3649 2.461492
3650 2.461131
3651 2.460764
3652 2.460391
3653 2.460012
3654 2.459626
3655 2.459233
3656 2.458835
3657 2.458429
3658 2.458017
3659 2.457598
3660 2.457173
3661 2.456740
3662 2.456301
3663 2.455856
3664 2.455403
3665 2.454944
3666 2.454478
3667 2.454005
3668 2.453525
3669 2.453038
3670 2.452544
3671 2.452044
3672 2.451537
3673 2.451022
3674 2.450501
3675 2.449974
3676 2.449439
3677 2.448898
3678 2.448350
3679 2.447796
3680 2.447235
3681 2.446668
3682 2.446095
3683 2.445516
3684 2.444931
3685 2.444341
3686 2.443745
3687 2.443144
3688 2.442538
3689 2.441928
3690 2.441314
3691 2.440696
3692 2.440074
3693 2.439450
3694 2.438824
3695 2.438197
3696 2.437568
3697 2.436940
3698 2.436312
3699 2.435685
3700 2.435062
3701 2.434442
3702 2.433827
3703 2.433218
3704 2.432616
3705 2.432022
3706 2.431439
3707 2.430867
3708 2.430307
3709 2.429762
3710 2.429231
3711 2.428718
3712 2.428222
3713 2.427744
3714 2.427286
3715 2.426848
3716 2.426429
3717 2.426030
3718 2.425651
3719 2.425291
3720 2.424949
3721 2.424624
3722 2.424314
3723 2.424020
3724 2.423738
3725 2.423469
3726 2.423210
3727 2.422961
3728 2.422720
3729 2.422488
3730 2.422263
3731 2.422044
3732 2.421831
3733 2.421624
3734 2.421421
3735 2.421222
3736 2.421028
3737 2.420836
3738 2.420648
3739 2.420463
3740 2.420280
3741 2.420100
3742 2.419922
3743 2.419745
3744 2.419571
3745 2.419398
3746 2.419227
3747 2.419056
3748 2.418887
3749 2.418720
3750 2.418553
3751 2.418387
3752 2.418222
3753 2.418058
3754 2.417894
3755 2.417731
3756 2.417569
3757 2.417408
3758 2.417246
3759 2.417086
3760 2.416925
3761 2.416765
3762 2.416606
3763 2.416447
3764 2.416288
3765 2.416129
3766 2.415971
3767 2.415813
3768 2.415655
3769 2.415497
3770 2.415339
3771 2.415182
3772 2.415024
3773 2.414867
3774 2.414710
3775 2.414552
3776 2.414395
3777 2.414238
3778 2.414081
3779 2.413924
3780 2.413767
3781 2.413610
3782 2.413453
3783 2.413295
3784 2.413138
3785 2.412981
3786 2.412823
3787 2.412666
3788 2.412508
3789 2.412350
3790 2.412192
3791 2.412034
3792 2.411876
3793 2.411718
3794 2.411559
3795 2.411401
3796 2.411242
3797 2.411083
3798 2.410924
3799 2.410764
3800 2.410604
3801 2.410444
3802 2.410284
3803 2.410124
3804 2.409963
3805 2.409802
3806 2.409640
3807 2.409479
3808 2.409317
3809 2.409155
3810 2.408992
3811 2.408829
3812 2.408666
3813 2.408502
3814 2.408338
3815 2.408174
3816 2.408009
3817 2.407844
3818 2.407678
3819 2.407512
3820 2.407346
3821 2.407179
3822 2.407012
3823 2.406844
3824 2.406676
3825 2.406507
3826 2.406338
3827 2.406168
3828 2.405998
3829 2.405827
3830 2.405656
3831 2.405484
3832 2.405312
3833 2.405139
3834 2.404965
3835 2.404791
3836 2.404617
3837 2.404441
3838 2.404265
3839 2.404089
3840 2.403912
3841 2.403734
3842 2.403555
3843 2.403376
3844 2.403196
3845 2.403016
3846 2.402834
3847 2.402652
3848 2.402470
3849 2.402286
3850 2.402102
3851 2.401917
3852 2.401731
3853 2.401544
3854 2.401357
3855 2.401168
3856 2.400979
3857 2.400789
3858 2.400598
3859 2.400406
3860 2.400214
3861 2.400020
3862 2.399826
3863 2.399630
3864 2.399434
3865 2.399236
3866 2.399038
3867 2.398838
3868 2.398638
3869 2.398436
3870 2.398234
3871 2.398030
3872 2.397826
3873 2.397620
3874 2.397413
3875 2.397205
3876 2.396996
3877 2.396785
3878 2.396574
3879 2.396361
3880 2.396147
3881 2.395932
3882 2.395715
3883 2.395498
3884 2.395278
3885 2.395058
3886 2.394836
3887 2.394613
3888 2.394389
3889 2.394163
3890 2.393936
3891 2.393707
3892 2.393477
3893 2.393246
3894 2.393013
3895 2.392778
3896 2.392542
3897 2.392304
3898 2.392065
3899 2.391824
3900 2.391582
3901 2.391338
3902 2.391092
3903 2.390844
3904 2.390595
3905 2.390344
3906 2.390092
3907 2.389837
3908 2.389581
3909 2.389323
3910 2.389063
3911 2.388801
3912 2.388537
3913 2.388271
3914 2.388003
3915 2.387734
3916 2.387462
3917 2.387188
3918 2.386912
3919 2.386634
3920 2.386354
3921 2.386071
3922 2.385787
3923 2.385500
3924 2.385211
3925 2.384920
3926 2.384626
3927 2.384330
3928 2.384030
3929 2.383732
3930 2.383424
3931 2.383127
3932 2.382798
3933 2.382533
3934 2.382117
3935 2.382032
3936 2.381182
3937 2.382076
3938 2.378816
3939 2.385001
3940 2.366368
3941 2.397026
3942 2.287111
3943 2.428274
3944 2.096559
3945 2.261144
3946 2.618723
3947 2.237279
3948 2.517271
3949 2.115527
3950 2.294916
3951 2.634896
3952 2.234720
3953 2.501771
3954 2.082543
3955 2.209403
3956 2.458564
3957 1.992787
3958 2.018508
3959 2.002828
3960 1.958660
3961 1.913956
3962 1.888801
3963 1.877505
3964 1.871939
3965 1.868764
3966 1.866494
3967 1.864550
3968 1.862727
3969 1.860950
3970 1.859197
3971 1.857460
3972 1.855736
3973 1.854025
3974 1.852327
3975 1.850641
3976 1.848970
3977 1.847312
3978 1.845669
3979 1.844040
3980 1.842427
3981 1.840829
3982 1.839247
3983 1.837682
3984 1.836133
3985 1.834602
3986 1.833088
3987 1.831592
3988 1.830114
3989 1.828655
3990 1.827216
3991 1.825795
3992 1.824395
3993 1.823015
3994 1.821655
3995 1.820316
3996 1.818999
3997 1.817704
3998 1.816430
3999 1.815179
4000 1.813951
4001 1.812747
4002 1.811565
4003 1.810408
4004 1.809275
4005 1.808166
4006 1.807082
4007 1.806024
4008 1.804992
4009 1.803985
4010 1.803005
4011 1.802052
4012 1.801126
4013 1.800227
4014 1.799356
4015 1.798513
4016 1.797699
4017 1.796914
4018 1.796158
4019 1.795432
4020 1.794736
4021 1.794071
4022 1.793436
4023 1.792833
4024 1.792262
4025 1.791722
4026 1.791216
4027 1.790742
4028 1.790302
4029 1.789895
4030 1.789524
4031 1.789187
4032 1.788886
4033 1.788621
4034 1.788392
4035 1.788201
4036 1.788048
4037 1.787934
4038 1.787858
4039 1.787823
4040 1.787829
4041 1.787876
4042 1.787966
4043 1.788099
4044 1.788277
4045 1.788500
4046 1.788770
4047 1.789087
4048 1.789454
4049 1.789871
4050 1.790340
4051 1.790862
4052 1.791440
4053 1.792075
4054 1.792769
4055 1.793525
4056 1.794344
4057 1.795230
4058 1.796185
4059 1.797213
4060 1.798316
4061 1.799500
4062 1.800767
4063 1.802124
4064 1.803575
4065 1.805127
4066 1.806785
4067 1.808559
4068 1.810457
4069 1.812489
4070 1.814668
4071 1.817005
4072 1.819519
4073 1.822228
4074 1.825155
4075 1.828328
4076 1.831781
4077 1.835555
4078 1.839703
4079 1.844292
4080 1.849408
4081 1.855167
4082 1.861722
4083 1.869285
4084 1.878153
4085 1.888754
4086 1.901711
4087 1.917923
4088 1.938624
4089 1.965093
4090 1.996970
4091 2.027460
4092 2.042293
4093 2.042817
4094 2.044151
4095 2.042145
4096 2.041919
4097 2.039807
4098 2.039109
4099 2.037182
4100 2.036206
4101 2.034461
4102 2.033290
4103 2.031674
4104 2.030374
4105 2.028837
4106 2.027457
4107 2.025962
4108 2.024538
4109 2.023061
4110 2.021614
4111 2.020144
4112 2.018686
4113 2.017219
4114 2.015757
4115 2.014292
4116 2.012831
4117 2.011370
4118 2.009912
4119 2.008458
4120 2.007006
4121 2.005560
4122 2.004118
4123 2.002681
4124 2.001250
4125 1.999826
4126 1.998409
4127 1.997000
4128 1.995598
4129 1.994205
4130 1.992820
4131 1.991445
4132 1.990079
4133 1.988724
4134 1.987378
4135 1.986042
4136 1.984717
4137 1.983403
4138 1.982100
4139 1.980808
4140 1.979528
4141 1.978258
4142 1.977000
4143 1.975753
4144 1.974518
4145 1.973294
4146 1.972081
4147 1.970880
4148 1.969690
4149 1.968511
4150 1.967343
4151 1.966187
4152 1.965041
4153 1.963905
4154 1.962780
4155 1.961666
4156 1.960562
4157 1.959468
4158 1.958384
4159 1.957309
4160 1.956244
4161 1.955189
4162 1.954142
4163 1.953105
4164 1.952077
4165 1.951057
4166 1.950045
4167 1.949042
4168 1.948047
4169 1.947060
4170 1.946081
4171 1.945110
4172 1.944145
4173 1.943189
4174 1.942239
4175 1.941296
4176 1.940360
4177 1.939431
4178 1.938508
4179 1.937592
4180 1.936682
4181 1.935778
4182 1.934880
4183 1.933988
4184 1.933101
4185 1.932221
4186 1.931345
4187 1.930476
4188 1.929611
4189 1.928752
4190 1.927898
4191 1.927049
4192 1.926204
4193 1.925365
4194 1.924530
4195 1.923700
4196 1.922875
4197 1.922054
4198 1.921238
4199 1.920425
4200 1.919618
4201 1.918814
4202 1.918014
4203 1.917219
4204 1.916428
4205 1.915640
4206 1.914857
4207 1.914077
4208 1.913301
4209 1.912529
4210 1.911761
4211 1.910996
4212 1.910235
4213 1.909477
4214 1.908723
4215 1.907973
4216 1.907226
4217 1.906482
4218 1.905742
4219 1.905005
4220 1.904271
4221 1.903541
4222 1.902814
4223 1.902090
4224 1.901369
4225 1.900651
4226 1.899937
4227 1.899226
4228 1.898517
4229 1.897812
4230 1.897110
4231 1.896411
4232 1.895714
4233 1.895021
4234 1.894331
4235 1.893643
4236 1.892959
4237 1.892277
4238 1.891598
4239 1.890922
4240 1.890249
4241 1.889578
4242 1.888911
4243 1.888246
4244 1.887584
4245 1.886924
4246 1.886268
4247 1.885614
4248 1.884963
4249 1.884314
4250 1.883668
4251 1.883025
4252 1.882384
4253 1.881746
4254 1.881111
4255 1.880478
4256 1.879847
4257 1.879220
4258 1.878594
4259 1.877972
4260 1.877352
4261 1.876734
4262 1.876119
4263 1.875506
4264 1.874896
4265 1.874288
4266 1.873683
4267 1.873080
4268 1.872480
4269 1.871882
4270 1.871287
4271 1.870693
4272 1.870103
4273 1.869514
4274 1.868928
4275 1.868345
4276 1.867763
4277 1.867184
4278 1.866608
4279 1.866033
4280 1.865461
4281 1.864892
4282 1.864324
4283 1.863759
4284 1.863196
4285 1.862635
4286 1.862077
4287 1.861520
4288 1.860966
4289 1.860414
4290 1.859865
4291 1.859317
4292 1.858772
4293 1.858229
4294 1.857688
4295 1.857149
4296 1.856612
4297 1.856077
4298 1.855544
4299 1.855014
4300 1.854485
4301 1.853959
4302 1.853435
4303 1.852912
4304 1.852392
4305 1.851874
4306 1.851357
4307 1.850843
4308 1.850330
4309 1.849820
4310 1.849311
4311 1.848805
4312 1.848300
4313 1.847797
4314 1.847296
4315 1.846797
4316 1.846300
4317 1.845805
4318 1.845311
4319 1.844819
4320 1.844330
4321 1.843841
4322 1.843355
4323 1.842870
4324 1.842387
4325 1.841906
4326 1.841427
4327 1.840949
4328 1.840473
4329 1.839998
4330 1.839525
4331 1.839054
4332 1.838584
4333 1.838116
4334 1.837650
4335 1.837185
4336 1.836721
4337 1.836259
4338 1.835799
4339 1.835340
4340 1.834883
4341 1.834427
4342 1.833972
4343 1.833519
4344 1.833067
4345 1.832616
4346 1.832167
4347 1.831719
4348 1.831273
4349 1.830828
4350 1.830384
4351 1.829941
4352 1.829499
4353 1.829059
4354 1.828620
4355 1.828182
4356 1.827745
4357 1.827309
4358 1.826875
4359 1.826441
4360 1.826009
4361 1.825577
4362 1.825147
4363 1.824718
4364 1.824289
4365 1.823862
4366 1.823435
4367 1.823009
4368 1.822584
4369 1.822160
4370 1.821737
4371 1.821315
4372 1.820893
4373 1.820472
4374 1.820052
4375 1.819633
4376 1.819214
4377 1.818796
4378 1.818378
4379 1.817961
4380 1.817545
4381 1.817129
4382 1.816714
4383 1.816299
4384 1.815885
4385 1.815471
4386 1.815058
4387 1.814645
4388 1.814232
4389 1.813820
4390 1.813408
4391 1.812996
4392 1.812585
4393 1.812174
4394 1.811763
4395 1.811352
4396 1.810941
4397 1.810531
4398 1.810120
4399 1.809710
4400 1.809299
4401 1.808889
4402 1.808479
4403 1.808068
4404 1.807658
4405 1.807247
4406 1.806836
4407 1.806425
4408 1.806014
4409 1.805603
4410 1.805191
4411 1.804779
4412 1.804367
4413 1.803954
4414 1.803541
4415 1.803127
4416 1.802713
4417 1.802299
4418 1.801884
4419 1.801468
4420 1.801052
4421 1.800636
4422 1.800218
4423 1.799800
4424 1.799382
4425 1.798962
4426 1.798542
4427 1.798121
4428 1.797699
4429 1.797276
4430 1.796852
4431 1.796428
4432 1.796002
4433 1.795575
4434 1.795148
4435 1.794719
4436 1.794289
4437 1.793858
4438 1.793426
4439 1.792992
4440 1.792557
4441 1.792121
4442 1.791684
4443 1.791245
4444 1.790805
4445 1.790363
4446 1.789920
4447 1.789475
4448 1.789029
4449 1.788581
4450 1.788132
4451 1.787681
4452 1.787228
4453 1.786773
4454 1.786317
4455 1.785858
4456 1.785398
4457 1.784936
4458 1.784472
4459 1.784006
4460 1.783538
4461 1.783068
4462 1.782595
4463 1.782121
4464 1.781644
4465 1.781165
4466 1.780684
4467 1.780200
4468 1.779714
4469 1.779226
4470 1.778735
4471 1.778241
4472 1.777745
4473 1.777247
4474 1.776745
4475 1.776241
4476 1.775734
4477 1.775225
4478 1.774712
4479 1.774197
4480 1.773678
4481 1.773157
4482 1.772633
4483 1.772105
4484 1.771574
4485 1.771040
4486 1.770503
4487 1.769962
4488 1.769418
4489 1.768870
4490 1.768319
4491 1.767765
4492 1.767207
4493 1.766645
4494 1.766079
4495 1.765510
4496 1.764936
4497 1.764359
4498 1.763777
4499 1.763192
4500 1.762602
4501 1.762009
4502 1.761411
4503 1.760808
4504 1.760201
4505 1.759590
4506 1.758974
4507 1.758354
4508 1.757728
4509 1.757098
4510 1.756463
4511 1.755823
4512 1.755178
4513 1.754528
4514 1.753872
4515 1.753211
4516 1.752545
4517 1.751873
4518 1.751196
4519 1.750513
4520 1.749824
4521 1.749129
4522 1.748428
4523 1.747721
4524 1.747007
4525 1.746288
4526 1.745561
4527 1.744828
4528 1.744089
4529 1.743342
4530 1.742588
4531 1.741828
4532 1.741059
4533 1.740284
4534 1.739501
4535 1.738710
4536 1.737911
4537 1.737103
4538 1.736288
4539 1.735464
4540 1.734632
4541 1.733790
4542 1.732940
4543 1.732080
4544 1.731211
4545 1.730332
4546 1.729443
4547 1.728543
4548 1.727634
4549 1.726713
4550 1.725782
4551 1.724839
4552 1.723885
4553 1.722919
4554 1.721940
4555 1.720949
4556 1.719945
4557 1.718928
4558 1.717897
4559 1.716852
4560 1.715792
4561 1.714717
4562 1.713627
4563 1.712521
4564 1.711398
4565 1.710258
4566 1.709100
4567 1.707924
4568 1.706729
4569 1.705514
4570 1.704279
4571 1.703023
4572 1.701744
4573 1.700442
4574 1.699117
4575 1.697766
4576 1.696389
4577 1.694985
4578 1.693552
4579 1.692089
4580 1.690595
4581 1.689068
4582 1.687506
4583 1.685908
4584 1.684271
4585 1.682593
4586 1.680872
4587 1.679105
4588 1.677290
4589 1.675423
4590 1.673500
4591 1.671518
4592 1.669472
4593 1.667358
4594 1.665170
4595 1.662902
4596 1.660548
4597 1.658099
4598 1.655546
4599 1.652879
4600 1.650087
4601 1.647156
4602 1.644068
4603 1.640807
4604 1.637349
4605 1.633667
4606 1.629730
4607 1.625498
4608 1.620925
4609 1.615954
4610 1.610513
4611 1.604520
4612 1.597874
4613 1.590459
4614 1.582155
4615 1.572857
4616 1.562528
4617 1.551287
4618 1.539526
4619 1.527983
4620 1.517623
4621 1.509272
4622 1.503224
4623 1.499204
4624 1.496650
4625 1.495014
4626 1.493903
4627 1.493076
4628 1.492399
4629 1.491800
4630 1.491246
4631 1.490718
4632 1.490208
4633 1.489711
4634 1.489226
4635 1.488751
4636 1.488286
4637 1.487830
4638 1.487382
4639 1.486942
4640 1.486510
4641 1.486085
4642 1.485667
4643 1.485257
4644 1.484852
4645 1.484455
4646 1.484063
4647 1.483677
4648 1.483297
4649 1.482923
4650 1.482553
4651 1.482189
4652 1.481830
4653 1.481476
4654 1.481127
4655 1.480782
4656 1.480441
4657 1.480105
4658 1.479773
4659 1.479445
4660 1.479121
4661 1.478800
4662 1.478484
4663 1.478171
4664 1.477862
4665 1.477556
4666 1.477253
4667 1.476954
4668 1.476658
4669 1.476365
4670 1.476075
4671 1.475788
4672 1.475504
4673 1.475223
4674 1.474944
4675 1.474669
4676 1.474396
4677 1.474125
4678 1.473857
4679 1.473592
4680 1.473329
4681 1.473068
4682 1.472810
4683 1.472554
4684 1.472301
4685 1.472049
4686 1.471800
4687 1.471553
4688 1.471307
4689 1.471064
4690 1.470823
4691 1.470584
4692 1.470347
4693 1.470112
4694 1.469878
4695 1.469647
4696 1.469417
4697 1.469189
4698 1.468963
4699 1.468738
4700 1.468515
4701 1.468294
4702 1.468074
4703 1.467856
4704 1.467640
4705 1.467425
4706 1.467211
4707 1.466999
4708 1.466789
4709 1.466580
4710 1.466372
4711 1.466166
4712 1.465961
4713 1.465758
4714 1.465556
4715 1.465355
4716 1.465156
4717 1.464958
4718 1.464761
4719 1.464565
4720 1.464371
4721 1.464178
4722 1.463986
4723 1.463795
4724 1.463606
4725 1.463417
4726 1.463230
4727 1.463044
4728 1.462859
4729 1.462675
4730 1.462492
4731 1.462310
4732 1.462129
4733 1.461949
4734 1.461771
4735 1.461593
4736 1.461416
4737 1.461240
4738 1.461066
4739 1.460892
4740 1.460719
4741 1.460547
4742 1.460376
4743 1.460206
4744 1.460037
4745 1.459869
4746 1.459701
4747 1.459535
4748 1.459369
4749 1.459204
4750 1.459041
4751 1.458877
4752 1.458715
4753 1.458554
4754 1.458393
4755 1.458233
4756 1.458074
4757 1.457916
4758 1.457759
4759 1.457602
4760 1.457446
4761 1.457291
4762 1.457136
4763 1.456983
4764 1.456830
4765 1.456677
4766 1.456526
4767 1.456375
4768 1.456225
4769 1.456075
4770 1.455927
4771 1.455778
4772 1.455631
4773 1.455484
4774 1.455338
4775 1.455193
4776 1.455048
4777 1.454904
4778 1.454760
4779 1.454617
4780 1.454475
4781 1.454333
4782 1.454192
4783 1.454052
4784 1.453912
4785 1.453773
4786 1.453634
4787 1.453496
4788 1.453358
4789 1.453221
4790 1.453085
4791 1.452949
4792 1.452814
4793 1.452679
4794 1.452545
4795 1.452411
4796 1.452278
4797 1.452146
4798 1.452014
4799 1.451882
4800 1.451751
4801 1.451621
4802 1.451491
4803 1.451361
4804 1.451232
4805 1.451104
4806 1.450976
4807 1.450849
4808 1.450722
4809 1.450595
4810 1.450469
4811 1.450344
4812 1.450218
4813 1.450094
4814 1.449970
4815 1.449846
4816 1.449723
4817 1.449600
4818 1.449478
4819 1.449356
4820 1.449234
4821 1.449113
4822 1.448993
4823 1.448873
4824 1.448753
4825 1.448634
4826 1.448515
4827 1.448396
4828 1.448278
4829 1.448161
4830 1.448043
4831 1.447927
4832 1.447810
4833 1.447694
4834 1.447579
4835 1.447463
4836 1.447349
4837 1.447234
4838 1.447120
4839 1.447006
4840 1.446893
4841 1.446780
4842 1.446668
4843 1.446555
4844 1.446444
4845 1.446332
4846 1.446221
4847 1.446111
4848 1.446000
4849 1.445890
4850 1.445781
4851 1.445671
4852 1.445562
4853 1.445454
4854 1.445346
4855 1.445238
4856 1.445130
4857 1.445023
4858 1.444916
4859 1.444810
4860 1.444703
4861 1.444597
4862 1.444492
4863 1.444387
4864 1.444282
4865 1.444177
4866 1.444073
4867 1.443969
4868 1.443865
4869 1.443762
4870 1.443659
4871 1.443556
4872 1.443454
4873 1.443352
4874 1.443250
4875 1.443149
4876 1.443047
4877 1.442947
4878 1.442846
4879 1.442746
4880 1.442646
4881 1.442546
4882 1.442447
4883 1.442347
4884 1.442249
4885 1.442150
4886 1.442052
4887 1.441954
4888 1.441856
4889 1.441759
4890 1.441661
4891 1.441565
4892 1.441468
4893 1.441372
4894 1.441275
4895 1.441180
4896 1.441084
4897 1.440989
4898 1.440894
4899 1.440799
4900 1.440705
4901 1.440610
4902 1.440516
4903 1.440423
4904 1.440329
4905 1.440236
4906 1.440143
4907 1.440050
4908 1.439958
4909 1.439865
4910 1.439773
4911 1.439682
4912 1.439590
4913 1.439499
4914 1.439408
4915 1.439317
4916 1.439227
4917 1.439136
4918 1.439046
4919 1.438956
4920 1.438867
4921 1.438777
4922 1.438688
4923 1.438599
4924 1.438511
4925 1.438422
4926 1.438334
4927 1.438246
4928 1.438158
4929 1.438071
4930 1.437983
4931 1.437896
4932 1.437809
4933 1.437722
4934 1.437636
4935 1.437550
4936 1.437464
4937 1.437378
4938 1.437292
4939 1.437207
4940 1.437122
4941 1.437037
4942 1.436952
4943 1.436867
4944 1.436783
4945 1.436699
4946 1.436615
4947 1.436531
4948 1.436447
4949 1.436364
4950 1.436281
4951 1.436198
4952 1.436115
4953 1.436032
4954 1.435950
4955 1.435868
4956 1.435786
4957 1.435704
4958 1.435622
4959 1.435541
4960 1.435460
4961 1.435379
4962 1.435298
4963 1.435217
4964 1.435137
4965 1.435056
4966 1.434976
4967 1.434896
4968 1.434817
4969 1.434737
4970 1.434658
4971 1.434578
4972 1.434499
4973 1.434421
4974 1.434342
4975 1.434263
4976 1.434185
4977 1.434107
4978 1.434029
4979 1.433951
4980 1.433874
4981 1.433796
4982 1.433719
4983 1.433642
4984 1.433565
4985 1.433488
4986 1.433411
4987 1.433335
4988 1.433259
4989 1.433183
4990 1.433107
4991 1.433031
4992 1.432955
4993 1.432880
4994 1.432805
4995 1.432729
4996 1.432654
4997 1.432580
4998 1.432505
4999 1.432431
