0 41.394268
1 42.501727
2 43.328292
3 43.656577
4 43.903346
5 44.134717
6 44.355236
7 44.549808
8 44.676586
9 44.662130
10 44.354430
11 43.686366
12 42.809844
13 41.569613
14 39.843666
15 37.866553
16 35.950229
17 34.279133
18 32.849077
19 31.692644
20 30.666247
21 29.597587
22 28.546245
23 27.524320
24 26.538436
25 25.583654
26 24.572589
27 23.315641
28 21.759653
29 20.104018
30 18.476126
31 16.919823
32 15.467372
33 14.137336
34 12.934459
35 11.855141
36 10.891743
37 10.034693
38 9.273509
39 8.597519
40 7.996422
41 7.460689
42 6.981812
43 6.552399
44 6.166146
45 5.817728
46 5.502645
47 5.217073
48 4.957739
49 4.721823
50 4.506877
51 4.310765
52 4.131609
53 3.967744
54 3.817683
55 3.680089
56 3.553751
57 3.437565
58 3.330529
59 3.231726
60 3.140327
61 3.055581
62 2.976810
63 2.903411
64 2.834844
65 2.770634
66 2.710358
67 2.653647
68 2.600177
69 2.549663
70 2.501854
71 2.456534
72 2.413508
73 2.372609
74 2.333685
75 2.296606
76 2.261253
77 2.227520
78 2.195312
79 2.164542
80 2.135133
81 2.107012
82 2.080113
83 2.054374
84 2.029739
85 2.006154
86 1.983567
87 1.961933
88 1.941205
89 1.921342
90 1.902303
91 1.884049
92 1.866543
93 1.849752
94 1.833640
95 1.818178
96 1.803333
97 1.789077
98 1.775382
99 1.762222
100 1.749570
101 1.737404
102 1.725698
103 1.714432
104 1.703584
105 1.693133
106 1.683061
107 1.673349
108 1.663979
109 1.654934
110 1.646199
111 1.637757
112 1.629596
113 1.621701
114 1.614058
115 1.606655
116 1.599481
117 1.592525
118 1.585775
119 1.579221
120 1.572855
121 1.566666
122 1.560648
123 1.554790
124 1.549087
125 1.543530
126 1.538113
127 1.532829
128 1.527673
129 1.522639
130 1.517721
131 1.512914
132 1.508215
133 1.503617
134 1.499117
135 1.494711
136 1.490396
137 1.486166
138 1.482020
139 1.477954
140 1.473965
141 1.470050
142 1.466206
143 1.462430
144 1.458721
145 1.455075
146 1.451491
147 1.447966
148 1.444497
149 1.441084
150 1.437725
151 1.434416
152 1.431157
153 1.427946
154 1.424781
155 1.421661
156 1.418584
157 1.415549
158 1.412555
159 1.409600
160 1.406683
161 1.403803
162 1.400960
163 1.398151
164 1.395377
165 1.392636
166 1.389929
167 1.387254
168 1.384610
169 1.381998
170 1.379416
171 1.376866
172 1.374346
173 1.371856
174 1.369397
175 1.366968
176 1.364569
177 1.362202
178 1.359865
179 1.357559
180 1.355285
181 1.353044
182 1.350834
183 1.348658
184 1.346516
185 1.344408
186 1.342335
187 1.340298
188 1.338297
189 1.336334
190 1.334409
191 1.332523
192 1.330676
193 1.328870
194 1.327105
195 1.325382
196 1.323703
197 1.322067
198 1.320475
199 1.318929
200 1.317429
201 1.315975
202 1.314569
203 1.313211
204 1.311901
205 1.310640
206 1.309429
207 1.308269
208 1.307158
209 1.306099
210 1.305091
211 1.304135
212 1.303230
213 1.302378
214 1.301578
215 1.300830
216 1.300135
217 1.299492
218 1.298901
219 1.298364
220 1.297878
221 1.297446
222 1.297065
223 1.296736
224 1.296460
225 1.296235
226 1.296061
227 1.295939
228 1.295868
229 1.295847
230 1.295877
231 1.295957
232 1.296086
233 1.296266
234 1.296494
235 1.296772
236 1.297098
237 1.297473
238 1.297896
239 1.298366
240 1.298885
241 1.299451
242 1.300064
243 1.300725
244 1.301433
245 1.302188
246 1.302990
247 1.303839
248 1.304735
249 1.305679
250 1.306670
251 1.307708
252 1.308795
253 1.309930
254 1.311113
255 1.312346
256 1.313628
257 1.314960
258 1.316344
259 1.317778
260 1.319266
261 1.320806
262 1.322400
263 1.324050
264 1.325756
265 1.327519
266 1.329340
267 1.331221
268 1.333163
269 1.335168
270 1.337237
271 1.339371
272 1.341572
273 1.343841
274 1.346181
275 1.348593
276 1.351078
277 1.353638
278 1.356276
279 1.358992
280 1.361788
281 1.364667
282 1.367630
283 1.370678
284 1.373813
285 1.377037
286 1.380350
287 1.383754
288 1.387250
289 1.390840
290 1.394523
291 1.398301
292 1.402173
293 1.406140
294 1.410201
295 1.414357
296 1.418607
297 1.422948
298 1.427381
299 1.431903
300 1.436512
301 1.441205
302 1.445981
303 1.450834
304 1.455763
305 1.460762
306 1.465828
307 1.470955
308 1.476138
309 1.481372
310 1.486651
311 1.491968
312 1.497318
313 1.502692
314 1.508084
315 1.513487
316 1.518894
317 1.524297
318 1.529689
319 1.535063
320 1.540411
321 1.545727
322 1.551004
323 1.556235
324 1.561416
325 1.566539
326 1.571601
327 1.576597
328 1.581522
329 1.586373
330 1.591147
331 1.595841
332 1.600454
333 1.604984
334 1.609429
335 1.613789
336 1.618063
337 1.622252
338 1.626355
339 1.630374
340 1.634309
341 1.638161
342 1.641932
343 1.645622
344 1.649234
345 1.652768
346 1.656228
347 1.659613
348 1.662927
349 1.666172
350 1.669347
351 1.672457
352 1.675503
353 1.678485
354 1.681407
355 1.684270
356 1.687076
357 1.689825
358 1.692521
359 1.695164
360 1.697756
361 1.700299
362 1.702793
363 1.705240
364 1.707641
365 1.709998
366 1.712311
367 1.714582
368 1.716812
369 1.719001
370 1.721151
371 1.723262
372 1.725335
373 1.727370
374 1.729369
375 1.731332
376 1.733260
377 1.735152
378 1.737010
379 1.738833
380 1.740623
381 1.742379
382 1.744102
383 1.745792
384 1.747449
385 1.749073
386 1.750664
387 1.752223
388 1.753749
389 1.755242
390 1.756702
391 1.758130
392 1.759525
393 1.760886
394 1.762214
395 1.763509
396 1.764770
397 1.765997
398 1.767189
399 1.768348
400 1.769471
401 1.770559
402 1.771612
403 1.772630
404 1.773611
405 1.774556
406 1.775465
407 1.776337
408 1.777172
409 1.777969
410 1.778729
411 1.779451
412 1.780135
413 1.780781
414 1.781388
415 1.781958
416 1.782488
417 1.782981
418 1.783435
419 1.783850
420 1.784228
421 1.784567
422 1.784869
423 1.785133
424 1.785361
425 1.785551
426 1.785705
427 1.785824
428 1.785908
429 1.785957
430 1.785972
431 1.785955
432 1.785906
433 1.785826
434 1.785716
435 1.785577
436 1.785410
437 1.785217
438 1.784998
439 1.784756
440 1.784491
441 1.784205
442 1.783899
443 1.783575
444 1.783235
445 1.782880
446 1.782511
447 1.782131
448 1.781740
449 1.781342
450 1.780937
451 1.780527
452 1.780114
453 1.779700
454 1.779286
455 1.778875
456 1.778467
457 1.778064
458 1.777669
459 1.777282
460 1.776906
461 1.776541
462 1.776190
463 1.775853
464 1.775533
465 1.775229
466 1.774945
467 1.774681
468 1.774438
469 1.774217
470 1.774019
471 1.773846
472 1.773698
473 1.773577
474 1.773482
475 1.773416
476 1.773378
477 1.773370
478 1.773392
479 1.773445
480 1.773529
481 1.773646
482 1.773795
483 1.773978
484 1.774194
485 1.774445
486 1.774732
487 1.775054
488 1.775412
489 1.775808
490 1.776241
491 1.776713
492 1.777224
493 1.777775
494 1.778366
495 1.778999
496 1.779674
497 1.780392
498 1.781155
499 1.781963
500 1.782816
501 1.783717
502 1.784666
503 1.785664
504 1.786711
505 1.787810
506 1.788961
507 1.790165
508 1.791422
509 1.792734
510 1.794102
511 1.795526
512 1.797007
513 1.798546
514 1.800143
515 1.801798
516 1.803512
517 1.805285
518 1.807116
519 1.809007
520 1.810957
521 1.812964
522 1.815030
523 1.817152
524 1.819331
525 1.821565
526 1.823854
527 1.826195
528 1.828587
529 1.831028
530 1.833517
531 1.836052
532 1.838630
533 1.841250
534 1.843908
535 1.846603
536 1.849332
537 1.852094
538 1.854886
539 1.857707
540 1.860556
541 1.863433
542 1.866338
543 1.869272
544 1.872236
545 1.875234
546 1.878269
547 1.881346
548 1.884470
549 1.887648
550 1.890887
551 1.894195
552 1.897581
553 1.901054
554 1.904624
555 1.908302
556 1.912100
557 1.916029
558 1.920100
559 1.924327
560 1.928720
561 1.933290
562 1.938048
563 1.942998
564 1.948143
565 1.953479
566 1.958989
567 1.964646
568 1.970397
569 1.976170
570 1.981855
571 1.987315
572 1.992392
573 1.996933
574 2.000831
575 2.004064
576 2.006697
577 2.008849
578 2.010643
579 2.012176
580 2.013520
581 2.014722
582 2.015816
583 2.016825
584 2.017765
585 2.018650
586 2.019488
587 2.020287
588 2.021053
589 2.021790
590 2.022502
591 2.023192
592 2.023862
593 2.024515
594 2.025152
595 2.025775
596 2.026385
597 2.026983
598 2.027570
599 2.028147
600 2.028715
601 2.029275
602 2.029826
603 2.030370
604 2.030907
605 2.031437
606 2.031960
607 2.032477
608 2.032988
609 2.033493
610 2.033993
611 2.034486
612 2.034975
613 2.035457
614 2.035935
615 2.036407
616 2.036873
617 2.037334
618 2.037790
619 2.038241
620 2.038686
621 2.039125
622 2.039559
623 2.039988
624 2.040411
625 2.040829
626 2.041241
627 2.041647
628 2.042049
629 2.042444
630 2.042835
631 2.043220
632 2.043600
633 2.043974
634 2.044343
635 2.044708
636 2.045067
637 2.045421
638 2.045771
639 2.046115
640 2.046455
641 2.046791
642 2.047122
643 2.047448
644 2.047770
645 2.048088
646 2.048402
647 2.048712
648 2.049018
649 2.049320
650 2.049618
651 2.049913
652 2.050203
653 2.050491
654 2.050774
655 2.051054
656 2.051331
657 2.051603
658 2.051873
659 2.052139
660 2.052402
661 2.052661
662 2.052916
663 2.053169
664 2.053417
665 2.053663
666 2.053904
667 2.054142
668 2.054377
669 2.054607
670 2.054834
671 2.055057
672 2.055277
673 2.055492
674 2.055703
675 2.055910
676 2.056113
677 2.056312
678 2.056506
679 2.056695
680 2.056880
681 2.057061
682 2.057236
683 2.057407
684 2.057572
685 2.057732
686 2.057887
687 2.058037
688 2.058181
689 2.058319
690 2.058452
691 2.058578
692 2.058699
693 2.058813
694 2.058921
695 2.059023
696 2.059118
697 2.059206
698 2.059288
699 2.059363
700 2.059431
701 2.059492
702 2.059546
703 2.059593
704 2.059632
705 2.059664
706 2.059689
707 2.059706
708 2.059716
709 2.059719
710 2.059714
711 2.059702
712 2.059682
713 2.059655
714 2.059621
715 2.059580
716 2.059531
717 2.059475
718 2.059412
719 2.059343
720 2.059266
721 2.059184
722 2.059094
723 2.058998
724 2.058896
725 2.058788
726 2.058674
727 2.058555
728 2.058430
729 2.058300
730 2.058164
731 2.058024
732 2.057879
733 2.057729
734 2.057575
735 2.057417
736 2.057255
737 2.057089
738 2.056920
739 2.056747
740 2.056571
741 2.056392
742 2.056210
743 2.056025
744 2.055838
745 2.055648
746 2.055456
747 2.055262
748 2.055066
749 2.054868
750 2.054668
751 2.054467
752 2.054264
753 2.054061
754 2.053856
755 2.053650
756 2.053442
757 2.053235
758 2.053026
759 2.052817
760 2.052607
761 2.052397
762 2.052187
763 2.051976
764 2.051765
765 2.051554
766 2.051344
767 2.051133
768 2.050923
769 2.050713
770 2.050503
771 2.050294
772 2.050086
773 2.049878
774 2.049671
775 2.049465
776 2.049261
777 2.049057
778 2.048854
779 2.048652
780 2.048452
781 2.048254
782 2.048057
783 2.047861
784 2.047668
785 2.047476
786 2.047286
787 2.047099
788 2.046913
789 2.046730
790 2.046549
791 2.046371
792 2.046196
793 2.046023
794 2.045854
795 2.045687
796 2.045524
797 2.045364
798 2.045207
799 2.045054
800 2.044905
801 2.044760
802 2.044619
803 2.044483
804 2.044350
805 2.044223
806 2.044100
807 2.043983
808 2.043870
809 2.043764
810 2.043662
811 2.043567
812 2.043478
813 2.043395
814 2.043319
815 2.043249
816 2.043187
817 2.043132
818 2.043084
819 2.043045
820 2.043014
821 2.042991
822 2.042977
823 2.042972
824 2.042976
825 2.042990
826 2.043014
827 2.043049
828 2.043094
829 2.043151
830 2.043219
831 2.043299
832 2.043391
833 2.043496
834 2.043614
835 2.043745
836 2.043891
837 2.044050
838 2.044225
839 2.044414
840 2.044619
841 2.044840
842 2.045078
843 2.045333
844 2.045605
845 2.045894
846 2.046202
847 2.046529
848 2.046874
849 2.047239
850 2.047624
851 2.048029
852 2.048454
853 2.048901
854 2.049368
855 2.049856
856 2.050366
857 2.050897
858 2.051449
859 2.052023
860 2.052618
861 2.053234
862 2.053871
863 2.054527
864 2.055203
865 2.055898
866 2.056610
867 2.057337
868 2.058080
869 2.058835
870 2.059601
871 2.060375
872 2.061155
873 2.061937
874 2.062717
875 2.063492
876 2.064258
877 2.065009
878 2.065740
879 2.066445
880 2.067119
881 2.067754
882 2.068347
883 2.068889
884 2.069378
885 2.069809
886 2.070180
887 2.070492
888 2.070748
889 2.070954
890 2.071118
891 2.071250
892 2.071363
893 2.071465
894 2.071564
895 2.071660
896 2.071745
897 2.071806
898 2.071819
899 2.071760
900 2.071610
901 2.071361
902 2.071023
903 2.070625
904 2.070211
905 2.069822
906 2.069480
907 2.069169
908 2.068843
909 2.068436
910 2.067902
911 2.067232
912 2.066445
913 2.065561
914 2.064572
915 2.063440
916 2.062107
917 2.060489
918 2.058442
919 2.055684
920 2.051557
921 2.044112
922 2.039153
923 2.095160
924 2.257410
925 2.240889
926 1.878516
927 2.206969
928 2.085768
929 2.080745
930 2.397950
931 1.939531
932 2.045409
933 2.505187
934 1.910335
935 2.535346
936 1.843977
937 2.549301
938 1.999320
939 2.307926
940 2.445734
941 2.460376
942 2.463147
943 2.462946
944 2.460984
945 2.463489
946 2.459391
947 2.464655
948 2.458824
949 2.465936
950 2.460063
951 2.467373
952 2.463235
953 2.469296
954 2.467761
955 2.471698
956 2.472502
957 2.474194
958 2.475188
959 2.474736
960 2.472901
961 2.468826
962 2.462474
963 2.454304
964 2.445430
965 2.437075
966 2.429794
967 2.423458
968 2.417907
969 2.413217
970 2.409544
971 2.406805
972 2.404320
973 2.400877
974 2.395381
975 2.387347
976 2.376870
977 2.364416
978 2.350745
979 2.336763
980 2.323230
981 2.310565
982 2.298846
983 2.287935
984 2.277618
985 2.267729
986 2.258213
987 2.249124
988 2.240569
989 2.232647
990 2.225401
991 2.218836
992 2.212980
993 2.207942
994 2.203907
995 2.201083
996 2.199630
997 2.199611
998 2.200986
999 2.203624
1000 2.207321
1001 2.211831
1002 2.216879
1003 2.222185
1004 2.227474
1005 2.232484
1006 2.236961
1007 2.240669
1008 2.243382
1009 2.244897
1010 2.245058
1011 2.243792
1012 2.241162
1013 2.237399
1014 2.232875
1015 2.227993
1016 2.223051
1017 2.218170
1018 2.213622
1019 2.210553
1020 2.210050
1021 2.211626
1022 2.214570
1023 2.218707
1024 2.224008
1025 2.230497
1026 2.238271
1027 2.247554
1028 2.258754
1029 2.272473
1030 2.289401
1031 2.310054
1032 2.334340
1033 2.361577
1034 2.391063
1035 2.422092
1036 2.453341
1037 2.483419
1038 2.511756
1039 2.538118
1040 2.561864
1041 2.581920
1042 2.597880
1043 2.610263
1044 2.619759
1045 2.626967
1046 2.632457
1047 2.636691
1048 2.639967
1049 2.642459
1050 2.644285
1051 2.645541
1052 2.646309
1053 2.646657
1054 2.646639
1055 2.646302
1056 2.645689
1057 2.644838
1058 2.643786
1059 2.642566
1060 2.641208
1061 2.639735
1062 2.638165
1063 2.636507
1064 2.634755
1065 2.632886
1066 2.630861
1067 2.628627
1068 2.626127
1069 2.623307
1070 2.620130
1071 2.616566
1072 2.612586
1073 2.608147
1074 2.603182
1075 2.597600
1076 2.591300
1077 2.584182
1078 2.576155
1079 2.567130
1080 2.556991
1081 2.545595
1082 2.532815
1083 2.518624
1084 2.503207
1085 2.486996
1086 2.470559
1087 2.454394
1088 2.438768
1089 2.423700
1090 2.409036
1091 2.394586
1092 2.380211
1093 2.365881
1094 2.351690
1095 2.337843
1096 2.324616
1097 2.312306
1098 2.301189
1099 2.291490
1100 2.283359
1101 2.276853
1102 2.271939
1103 2.268510
1104 2.266411
1105 2.265463
1106 2.265482
1107 2.266291
1108 2.267728
1109 2.269648
1110 2.271918
1111 2.274423
1112 2.277059
1113 2.279741
1114 2.282399
1115 2.284983
1116 2.287460
1117 2.289818
1118 2.292061
1119 2.294212
1120 2.296308
1121 2.298402
1122 2.300554
1123 2.302837
1124 2.305327
1125 2.308106
1126 2.311254
1127 2.314849
1128 2.318959
1129 2.323634
1130 2.328899
1131 2.334737
1132 2.341089
1133 2.347844
1134 2.354856
1135 2.361969
1136 2.369042
1137 2.375979
1138 2.382737
1139 2.389320
1140 2.395767
1141 2.402127
1142 2.408440
1143 2.414718
1144 2.420938
1145 2.427056
1146 2.433020
1147 2.438795
1148 2.444364
1149 2.449728
1150 2.454892
1151 2.459862
1152 2.464647
1153 2.469253
1154 2.473697
1155 2.477997
1156 2.482174
1157 2.486250
1158 2.490242
1159 2.494167
1160 2.498038
1161 2.501864
1162 2.505653
1163 2.509409
1164 2.513132
1165 2.516822
1166 2.520473
1167 2.524077
1168 2.527621
1169 2.531090
1170 2.534465
1171 2.537720
1172 2.540831
1173 2.543767
1174 2.546502
1175 2.549012
1176 2.551277
1177 2.553289
1178 2.555048
1179 2.556563
1180 2.557851
1181 2.558934
1182 2.559836
1183 2.560580
1184 2.561192
1185 2.561691
1186 2.562100
1187 2.562436
1188 2.562717
1189 2.562959
1190 2.563177
1191 2.563386
1192 2.563599
1193 2.563826
1194 2.564078
1195 2.564362
1196 2.564683
1197 2.565044
1198 2.565448
1199 2.565894
1200 2.566382
1201 2.566909
1202 2.567475
1203 2.568078
1204 2.568715
1205 2.569385
1206 2.570086
1207 2.570817
1208 2.571576
1209 2.572362
1210 2.573174
1211 2.574010
1212 2.574871
1213 2.575756
1214 2.576663
1215 2.577592
1216 2.578542
1217 2.579514
1218 2.580507
1219 2.581520
1220 2.582552
1221 2.583605
1222 2.584677
1223 2.585767
1224 2.586877
1225 2.588004
1226 2.589149
1227 2.590311
1228 2.591490
1229 2.592686
1230 2.593897
1231 2.595123
1232 2.596362
1233 2.597616
1234 2.598881
1235 2.600158
1236 2.601445
1237 2.602741
1238 2.604044
1239 2.605354
1240 2.606668
1241 2.607985
1242 2.609303
1243 2.610620
1244 2.611936
1245 2.613247
1246 2.614551
1247 2.615848
1248 2.617135
1249 2.618410
1250 2.619671
1251 2.620916
1252 2.622145
1253 2.623354
1254 2.624543
1255 2.625710
1256 2.626854
1257 2.627973
1258 2.629067
1259 2.630133
1260 2.631171
1261 2.632179
1262 2.633157
1263 2.634104
1264 2.635017
1265 2.635896
1266 2.636741
1267 2.637548
1268 2.638318
1269 2.639049
1270 2.639739
1271 2.640387
1272 2.640991
1273 2.641550
1274 2.642063
1275 2.642528
1276 2.642943
1277 2.643308
1278 2.643620
1279 2.643881
1280 2.644087
1281 2.644241
1282 2.644340
1283 2.644387
1284 2.644381
1285 2.644323
1286 2.644216
1287 2.644061
1288 2.643859
1289 2.643615
1290 2.643329
1291 2.643004
1292 2.642643
1293 2.642248
1294 2.641820
1295 2.641363
1296 2.640878
1297 2.640365
1298 2.639827
1299 2.639265
1300 2.638678
1301 2.638069
1302 2.637436
1303 2.636781
1304 2.636104
1305 2.635403
1306 2.634679
1307 2.633932
1308 2.633161
1309 2.632365
1310 2.631542
1311 2.630693
1312 2.629814
1313 2.628915
1314 2.627931
1315 2.627194
1316 2.624858
1317 2.631353
1318 2.579761
1319 2.686322
1320 3.341765
1321 1.652286
1322 2.681254
1323 2.631481
1324 2.681837
1325 2.605101
1326 1.700441
1327 2.602914
1328 2.729235
1329 2.676145
1330 2.662269
1331 2.667951
1332 2.647166
1333 2.680100
1334 2.591419
1335 2.687749
1336 2.629975
1337 2.036848
1338 2.658616
1339 2.699375
1340 2.645634
1341 2.700981
1342 2.600294
1343 2.603524
1344 2.622564
1345 2.695679
1346 2.631718
1347 1.825867
1348 2.359609
1349 2.041823
1350 1.725907
1351 2.676940
1352 2.730653
1353 2.713879
1354 2.727514
1355 2.720084
1356 2.707889
1357 2.696845
1358 2.689109
1359 2.681425
1360 2.671498
1361 2.654861
1362 2.662523
1363 1.855495
1364 2.365339
1365 1.902283
1366 4.148038
1367 2.696442
1368 2.650002
1369 1.722155
1370 2.675750
1371 1.998305
1372 2.762982
1373 1.783972
1374 2.689795
1375 3.465312
1376 1.724787
1377 2.699092
1378 1.791620
1379 2.749437
1380 3.118643
1381 1.909836
1382 4.279444
1383 3.950250
1384 2.993165
1385 2.618377
1386 2.531490
1387 2.488945
1388 2.454001
1389 2.431395
1390 2.416927
1391 2.407087
1392 2.400232
1393 2.395248
1394 2.391419
1395 2.388303
1396 2.385632
1397 2.383241
1398 2.381026
1399 2.378924
1400 2.376894
1401 2.374909
1402 2.372953
1403 2.371010
1404 2.369072
1405 2.367131
1406 2.365177
1407 2.363203
1408 2.361202
1409 2.359165
1410 2.357083
1411 2.354946
1412 2.352741
1413 2.350455
1414 2.348074
1415 2.345578
1416 2.342948
1417 2.340159
1418 2.337181
1419 2.333981
1420 2.330516
1421 2.326738
1422 2.322586
1423 2.317987
1424 2.312854
1425 2.307077
1426 2.300524
1427 2.293028
1428 2.284385
1429 2.274344
1430 2.262593
1431 2.248759
1432 2.232418
1433 2.213144
1434 2.190656
1435 2.165111
1436 2.137533
1437 2.110027
1438 2.085112
1439 2.064295
1440 2.047421
1441 2.033482
1442 2.021552
1443 2.011039
1444 2.001595
1445 1.993020
1446 1.985195
1447 1.978047
1448 1.971530
1449 1.965612
1450 1.960267
1451 1.955469
1452 1.951190
1453 1.947401
1454 1.944066
1455 1.941152
1456 1.938622
1457 1.936442
1458 1.934576
1459 1.932994
1460 1.931665
1461 1.930563
1462 1.929664
1463 1.928945
1464 1.928387
1465 1.927972
1466 1.927685
1467 1.927511
1468 1.927439
1469 1.927457
1470 1.927554
1471 1.927723
1472 1.927954
1473 1.928241
1474 1.928577
1475 1.928956
1476 1.929373
1477 1.929822
1478 1.930299
1479 1.930801
1480 1.931323
1481 1.931862
1482 1.932415
1483 1.932979
1484 1.933551
1485 1.934129
1486 1.934710
1487 1.935293
1488 1.935875
1489 1.936455
1490 1.937031
1491 1.937602
1492 1.938166
1493 1.938721
1494 1.939268
1495 1.939804
1496 1.940329
1497 1.940842
1498 1.941342
1499 1.941828
1500 1.942300
1501 1.942757
1502 1.943199
1503 1.943626
1504 1.944037
1505 1.944432
1506 1.944810
1507 1.945173
1508 1.945519
1509 1.945849
1510 1.946162
1511 1.946460
1512 1.946743
1513 1.947010
1514 1.947262
1515 1.947500
1516 1.947723
1517 1.947933
1518 1.948130
1519 1.948314
1520 1.948487
1521 1.948648
1522 1.948798
1523 1.948939
1524 1.949070
1525 1.949193
1526 1.949307
1527 1.949415
1528 1.949515
1529 1.949610
1530 1.949700
1531 1.949784
1532 1.949865
1533 1.949942
1534 1.950016
1535 1.950088
1536 1.950158
1537 1.950227
1538 1.950294
1539 1.950361
1540 1.950428
1541 1.950496
1542 1.950564
1543 1.950632
1544 1.950703
1545 1.950774
1546 1.950848
1547 1.950924
1548 1.951002
1549 1.951082
1550 1.951166
1551 1.951252
1552 1.951342
1553 1.951435
1554 1.951531
1555 1.951631
1556 1.951736
1557 1.951844
1558 1.951956
1559 1.952073
1560 1.952194
1561 1.952320
1562 1.952450
1563 1.952586
1564 1.952726
1565 1.952872
1566 1.953023
1567 1.953179
1568 1.953341
1569 1.953508
1570 1.953682
1571 1.953862
1572 1.954047
1573 1.954239
1574 1.954438
1575 1.954643
1576 1.954855
1577 1.955074
1578 1.955300
1579 1.955534
1580 1.955775
1581 1.956024
1582 1.956281
1583 1.956546
1584 1.956819
1585 1.957101
1586 1.957392
1587 1.957691
1588 1.958000
1589 1.958319
1590 1.958647
1591 1.958986
1592 1.959334
1593 1.959694
1594 1.960064
1595 1.960446
1596 1.960839
1597 1.961245
1598 1.961662
1599 1.962093
1600 1.962536
1601 1.962993
1602 1.963464
1603 1.963949
1604 1.964448
1605 1.964963
1606 1.965494
1607 1.966041
1608 1.966605
1609 1.967186
1610 1.967785
1611 1.968402
1612 1.969039
1613 1.969695
1614 1.970372
1615 1.971070
1616 1.971790
1617 1.972533
1618 1.973299
1619 1.974090
1620 1.974905
1621 1.975747
1622 1.976617
1623 1.977514
1624 1.978440
1625 1.979397
1626 1.980385
1627 1.981406
1628 1.982461
1629 1.983552
1630 1.984678
1631 1.985843
1632 1.987048
1633 1.988294
1634 1.989582
1635 1.990915
1636 1.992294
1637 1.993722
1638 1.995200
1639 1.996729
1640 1.998313
1641 1.999954
1642 2.001653
1643 2.003414
1644 2.005238
1645 2.007128
1646 2.009087
1647 2.011118
1648 2.013223
1649 2.015405
1650 2.017668
1651 2.020015
1652 2.022448
1653 2.024971
1654 2.027587
1655 2.030301
1656 2.033115
1657 2.036033
1658 2.039058
1659 2.042196
1660 2.045448
1661 2.048821
1662 2.052317
1663 2.055940
1664 2.059696
1665 2.063588
1666 2.067620
1667 2.071799
1668 2.076128
1669 2.080613
1670 2.085260
1671 2.090073
1672 2.095059
1673 2.100225
1674 2.105578
1675 2.111125
1676 2.116873
1677 2.122831
1678 2.129009
1679 2.135414
1680 2.142055
1681 2.148942
1682 2.156082
1683 2.163481
1684 2.171141
1685 2.179061
1686 2.187233
1687 2.195640
1688 2.204254
1689 2.213034
1690 2.221928
1691 2.230872
1692 2.239797
1693 2.248636
1694 2.257332
1695 2.265840
1696 2.274131
1697 2.282191
1698 2.290016
1699 2.297606
1700 2.304963
1701 2.312091
1702 2.318989
1703 2.325657
1704 2.332093
1705 2.338293
1706 2.344252
1707 2.349966
1708 2.355433
1709 2.360650
1710 2.365619
1711 2.370343
1712 2.374828
1713 2.379081
1714 2.383112
1715 2.386934
1716 2.390559
1717 2.393999
1718 2.397267
1719 2.400376
1720 2.403336
1721 2.406158
1722 2.408851
1723 2.411425
1724 2.413885
1725 2.416240
1726 2.418494
1727 2.420654
1728 2.422723
1729 2.424705
1730 2.426605
1731 2.428425
1732 2.430169
1733 2.431839
1734 2.433439
1735 2.434969
1736 2.436433
1737 2.437833
1738 2.439171
1739 2.440449
1740 2.441669
1741 2.442833
1742 2.443942
1743 2.444998
1744 2.446004
1745 2.446961
1746 2.447869
1747 2.448732
1748 2.449551
1749 2.450326
1750 2.451061
1751 2.451755
1752 2.452410
1753 2.453028
1754 2.453610
1755 2.454158
1756 2.454672
1757 2.455153
1758 2.455603
1759 2.456023
1760 2.456414
1761 2.456777
1762 2.457113
1763 2.457423
1764 2.457708
1765 2.457968
1766 2.458205
1767 2.458419
1768 2.458611
1769 2.458783
1770 2.458934
1771 2.459065
1772 2.459178
1773 2.459273
1774 2.459349
1775 2.459409
1776 2.459453
1777 2.459481
1778 2.459493
1779 2.459491
1780 2.459474
1781 2.459444
1782 2.459401
1783 2.459345
1784 2.459277
1785 2.459196
1786 2.459105
1787 2.459002
1788 2.458889
1789 2.458765
1790 2.458631
1791 2.458488
1792 2.458336
1793 2.458175
1794 2.458005
1795 2.457827
1796 2.457640
1797 2.457447
1798 2.457245
1799 2.457037
1800 2.456821
1801 2.456599
1802 2.456371
1803 2.456136
1804 2.455896
1805 2.455649
1806 2.455397
1807 2.455140
1808 2.454878
1809 2.454610
1810 2.454338
1811 2.454062
1812 2.453781
1813 2.453496
1814 2.453206
1815 2.452913
1816 2.452616
1817 2.452316
1818 2.452012
1819 2.451705
1820 2.451395
1821 2.451081
1822 2.450765
1823 2.450446
1824 2.450124
1825 2.449800
1826 2.449473
1827 2.449144
1828 2.448813
1829 2.448480
1830 2.448145
1831 2.447808
1832 2.447469
1833 2.447129
1834 2.446787
1835 2.446444
1836 2.446099
1837 2.445753
1838 2.445405
1839 2.445057
1840 2.444707
1841 2.444357
1842 2.444005
1843 2.443653
1844 2.443300
1845 2.442946
1846 2.442592
1847 2.442237
1848 2.441882
1849 2.441526
1850 2.441170
1851 2.440814
1852 2.440457
1853 2.440100
1854 2.439744
1855 2.439387
1856 2.439030
1857 2.438673
1858 2.438316
1859 2.437960
1860 2.437604
1861 2.437248
1862 2.436892
1863 2.436537
1864 2.436182
1865 2.435827
1866 2.435473
1867 2.435120
1868 2.434767
1869 2.434415
1870 2.434063
1871 2.433712
1872 2.433362
1873 2.433013
1874 2.432664
1875 2.432317
1876 2.431970
1877 2.431624
1878 2.431279
1879 2.430935
1880 2.430592
1881 2.430250
1882 2.429909
1883 2.429570
1884 2.429231
1885 2.428894
1886 2.428557
1887 2.428222
1888 2.427889
1889 2.427556
1890 2.427225
1891 2.426895
1892 2.426566
1893 2.426239
1894 2.425913
1895 2.425589
1896 2.425266
1897 2.424944
1898 2.424624
1899 2.424305
1900 2.423988
1901 2.423672
1902 2.423358
1903 2.423045
1904 2.422734
1905 2.422424
1906 2.422116
1907 2.421810
1908 2.421505
1909 2.421202
1910 2.420901
1911 2.420601
1912 2.420302
1913 2.420006
1914 2.419711
1915 2.419418
1916 2.419126
1917 2.418836
1918 2.418548
1919 2.418262
1920 2.417977
1921 2.417694
1922 2.417413
1923 2.417134
1924 2.416856
1925 2.416580
1926 2.416306
1927 2.416033
1928 2.415763
1929 2.415494
1930 2.415227
1931 2.414961
1932 2.414698
1933 2.414436
1934 2.414176
1935 2.413918
1936 2.413661
1937 2.413407
1938 2.413154
1939 2.412903
1940 2.412654
1941 2.412406
1942 2.412160
1943 2.411917
1944 2.411674
1945 2.411434
1946 2.411195
1947 2.410959
1948 2.410724
1949 2.410490
1950 2.410259
1951 2.410029
1952 2.409801
1953 2.409575
1954 2.409351
1955 2.409128
1956 2.408907
1957 2.408688
1958 2.408471
1959 2.408255
1960 2.408041
1961 2.407829
1962 2.407618
1963 2.407410
1964 2.407203
1965 2.406997
1966 2.406794
1967 2.406592
1968 2.406391
1969 2.406193
1970 2.405996
1971 2.405801
1972 2.405607
1973 2.405415
1974 2.405225
1975 2.405036
1976 2.404849
1977 2.404664
1978 2.404480
1979 2.404298
1980 2.404117
1981 2.403938
1982 2.403761
1983 2.403585
1984 2.403411
1985 2.403238
1986 2.403067
1987 2.402898
1988 2.402730
1989 2.402563
1990 2.402398
1991 2.402235
1992 2.402073
1993 2.401913
1994 2.401754
1995 2.401596
1996 2.401440
1997 2.401286
1998 2.401133
1999 2.400981
2000 2.400831
2001 2.400682
2002 2.400535
2003 2.400389
2004 2.400245
2005 2.400102
2006 2.399960
2007 2.399820
2008 2.399681
2009 2.399543
2010 2.399407
2011 2.399272
2012 2.399139
2013 2.399007
2014 2.398876
2015 2.398746
2016 2.398618
2017 2.398491
2018 2.398365
2019 2.398241
2020 2.398118
2021 2.397996
2022 2.397875
2023 2.397756
2024 2.397638
2025 2.397521
2026 2.397405
2027 2.397290
2028 2.397177
2029 2.397065
2030 2.396954
2031 2.396844
2032 2.396735
2033 2.396628
2034 2.396522
2035 2.396416
2036 2.396312
2037 2.396210
2038 2.396108
2039 2.396007
2040 2.395907
2041 2.395809
2042 2.395711
2043 2.395615
2044 2.395520
2045 2.395425
2046 2.395332
2047 2.395240
2048 2.395149
2049 2.395059
2050 2.394970
2051 2.394881
2052 2.394794
2053 2.394708
2054 2.394623
2055 2.394539
2056 2.394456
2057 2.394374
2058 2.394292
2059 2.394212
2060 2.394133
2061 2.394054
2062 2.393977
2063 2.393900
2064 2.393824
2065 2.393750
2066 2.393676
2067 2.393603
2068 2.393531
2069 2.393459
2070 2.393389
2071 2.393319
2072 2.393251
2073 2.393183
2074 2.393116
2075 2.393050
2076 2.392984
2077 2.392920
2078 2.392856
2079 2.392793
2080 2.392731
2081 2.392670
2082 2.392609
2083 2.392550
2084 2.392491
2085 2.392433
2086 2.392375
2087 2.392319
2088 2.392263
2089 2.392207
2090 2.392153
2091 2.392099
2092 2.392046
2093 2.391994
2094 2.391942
2095 2.391892
2096 2.391841
2097 2.391792
2098 2.391743
2099 2.391695
2100 2.391648
2101 2.391601
2102 2.391555
2103 2.391509
2104 2.391465
2105 2.391421
2106 2.391377
2107 2.391334
2108 2.391292
2109 2.391251
2110 2.391210
2111 2.391169
2112 2.391130
2113 2.391090
2114 2.391052
2115 2.391014
2116 2.390977
2117 2.390940
2118 2.390904
2119 2.390868
2120 2.390833
2121 2.390799
2122 2.390765
2123 2.390732
2124 2.390699
2125 2.390667
2126 2.390635
2127 2.390604
2128 2.390573
2129 2.390543
2130 2.390514
2131 2.390485
2132 2.390456
2133 2.390428
2134 2.390401
2135 2.390374
2136 2.390347
2137 2.390321
2138 2.390296
2139 2.390271
2140 2.390246
2141 2.390222
2142 2.390199
2143 2.390176
2144 2.390153
2145 2.390131
2146 2.390109
2147 2.390088
2148 2.390067
2149 2.390047
2150 2.390027
2151 2.390007
2152 2.389988
2153 2.389970
2154 2.389952
2155 2.389934
2156 2.389917
2157 2.389900
2158 2.389883
2159 2.389867
2160 2.389851
2161 2.389836
2162 2.389821
2163 2.389807
2164 2.389793
2165 2.389779
2166 2.389766
2167 2.389753
2168 2.389740
2169 2.389728
2170 2.389716
2171 2.389705
2172 2.389694
2173 2.389683
2174 2.389673
2175 2.389663
2176 2.389653
2177 2.389644
2178 2.389635
2179 2.389627
2180 2.389618
2181 2.389610
2182 2.389603
2183 2.389596
2184 2.389589
2185 2.389582
2186 2.389576
2187 2.389570
2188 2.389565
2189 2.389559
2190 2.389554
2191 2.389550
2192 2.389545
2193 2.389541
2194 2.389538
2195 2.389534
2196 2.389531
2197 2.389528
2198 2.389526
2199 2.389524
2200 2.389522
2201 2.389520
2202 2.389519
2203 2.389518
2204 2.389517
2205 2.389516
2206 2.389516
2207 2.389516
2208 2.389517
2209 2.389517
2210 2.389518
2211 2.389519
2212 2.389521
2213 2.389522
2214 2.389524
2215 2.389526
2216 2.389529
2217 2.389531
2218 2.389534
2219 2.389537
2220 2.389541
2221 2.389544
2222 2.389548
2223 2.389552
2224 2.389557
2225 2.389561
2226 2.389566
2227 2.389571
2228 2.389576
2229 2.389582
2230 2.389588
2231 2.389594
2232 2.389600
2233 2.389606
2234 2.389613
2235 2.389620
2236 2.389627
2237 2.389634
2238 2.389642
2239 2.389649
2240 2.389657
2241 2.389665
2242 2.389674
2243 2.389682
2244 2.389691
2245 2.389700
2246 2.389709
2247 2.389718
2248 2.389728
2249 2.389737
2250 2.389747
2251 2.389757
2252 2.389768
2253 2.389778
2254 2.389789
2255 2.389800
2256 2.389811
2257 2.389822
2258 2.389833
2259 2.389845
2260 2.389856
2261 2.389868
2262 2.389880
2263 2.389893
2264 2.389905
2265 2.389918
2266 2.389930
2267 2.389943
2268 2.389956
2269 2.389970
2270 2.389983
2271 2.389997
2272 2.390011
2273 2.390024
2274 2.390038
2275 2.390053
2276 2.390067
2277 2.390082
2278 2.390096
2279 2.390111
2280 2.390126
2281 2.390141
2282 2.390157
2283 2.390172
2284 2.390188
2285 2.390203
2286 2.390219
2287 2.390235
2288 2.390251
2289 2.390268
2290 2.390284
2291 2.390301
2292 2.390317
2293 2.390334
2294 2.390351
2295 2.390368
2296 2.390386
2297 2.390403
2298 2.390421
2299 2.390438
2300 2.390456
2301 2.390474
2302 2.390492
2303 2.390510
2304 2.390528
2305 2.390547
2306 2.390565
2307 2.390584
2308 2.390603
2309 2.390622
2310 2.390641
2311 2.390660
2312 2.390679
2313 2.390698
2314 2.390718
2315 2.390738
2316 2.390757
2317 2.390777
2318 2.390797
2319 2.390817
2320 2.390837
2321 2.390858
2322 2.390878
2323 2.390898
2324 2.390919
2325 2.390940
2326 2.390961
2327 2.390981
2328 2.391002
2329 2.391024
2330 2.391045
2331 2.391066
2332 2.391088
2333 2.391109
2334 2.391131
2335 2.391153
2336 2.391174
2337 2.391196
2338 2.391218
2339 2.391240
2340 2.391263
2341 2.391285
2342 2.391307
2343 2.391330
2344 2.391352
2345 2.391375
2346 2.391398
2347 2.391421
2348 2.391444
2349 2.391467
2350 2.391490
2351 2.391513
2352 2.391536
2353 2.391560
2354 2.391583
2355 2.391607
2356 2.391631
2357 2.391654
2358 2.391678
2359 2.391702
2360 2.391726
2361 2.391750
2362 2.391774
2363 2.391798
2364 2.391823
2365 2.391847
2366 2.391872
2367 2.391896
2368 2.391921
2369 2.391945
2370 2.391970
2371 2.391995
2372 2.392020
2373 2.392045
2374 2.392070
2375 2.392095
2376 2.392120
2377 2.392145
2378 2.392171
2379 2.392196
2380 2.392222
2381 2.392247
2382 2.392273
2383 2.392299
2384 2.392324
2385 2.392350
2386 2.392376
2387 2.392402
2388 2.392428
2389 2.392454
2390 2.392480
2391 2.392506
2392 2.392533
2393 2.392559
2394 2.392585
2395 2.392612
2396 2.392638
2397 2.392665
2398 2.392692
2399 2.392718
2400 2.392745
2401 2.392772
2402 2.392799
2403 2.392826
2404 2.392853
2405 2.392880
2406 2.392907
2407 2.392934
2408 2.392961
2409 2.392988
2410 2.393016
2411 2.393043
2412 2.393071
2413 2.393098
2414 2.393126
2415 2.393153
2416 2.393181
2417 2.393208
2418 2.393236
2419 2.393264
2420 2.393292
2421 2.393320
2422 2.393348
2423 2.393376
2424 2.393404
2425 2.393432
2426 2.393460
2427 2.393488
2428 2.393516
2429 2.393544
2430 2.393573
2431 2.393601
2432 2.393629
2433 2.393658
2434 2.393686
2435 2.393715
2436 2.393743
2437 2.393772
2438 2.393800
2439 2.393829
2440 2.393858
2441 2.393886
2442 2.393915
2443 2.393944
2444 2.393973
2445 2.394002
2446 2.394030
2447 2.394059
2448 2.394088
2449 2.394117
2450 2.394146
2451 2.394176
2452 2.394205
2453 2.394234
2454 2.394263
2455 2.394292
2456 2.394321
2457 2.394351
2458 2.394380
2459 2.394409
2460 2.394439
2461 2.394468
2462 2.394497
2463 2.394527
2464 2.394556
2465 2.394586
2466 2.394615
2467 2.394645
2468 2.394674
2469 2.394704
2470 2.394734
2471 2.394763
2472 2.394793
2473 2.394823
2474 2.394852
2475 2.394882
2476 2.394912
2477 2.394942
2478 2.394971
2479 2.395001
2480 2.395031
2481 2.395061
2482 2.395091
2483 2.395121
2484 2.395150
2485 2.395180
2486 2.395210
2487 2.395240
2488 2.395270
2489 2.395300
2490 2.395330
2491 2.395360
2492 2.395390
2493 2.395420
2494 2.395450
2495 2.395480
2496 2.395510
2497 2.395540
2498 2.395571
2499 2.395601
2500 2.395631
2501 2.395661
2502 2.395691
2503 2.395721
2504 2.395751
2505 2.395781
2506 2.395811
2507 2.395842
2508 2.395872
2509 2.395902
2510 2.395932
2511 2.395962
2512 2.395992
2513 2.396023
2514 2.396053
2515 2.396083
2516 2.396113
2517 2.396143
2518 2.396173
2519 2.396204
2520 2.396234
2521 2.396264
2522 2.396294
2523 2.396324
2524 2.396354
2525 2.396384
2526 2.396415
2527 2.396445
2528 2.396475
2529 2.396505
2530 2.396535
2531 2.396565
2532 2.396595
2533 2.396625
2534 2.396655
2535 2.396686
2536 2.396716
2537 2.396746
2538 2.396776
2539 2.396806
2540 2.396836
2541 2.396866
2542 2.396896
2543 2.396926
2544 2.396956
2545 2.396986
2546 2.397016
2547 2.397045
2548 2.397075
2549 2.397105
2550 2.397135
2551 2.397165
2552 2.397195
2553 2.397225
2554 2.397254
2555 2.397284
2556 2.397314
2557 2.397344
2558 2.397373
2559 2.397403
2560 2.397432
2561 2.397462
2562 2.397492
2563 2.397521
2564 2.397551
2565 2.397580
2566 2.397610
2567 2.397639
2568 2.397669
2569 2.397698
2570 2.397727
2571 2.397757
2572 2.397786
2573 2.397815
2574 2.397845
2575 2.397874
2576 2.397903
2577 2.397932
2578 2.397961
2579 2.397990
2580 2.398019
2581 2.398048
2582 2.398077
2583 2.398106
2584 2.398135
2585 2.398164
2586 2.398193
2587 2.398221
2588 2.398250
2589 2.398279
2590 2.398307
2591 2.398336
2592 2.398365
2593 2.398393
2594 2.398422
2595 2.398450
2596 2.398478
2597 2.398507
2598 2.398535
2599 2.398563
2600 2.398591
2601 2.398619
2602 2.398648
2603 2.398676
2604 2.398703
2605 2.398731
2606 2.398759
2607 2.398787
2608 2.398815
2609 2.398843
2610 2.398870
2611 2.398898
2612 2.398925
2613 2.398953
2614 2.398980
2615 2.399008
2616 2.399035
2617 2.399062
2618 2.399089
2619 2.399116
2620 2.399144
2621 2.399171
2622 2.399197
2623 2.399224
2624 2.399251
2625 2.399278
2626 2.399305
2627 2.399331
2628 2.399358
2629 2.399384
2630 2.399411
2631 2.399437
2632 2.399463
2633 2.399489
2634 2.399516
2635 2.399542
2636 2.399568
2637 2.399594
2638 2.399619
2639 2.399645
2640 2.399671
2641 2.399696
2642 2.399722
2643 2.399747
2644 2.399773
2645 2.399798
2646 2.399823
2647 2.399849
2648 2.399874
2649 2.399899
2650 2.399923
2651 2.399948
2652 2.399973
2653 2.399998
2654 2.400022
2655 2.400047
2656 2.400071
2657 2.400095
2658 2.400120
2659 2.400144
2660 2.400168
2661 2.400192
2662 2.400216
2663 2.400240
2664 2.400263
2665 2.400287
2666 2.400310
2667 2.400334
2668 2.400357
2669 2.400380
2670 2.400403
2671 2.400426
2672 2.400449
2673 2.400472
2674 2.400495
2675 2.400518
2676 2.400540
2677 2.400563
2678 2.400585
2679 2.400607
2680 2.400629
2681 2.400651
2682 2.400673
2683 2.400695
2684 2.400717
2685 2.400739
2686 2.400760
2687 2.400781
2688 2.400803
2689 2.400824
2690 2.400845
2691 2.400866
2692 2.400887
2693 2.400908
2694 2.400928
2695 2.400949
2696 2.400969
2697 2.400990
2698 2.401010
2699 2.401030
2700 2.401050
2701 2.401070
2702 2.401089
2703 2.401109
2704 2.401129
2705 2.401148
2706 2.401167
2707 2.401186
2708 2.401205
2709 2.401224
2710 2.401243
2711 2.401262
2712 2.401280
2713 2.401299
2714 2.401317
2715 2.401335
2716 2.401353
2717 2.401371
2718 2.401389
2719 2.401407
2720 2.401424
2721 2.401441
2722 2.401459
2723 2.401476
2724 2.401493
2725 2.401510
2726 2.401526
2727 2.401543
2728 2.401560
2729 2.401576
2730 2.401592
2731 2.401608
2732 2.401624
2733 2.401640
2734 2.401656
2735 2.401671
2736 2.401687
2737 2.401702
2738 2.401717
2739 2.401732
2740 2.401747
2741 2.401761
2742 2.401776
2743 2.401790
2744 2.401805
2745 2.401819
2746 2.401833
2747 2.401846
2748 2.401860
2749 2.401874
2750 2.401887
2751 2.401900
2752 2.401913
2753 2.401926
2754 2.401939
2755 2.401952
2756 2.401964
2757 2.401977
2758 2.401989
2759 2.402001
2760 2.402013
2761 2.402024
2762 2.402036
2763 2.402047
2764 2.402059
2765 2.402070
2766 2.402081
2767 2.402092
2768 2.402102
2769 2.402113
2770 2.402123
2771 2.402133
2772 2.402143
2773 2.402153
2774 2.402163
2775 2.402172
2776 2.402182
2777 2.402191
2778 2.402200
2779 2.402209
2780 2.402218
2781 2.402226
2782 2.402234
2783 2.402243
2784 2.402251
2785 2.402259
2786 2.402266
2787 2.402274
2788 2.402281
2789 2.402288
2790 2.402295
2791 2.402302
2792 2.402309
2793 2.402316
2794 2.402322
2795 2.402328
2796 2.402334
2797 2.402340
2798 2.402346
2799 2.402351
2800 2.402356
2801 2.402362
2802 2.402367
2803 2.402371
2804 2.402376
2805 2.402380
2806 2.402385
2807 2.402389
2808 2.402393
2809 2.402396
2810 2.402400
2811 2.402403
2812 2.402407
2813 2.402410
2814 2.402412
2815 2.402415
2816 2.402418
2817 2.402420
2818 2.402422
2819 2.402424
2820 2.402426
2821 2.402427
2822 2.402429
2823 2.402430
2824 2.402431
2825 2.402432
2826 2.402432
2827 2.402433
2828 2.402433
2829 2.402433
2830 2.402433
2831 2.402432
2832 2.402432
2833 2.402431
2834 2.402430
2835 2.402429
2836 2.402428
2837 2.402427
2838 2.402425
2839 2.402423
2840 2.402421
2841 2.402419
2842 2.402417
2843 2.402414
2844 2.402411
2845 2.402408
2846 2.402405
2847 2.402402
2848 2.402398
2849 2.402394
2850 2.402390
2851 2.402386
2852 2.402382
2853 2.402377
2854 2.402373
2855 2.402368
2856 2.402363
2857 2.402357
2858 2.402352
2859 2.402346
2860 2.402340
2861 2.402334
2862 2.402328
2863 2.402321
2864 2.402315
2865 2.402308
2866 2.402301
2867 2.402293
2868 2.402286
2869 2.402278
2870 2.402270
2871 2.402262
2872 2.402254
2873 2.402245
2874 2.402237
2875 2.402228
2876 2.402218
2877 2.402209
2878 2.402200
2879 2.402190
2880 2.402180
2881 2.402170
2882 2.402160
2883 2.402149
2884 2.402138
2885 2.402127
2886 2.402116
2887 2.402105
2888 2.402093
2889 2.402081
2890 2.402070
2891 2.402057
2892 2.402045
2893 2.402032
2894 2.402020
2895 2.402007
2896 2.401993
2897 2.401980
2898 2.401966
2899 2.401953
2900 2.401939
2901 2.401924
2902 2.401910
2903 2.401895
2904 2.401880
2905 2.401865
2906 2.401850
2907 2.401835
2908 2.401819
2909 2.401803
2910 2.401787
2911 2.401771
2912 2.401754
2913 2.401737
2914 2.401720
2915 2.401703
2916 2.401686
2917 2.401668
2918 2.401651
2919 2.401633
2920 2.401614
2921 2.401596
2922 2.401577
2923 2.401559
2924 2.401540
2925 2.401520
2926 2.401501
2927 2.401481
2928 2.401461
2929 2.401441
2930 2.401421
2931 2.401401
2932 2.401380
2933 2.401359
2934 2.401338
2935 2.401317
2936 2.401295
2937 2.401273
2938 2.401251
2939 2.401229
2940 2.401207
2941 2.401184
2942 2.401161
2943 2.401138
2944 2.401115
2945 2.401092
2946 2.401068
2947 2.401044
2948 2.401020
2949 2.400996
2950 2.400971
2951 2.400947
2952 2.400922
2953 2.400897
2954 2.400872
2955 2.400846
2956 2.400820
2957 2.400794
2958 2.400768
2959 2.400742
2960 2.400715
2961 2.400688
2962 2.400662
2963 2.400634
2964 2.400607
2965 2.400579
2966 2.400552
2967 2.400523
2968 2.400495
2969 2.400467
2970 2.400438
2971 2.400409
2972 2.400380
2973 2.400351
2974 2.400322
2975 2.400292
2976 2.400262
2977 2.400232
2978 2.400202
2979 2.400171
2980 2.400140
2981 2.400109
2982 2.400078
2983 2.400047
2984 2.400015
2985 2.399984
2986 2.399952
2987 2.399919
2988 2.399887
2989 2.399855
2990 2.399822
2991 2.399789
2992 2.399756
2993 2.399722
2994 2.399689
2995 2.399655
2996 2.399621
2997 2.399587
2998 2.399552
2999 2.399518
3000 2.399483
3001 2.399448
3002 2.399412
3003 2.399377
3004 2.399341
3005 2.399306
3006 2.399270
3007 2.399233
3008 2.399197
3009 2.399160
3010 2.399123
3011 2.399086
3012 2.399049
3013 2.399012
3014 2.398974
3015 2.398936
3016 2.398898
3017 2.398860
3018 2.398821
3019 2.398783
3020 2.398744
3021 2.398705
3022 2.398666
3023 2.398626
3024 2.398586
3025 2.398547
3026 2.398507
3027 2.398466
3028 2.398426
3029 2.398385
3030 2.398345
3031 2.398304
3032 2.398262
3033 2.398221
3034 2.398179
3035 2.398137
3036 2.398096
3037 2.398053
3038 2.398011
3039 2.397968
3040 2.397926
3041 2.397883
3042 2.397839
3043 2.397796
3044 2.397753
3045 2.397709
3046 2.397665
3047 2.397621
3048 2.397577
3049 2.397532
3050 2.397487
3051 2.397443
3052 2.397397
3053 2.397352
3054 2.397307
3055 2.397261
3056 2.397215
3057 2.397169
3058 2.397123
3059 2.397077
3060 2.397030
3061 2.396983
3062 2.396937
3063 2.396889
3064 2.396842
3065 2.396795
3066 2.396747
3067 2.396699
3068 2.396651
3069 2.396603
3070 2.396554
3071 2.396506
3072 2.396457
3073 2.396408
3074 2.396359
3075 2.396310
3076 2.396260
3077 2.396210
3078 2.396161
3079 2.396111
3080 2.396060
3081 2.396010
3082 2.395959
3083 2.395909
3084 2.395858
3085 2.395807
3086 2.395755
3087 2.395704
3088 2.395652
3089 2.395600
3090 2.395548
3091 2.395496
3092 2.395444
3093 2.395391
3094 2.395339
3095 2.395286
3096 2.395233
3097 2.395180
3098 2.395126
3099 2.395073
3100 2.395019
3101 2.394965
3102 2.394911
3103 2.394857
3104 2.394802
3105 2.394748
3106 2.394693
3107 2.394638
3108 2.394583
3109 2.394528
3110 2.394473
3111 2.394417
3112 2.394361
3113 2.394305
3114 2.394249
3115 2.394193
3116 2.394137
3117 2.394080
3118 2.394023
3119 2.393966
3120 2.393909
3121 2.393852
3122 2.393795
3123 2.393737
3124 2.393680
3125 2.393622
3126 2.393564
3127 2.393506
3128 2.393447
3129 2.393389
3130 2.393330
3131 2.393271
3132 2.393212
3133 2.393153
3134 2.393094
3135 2.393035
3136 2.392975
3137 2.392915
3138 2.392855
3139 2.392795
3140 2.392735
3141 2.392675
3142 2.392614
3143 2.392554
3144 2.392493
3145 2.392432
3146 2.392371
3147 2.392309
3148 2.392248
3149 2.392186
3150 2.392125
3151 2.392063
3152 2.392001
3153 2.391939
3154 2.391876
3155 2.391814
3156 2.391751
3157 2.391689
3158 2.391626
3159 2.391563
3160 2.391500
3161 2.391436
3162 2.391373
3163 2.391309
3164 2.391245
3165 2.391182
3166 2.391117
3167 2.391053
3168 2.390989
3169 2.390925
3170 2.390860
3171 2.390795
3172 2.390730
3173 2.390665
3174 2.390600
3175 2.390535
3176 2.390470
3177 2.390404
3178 2.390338
3179 2.390272
3180 2.390207
3181 2.390140
3182 2.390074
3183 2.390008
3184 2.389941
3185 2.389875
3186 2.389808
3187 2.389741
3188 2.389674
3189 2.389607
3190 2.389540
3191 2.389472
3192 2.389405
3193 2.389337
3194 2.389269
3195 2.389201
3196 2.389133
3197 2.389065
3198 2.388997
3199 2.388928
3200 2.388860
3201 2.388791
3202 2.388722
3203 2.388653
3204 2.388584
3205 2.388515
3206 2.388446
3207 2.388377
3208 2.388307
3209 2.388237
3210 2.388168
3211 2.388098
3212 2.388028
3213 2.387958
3214 2.387887
3215 2.387817
3216 2.387746
3217 2.387676
3218 2.387605
3219 2.387534
3220 2.387463
3221 2.387392
3222 2.387321
3223 2.387250
3224 2.387178
3225 2.387107
3226 2.387035
3227 2.386964
3228 2.386892
3229 2.386820
3230 2.386748
3231 2.386675
3232 2.386603
3233 2.386531
3234 2.386458
3235 2.386386
3236 2.386313
3237 2.386240
3238 2.386167
3239 2.386094
3240 2.386021
3241 2.385948
3242 2.385874
3243 2.385801
3244 2.385727
3245 2.385653
3246 2.385580
3247 2.385506
3248 2.385432
3249 2.385358
3250 2.385283
3251 2.385209
3252 2.385135
3253 2.385060
3254 2.384986
3255 2.384911
3256 2.384836
3257 2.384761
3258 2.384686
3259 2.384611
3260 2.384536
3261 2.384461
3262 2.384385
3263 2.384310
3264 2.384234
3265 2.384158
3266 2.384083
3267 2.384007
3268 2.383931
3269 2.383855
3270 2.383779
3271 2.383702
3272 2.383626
3273 2.383550
3274 2.383473
3275 2.383397
3276 2.383320
3277 2.383243
3278 2.383166
3279 2.383089
3280 2.383012
3281 2.382935
3282 2.382858
3283 2.382781
3284 2.382703
3285 2.382626
3286 2.382548
3287 2.382470
3288 2.382393
3289 2.382315
3290 2.382237
3291 2.382159
3292 2.382081
3293 2.382003
3294 2.381924
3295 2.381846
3296 2.381768
3297 2.381689
3298 2.381611
3299 2.381532
3300 2.381453
3301 2.381375
3302 2.381296
3303 2.381217
3304 2.381138
3305 2.381059
3306 2.380979
3307 2.380900
3308 2.380821
3309 2.380741
3310 2.380662
3311 2.380582
3312 2.380503
3313 2.380423
3314 2.380343
3315 2.380263
3316 2.380183
3317 2.380103
3318 2.380023
3319 2.379943
3320 2.379863
3321 2.379782
3322 2.379702
3323 2.379621
3324 2.379541
3325 2.379460
3326 2.379380
3327 2.379299
3328 2.379218
3329 2.379137
3330 2.379056
3331 2.378975
3332 2.378894
3333 2.378813
3334 2.378732
3335 2.378651
3336 2.378569
3337 2.378488
3338 2.378406
3339 2.378325
3340 2.378243
3341 2.378162
3342 2.378080
3343 2.377998
3344 2.377916
3345 2.377834
3346 2.377752
3347 2.377670
3348 2.377588
3349 2.377506
3350 2.377424
3351 2.377342
3352 2.377259
3353 2.377177
3354 2.377094
3355 2.377012
3356 2.376929
3357 2.376847
3358 2.376764
3359 2.376681
3360 2.376598
3361 2.376515
3362 2.376433
3363 2.376350
3364 2.376266
3365 2.376183
3366 2.376100
3367 2.376017
3368 2.375934
3369 2.375850
3370 2.375767
3371 2.375684
3372 2.375600
3373 2.375517
3374 2.375433
3375 2.375349
3376 2.375266
3377 2.375182
3378 2.375098
3379 2.375014
3380 2.374931
3381 2.374847
3382 2.374763
3383 2.374679
3384 2.374594
3385 2.374510
3386 2.374426
3387 2.374342
3388 2.374258
3389 2.374173
3390 2.374089
3391 2.374004
3392 2.373920
3393 2.373836
3394 2.373751
3395 2.373666
3396 2.373582
3397 2.373497
3398 2.373412
3399 2.373327
3400 2.373243
3401 2.373158
3402 2.373073
3403 2.372988
3404 2.372903
3405 2.372818
3406 2.372733
3407 2.372647
3408 2.372562
3409 2.372477
3410 2.372392
3411 2.372306
3412 2.372221
3413 2.372136
3414 2.372050
3415 2.371965
3416 2.371879
3417 2.371794
3418 2.371708
3419 2.371623
3420 2.371537
3421 2.371451
3422 2.371365
3423 2.371280
3424 2.371194
3425 2.371108
3426 2.371022
3427 2.370936
3428 2.370850
3429 2.370764
3430 2.370678
3431 2.370592
3432 2.370506
3433 2.370420
3434 2.370333
3435 2.370247
3436 2.370161
3437 2.370075
3438 2.369988
3439 2.369902
3440 2.369816
3441 2.369729
3442 2.369643
3443 2.369556
3444 2.369470
3445 2.369383
3446 2.369296
3447 2.369210
3448 2.369123
3449 2.369036
3450 2.368950
3451 2.368863
3452 2.368776
3453 2.368689
3454 2.368603
3455 2.368516
3456 2.368429
3457 2.368342
3458 2.368255
3459 2.368168
3460 2.368081
3461 2.367994
3462 2.367907
3463 2.367819
3464 2.367732
3465 2.367645
3466 2.367558
3467 2.367471
3468 2.367383
3469 2.367296
3470 2.367209
3471 2.367121
3472 2.367034
3473 2.366947
3474 2.366859
3475 2.366772
3476 2.366684
3477 2.366597
3478 2.366509
3479 2.366422
3480 2.366334
3481 2.366247
3482 2.366159
3483 2.366071
3484 2.365984
3485 2.365896
3486 2.365808
3487 2.365720
3488 2.365633
3489 2.365545
3490 2.365457
3491 2.365369
3492 2.365281
3493 2.365193
3494 2.365105
3495 2.365017
3496 2.364929
3497 2.364841
3498 2.364753
3499 2.364665
3500 2.364577
3501 2.364489
3502 2.364401
3503 2.364313
3504 2.364225
3505 2.364137
3506 2.364048
3507 2.363960
3508 2.363872
3509 2.363784
3510 2.363696
3511 2.363607
3512 2.363519
3513 2.363431
3514 2.363342
3515 2.363254
3516 2.363165
3517 2.363077
3518 2.362989
3519 2.362900
3520 2.362812
3521 2.362723
3522 2.362635
3523 2.362546
3524 2.362458
3525 2.362369
3526 2.362280
3527 2.362192
3528 2.362103
3529 2.362015
3530 2.361926
3531 2.361837
3532 2.361749
3533 2.361660
3534 2.361571
3535 2.361482
3536 2.361394
3537 2.361305
3538 2.361216
3539 2.361127
3540 2.361038
3541 2.360950
3542 2.360861
3543 2.360772
3544 2.360683
3545 2.360594
3546 2.360505
3547 2.360416
3548 2.360327
3549 2.360238
3550 2.360149
3551 2.360060
3552 2.359971
3553 2.359882
3554 2.359793
3555 2.359704
3556 2.359615
3557 2.359526
3558 2.359437
3559 2.359348
3560 2.359259
3561 2.359169
3562 2.359080
3563 2.358991
3564 2.358902
3565 2.358813
3566 2.358724
3567 2.358634
3568 2.358545
3569 2.358456
3570 2.358367
3571 2.358277
3572 2.358188
3573 2.358099
3574 2.358009
3575 2.357920
3576 2.357831
3577 2.357741
3578 2.357652
3579 2.357563
3580 2.357473
3581 2.357384
3582 2.357294
3583 2.357205
3584 2.357115
3585 2.357026
3586 2.356937
3587 2.356847
3588 2.356758
3589 2.356668
3590 2.356579
3591 2.356489
3592 2.356399
3593 2.356310
3594 2.356220
3595 2.356131
3596 2.356041
3597 2.355952
3598 2.355862
3599 2.355772
3600 2.355683
3601 2.355593
3602 2.355503
3603 2.355414
3604 2.355324
3605 2.355234
3606 2.355145
3607 2.355055
3608 2.354965
3609 2.354876
3610 2.354786
3611 2.354696
3612 2.354606
3613 2.354517
3614 2.354427
3615 2.354337
3616 2.354247
3617 2.354157
3618 2.354068
3619 2.353978
3620 2.353888
3621 2.353798
3622 2.353708
3623 2.353618
3624 2.353528
3625 2.353438
3626 2.353349
3627 2.353259
3628 2.353169
3629 2.353079
3630 2.352989
3631 2.352899
3632 2.352809
3633 2.352719
3634 2.352629
3635 2.352539
3636 2.352449
3637 2.352359
3638 2.352269
3639 2.352179
3640 2.352089
3641 2.351999
3642 2.351909
3643 2.351819
3644 2.351729
3645 2.351639
3646 2.351549
3647 2.351459
3648 2.351368
3649 2.351278
3650 2.351188
3651 2.351098
3652 2.351008
3653 2.350918
3654 2.350828
3655 2.350738
3656 2.350647
3657 2.350557
3658 2.350467
3659 2.350377
3660 2.350287
3661 2.350196
3662 2.350106
3663 2.350016
3664 2.349926
3665 2.349835
3666 2.349745
3667 2.349655
3668 2.349565
3669 2.349474
3670 2.349384
3671 2.349294
3672 2.349204
3673 2.349113
3674 2.349023
3675 2.348933
3676 2.348842
3677 2.348752
3678 2.348662
3679 2.348571
3680 2.348481
3681 2.348390
3682 2.348300
3683 2.348210
3684 2.348119
3685 2.348029
3686 2.347938
3687 2.347848
3688 2.347758
3689 2.347667
3690 2.347577
3691 2.347486
3692 2.347396
3693 2.347305
3694 2.347215
3695 2.347124
3696 2.347034
3697 2.346943
3698 2.346853
3699 2.346762
3700 2.346672
3701 2.346581
3702 2.346491
3703 2.346400
3704 2.346310
3705 2.346219
3706 2.346128
3707 2.346038
3708 2.345947
3709 2.345857
3710 2.345766
3711 2.345675
3712 2.345585
3713 2.345494
3714 2.345403
3715 2.345313
3716 2.345222
3717 2.345131
3718 2.345041
3719 2.344950
3720 2.344859
3721 2.344769
3722 2.344678
3723 2.344587
3724 2.344497
3725 2.344406
3726 2.344315
3727 2.344224
3728 2.344134
3729 2.344043
3730 2.343952
3731 2.343861
3732 2.343770
3733 2.343680
3734 2.343589
3735 2.343498
3736 2.343407
3737 2.343316
3738 2.343225
3739 2.343135
3740 2.343044
3741 2.342953
3742 2.342862
3743 2.342771
3744 2.342680
3745 2.342589
3746 2.342498
3747 2.342407
3748 2.342317
3749 2.342226
3750 2.342135
3751 2.342044
3752 2.341953
3753 2.341862
3754 2.341771
3755 2.341680
3756 2.341589
3757 2.341498
3758 2.341407
3759 2.341316
3760 2.341225
3761 2.341134
3762 2.341043
3763 2.340951
3764 2.340860
3765 2.340769
3766 2.340678
3767 2.340587
3768 2.340496
3769 2.340405
3770 2.340314
3771 2.340223
3772 2.340131
3773 2.340040
3774 2.339949
3775 2.339858
3776 2.339767
3777 2.339676
3778 2.339584
3779 2.339493
3780 2.339402
3781 2.339311
3782 2.339219
3783 2.339128
3784 2.339037
3785 2.338946
3786 2.338854
3787 2.338763
3788 2.338672
3789 2.338580
3790 2.338489
3791 2.338398
3792 2.338306
3793 2.338215
3794 2.338123
3795 2.338032
3796 2.337941
3797 2.337849
3798 2.337758
3799 2.337666
3800 2.337575
3801 2.337484
3802 2.337392
3803 2.337301
3804 2.337209
3805 2.337118
3806 2.337026
3807 2.336935
3808 2.336843
3809 2.336751
3810 2.336660
3811 2.336568
3812 2.336477
3813 2.336385
3814 2.336294
3815 2.336202
3816 2.336110
3817 2.336019
3818 2.335927
3819 2.335835
3820 2.335744
3821 2.335652
3822 2.335560
3823 2.335469
3824 2.335377
3825 2.335285
3826 2.335193
3827 2.335102
3828 2.335010
3829 2.334918
3830 2.334826
3831 2.334734
3832 2.334643
3833 2.334551
3834 2.334459
3835 2.334367
3836 2.334275
3837 2.334183
3838 2.334091
3839 2.333999
3840 2.333907
3841 2.333815
3842 2.333724
3843 2.333632
3844 2.333540
3845 2.333448
3846 2.333356
3847 2.333263
3848 2.333171
3849 2.333079
3850 2.332987
3851 2.332895
3852 2.332803
3853 2.332711
3854 2.332619
3855 2.332527
3856 2.332434
3857 2.332342
3858 2.332250
3859 2.332158
3860 2.332066
3861 2.331973
3862 2.331881
3863 2.331789
3864 2.331697
3865 2.331604
3866 2.331512
3867 2.331420
3868 2.331327
3869 2.331235
3870 2.331143
3871 2.331050
3872 2.330958
3873 2.330865
3874 2.330773
3875 2.330680
3876 2.330588
3877 2.330495
3878 2.330403
3879 2.330310
3880 2.330218
3881 2.330125
3882 2.330033
3883 2.329940
3884 2.329847
3885 2.329755
3886 2.329662
3887 2.329569
3888 2.329477
3889 2.329384
3890 2.329291
3891 2.329198
3892 2.329106
3893 2.329013
3894 2.328920
3895 2.328827
3896 2.328734
3897 2.328642
3898 2.328549
3899 2.328456
3900 2.328363
3901 2.328270
3902 2.328177
3903 2.328084
3904 2.327991
3905 2.327898
3906 2.327805
3907 2.327712
3908 2.327619
3909 2.327526
3910 2.327433
3911 2.327339
3912 2.327246
3913 2.327153
3914 2.327060
3915 2.326967
3916 2.326873
3917 2.326780
3918 2.326687
3919 2.326594
3920 2.326500
3921 2.326407
3922 2.326314
3923 2.326220
3924 2.326127
3925 2.326033
3926 2.325940
3927 2.325846
3928 2.325753
3929 2.325659
3930 2.325566
3931 2.325472
3932 2.325379
3933 2.325285
3934 2.325191
3935 2.325098
3936 2.325004
3937 2.324910
3938 2.324816
3939 2.324723
3940 2.324629
3941 2.324535
3942 2.324441
3943 2.324347
3944 2.324253
3945 2.324160
3946 2.324066
3947 2.323972
3948 2.323878
3949 2.323784
3950 2.323690
3951 2.323596
3952 2.323501
3953 2.323407
3954 2.323313
3955 2.323219
3956 2.323125
3957 2.323031
3958 2.322936
3959 2.322842
3960 2.322748
3961 2.322653
3962 2.322559
3963 2.322465
3964 2.322370
3965 2.322276
3966 2.322181
3967 2.322087
3968 2.321992
3969 2.321898
3970 2.321803
3971 2.321709
3972 2.321614
3973 2.321519
3974 2.321425
3975 2.321330
3976 2.321235
3977 2.321140
3978 2.321045
3979 2.320951
3980 2.320856
3981 2.320761
3982 2.320666
3983 2.320571
3984 2.320476
3985 2.320381
3986 2.320286
3987 2.320191
3988 2.320096
3989 2.320000
3990 2.319905
3991 2.319810
3992 2.319715
3993 2.319619
3994 2.319524
3995 2.319429
3996 2.319333
3997 2.319238
3998 2.319142
3999 2.319047
4000 2.318951
4001 2.318856
4002 2.318760
4003 2.318665
4004 2.318569
4005 2.318473
4006 2.318378
4007 2.318282
4008 2.318186
4009 2.318090
4010 2.317994
4011 2.317898
4012 2.317803
4013 2.317707
4014 2.317611
4015 2.317515
4016 2.317418
4017 2.317322
4018 2.317226
4019 2.317130
4020 2.317034
4021 2.316937
4022 2.316841
4023 2.316745
4024 2.316648
4025 2.316552
4026 2.316456
4027 2.316359
4028 2.316263
4029 2.316166
4030 2.316069
4031 2.315973
4032 2.315876
4033 2.315779
4034 2.315682
4035 2.315586
4036 2.315489
4037 2.315392
4038 2.315295
4039 2.315198
4040 2.315101
4041 2.315004
4042 2.314907
4043 2.314810
4044 2.314713
4045 2.314615
4046 2.314518
4047 2.314421
4048 2.314323
4049 2.314226
4050 2.314129
4051 2.314031
4052 2.313934
4053 2.313836
4054 2.313738
4055 2.313641
4056 2.313543
4057 2.313445
4058 2.313347
4059 2.313250
4060 2.313152
4061 2.313054
4062 2.312956
4063 2.312858
4064 2.312760
4065 2.312662
4066 2.312564
4067 2.312465
4068 2.312367
4069 2.312269
4070 2.312170
4071 2.312072
4072 2.311974
4073 2.311875
4074 2.311777
4075 2.311678
4076 2.311579
4077 2.311481
4078 2.311382
4079 2.311283
4080 2.311184
4081 2.311085
4082 2.310986
4083 2.310888
4084 2.310788
4085 2.310689
4086 2.310590
4087 2.310491
4088 2.310392
4089 2.310293
4090 2.310193
4091 2.310094
4092 2.309994
4093 2.309895
4094 2.309795
4095 2.309696
4096 2.309596
4097 2.309496
4098 2.309397
4099 2.309297
4100 2.309197
4101 2.309097
4102 2.308997
4103 2.308897
4104 2.308797
4105 2.308697
4106 2.308596
4107 2.308496
4108 2.308396
4109 2.308295
4110 2.308195
4111 2.308095
4112 2.307994
4113 2.307893
4114 2.307793
4115 2.307692
4116 2.307591
4117 2.307490
4118 2.307389
4119 2.307289
4120 2.307188
4121 2.307086
4122 2.306985
4123 2.306884
4124 2.306783
4125 2.306682
4126 2.306580
4127 2.306479
4128 2.306377
4129 2.306276
4130 2.306174
4131 2.306072
4132 2.305971
4133 2.305869
4134 2.305767
4135 2.305665
4136 2.305563
4137 2.305461
4138 2.305359
4139 2.305257
4140 2.305154
4141 2.305052
4142 2.304950
4143 2.304847
4144 2.304745
4145 2.304642
4146 2.304539
4147 2.304437
4148 2.304334
4149 2.304231
4150 2.304128
4151 2.304025
4152 2.303922
4153 2.303819
4154 2.303716
4155 2.303613
4156 2.303509
4157 2.303406
4158 2.303302
4159 2.303199
4160 2.303095
4161 2.302992
4162 2.302888
4163 2.302784
4164 2.302680
4165 2.302576
4166 2.302472
4167 2.302368
4168 2.302264
4169 2.302160
4170 2.302055
4171 2.301951
4172 2.301846
4173 2.301742
4174 2.301637
4175 2.301533
4176 2.301428
4177 2.301323
4178 2.301218
4179 2.301113
4180 2.301008
4181 2.300903
4182 2.300798
4183 2.300692
4184 2.300587
4185 2.300482
4186 2.300376
4187 2.300271
4188 2.300165
4189 2.300059
4190 2.299953
4191 2.299847
4192 2.299741
4193 2.299635
4194 2.299529
4195 2.299423
4196 2.299317
4197 2.299210
4198 2.299104
4199 2.298997
4200 2.298891
4201 2.298784
4202 2.298677
4203 2.298570
4204 2.298463
4205 2.298356
4206 2.298249
4207 2.298142
4208 2.298035
4209 2.297927
4210 2.297820
4211 2.297712
4212 2.297605
4213 2.297497
4214 2.297389
4215 2.297281
4216 2.297173
4217 2.297065
4218 2.296957
4219 2.296849
4220 2.296741
4221 2.296632
4222 2.296524
4223 2.296415
4224 2.296306
4225 2.296198
4226 2.296089
4227 2.295980
4228 2.295871
4229 2.295762
4230 2.295652
4231 2.295543
4232 2.295434
4233 2.295324
4234 2.295215
4235 2.295105
4236 2.294995
4237 2.294885
4238 2.294776
4239 2.294665
4240 2.294555
4241 2.294445
4242 2.294335
4243 2.294224
4244 2.294114
4245 2.294003
4246 2.293893
4247 2.293782
4248 2.293671
4249 2.293560
4250 2.293449
4251 2.293338
4252 2.293226
4253 2.293115
4254 2.293004
4255 2.292892
4256 2.292780
4257 2.292669
4258 2.292557
4259 2.292445
4260 2.292333
4261 2.292221
4262 2.292108
4263 2.291996
4264 2.291883
4265 2.291771
4266 2.291658
4267 2.291545
4268 2.291433
4269 2.291320
4270 2.291207
4271 2.291093
4272 2.290980
4273 2.290867
4274 2.290753
4275 2.290640
4276 2.290526
4277 2.290412
4278 2.290298
4279 2.290184
4280 2.290070
4281 2.289956
4282 2.289841
4283 2.289727
4284 2.289612
4285 2.289498
4286 2.289383
4287 2.289268
4288 2.289153
4289 2.289038
4290 2.288923
4291 2.288808
4292 2.288692
4293 2.288577
4294 2.288461
4295 2.288345
4296 2.288229
4297 2.288113
4298 2.287997
4299 2.287881
4300 2.287765
4301 2.287648
4302 2.287532
4303 2.287415
4304 2.287298
4305 2.287181
4306 2.287064
4307 2.286947
4308 2.286830
4309 2.286713
4310 2.286595
4311 2.286478
4312 2.286360
4313 2.286242
4314 2.286124
4315 2.286006
4316 2.285888
4317 2.285770
4318 2.285651
4319 2.285533
4320 2.285414
4321 2.285295
4322 2.285177
4323 2.285058
4324 2.284938
4325 2.284819
4326 2.284700
4327 2.284580
4328 2.284461
4329 2.284341
4330 2.284221
4331 2.284101
4332 2.283981
4333 2.283861
4334 2.283740
4335 2.283620
4336 2.283499
4337 2.283379
4338 2.283258
4339 2.283137
4340 2.283016
4341 2.282894
4342 2.282773
4343 2.282652
4344 2.282530
4345 2.282408
4346 2.282286
4347 2.282164
4348 2.282042
4349 2.281920
4350 2.281797
4351 2.281675
4352 2.281552
4353 2.281429
4354 2.281307
4355 2.281184
4356 2.281060
4357 2.280937
4358 2.280814
4359 2.280690
4360 2.280566
4361 2.280442
4362 2.280318
4363 2.280194
4364 2.280070
4365 2.279946
4366 2.279821
4367 2.279696
4368 2.279572
4369 2.279447
4370 2.279322
4371 2.279196
4372 2.279071
4373 2.278945
4374 2.278820
4375 2.278694
4376 2.278568
4377 2.278442
4378 2.278316
4379 2.278190
4380 2.278063
4381 2.277936
4382 2.277810
4383 2.277683
4384 2.277556
4385 2.277428
4386 2.277301
4387 2.277174
4388 2.277046
4389 2.276918
4390 2.276790
4391 2.276662
4392 2.276534
4393 2.276406
4394 2.276277
4395 2.276148
4396 2.276020
4397 2.275891
4398 2.275762
4399 2.275632
4400 2.275503
4401 2.275373
4402 2.275244
4403 2.275114
4404 2.274984
4405 2.274854
4406 2.274723
4407 2.274593
4408 2.274462
4409 2.274331
4410 2.274201
4411 2.274069
4412 2.273938
4413 2.273807
4414 2.273675
4415 2.273544
4416 2.273412
4417 2.273280
4418 2.273147
4419 2.273015
4420 2.272883
4421 2.272750
4422 2.272617
4423 2.272484
4424 2.272351
4425 2.272218
4426 2.272084
4427 2.271951
4428 2.271817
4429 2.271683
4430 2.271549
4431 2.271414
4432 2.271280
4433 2.271145
4434 2.271011
4435 2.270876
4436 2.270741
4437 2.270605
4438 2.270470
4439 2.270334
4440 2.270198
4441 2.270062
4442 2.269926
4443 2.269790
4444 2.269654
4445 2.269517
4446 2.269380
4447 2.269243
4448 2.269106
4449 2.268969
4450 2.268831
4451 2.268693
4452 2.268556
4453 2.268417
4454 2.268279
4455 2.268141
4456 2.268002
4457 2.267864
4458 2.267725
4459 2.267586
4460 2.267446
4461 2.267307
4462 2.267167
4463 2.267027
4464 2.266887
4465 2.266747
4466 2.266607
4467 2.266466
4468 2.266325
4469 2.266184
4470 2.266043
4471 2.265902
4472 2.265760
4473 2.265619
4474 2.265477
4475 2.265335
4476 2.265193
4477 2.265050
4478 2.264907
4479 2.264765
4480 2.264622
4481 2.264478
4482 2.264335
4483 2.264191
4484 2.264047
4485 2.263903
4486 2.263759
4487 2.263615
4488 2.263470
4489 2.263325
4490 2.263180
4491 2.263035
4492 2.262890
4493 2.262744
4494 2.262598
4495 2.262452
4496 2.262306
4497 2.262159
4498 2.262013
4499 2.261866
4500 2.261719
4501 2.261572
4502 2.261424
4503 2.261276
4504 2.261128
4505 2.260980
4506 2.260832
4507 2.260683
4508 2.260535
4509 2.260386
4510 2.260236
4511 2.260087
4512 2.259937
4513 2.259787
4514 2.259637
4515 2.259487
4516 2.259336
4517 2.259186
4518 2.259035
4519 2.258883
4520 2.258732
4521 2.258580
4522 2.258428
4523 2.258276
4524 2.258124
4525 2.257971
4526 2.257818
4527 2.257665
4528 2.257512
4529 2.257358
4530 2.257204
4531 2.257050
4532 2.256896
4533 2.256742
4534 2.256587
4535 2.256432
4536 2.256276
4537 2.256121
4538 2.255965
4539 2.255809
4540 2.255653
4541 2.255496
4542 2.255340
4543 2.255183
4544 2.255025
4545 2.254868
4546 2.254710
4547 2.254552
4548 2.254393
4549 2.254235
4550 2.254076
4551 2.253917
4552 2.253757
4553 2.253598
4554 2.253438
4555 2.253278
4556 2.253117
4557 2.252956
4558 2.252795
4559 2.252634
4560 2.252472
4561 2.252310
4562 2.252148
4563 2.251986
4564 2.251823
4565 2.251660
4566 2.251497
4567 2.251333
4568 2.251169
4569 2.251005
4570 2.250840
4571 2.250676
4572 2.250511
4573 2.250345
4574 2.250179
4575 2.250013
4576 2.249847
4577 2.249680
4578 2.249513
4579 2.249346
4580 2.249179
4581 2.249011
4582 2.248842
4583 2.248674
4584 2.248505
4585 2.248336
4586 2.248166
4587 2.247996
4588 2.247826
4589 2.247656
4590 2.247485
4591 2.247314
4592 2.247142
4593 2.246970
4594 2.246798
4595 2.246625
4596 2.246452
4597 2.246279
4598 2.246106
4599 2.245932
4600 2.245757
4601 2.245582
4602 2.245407
4603 2.245232
4604 2.245056
4605 2.244880
4606 2.244703
4607 2.244526
4608 2.244349
4609 2.244171
4610 2.243993
4611 2.243815
4612 2.243636
4613 2.243456
4614 2.243277
4615 2.243097
4616 2.242916
4617 2.242735
4618 2.242554
4619 2.242372
4620 2.242190
4621 2.242008
4622 2.241825
4623 2.241641
4624 2.241457
4625 2.241273
4626 2.241088
4627 2.240903
4628 2.240718
4629 2.240532
4630 2.240345
4631 2.240158
4632 2.239971
4633 2.239783
4634 2.239595
4635 2.239406
4636 2.239217
4637 2.239027
4638 2.238837
4639 2.238646
4640 2.238455
4641 2.238264
4642 2.238072
4643 2.237879
4644 2.237686
4645 2.237492
4646 2.237298
4647 2.237104
4648 2.236908
4649 2.236713
4650 2.236517
4651 2.236320
4652 2.236123
4653 2.235925
4654 2.235727
4655 2.235528
4656 2.235328
4657 2.235129
4658 2.234928
4659 2.234727
4660 2.234525
4661 2.234323
4662 2.234120
4663 2.233917
4664 2.233713
4665 2.233509
4666 2.233303
4667 2.233098
4668 2.232891
4669 2.232685
4670 2.232477
4671 2.232269
4672 2.232060
4673 2.231851
4674 2.231641
4675 2.231430
4676 2.231219
4677 2.231007
4678 2.230794
4679 2.230581
4680 2.230367
4681 2.230152
4682 2.229937
4683 2.229721
4684 2.229504
4685 2.229287
4686 2.229069
4687 2.228850
4688 2.228630
4689 2.228410
4690 2.228189
4691 2.227968
4692 2.227745
4693 2.227522
4694 2.227298
4695 2.227074
4696 2.226848
4697 2.226622
4698 2.226395
4699 2.226167
4700 2.225939
4701 2.225710
4702 2.225480
4703 2.225249
4704 2.225017
4705 2.224784
4706 2.224551
4707 2.224317
4708 2.224082
4709 2.223846
4710 2.223609
4711 2.223372
4712 2.223133
4713 2.222894
4714 2.222654
4715 2.222413
4716 2.222171
4717 2.221928
4718 2.221684
4719 2.221439
4720 2.221193
4721 2.220947
4722 2.220699
4723 2.220451
4724 2.220201
4725 2.219951
4726 2.219700
4727 2.219447
4728 2.219194
4729 2.218939
4730 2.218684
4731 2.218428
4732 2.218170
4733 2.217912
4734 2.217652
4735 2.217392
4736 2.217130
4737 2.216867
4738 2.216604
4739 2.216339
4740 2.216073
4741 2.215806
4742 2.215538
4743 2.215268
4744 2.214998
4745 2.214726
4746 2.214454
4747 2.214180
4748 2.213905
4749 2.213629
4750 2.213351
4751 2.213073
4752 2.212793
4753 2.212512
4754 2.212230
4755 2.211946
4756 2.211662
4757 2.211376
4758 2.211088
4759 2.210800
4760 2.210510
4761 2.210219
4762 2.209927
4763 2.209633
4764 2.209338
4765 2.209042
4766 2.208744
4767 2.208445
4768 2.208144
4769 2.207843
4770 2.207539
4771 2.207235
4772 2.206929
4773 2.206621
4774 2.206312
4775 2.206002
4776 2.205690
4777 2.205377
4778 2.205062
4779 2.204746
4780 2.204429
4781 2.204109
4782 2.203789
4783 2.203466
4784 2.203143
4785 2.202817
4786 2.202490
4787 2.202162
4788 2.201832
4789 2.201500
4790 2.201167
4791 2.200832
4792 2.200495
4793 2.200157
4794 2.199817
4795 2.199475
4796 2.199132
4797 2.198787
4798 2.198441
4799 2.198092
4800 2.197742
4801 2.197390
4802 2.197037
4803 2.196681
4804 2.196324
4805 2.195965
4806 2.195604
4807 2.195242
4808 2.194877
4809 2.194511
4810 2.194143
4811 2.193773
4812 2.193401
4813 2.193027
4814 2.192651
4815 2.192273
4816 2.191894
4817 2.191512
4818 2.191129
4819 2.190743
4820 2.190356
4821 2.189966
4822 2.189575
4823 2.189181
4824 2.188785
4825 2.188388
4826 2.187988
4827 2.187586
4828 2.187182
4829 2.186776
4830 2.186368
4831 2.185958
4832 2.185545
4833 2.185131
4834 2.184714
4835 2.184295
4836 2.183874
4837 2.183450
4838 2.183025
4839 2.182597
4840 2.182167
4841 2.181734
4842 2.181300
4843 2.180863
4844 2.180423
4845 2.179982
4846 2.179538
4847 2.179092
4848 2.178643
4849 2.178192
4850 2.177738
4851 2.177282
4852 2.176824
4853 2.176363
4854 2.175900
4855 2.175435
4856 2.174966
4857 2.174496
4858 2.174023
4859 2.173547
4860 2.173069
4861 2.172588
4862 2.172105
4863 2.171619
4864 2.171131
4865 2.170640
4866 2.170146
4867 2.169650
4868 2.169151
4869 2.168649
4870 2.168145
4871 2.167638
4872 2.167129
4873 2.166616
4874 2.166101
4875 2.165584
4876 2.165063
4877 2.164540
4878 2.164014
4879 2.163485
4880 2.162954
4881 2.162419
4882 2.161882
4883 2.161342
4884 2.160799
4885 2.160254
4886 2.159705
4887 2.159154
4888 2.158599
4889 2.158042
4890 2.157482
4891 2.156919
4892 2.156353
4893 2.155784
4894 2.155212
4895 2.154637
4896 2.154059
4897 2.153478
4898 2.152894
4899 2.152307
4900 2.151717
4901 2.151124
4902 2.150528
4903 2.149929
4904 2.149327
4905 2.148721
4906 2.148113
4907 2.147502
4908 2.146887
4909 2.146269
4910 2.145648
4911 2.145024
4912 2.144397
4913 2.143767
4914 2.143134
4915 2.142497
4916 2.141857
4917 2.141214
4918 2.140568
4919 2.139918
4920 2.139266
4921 2.138610
4922 2.137951
4923 2.137288
4924 2.136623
4925 2.135954
4926 2.135282
4927 2.134606
4928 2.133928
4929 2.133246
4930 2.132560
4931 2.131872
4932 2.131180
4933 2.130485
4934 2.129786
4935 2.129085
4936 2.128380
4937 2.127671
4938 2.126959
4939 2.126244
4940 2.125526
4941 2.124804
4942 2.124079
4943 2.123351
4944 2.122619
4945 2.121884
4946 2.121146
4947 2.120404
4948 2.119659
4949 2.118911
4950 2.118159
4951 2.117404
4952 2.116646
4953 2.115884
4954 2.115119
4955 2.114351
4956 2.113579
4957 2.112804
4958 2.112026
4959 2.111244
4960 2.110459
4961 2.109671
4962 2.108879
4963 2.108084
4964 2.107286
4965 2.106485
4966 2.105680
4967 2.104872
4968 2.104061
4969 2.103247
4970 2.102429
4971 2.101608
4972 2.100784
4973 2.099957
4974 2.099126
4975 2.098292
4976 2.097455
4977 2.096615
4978 2.095772
4979 2.094926
4980 2.094077
4981 2.093224
4982 2.092369
4983 2.091510
4984 2.090648
4985 2.089784
4986 2.088916
4987 2.088045
4988 2.087172
4989 2.086295
4990 2.085415
4991 2.084533
4992 2.083648
4993 2.082760
4994 2.081869
4995 2.080975
4996 2.080078
4997 2.079179
4998 2.078277
4999 2.077372
