0 26.318447
1 24.873417
2 24.821026
3 24.908945
4 24.959751
5 24.987266
6 25.004299
7 25.016563
8 25.026389
9 25.034703
10 25.041848
11 25.047881
12 25.052616
13 25.055466
14 25.054996
15 25.047998
16 25.028239
17 24.986580
18 24.914406
19 24.803380
20 24.636688
21 24.388630
22 24.031528
23 23.537502
24 22.880773
25 22.049442
26 21.069297
27 20.009934
28 18.955561
29 17.969914
30 17.081265
31 16.288184
32 15.572758
33 14.911280
34 14.281335
35 13.667325
36 13.063320
37 12.470814
38 11.893574
39 11.334207
40 10.793599
41 10.271644
42 9.768042
43 9.282782
44 8.816245
45 8.369000
46 7.941540
47 7.534113
48 7.146687
49 6.779012
50 6.430699
51 6.101290
52 5.790301
53 5.497232
54 5.221564
55 4.962747
56 4.720197
57 4.493290
58 4.281369
59 4.083747
60 3.899705
61 3.728503
62 3.569381
63 3.421564
64 3.284276
65 3.156745
66 3.038220
67 2.927975
68 2.825322
69 2.729616
70 2.640258
71 2.556698
72 2.478435
73 2.405012
74 2.336016
75 2.271076
76 2.209857
77 2.152059
78 2.097410
79 2.045669
80 1.996617
81 1.950057
82 1.905814
83 1.863728
84 1.823657
85 1.785471
86 1.749053
87 1.714298
88 1.681107
89 1.649394
90 1.619077
91 1.590081
92 1.562338
93 1.535784
94 1.510361
95 1.486012
96 1.462687
97 1.440336
98 1.418914
99 1.398377
100 1.378686
101 1.359801
102 1.341686
103 1.324307
104 1.307630
105 1.291623
106 1.276258
107 1.261506
108 1.247340
109 1.233734
110 1.220665
111 1.208109
112 1.196044
113 1.184450
114 1.173306
115 1.162595
116 1.152298
117 1.142399
118 1.132881
119 1.123730
120 1.114931
121 1.106471
122 1.098337
123 1.090516
124 1.082998
125 1.075772
126 1.068827
127 1.062152
128 1.055741
129 1.049582
130 1.043668
131 1.037991
132 1.032543
133 1.027318
134 1.022308
135 1.017506
136 1.012907
137 1.008505
138 1.004293
139 1.000266
140 0.996419
141 0.992747
142 0.989245
143 0.985908
144 0.982731
145 0.979711
146 0.976843
147 0.974122
148 0.971546
149 0.969109
150 0.966808
151 0.964640
152 0.962601
153 0.960687
154 0.958895
155 0.957222
156 0.955665
157 0.954220
158 0.952884
159 0.951655
160 0.950528
161 0.949503
162 0.948575
163 0.947742
164 0.947001
165 0.946350
166 0.945786
167 0.945306
168 0.944908
169 0.944591
170 0.944350
171 0.944185
172 0.944092
173 0.944070
174 0.944116
175 0.944228
176 0.944405
177 0.944644
178 0.944943
179 0.945300
180 0.945714
181 0.946182
182 0.946703
183 0.947275
184 0.947896
185 0.948565
186 0.949279
187 0.950037
188 0.950838
189 0.951680
190 0.952561
191 0.953480
192 0.954436
193 0.955426
194 0.956450
195 0.957505
196 0.958591
197 0.959707
198 0.960850
199 0.962019
200 0.963214
201 0.964432
202 0.965673
203 0.966935
204 0.968217
205 0.969517
206 0.970835
207 0.972168
208 0.973516
209 0.974878
210 0.976252
211 0.977637
212 0.979032
213 0.980435
214 0.981846
215 0.983262
216 0.984684
217 0.986109
218 0.987537
219 0.988966
220 0.990396
221 0.991824
222 0.993250
223 0.994672
224 0.996091
225 0.997503
226 0.998909
227 1.000307
228 1.001697
229 1.003076
230 1.004445
231 1.005802
232 1.007146
233 1.008476
234 1.009792
235 1.011092
236 1.012376
237 1.013644
238 1.014894
239 1.016125
240 1.017338
241 1.018531
242 1.019705
243 1.020858
244 1.021990
245 1.023102
246 1.024192
247 1.025260
248 1.026307
249 1.027331
250 1.028333
251 1.029312
252 1.030269
253 1.031203
254 1.032113
255 1.033000
256 1.033864
257 1.034703
258 1.035518
259 1.036308
260 1.037072
261 1.037810
262 1.038522
263 1.039206
264 1.039862
265 1.040489
266 1.041086
267 1.041652
268 1.042186
269 1.042687
270 1.043155
271 1.043588
272 1.043985
273 1.044347
274 1.044672
275 1.044959
276 1.045209
277 1.045420
278 1.045593
279 1.045728
280 1.045824
281 1.045881
282 1.045901
283 1.045882
284 1.045826
285 1.045734
286 1.045604
287 1.045439
288 1.045239
289 1.045005
290 1.044737
291 1.044436
292 1.044103
293 1.043739
294 1.043345
295 1.042922
296 1.042470
297 1.041991
298 1.041485
299 1.040954
300 1.040399
301 1.039820
302 1.039220
303 1.038598
304 1.037957
305 1.037297
306 1.036619
307 1.035925
308 1.035216
309 1.034494
310 1.033759
311 1.033013
312 1.032256
313 1.031491
314 1.030718
315 1.029939
316 1.029155
317 1.028366
318 1.027575
319 1.026781
320 1.025987
321 1.025192
322 1.024399
323 1.023607
324 1.022819
325 1.022034
326 1.021253
327 1.020477
328 1.019708
329 1.018944
330 1.018188
331 1.017440
332 1.016699
333 1.015967
334 1.015244
335 1.014531
336 1.013827
337 1.013133
338 1.012450
339 1.011777
340 1.011115
341 1.010464
342 1.009824
343 1.009196
344 1.008579
345 1.007973
346 1.007379
347 1.006797
348 1.006226
349 1.005667
350 1.005120
351 1.004585
352 1.004061
353 1.003548
354 1.003047
355 1.002557
356 1.002079
357 1.001612
358 1.001157
359 1.000712
360 1.000278
361 0.999855
362 0.999443
363 0.999041
364 0.998650
365 0.998269
366 0.997898
367 0.997537
368 0.997187
369 0.996845
370 0.996514
371 0.996192
372 0.995879
373 0.995576
374 0.995281
375 0.994995
376 0.994719
377 0.994450
378 0.994190
379 0.993939
380 0.993695
381 0.993460
382 0.993232
383 0.993012
384 0.992800
385 0.992595
386 0.992397
387 0.992207
388 0.992023
389 0.991847
390 0.991677
391 0.991514
392 0.991357
393 0.991207
394 0.991063
395 0.990926
396 0.990794
397 0.990668
398 0.990548
399 0.990434
400 0.990325
401 0.990222
402 0.990124
403 0.990031
404 0.989943
405 0.989861
406 0.989783
407 0.989710
408 0.989642
409 0.989578
410 0.989519
411 0.989464
412 0.989414
413 0.989368
414 0.989326
415 0.989288
416 0.989254
417 0.989223
418 0.989197
419 0.989174
420 0.989155
421 0.989139
422 0.989127
423 0.989118
424 0.989112
425 0.989109
426 0.989110
427 0.989113
428 0.989119
429 0.989129
430 0.989141
431 0.989155
432 0.989172
433 0.989192
434 0.989214
435 0.989239
436 0.989266
437 0.989295
438 0.989326
439 0.989360
440 0.989395
441 0.989433
442 0.989472
443 0.989513
444 0.989556
445 0.989601
446 0.989647
447 0.989695
448 0.989744
449 0.989795
450 0.989847
451 0.989900
452 0.989955
453 0.990011
454 0.990068
455 0.990126
456 0.990186
457 0.990246
458 0.990307
459 0.990369
460 0.990432
461 0.990495
462 0.990560
463 0.990625
464 0.990690
465 0.990756
466 0.990823
467 0.990890
468 0.990958
469 0.991026
470 0.991094
471 0.991163
472 0.991231
473 0.991300
474 0.991370
475 0.991439
476 0.991508
477 0.991578
478 0.991648
479 0.991717
480 0.991786
481 0.991856
482 0.991925
483 0.991994
484 0.992063
485 0.992132
486 0.992200
487 0.992268
488 0.992336
489 0.992403
490 0.992470
491 0.992537
492 0.992603
493 0.992669
494 0.992734
495 0.992799
496 0.992864
497 0.992927
498 0.992991
499 0.993053
500 0.993115
501 0.993177
502 0.993237
503 0.993297
504 0.993357
505 0.993416
506 0.993474
507 0.993531
508 0.993587
509 0.993643
510 0.993698
511 0.993752
512 0.993806
513 0.993858
514 0.993910
515 0.993961
516 0.994011
517 0.994061
518 0.994109
519 0.994157
520 0.994203
521 0.994249
522 0.994294
523 0.994338
524 0.994381
525 0.994423
526 0.994464
527 0.994505
528 0.994544
529 0.994583
530 0.994620
531 0.994657
532 0.994692
533 0.994727
534 0.994761
535 0.994794
536 0.994826
537 0.994856
538 0.994886
539 0.994915
540 0.994943
541 0.994970
542 0.994996
543 0.995021
544 0.995046
545 0.995069
546 0.995091
547 0.995112
548 0.995132
549 0.995152
550 0.995170
551 0.995187
552 0.995204
553 0.995219
554 0.995234
555 0.995247
556 0.995260
557 0.995271
558 0.995282
559 0.995291
560 0.995300
561 0.995308
562 0.995315
563 0.995321
564 0.995326
565 0.995330
566 0.995333
567 0.995335
568 0.995336
569 0.995336
570 0.995336
571 0.995334
572 0.995331
573 0.995328
574 0.995324
575 0.995318
576 0.995312
577 0.995305
578 0.995297
579 0.995288
580 0.995278
581 0.995268
582 0.995256
583 0.995243
584 0.995230
585 0.995216
586 0.995201
587 0.995185
588 0.995168
589 0.995150
590 0.995131
591 0.995112
592 0.995091
593 0.995070
594 0.995048
595 0.995025
596 0.995001
597 0.994976
598 0.994951
599 0.994924
600 0.994897
601 0.994869
602 0.994840
603 0.994810
604 0.994780
605 0.994748
606 0.994716
607 0.994683
608 0.994649
609 0.994614
610 0.994579
611 0.994543
612 0.994505
613 0.994467
614 0.994429
615 0.994389
616 0.994349
617 0.994307
618 0.994265
619 0.994223
620 0.994179
621 0.994135
622 0.994089
623 0.994043
624 0.993997
625 0.993949
626 0.993901
627 0.993851
628 0.993802
629 0.993751
630 0.993699
631 0.993647
632 0.993594
633 0.993540
634 0.993486
635 0.993430
636 0.993374
637 0.993317
638 0.993260
639 0.993201
640 0.993142
641 0.993082
642 0.993022
643 0.992960
644 0.992898
645 0.992835
646 0.992771
647 0.992707
648 0.992642
649 0.992576
650 0.992509
651 0.992442
652 0.992373
653 0.992305
654 0.992235
655 0.992165
656 0.992093
657 0.992022
658 0.991949
659 0.991876
660 0.991801
661 0.991727
662 0.991651
663 0.991575
664 0.991498
665 0.991420
666 0.991342
667 0.991263
668 0.991183
669 0.991102
670 0.991021
671 0.990939
672 0.990856
673 0.990772
674 0.990688
675 0.990603
676 0.990518
677 0.990431
678 0.990344
679 0.990256
680 0.990168
681 0.990079
682 0.989989
683 0.989898
684 0.989807
685 0.989715
686 0.989622
687 0.989529
688 0.989435
689 0.989340
690 0.989245
691 0.989148
692 0.989052
693 0.988954
694 0.988856
695 0.988757
696 0.988657
697 0.988557
698 0.988456
699 0.988354
700 0.988252
701 0.988149
702 0.988045
703 0.987941
704 0.987835
705 0.987730
706 0.987623
707 0.987516
708 0.987408
709 0.987300
710 0.987191
711 0.987081
712 0.986971
713 0.986860
714 0.986748
715 0.986635
716 0.986522
717 0.986409
718 0.986294
719 0.986179
720 0.986064
721 0.985947
722 0.985830
723 0.985713
724 0.985594
725 0.985475
726 0.985356
727 0.985236
728 0.985115
729 0.984994
730 0.984872
731 0.984749
732 0.984626
733 0.984502
734 0.984377
735 0.984252
736 0.984126
737 0.984000
738 0.983873
739 0.983745
740 0.983617
741 0.983488
742 0.983359
743 0.983229
744 0.983098
745 0.982967
746 0.982835
747 0.982703
748 0.982570
749 0.982436
750 0.982302
751 0.982168
752 0.982032
753 0.981897
754 0.981760
755 0.981623
756 0.981486
757 0.981348
758 0.981209
759 0.981070
760 0.980930
761 0.980790
762 0.980649
763 0.980508
764 0.980366
765 0.980224
766 0.980081
767 0.979937
768 0.979793
769 0.979649
770 0.979504
771 0.979358
772 0.979212
773 0.979066
774 0.978919
775 0.978771
776 0.978623
777 0.978475
778 0.978326
779 0.978177
780 0.978027
781 0.977876
782 0.977725
783 0.977574
784 0.977422
785 0.977270
786 0.977118
787 0.976965
788 0.976811
789 0.976657
790 0.976503
791 0.976348
792 0.976193
793 0.976037
794 0.975881
795 0.975724
796 0.975568
797 0.975410
798 0.975253
799 0.975095
800 0.974936
801 0.974777
802 0.974618
803 0.974458
804 0.974299
805 0.974138
806 0.973978
807 0.973817
808 0.973655
809 0.973493
810 0.973331
811 0.973169
812 0.973006
813 0.972843
814 0.972680
815 0.972516
816 0.972352
817 0.972188
818 0.972024
819 0.971859
820 0.971694
821 0.971528
822 0.971362
823 0.971196
824 0.971030
825 0.970864
826 0.970697
827 0.970530
828 0.970363
829 0.970195
830 0.970027
831 0.969859
832 0.969691
833 0.969523
834 0.969354
835 0.969185
836 0.969016
837 0.968847
838 0.968678
839 0.968508
840 0.968338
841 0.968168
842 0.967998
843 0.967828
844 0.967657
845 0.967487
846 0.967316
847 0.967145
848 0.966974
849 0.966803
850 0.966631
851 0.966460
852 0.966288
853 0.966116
854 0.965945
855 0.965773
856 0.965601
857 0.965428
858 0.965256
859 0.965084
860 0.964911
861 0.964739
862 0.964566
863 0.964394
864 0.964221
865 0.964048
866 0.963876
867 0.963703
868 0.963530
869 0.963357
870 0.963184
871 0.963011
872 0.962838
873 0.962665
874 0.962492
875 0.962319
876 0.962146
877 0.961973
878 0.961800
879 0.961627
880 0.961454
881 0.961281
882 0.961108
883 0.960935
884 0.960762
885 0.960589
886 0.960417
887 0.960244
888 0.960071
889 0.959898
890 0.959726
891 0.959553
892 0.959381
893 0.959208
894 0.959036
895 0.958864
896 0.958691
897 0.958519
898 0.958347
899 0.958175
900 0.958003
901 0.957832
902 0.957660
903 0.957489
904 0.957317
905 0.957146
906 0.956975
907 0.956804
908 0.956633
909 0.956462
910 0.956291
911 0.956121
912 0.955950
913 0.955780
914 0.955610
915 0.955440
916 0.955270
917 0.955100
918 0.954931
919 0.954761
920 0.954592
921 0.954423
922 0.954254
923 0.954086
924 0.953917
925 0.953749
926 0.953581
927 0.953413
928 0.953245
929 0.953077
930 0.952910
931 0.952742
932 0.952575
933 0.952408
934 0.952242
935 0.952075
936 0.951909
937 0.951743
938 0.951577
939 0.951412
940 0.951246
941 0.951081
942 0.950916
943 0.950751
944 0.950587
945 0.950422
946 0.950258
947 0.950094
948 0.949931
949 0.949767
950 0.949604
951 0.949441
952 0.949278
953 0.949116
954 0.948953
955 0.948791
956 0.948629
957 0.948468
958 0.948307
959 0.948146
960 0.947985
961 0.947824
962 0.947664
963 0.947504
964 0.947344
965 0.947184
966 0.947025
967 0.946866
968 0.946707
969 0.946548
970 0.946390
971 0.946232
972 0.946074
973 0.945917
974 0.945759
975 0.945602
976 0.945446
977 0.945289
978 0.945133
979 0.944977
980 0.944821
981 0.944666
982 0.944511
983 0.944356
984 0.944201
985 0.944047
986 0.943892
987 0.943739
988 0.943585
989 0.943432
990 0.943279
991 0.943126
992 0.942974
993 0.942821
994 0.942669
995 0.942518
996 0.942366
997 0.942215
998 0.942064
999 0.941914
1000 0.941764
1001 0.941614
1002 0.941464
1003 0.941314
1004 0.941165
1005 0.941016
1006 0.940868
1007 0.940719
1008 0.940571
1009 0.940424
1010 0.940276
1011 0.940129
1012 0.939982
1013 0.939835
1014 0.939689
1015 0.939543
1016 0.939397
1017 0.939251
1018 0.939106
1019 0.938961
1020 0.938816
1021 0.938672
1022 0.938528
1023 0.938384
1024 0.938240
1025 0.938097
1026 0.937954
1027 0.937811
1028 0.937669
1029 0.937526
1030 0.937384
1031 0.937243
1032 0.937101
1033 0.936960
1034 0.936819
1035 0.936679
1036 0.936539
1037 0.936399
1038 0.936259
1039 0.936119
1040 0.935980
1041 0.935841
1042 0.935703
1043 0.935564
1044 0.935426
1045 0.935289
1046 0.935151
1047 0.935014
1048 0.934877
1049 0.934740
1050 0.934604
1051 0.934468
1052 0.934332
1053 0.934196
1054 0.934061
1055 0.933926
1056 0.933791
1057 0.933657
1058 0.933522
1059 0.933389
1060 0.933255
1061 0.933121
1062 0.932988
1063 0.932855
1064 0.932723
1065 0.932590
1066 0.932458
1067 0.932327
1068 0.932195
1069 0.932064
1070 0.931933
1071 0.931802
1072 0.931672
1073 0.931542
1074 0.931412
1075 0.931282
1076 0.931153
1077 0.931023
1078 0.930895
1079 0.930766
1080 0.930638
1081 0.930510
1082 0.930382
1083 0.930254
1084 0.930127
1085 0.930000
1086 0.929873
1087 0.929747
1088 0.929620
1089 0.929494
1090 0.929369
1091 0.929243
1092 0.929118
1093 0.928993
1094 0.928868
1095 0.928744
1096 0.928620
1097 0.928496
1098 0.928372
1099 0.928249
1100 0.928125
1101 0.928003
1102 0.927880
1103 0.927758
1104 0.927635
1105 0.927513
1106 0.927392
1107 0.927270
1108 0.927149
1109 0.927028
1110 0.926908
1111 0.926787
1112 0.926667
1113 0.926547
1114 0.926428
1115 0.926308
1116 0.926189
1117 0.926070
1118 0.925951
1119 0.925833
1120 0.925715
1121 0.925597
1122 0.925479
1123 0.925362
1124 0.925245
1125 0.925128
1126 0.925011
1127 0.924894
1128 0.924778
1129 0.924662
1130 0.924546
1131 0.924431
1132 0.924316
1133 0.924201
1134 0.924086
1135 0.923971
1136 0.923857
1137 0.923743
1138 0.923629
1139 0.923515
1140 0.923402
1141 0.923289
1142 0.923176
1143 0.923063
1144 0.922951
1145 0.922838
1146 0.922726
1147 0.922615
1148 0.922503
1149 0.922392
1150 0.922281
1151 0.922170
1152 0.922059
1153 0.921949
1154 0.921839
1155 0.921729
1156 0.921619
1157 0.921510
1158 0.921400
1159 0.921291
1160 0.921183
1161 0.921074
1162 0.920966
1163 0.920858
1164 0.920750
1165 0.920642
1166 0.920535
1167 0.920427
1168 0.920320
1169 0.920213
1170 0.920107
1171 0.920001
1172 0.919894
1173 0.919789
1174 0.919683
1175 0.919577
1176 0.919472
1177 0.919367
1178 0.919262
1179 0.919158
1180 0.919053
1181 0.918949
1182 0.918845
1183 0.918741
1184 0.918638
1185 0.918535
1186 0.918431
1187 0.918329
1188 0.918226
1189 0.918123
1190 0.918021
1191 0.917919
1192 0.917817
1193 0.917716
1194 0.917614
1195 0.917513
1196 0.917412
1197 0.917311
1198 0.917211
1199 0.917110
1200 0.917010
1201 0.916910
1202 0.916811
1203 0.916711
1204 0.916612
1205 0.916513
1206 0.916414
1207 0.916315
1208 0.916216
1209 0.916118
1210 0.916020
1211 0.915922
1212 0.915824
1213 0.915727
1214 0.915630
1215 0.915532
1216 0.915436
1217 0.915339
1218 0.915242
1219 0.915146
1220 0.915050
1221 0.914954
1222 0.914858
1223 0.914763
1224 0.914668
1225 0.914573
1226 0.914478
1227 0.914383
1228 0.914288
1229 0.914194
1230 0.914100
1231 0.914006
1232 0.913912
1233 0.913819
1234 0.913725
1235 0.913632
1236 0.913539
1237 0.913447
1238 0.913354
1239 0.913262
1240 0.913169
1241 0.913077
1242 0.912986
1243 0.912894
1244 0.912803
1245 0.912711
1246 0.912620
1247 0.912530
1248 0.912439
1249 0.912348
1250 0.912258
1251 0.912168
1252 0.912078
1253 0.911988
1254 0.911899
1255 0.911810
1256 0.911720
1257 0.911632
1258 0.911543
1259 0.911454
1260 0.911366
1261 0.911278
1262 0.911189
1263 0.911102
1264 0.911014
1265 0.910926
1266 0.910839
1267 0.910752
1268 0.910665
1269 0.910578
1270 0.910492
1271 0.910405
1272 0.910319
1273 0.910233
1274 0.910147
1275 0.910062
1276 0.909976
1277 0.909891
1278 0.909806
1279 0.909721
1280 0.909636
1281 0.909552
1282 0.909467
1283 0.909383
1284 0.909299
1285 0.909215
1286 0.909131
1287 0.909048
1288 0.908965
1289 0.908881
1290 0.908798
1291 0.908716
1292 0.908633
1293 0.908551
1294 0.908468
1295 0.908386
1296 0.908304
1297 0.908223
1298 0.908141
1299 0.908060
1300 0.907978
1301 0.907897
1302 0.907816
1303 0.907736
1304 0.907655
1305 0.907575
1306 0.907495
1307 0.907415
1308 0.907335
1309 0.907255
1310 0.907176
1311 0.907097
1312 0.907017
1313 0.906938
1314 0.906860
1315 0.906781
1316 0.906703
1317 0.906624
1318 0.906546
1319 0.906468
1320 0.906390
1321 0.906313
1322 0.906235
1323 0.906158
1324 0.906081
1325 0.906004
1326 0.905927
1327 0.905851
1328 0.905774
1329 0.905698
1330 0.905622
1331 0.905546
1332 0.905471
1333 0.905395
1334 0.905320
1335 0.905244
1336 0.905169
1337 0.905094
1338 0.905020
1339 0.904945
1340 0.904871
1341 0.904796
1342 0.904722
1343 0.904649
1344 0.904575
1345 0.904501
1346 0.904428
1347 0.904355
1348 0.904282
1349 0.904209
1350 0.904136
1351 0.904063
1352 0.903991
1353 0.903919
1354 0.903847
1355 0.903775
1356 0.903703
1357 0.903631
1358 0.903560
1359 0.903489
1360 0.903418
1361 0.903347
1362 0.903276
1363 0.903205
1364 0.903135
1365 0.903065
1366 0.902995
1367 0.902925
1368 0.902855
1369 0.902785
1370 0.902716
1371 0.902646
1372 0.902577
1373 0.902508
1374 0.902439
1375 0.902371
1376 0.902302
1377 0.902234
1378 0.902166
1379 0.902098
1380 0.902030
1381 0.901962
1382 0.901895
1383 0.901827
1384 0.901760
1385 0.901693
1386 0.901626
1387 0.901560
1388 0.901493
1389 0.901427
1390 0.901360
1391 0.901294
1392 0.901229
1393 0.901163
1394 0.901097
1395 0.901032
1396 0.900966
1397 0.900901
1398 0.900836
1399 0.900772
1400 0.900707
1401 0.900643
1402 0.900578
1403 0.900514
1404 0.900450
1405 0.900386
1406 0.900323
1407 0.900259
1408 0.900196
1409 0.900132
1410 0.900069
1411 0.900007
1412 0.899944
1413 0.899881
1414 0.899819
1415 0.899757
1416 0.899694
1417 0.899633
1418 0.899571
1419 0.899509
1420 0.899448
1421 0.899386
1422 0.899325
1423 0.899264
1424 0.899203
1425 0.899143
1426 0.899082
1427 0.899022
1428 0.898962
1429 0.898902
1430 0.898842
1431 0.898782
1432 0.898722
1433 0.898663
1434 0.898604
1435 0.898545
1436 0.898486
1437 0.898427
1438 0.898368
1439 0.898310
1440 0.898251
1441 0.898193
1442 0.898135
1443 0.898077
1444 0.898019
1445 0.897962
1446 0.897904
1447 0.897847
1448 0.897790
1449 0.897733
1450 0.897676
1451 0.897620
1452 0.897563
1453 0.897507
1454 0.897451
1455 0.897395
1456 0.897339
1457 0.897283
1458 0.897227
1459 0.897172
1460 0.897117
1461 0.897061
1462 0.897006
1463 0.896952
1464 0.896897
1465 0.896842
1466 0.896788
1467 0.896734
1468 0.896680
1469 0.896626
1470 0.896572
1471 0.896518
1472 0.896465
1473 0.896411
1474 0.896358
1475 0.896305
1476 0.896252
1477 0.896199
1478 0.896147
1479 0.896094
1480 0.896042
1481 0.895989
1482 0.895937
1483 0.895885
1484 0.895834
1485 0.895782
1486 0.895730
1487 0.895679
1488 0.895628
1489 0.895577
1490 0.895526
1491 0.895475
1492 0.895424
1493 0.895373
1494 0.895323
1495 0.895273
1496 0.895222
1497 0.895172
1498 0.895122
1499 0.895073
1500 0.895023
1501 0.894973
1502 0.894924
1503 0.894875
1504 0.894825
1505 0.894776
1506 0.894727
1507 0.894679
1508 0.894630
1509 0.894581
1510 0.894533
1511 0.894484
1512 0.894436
1513 0.894388
1514 0.894340
1515 0.894292
1516 0.894244
1517 0.894196
1518 0.894149
1519 0.894101
1520 0.894054
1521 0.894006
1522 0.893959
1523 0.893912
1524 0.893865
1525 0.893818
1526 0.893771
1527 0.893724
1528 0.893677
1529 0.893630
1530 0.893584
1531 0.893537
1532 0.893490
1533 0.893444
1534 0.893398
1535 0.893351
1536 0.893305
1537 0.893259
1538 0.893213
1539 0.893167
1540 0.893120
1541 0.893074
1542 0.893029
1543 0.892983
1544 0.892937
1545 0.892891
1546 0.892845
1547 0.892799
1548 0.892753
1549 0.892707
1550 0.892661
1551 0.892615
1552 0.892569
1553 0.892523
1554 0.892477
1555 0.892431
1556 0.892385
1557 0.892338
1558 0.892292
1559 0.892246
1560 0.892200
1561 0.892153
1562 0.892107
1563 0.892061
1564 0.892015
1565 0.891968
1566 0.891921
1567 0.891875
1568 0.891828
1569 0.891781
1570 0.891733
1571 0.891686
1572 0.891638
1573 0.891590
1574 0.891542
1575 0.891493
1576 0.891445
1577 0.891396
1578 0.891347
1579 0.891298
1580 0.891248
1581 0.891199
1582 0.891149
1583 0.891100
1584 0.891050
1585 0.890999
1586 0.890948
1587 0.890897
1588 0.890846
1589 0.890794
1590 0.890741
1591 0.890688
1592 0.890635
1593 0.890581
1594 0.890527
1595 0.890472
1596 0.890416
1597 0.890361
1598 0.890304
1599 0.890247
1600 0.890190
1601 0.890132
1602 0.890074
1603 0.890015
1604 0.889956
1605 0.889895
1606 0.889834
1607 0.889773
1608 0.889710
1609 0.889647
1610 0.889582
1611 0.889517
1612 0.889451
1613 0.889384
1614 0.889316
1615 0.889247
1616 0.889177
1617 0.889106
1618 0.889035
1619 0.888962
1620 0.888888
1621 0.888812
1622 0.888736
1623 0.888658
1624 0.888579
1625 0.888499
1626 0.888417
1627 0.888333
1628 0.888249
1629 0.888162
1630 0.888075
1631 0.887985
1632 0.887894
1633 0.887801
1634 0.887706
1635 0.887610
1636 0.887512
1637 0.887411
1638 0.887309
1639 0.887204
1640 0.887098
1641 0.886989
1642 0.886878
1643 0.886764
1644 0.886648
1645 0.886530
1646 0.886409
1647 0.886285
1648 0.886158
1649 0.886029
1650 0.885897
1651 0.885761
1652 0.885623
1653 0.885481
1654 0.885336
1655 0.885187
1656 0.885035
1657 0.884879
1658 0.884720
1659 0.884556
1660 0.884389
1661 0.884217
1662 0.884041
1663 0.883861
1664 0.883676
1665 0.883486
1666 0.883291
1667 0.883092
1668 0.882887
1669 0.882677
1670 0.882461
1671 0.882239
1672 0.882012
1673 0.881779
1674 0.881539
1675 0.881292
1676 0.881039
1677 0.880779
1678 0.880512
1679 0.880237
1680 0.879955
1681 0.879665
1682 0.879366
1683 0.879059
1684 0.878744
1685 0.878419
1686 0.878085
1687 0.877741
1688 0.877388
1689 0.877024
1690 0.876649
1691 0.876264
1692 0.875867
1693 0.875459
1694 0.875038
1695 0.874605
1696 0.874159
1697 0.873700
1698 0.873228
1699 0.872741
1700 0.872240
1701 0.871723
1702 0.871192
1703 0.870645
1704 0.870081
1705 0.869501
1706 0.868904
1707 0.868290
1708 0.867657
1709 0.867006
1710 0.866336
1711 0.865647
1712 0.864939
1713 0.864210
1714 0.863461
1715 0.862691
1716 0.861901
1717 0.861089
1718 0.860255
1719 0.859400
1720 0.858522
1721 0.857622
1722 0.856700
1723 0.855756
1724 0.854789
1725 0.853800
1726 0.852789
1727 0.851756
1728 0.850701
1729 0.849624
1730 0.848526
1731 0.847407
1732 0.846268
1733 0.845109
1734 0.843930
1735 0.842733
1736 0.841518
1737 0.840286
1738 0.839038
1739 0.837774
1740 0.836495
1741 0.835203
1742 0.833898
1743 0.832582
1744 0.831255
1745 0.829919
1746 0.828574
1747 0.827222
1748 0.825863
1749 0.824500
1750 0.823132
1751 0.821761
1752 0.820388
1753 0.819015
1754 0.817641
1755 0.816268
1756 0.814897
1757 0.813528
1758 0.812163
1759 0.810803
1760 0.809447
1761 0.808097
1762 0.806754
1763 0.805417
1764 0.804088
1765 0.802767
1766 0.801455
1767 0.800151
1768 0.798856
1769 0.797571
1770 0.796296
1771 0.795031
1772 0.793776
1773 0.792532
1774 0.791299
1775 0.790076
1776 0.788864
1777 0.787663
1778 0.786472
1779 0.785293
1780 0.784125
1781 0.782968
1782 0.781822
1783 0.780686
1784 0.779562
1785 0.778448
1786 0.777345
1787 0.776252
1788 0.775170
1789 0.774099
1790 0.773037
1791 0.771986
1792 0.770945
1793 0.769914
1794 0.768893
1795 0.767881
1796 0.766879
1797 0.765886
1798 0.764903
1799 0.763929
1800 0.762964
1801 0.762008
1802 0.761061
1803 0.760122
1804 0.759192
1805 0.758271
1806 0.757358
1807 0.756453
1808 0.755556
1809 0.754667
1810 0.753786
1811 0.752913
1812 0.752047
1813 0.751189
1814 0.750339
1815 0.749495
1816 0.748659
1817 0.747831
1818 0.747009
1819 0.746194
1820 0.745386
1821 0.744585
1822 0.743790
1823 0.743002
1824 0.742220
1825 0.741445
1826 0.740676
1827 0.739914
1828 0.739158
1829 0.738407
1830 0.737663
1831 0.736925
1832 0.736192
1833 0.735466
1834 0.734745
1835 0.734029
1836 0.733320
1837 0.732615
1838 0.731917
1839 0.731223
1840 0.730535
1841 0.729852
1842 0.729175
1843 0.728502
1844 0.727835
1845 0.727173
1846 0.726515
1847 0.725863
1848 0.725215
1849 0.724572
1850 0.723934
1851 0.723301
1852 0.722672
1853 0.722048
1854 0.721428
1855 0.720813
1856 0.720202
1857 0.719596
1858 0.718994
1859 0.718396
1860 0.717803
1861 0.717214
1862 0.716629
1863 0.716048
1864 0.715471
1865 0.714898
1866 0.714329
1867 0.713765
1868 0.713204
1869 0.712647
1870 0.712093
1871 0.711544
1872 0.710998
1873 0.710456
1874 0.709918
1875 0.709383
1876 0.708852
1877 0.708325
1878 0.707801
1879 0.707280
1880 0.706763
1881 0.706250
1882 0.705740
1883 0.705233
1884 0.704729
1885 0.704229
1886 0.703732
1887 0.703238
1888 0.702748
1889 0.702260
1890 0.701776
1891 0.701295
1892 0.700817
1893 0.700342
1894 0.699870
1895 0.699401
1896 0.698935
1897 0.698472
1898 0.698011
1899 0.697554
1900 0.697099
1901 0.696648
1902 0.696199
1903 0.695753
1904 0.695309
1905 0.694869
1906 0.694430
1907 0.693995
1908 0.693562
1909 0.693132
1910 0.692705
1911 0.692280
1912 0.691857
1913 0.691437
1914 0.691020
1915 0.690605
1916 0.690192
1917 0.689782
1918 0.689375
1919 0.688969
1920 0.688566
1921 0.688166
1922 0.687767
1923 0.687371
1924 0.686978
1925 0.686586
1926 0.686197
1927 0.685810
1928 0.685425
1929 0.685042
1930 0.684662
1931 0.684283
1932 0.683907
1933 0.683533
1934 0.683161
1935 0.682791
1936 0.682423
1937 0.682057
1938 0.681693
1939 0.681331
1940 0.680971
1941 0.680613
1942 0.680257
1943 0.679902
1944 0.679550
1945 0.679200
1946 0.678851
1947 0.678505
1948 0.678160
1949 0.677817
1950 0.677475
1951 0.677136
1952 0.676798
1953 0.676463
1954 0.676128
1955 0.675796
1956 0.675465
1957 0.675137
1958 0.674809
1959 0.674484
1960 0.674160
1961 0.673838
1962 0.673517
1963 0.673198
1964 0.672881
1965 0.672565
1966 0.672251
1967 0.671938
1968 0.671627
1969 0.671317
1970 0.671009
1971 0.670703
1972 0.670398
1973 0.670095
1974 0.669793
1975 0.669492
1976 0.669193
1977 0.668896
1978 0.668599
1979 0.668305
1980 0.668011
1981 0.667720
1982 0.667429
1983 0.667140
1984 0.666852
1985 0.666566
1986 0.666281
1987 0.665998
1988 0.665715
1989 0.665434
1990 0.665155
1991 0.664876
1992 0.664599
1993 0.664324
1994 0.664049
1995 0.663776
1996 0.663504
1997 0.663233
1998 0.662964
1999 0.662696
2000 0.662429
2001 0.662163
2002 0.661899
2003 0.661635
2004 0.661373
2005 0.661112
2006 0.660852
2007 0.660594
2008 0.660336
2009 0.660080
2010 0.659825
2011 0.659571
2012 0.659318
2013 0.659066
2014 0.658815
2015 0.658566
2016 0.658317
2017 0.658070
2018 0.657824
2019 0.657578
2020 0.657334
2021 0.657091
2022 0.656849
2023 0.656608
2024 0.656368
2025 0.656129
2026 0.655891
2027 0.655654
2028 0.655419
2029 0.655184
2030 0.654950
2031 0.654717
2032 0.654485
2033 0.654254
2034 0.654024
2035 0.653795
2036 0.653567
2037 0.653340
2038 0.653114
2039 0.652889
2040 0.652665
2041 0.652442
2042 0.652219
2043 0.651998
2044 0.651777
2045 0.651558
2046 0.651339
2047 0.651121
2048 0.650904
2049 0.650688
2050 0.650473
2051 0.650259
2052 0.650046
2053 0.649833
2054 0.649621
2055 0.649411
2056 0.649201
2057 0.648992
2058 0.648783
2059 0.648576
2060 0.648369
2061 0.648164
2062 0.647959
2063 0.647755
2064 0.647551
2065 0.647349
2066 0.647147
2067 0.646946
2068 0.646746
2069 0.646547
2070 0.646349
2071 0.646151
2072 0.645954
2073 0.645758
2074 0.645562
2075 0.645368
2076 0.645174
2077 0.644981
2078 0.644788
2079 0.644597
2080 0.644406
2081 0.644216
2082 0.644026
2083 0.643838
2084 0.643650
2085 0.643463
2086 0.643276
2087 0.643090
2088 0.642905
2089 0.642721
2090 0.642537
2091 0.642355
2092 0.642172
2093 0.641991
2094 0.641810
2095 0.641630
2096 0.641450
2097 0.641272
2098 0.641093
2099 0.640916
2100 0.640739
2101 0.640563
2102 0.640388
2103 0.640213
2104 0.640039
2105 0.639865
2106 0.639693
2107 0.639521
2108 0.639349
2109 0.639178
2110 0.639008
2111 0.638838
2112 0.638669
2113 0.638501
2114 0.638333
2115 0.638166
2116 0.638000
2117 0.637834
2118 0.637669
2119 0.637504
2120 0.637340
2121 0.637177
2122 0.637014
2123 0.636852
2124 0.636690
2125 0.636529
2126 0.636369
2127 0.636209
2128 0.636050
2129 0.635891
2130 0.635733
2131 0.635575
2132 0.635418
2133 0.635262
2134 0.635106
2135 0.634951
2136 0.634796
2137 0.634642
2138 0.634489
2139 0.634336
2140 0.634183
2141 0.634032
2142 0.633880
2143 0.633730
2144 0.633579
2145 0.633430
2146 0.633281
2147 0.633132
2148 0.632984
2149 0.632836
2150 0.632689
2151 0.632543
2152 0.632397
2153 0.632251
2154 0.632107
2155 0.631962
2156 0.631818
2157 0.631675
2158 0.631532
2159 0.631390
2160 0.631248
2161 0.631107
2162 0.630966
2163 0.630826
2164 0.630686
2165 0.630546
2166 0.630408
2167 0.630269
2168 0.630132
2169 0.629994
2170 0.629857
2171 0.629721
2172 0.629585
2173 0.629450
2174 0.629315
2175 0.629180
2176 0.629046
2177 0.628913
2178 0.628780
2179 0.628647
2180 0.628515
2181 0.628384
2182 0.628253
2183 0.628122
2184 0.627992
2185 0.627862
2186 0.627733
2187 0.627604
2188 0.627475
2189 0.627347
2190 0.627220
2191 0.627093
2192 0.626966
2193 0.626840
2194 0.626714
2195 0.626589
2196 0.626464
2197 0.626340
2198 0.626216
2199 0.626092
2200 0.625969
2201 0.625847
2202 0.625724
2203 0.625603
2204 0.625481
2205 0.625360
2206 0.625240
2207 0.625120
2208 0.625000
2209 0.624881
2210 0.624762
2211 0.624643
2212 0.624525
2213 0.624408
2214 0.624291
2215 0.624174
2216 0.624058
2217 0.623942
2218 0.623826
2219 0.623711
2220 0.623596
2221 0.623482
2222 0.623368
2223 0.623254
2224 0.623141
2225 0.623028
2226 0.622916
2227 0.622804
2228 0.622692
2229 0.622581
2230 0.622470
2231 0.622360
2232 0.622250
2233 0.622140
2234 0.622031
2235 0.621922
2236 0.621814
2237 0.621705
2238 0.621598
2239 0.621490
2240 0.621383
2241 0.621277
2242 0.621170
2243 0.621065
2244 0.620959
2245 0.620854
2246 0.620749
2247 0.620645
2248 0.620541
2249 0.620437
2250 0.620334
2251 0.620231
2252 0.620128
2253 0.620026
2254 0.619924
2255 0.619822
2256 0.619721
2257 0.619620
2258 0.619520
2259 0.619420
2260 0.619320
2261 0.619221
2262 0.619122
2263 0.619023
2264 0.618925
2265 0.618827
2266 0.618729
2267 0.618631
2268 0.618534
2269 0.618438
2270 0.618342
2271 0.618246
2272 0.618150
2273 0.618055
2274 0.617960
2275 0.617865
2276 0.617771
2277 0.617677
2278 0.617583
2279 0.617490
2280 0.617397
2281 0.617304
2282 0.617212
2283 0.617120
2284 0.617028
2285 0.616937
2286 0.616846
2287 0.616755
2288 0.616665
2289 0.616575
2290 0.616485
2291 0.616395
2292 0.616306
2293 0.616217
2294 0.616129
2295 0.616041
2296 0.615953
2297 0.615865
2298 0.615778
2299 0.615691
2300 0.615605
2301 0.615518
2302 0.615432
2303 0.615347
2304 0.615261
2305 0.615176
2306 0.615091
2307 0.615007
2308 0.614923
2309 0.614839
2310 0.614755
2311 0.614672
2312 0.614589
2313 0.614506
2314 0.614424
2315 0.614342
2316 0.614260
2317 0.614178
2318 0.614097
2319 0.614016
2320 0.613936
2321 0.613855
2322 0.613775
2323 0.613696
2324 0.613616
2325 0.613537
2326 0.613458
2327 0.613379
2328 0.613301
2329 0.613223
2330 0.613145
2331 0.613068
2332 0.612991
2333 0.612914
2334 0.612837
2335 0.612761
2336 0.612685
2337 0.612609
2338 0.612533
2339 0.612458
2340 0.612383
2341 0.612309
2342 0.612234
2343 0.612160
2344 0.612086
2345 0.612013
2346 0.611939
2347 0.611866
2348 0.611793
2349 0.611721
2350 0.611649
2351 0.611577
2352 0.611505
2353 0.611433
2354 0.611362
2355 0.611291
2356 0.611221
2357 0.611150
2358 0.611080
2359 0.611010
2360 0.610941
2361 0.610871
2362 0.610802
2363 0.610733
2364 0.610665
2365 0.610597
2366 0.610529
2367 0.610461
2368 0.610393
2369 0.610326
2370 0.610259
2371 0.610192
2372 0.610126
2373 0.610059
2374 0.609993
2375 0.609927
2376 0.609862
2377 0.609797
2378 0.609732
2379 0.609667
2380 0.609602
2381 0.609538
2382 0.609474
2383 0.609410
2384 0.609347
2385 0.609283
2386 0.609220
2387 0.609158
2388 0.609095
2389 0.609033
2390 0.608971
2391 0.608909
2392 0.608847
2393 0.608786
2394 0.608725
2395 0.608664
2396 0.608603
2397 0.608543
2398 0.608482
2399 0.608423
2400 0.608363
2401 0.608303
2402 0.608244
2403 0.608185
2404 0.608126
2405 0.608068
2406 0.608010
2407 0.607951
2408 0.607894
2409 0.607836
2410 0.607779
2411 0.607721
2412 0.607665
2413 0.607608
2414 0.607551
2415 0.607495
2416 0.607439
2417 0.607383
2418 0.607328
2419 0.607272
2420 0.607217
2421 0.607162
2422 0.607108
2423 0.607053
2424 0.606999
2425 0.606945
2426 0.606891
2427 0.606838
2428 0.606784
2429 0.606731
2430 0.606678
2431 0.606626
2432 0.606573
2433 0.606521
2434 0.606469
2435 0.606417
2436 0.606365
2437 0.606314
2438 0.606263
2439 0.606212
2440 0.606161
2441 0.606111
2442 0.606060
2443 0.606010
2444 0.605960
2445 0.605911
2446 0.605861
2447 0.605812
2448 0.605763
2449 0.605714
2450 0.605665
2451 0.605617
2452 0.605569
2453 0.605521
2454 0.605473
2455 0.605425
2456 0.605378
2457 0.605331
2458 0.605284
2459 0.605237
2460 0.605190
2461 0.605144
2462 0.605098
2463 0.605052
2464 0.605006
2465 0.604960
2466 0.604915
2467 0.604870
2468 0.604825
2469 0.604780
2470 0.604735
2471 0.604691
2472 0.604647
2473 0.604603
2474 0.604559
2475 0.604516
2476 0.604472
2477 0.604429
2478 0.604386
2479 0.604343
2480 0.604301
2481 0.604258
2482 0.604216
2483 0.604174
2484 0.604132
2485 0.604090
2486 0.604049
2487 0.604008
2488 0.603967
2489 0.603926
2490 0.603885
2491 0.603845
2492 0.603804
2493 0.603764
2494 0.603724
2495 0.603684
2496 0.603645
2497 0.603605
2498 0.603566
2499 0.603527
2500 0.603488
2501 0.603450
2502 0.603411
2503 0.603373
2504 0.603335
2505 0.603297
2506 0.603259
2507 0.603222
2508 0.603185
2509 0.603147
2510 0.603110
2511 0.603074
2512 0.603037
2513 0.603000
2514 0.602964
2515 0.602928
2516 0.602892
2517 0.602856
2518 0.602821
2519 0.602786
2520 0.602750
2521 0.602715
2522 0.602680
2523 0.602646
2524 0.602611
2525 0.602577
2526 0.602543
2527 0.602509
2528 0.602475
2529 0.602441
2530 0.602408
2531 0.602375
2532 0.602342
2533 0.602309
2534 0.602276
2535 0.602243
2536 0.602211
2537 0.602179
2538 0.602147
2539 0.602115
2540 0.602083
2541 0.602051
2542 0.602020
2543 0.601989
2544 0.601958
2545 0.601927
2546 0.601896
2547 0.601865
2548 0.601835
2549 0.601805
2550 0.601775
2551 0.601745
2552 0.601715
2553 0.601685
2554 0.601656
2555 0.601627
2556 0.601597
2557 0.601568
2558 0.601540
2559 0.601511
2560 0.601483
2561 0.601454
2562 0.601426
2563 0.601398
2564 0.601370
2565 0.601343
2566 0.601315
2567 0.601288
2568 0.601261
2569 0.601234
2570 0.601207
2571 0.601180
2572 0.601153
2573 0.601127
2574 0.601101
2575 0.601075
2576 0.601049
2577 0.601023
2578 0.600997
2579 0.600972
2580 0.600946
2581 0.600921
2582 0.600896
2583 0.600871
2584 0.600846
2585 0.600822
2586 0.600797
2587 0.600773
2588 0.600749
2589 0.600725
2590 0.600701
2591 0.600677
2592 0.600654
2593 0.600630
2594 0.600607
2595 0.600584
2596 0.600561
2597 0.600538
2598 0.600516
2599 0.600493
2600 0.600471
2601 0.600448
2602 0.600426
2603 0.600404
2604 0.600383
2605 0.600361
2606 0.600339
2607 0.600318
2608 0.600297
2609 0.600276
2610 0.600255
2611 0.600234
2612 0.600213
2613 0.600192
2614 0.600172
2615 0.600152
2616 0.600132
2617 0.600112
2618 0.600092
2619 0.600072
2620 0.600052
2621 0.600033
2622 0.600013
2623 0.599994
2624 0.599975
2625 0.599956
2626 0.599937
2627 0.599919
2628 0.599900
2629 0.599882
2630 0.599863
2631 0.599845
2632 0.599827
2633 0.599809
2634 0.599792
2635 0.599774
2636 0.599756
2637 0.599739
2638 0.599722
2639 0.599705
2640 0.599688
2641 0.599671
2642 0.599654
2643 0.599637
2644 0.599621
2645 0.599604
2646 0.599588
2647 0.599572
2648 0.599556
2649 0.599540
2650 0.599524
2651 0.599508
2652 0.599493
2653 0.599477
2654 0.599462
2655 0.599447
2656 0.599431
2657 0.599416
2658 0.599401
2659 0.599387
2660 0.599372
2661 0.599357
2662 0.599343
2663 0.599328
2664 0.599314
2665 0.599300
2666 0.599285
2667 0.599271
2668 0.599257
2669 0.599244
2670 0.599230
2671 0.599216
2672 0.599203
2673 0.599190
2674 0.599177
2675 0.599164
2676 0.599151
2677 0.599139
2678 0.599128
2679 0.599116
2680 0.599106
2681 0.599096
2682 0.599086
2683 0.599078
2684 0.599071
2685 0.599065
2686 0.599061
2687 0.599058
2688 0.599058
2689 0.599061
2690 0.599066
2691 0.599075
2692 0.599089
2693 0.599107
2694 0.599131
2695 0.599162
2696 0.599200
2697 0.599246
2698 0.599302
2699 0.599367
2700 0.599444
2701 0.599533
2702 0.599633
2703 0.599744
2704 0.599865
2705 0.599994
2706 0.600126
2707 0.600257
2708 0.600378
2709 0.600479
2710 0.600549
2711 0.600575
2712 0.600541
2713 0.600432
2714 0.600232
2715 0.599926
2716 0.599497
2717 0.598927
2718 0.598189
2719 0.597242
2720 0.596019
2721 0.594406
2722 0.592200
2723 0.589041
2724 0.584266
2725 0.576635
2726 0.563927
2727 0.543060
2728 0.514424
2729 0.492029
2730 0.477614
2731 0.479680
2732 0.455682
2733 0.551533
2734 0.317583
2735 0.565415
2736 0.399911
2737 0.647902
2738 0.465080
2739 0.631866
2740 0.348446
2741 0.616297
2742 0.603198
2743 0.387936
2744 0.661001
2745 0.614071
2746 0.444219
2747 0.677577
2748 0.536850
2749 0.600165
2750 0.464820
2751 0.665739
2752 0.558124
2753 0.592376
2754 0.526016
2755 0.628323
2756 0.507032
2757 0.656358
2758 0.608502
2759 0.625702
2760 0.645071
2761 0.676757
2762 0.707520
2763 0.689353
2764 0.618259
2765 0.617133
2766 0.636105
2767 0.626528
2768 0.621172
2769 0.624745
2770 0.623336
2771 0.620695
2772 0.620344
2773 0.619629
2774 0.618297
2775 0.617337
2776 0.616492
2777 0.615525
2778 0.614591
2779 0.613711
2780 0.612831
2781 0.611960
2782 0.611106
2783 0.610261
2784 0.609423
2785 0.608589
2786 0.607755
2787 0.606916
2788 0.606067
2789 0.605198
2790 0.604298
2791 0.603350
2792 0.602331
2793 0.601205
2794 0.599916
2795 0.598372
2796 0.596418
2797 0.593774
2798 0.589912
2799 0.583767
2800 0.573126
2801 0.553590
2802 0.519772
2803 0.483610
2804 0.471584
2805 0.436156
2806 0.555455
2807 0.273281
2808 0.420826
2809 0.292961
2810 0.509578
2811 0.277397
2812 0.381760
2813 0.393266
2814 0.612340
2815 0.513389
2816 0.401691
2817 0.636807
2818 0.515638
2819 0.461320
2820 0.613026
2821 0.301147
2822 0.531306
2823 0.341233
2824 0.566278
2825 0.674689
2826 0.520071
2827 0.567885
2828 0.375244
2829 0.632207
2830 0.685680
2831 0.496312
2832 0.657756
2833 0.410726
2834 0.678665
2835 0.655925
2836 0.468827
2837 0.684651
2838 0.561555
2839 0.580010
2840 0.485999
2841 0.646602
2842 0.488702
2843 0.650301
2844 0.560779
2845 0.572345
2846 0.522017
2847 0.617121
2848 0.492872
2849 0.636840
2850 0.683601
2851 0.689717
2852 0.698923
2853 0.715493
2854 0.663632
2855 0.606479
2856 0.634598
2857 0.641263
2858 0.624113
2859 0.626194
2860 0.630074
2861 0.625511
2862 0.623662
2863 0.624202
2864 0.622812
2865 0.621257
2866 0.620526
2867 0.619614
2868 0.618509
2869 0.617554
2870 0.616644
2871 0.615702
2872 0.614776
2873 0.613869
2874 0.612963
2875 0.612055
2876 0.611141
2877 0.610212
2878 0.609255
2879 0.608252
2880 0.607179
2881 0.605994
2882 0.604635
2883 0.602992
2884 0.600876
2885 0.597926
2886 0.593421
2887 0.585818
2888 0.571702
2889 0.544287
2890 0.500323
2891 0.478881
2892 0.431734
2893 0.582037
2894 0.253052
2895 0.252943
2896 0.602602
2897 0.318704
2898 0.585997
2899 0.251491
2900 0.264974
2901 0.609814
2902 0.348836
2903 0.623998
2904 0.285288
2905 0.503665
2906 0.261690
2907 0.230169
2908 0.570124
2909 0.487888
2910 0.338020
2911 0.592394
2912 0.437073
2913 0.620683
2914 0.252545
2915 0.244460
2916 0.586799
2917 0.639807
2918 0.249902
2919 0.259698
2920 0.607282
2921 0.638709
2922 0.249269
2923 0.256659
2924 0.605945
2925 0.650308
2926 0.248559
2927 0.254560
2928 0.606141
2929 0.654168
2930 0.247688
2931 0.247943
2932 0.600406
2933 0.656974
2934 0.246946
2935 0.240065
2936 0.592015
2937 0.654121
2938 0.246986
2939 0.230699
2940 0.580540
2941 0.641638
2942 0.248826
2943 0.222130
2944 0.569000
2945 0.625482
2946 0.250809
2947 0.217228
2948 0.560789
2949 0.635690
2950 0.250846
2951 0.216634
2952 0.559675
2953 0.653162
2954 0.248623
2955 0.217940
2956 0.562530
2957 0.664845
2958 0.246596
2959 0.218829
2960 0.565632
2961 0.669150
2962 0.246038
2963 0.216084
2964 0.564640
2965 0.652913
2966 0.249835
2967 0.208431
2968 0.556902
2969 0.581852
2970 0.249425
2971 0.206296
2972 0.544544
2973 0.668349
2974 0.246603
2975 0.210436
2976 0.555982
2977 0.670285
2978 0.246774
2979 0.207740
2980 0.555992
2981 0.641970
2982 0.252148
2983 0.201491
2984 0.549001
2985 0.582296
2986 0.249972
2987 0.203953
2988 0.538472
2989 0.682224
2990 0.281080
2991 0.491721
2992 0.256882
2993 0.196882
2994 0.530614
2995 0.672469
2996 0.246298
2997 0.210043
2998 0.551058
2999 0.698896
3000 0.365563
3001 0.686900
3002 0.672548
3003 0.244212
3004 0.208122
3005 0.565640
3006 0.647745
3007 0.251970
3008 0.188385
3009 0.560568
3010 0.250206
3011 0.205188
3012 0.543557
3013 0.698845
3014 0.338531
3015 0.628769
3016 0.681084
3017 0.243717
3018 0.187772
3019 0.575584
3020 0.252025
3021 0.177592
3022 0.555081
3023 0.262931
3024 0.178588
3025 0.551537
3026 0.255396
3027 0.181610
3028 0.550232
3029 0.251817
3030 0.193486
3031 0.538508
3032 0.658058
3033 0.253056
3034 0.183593
3035 0.557747
3036 0.252963
3037 0.200855
3038 0.532407
3039 0.725636
3040 0.669284
3041 0.249522
3042 0.218080
3043 0.573417
3044 0.763555
3045 0.474453
3046 0.722299
3047 0.264597
3048 0.316175
3049 0.705153
3050 0.744880
3051 0.286127
3052 0.511656
3053 0.253375
3054 0.167293
3055 0.524257
3056 0.266596
3057 0.170494
3058 0.540249
3059 0.264404
3060 0.173334
3061 0.547409
3062 0.259366
3063 0.176126
3064 0.550235
3065 0.255791
3066 0.181491
3067 0.547566
3068 0.279333
3069 0.375313
3070 0.645566
3071 0.352127
3072 0.616480
3073 0.828515
3074 0.573432
3075 0.559350
3076 0.468531
3077 0.698622
3078 0.789201
3079 0.704167
3080 0.621630
3081 0.721638
3082 0.666509
3083 0.746179
3084 0.767390
3085 0.731702
3086 0.578958
3087 0.672032
3088 0.678350
3089 0.597160
3090 0.659177
3091 0.663175
3092 0.607045
3093 0.647268
3094 0.654210
3095 0.613486
3096 0.636880
3097 0.647284
3098 0.618236
3099 0.628335
3100 0.640750
3101 0.621711
3102 0.622245
3103 0.633936
3104 0.623557
3105 0.618998
3106 0.627111
3107 0.623279
3108 0.617956
3109 0.621384
3110 0.620977
3111 0.617460
3112 0.617630
3113 0.617726
3114 0.616122
3115 0.615282
3116 0.614785
3117 0.613911
3118 0.613053
3119 0.612207
3120 0.611263
3121 0.610184
3122 0.608858
3123 0.607086
3124 0.604440
3125 0.599959
3126 0.591238
3127 0.571826
3128 0.526888
3129 0.471760
3130 0.485110
3131 0.250168
3132 0.177036
3133 0.285471
3134 0.720885
3135 0.280661
3136 0.105761
3137 0.104823
3138 0.103154
3139 0.101592
3140 0.100117
3141 0.098681
3142 0.097279
3143 0.095924
3144 0.094622
3145 0.093376
3146 0.092185
3147 0.091046
3148 0.089953
3149 0.088904
3150 0.087895
3151 0.086923
3152 0.085984
3153 0.085077
3154 0.084199
3155 0.083349
3156 0.082524
3157 0.081724
3158 0.080946
3159 0.080191
3160 0.079455
3161 0.078740
3162 0.078043
3163 0.077364
3164 0.076701
3165 0.076055
3166 0.075425
3167 0.074809
3168 0.074208
3169 0.073620
3170 0.073046
3171 0.072484
3172 0.071934
3173 0.071396
3174 0.070870
3175 0.070354
3176 0.069850
3177 0.069355
3178 0.068870
3179 0.068395
3180 0.067929
3181 0.067472
3182 0.067024
3183 0.066584
3184 0.066152
3185 0.065729
3186 0.065313
3187 0.064904
3188 0.064503
3189 0.064108
3190 0.063721
3191 0.063340
3192 0.062966
3193 0.062598
3194 0.062236
3195 0.061880
3196 0.061530
3197 0.061186
3198 0.060847
3199 0.060514
3200 0.060186
3201 0.059863
3202 0.059545
3203 0.059231
3204 0.058923
3205 0.058619
3206 0.058320
3207 0.058025
3208 0.057735
3209 0.057449
3210 0.057166
3211 0.056888
3212 0.056614
3213 0.056344
3214 0.056077
3215 0.055815
3216 0.055556
3217 0.055300
3218 0.055048
3219 0.054799
3220 0.054553
3221 0.054311
3222 0.054072
3223 0.053836
3224 0.053603
3225 0.053373
3226 0.053146
3227 0.052922
3228 0.052701
3229 0.052483
3230 0.052267
3231 0.052054
3232 0.051843
3233 0.051635
3234 0.051430
3235 0.051227
3236 0.051026
3237 0.050828
3238 0.050632
3239 0.050438
3240 0.050247
3241 0.050058
3242 0.049871
3243 0.049686
3244 0.049503
3245 0.049322
3246 0.049143
3247 0.048967
3248 0.048792
3249 0.048619
3250 0.048448
3251 0.048279
3252 0.048111
3253 0.047946
3254 0.047782
3255 0.047620
3256 0.047460
3257 0.047301
3258 0.047144
3259 0.046988
3260 0.046835
3261 0.046682
3262 0.046532
3263 0.046382
3264 0.046235
3265 0.046088
3266 0.045944
3267 0.045800
3268 0.045658
3269 0.045518
3270 0.045379
3271 0.045241
3272 0.045104
3273 0.044969
3274 0.044835
3275 0.044702
3276 0.044571
3277 0.044441
3278 0.044312
3279 0.044184
3280 0.044057
3281 0.043932
3282 0.043807
3283 0.043684
3284 0.043562
3285 0.043441
3286 0.043321
3287 0.043202
3288 0.043085
3289 0.042968
3290 0.042852
3291 0.042737
3292 0.042624
3293 0.042511
3294 0.042399
3295 0.042288
3296 0.042178
3297 0.042069
3298 0.041961
3299 0.041854
3300 0.041748
3301 0.041643
3302 0.041538
3303 0.041435
3304 0.041332
3305 0.041230
3306 0.041129
3307 0.041029
3308 0.040929
3309 0.040830
3310 0.040733
3311 0.040635
3312 0.040539
3313 0.040443
3314 0.040349
3315 0.040255
3316 0.040161
3317 0.040069
3318 0.039977
3319 0.039885
3320 0.039795
3321 0.039705
3322 0.039616
3323 0.039527
3324 0.039440
3325 0.039353
3326 0.039266
3327 0.039180
3328 0.039095
3329 0.039010
3330 0.038926
3331 0.038843
3332 0.038760
3333 0.038678
3334 0.038596
3335 0.038515
3336 0.038435
3337 0.038355
3338 0.038276
3339 0.038197
3340 0.038119
3341 0.038042
3342 0.037964
3343 0.037888
3344 0.037812
3345 0.037736
3346 0.037662
3347 0.037587
3348 0.037513
3349 0.037440
3350 0.037367
3351 0.037294
3352 0.037222
3353 0.037151
3354 0.037080
3355 0.037009
3356 0.036939
3357 0.036870
3358 0.036801
3359 0.036732
3360 0.036664
3361 0.036596
3362 0.036529
3363 0.036462
3364 0.036395
3365 0.036329
3366 0.036263
3367 0.036198
3368 0.036133
3369 0.036069
3370 0.036005
3371 0.035941
3372 0.035878
3373 0.035815
3374 0.035753
3375 0.035691
3376 0.035629
3377 0.035568
3378 0.035507
3379 0.035446
3380 0.035386
3381 0.035327
3382 0.035267
3383 0.035208
3384 0.035149
3385 0.035091
3386 0.035033
3387 0.034975
3388 0.034918
3389 0.034861
3390 0.034804
3391 0.034748
3392 0.034692
3393 0.034636
3394 0.034581
3395 0.034526
3396 0.034471
3397 0.034416
3398 0.034362
3399 0.034308
3400 0.034255
3401 0.034202
3402 0.034149
3403 0.034096
3404 0.034044
3405 0.033992
3406 0.033940
3407 0.033889
3408 0.033837
3409 0.033787
3410 0.033736
3411 0.033686
3412 0.033635
3413 0.033586
3414 0.033536
3415 0.033487
3416 0.033438
3417 0.033389
3418 0.033341
3419 0.033292
3420 0.033245
3421 0.033197
3422 0.033149
3423 0.033102
3424 0.033055
3425 0.033008
3426 0.032962
3427 0.032916
3428 0.032870
3429 0.032824
3430 0.032778
3431 0.032733
3432 0.032688
3433 0.032643
3434 0.032599
3435 0.032554
3436 0.032510
3437 0.032466
3438 0.032422
3439 0.032379
3440 0.032336
3441 0.032293
3442 0.032250
3443 0.032207
3444 0.032165
3445 0.032122
3446 0.032080
3447 0.032039
3448 0.031997
3449 0.031955
3450 0.031914
3451 0.031873
3452 0.031832
3453 0.031792
3454 0.031751
3455 0.031711
3456 0.031671
3457 0.031631
3458 0.031591
3459 0.031552
3460 0.031513
3461 0.031474
3462 0.031435
3463 0.031396
3464 0.031357
3465 0.031319
3466 0.031281
3467 0.031242
3468 0.031205
3469 0.031167
3470 0.031129
3471 0.031092
3472 0.031055
3473 0.031018
3474 0.030981
3475 0.030944
3476 0.030908
3477 0.030871
3478 0.030835
3479 0.030799
3480 0.030763
3481 0.030727
3482 0.030692
3483 0.030656
3484 0.030621
3485 0.030586
3486 0.030551
3487 0.030516
3488 0.030481
3489 0.030447
3490 0.030412
3491 0.030378
3492 0.030344
3493 0.030310
3494 0.030276
3495 0.030242
3496 0.030209
3497 0.030175
3498 0.030142
3499 0.030109
3500 0.030076
3501 0.030043
3502 0.030011
3503 0.029978
3504 0.029946
3505 0.029913
3506 0.029881
3507 0.029849
3508 0.029817
3509 0.029785
3510 0.029754
3511 0.029722
3512 0.029691
3513 0.029659
3514 0.029628
3515 0.029597
3516 0.029566
3517 0.029535
3518 0.029505
3519 0.029474
3520 0.029444
3521 0.029413
3522 0.029383
3523 0.029353
3524 0.029323
3525 0.029293
3526 0.029264
3527 0.029234
3528 0.029204
3529 0.029175
3530 0.029146
3531 0.029117
3532 0.029087
3533 0.029059
3534 0.029030
3535 0.029001
3536 0.028972
3537 0.028944
3538 0.028915
3539 0.028887
3540 0.028859
3541 0.028831
3542 0.028803
3543 0.028775
3544 0.028747
3545 0.028719
3546 0.028692
3547 0.028664
3548 0.028637
3549 0.028609
3550 0.028582
3551 0.028555
3552 0.028528
3553 0.028501
3554 0.028474
3555 0.028448
3556 0.028421
3557 0.028394
3558 0.028368
3559 0.028342
3560 0.028315
3561 0.028289
3562 0.028263
3563 0.028237
3564 0.028211
3565 0.028185
3566 0.028160
3567 0.028134
3568 0.028108
3569 0.028083
3570 0.028058
3571 0.028032
3572 0.028007
3573 0.027982
3574 0.027957
3575 0.027932
3576 0.027907
3577 0.027882
3578 0.027857
3579 0.027833
3580 0.027808
3581 0.027784
3582 0.027759
3583 0.027735
3584 0.027711
3585 0.027687
3586 0.027663
3587 0.027639
3588 0.027615
3589 0.027591
3590 0.027567
3591 0.027543
3592 0.027520
3593 0.027496
3594 0.027473
3595 0.027449
3596 0.027426
3597 0.027403
3598 0.027380
3599 0.027357
3600 0.027334
3601 0.027311
3602 0.027288
3603 0.027265
3604 0.027242
3605 0.027219
3606 0.027197
3607 0.027174
3608 0.027152
3609 0.027129
3610 0.027107
3611 0.027085
3612 0.027063
3613 0.027041
3614 0.027018
3615 0.026996
3616 0.026975
3617 0.026953
3618 0.026931
3619 0.026909
3620 0.026887
3621 0.026866
3622 0.026844
3623 0.026823
3624 0.026801
3625 0.026780
3626 0.026759
3627 0.026738
3628 0.026716
3629 0.026695
3630 0.026674
3631 0.026653
3632 0.026632
3633 0.026611
3634 0.026591
3635 0.026570
3636 0.026549
3637 0.026528
3638 0.026508
3639 0.026487
3640 0.026467
3641 0.026447
3642 0.026426
3643 0.026406
3644 0.026386
3645 0.026365
3646 0.026345
3647 0.026325
3648 0.026305
3649 0.026285
3650 0.026265
3651 0.026246
3652 0.026226
3653 0.026206
3654 0.026186
3655 0.026167
3656 0.026147
3657 0.026128
3658 0.026108
3659 0.026089
3660 0.026069
3661 0.026050
3662 0.026031
3663 0.026011
3664 0.025992
3665 0.025973
3666 0.025954
3667 0.025935
3668 0.025916
3669 0.025897
3670 0.025878
3671 0.025859
3672 0.025841
3673 0.025822
3674 0.025803
3675 0.025785
3676 0.025766
3677 0.025747
3678 0.025729
3679 0.025711
3680 0.025692
3681 0.025674
3682 0.025656
3683 0.025637
3684 0.025619
3685 0.025601
3686 0.025583
3687 0.025565
3688 0.025547
3689 0.025529
3690 0.025511
3691 0.025493
3692 0.025475
3693 0.025457
3694 0.025439
3695 0.025422
3696 0.025404
3697 0.025386
3698 0.025369
3699 0.025351
3700 0.025334
3701 0.025316
3702 0.025299
3703 0.025281
3704 0.025264
3705 0.025247
3706 0.025229
3707 0.025212
3708 0.025195
3709 0.025178
3710 0.025161
3711 0.025144
3712 0.025127
3713 0.025110
3714 0.025093
3715 0.025076
3716 0.025059
3717 0.025042
3718 0.025025
3719 0.025009
3720 0.024992
3721 0.024975
3722 0.024959
3723 0.024942
3724 0.024925
3725 0.024909
3726 0.024892
3727 0.024876
3728 0.024860
3729 0.024843
3730 0.024827
3731 0.024811
3732 0.024794
3733 0.024778
3734 0.024762
3735 0.024746
3736 0.024730
3737 0.024714
3738 0.024698
3739 0.024682
3740 0.024666
3741 0.024650
3742 0.024634
3743 0.024618
3744 0.024602
3745 0.024586
3746 0.024570
3747 0.024555
3748 0.024539
3749 0.024523
3750 0.024508
3751 0.024492
3752 0.024476
3753 0.024461
3754 0.024445
3755 0.024430
3756 0.024414
3757 0.024399
3758 0.024384
3759 0.024368
3760 0.024353
3761 0.024338
3762 0.024323
3763 0.024307
3764 0.024292
3765 0.024277
3766 0.024262
3767 0.024247
3768 0.024232
3769 0.024217
3770 0.024202
3771 0.024187
3772 0.024172
3773 0.024157
3774 0.024142
3775 0.024127
3776 0.024112
3777 0.024098
3778 0.024083
3779 0.024068
3780 0.024053
3781 0.024039
3782 0.024024
3783 0.024009
3784 0.023995
3785 0.023980
3786 0.023966
3787 0.023951
3788 0.023937
3789 0.023922
3790 0.023908
3791 0.023894
3792 0.023879
3793 0.023865
3794 0.023851
3795 0.023836
3796 0.023822
3797 0.023808
3798 0.023794
3799 0.023779
3800 0.023765
3801 0.023751
3802 0.023737
3803 0.023723
3804 0.023709
3805 0.023695
3806 0.023681
3807 0.023667
3808 0.023653
3809 0.023639
3810 0.023625
3811 0.023612
3812 0.023598
3813 0.023584
3814 0.023570
3815 0.023556
3816 0.023543
3817 0.023529
3818 0.023515
3819 0.023502
3820 0.023488
3821 0.023475
3822 0.023461
3823 0.023447
3824 0.023434
3825 0.023420
3826 0.023407
3827 0.023393
3828 0.023380
3829 0.023367
3830 0.023353
3831 0.023340
3832 0.023327
3833 0.023313
3834 0.023300
3835 0.023287
3836 0.023274
3837 0.023260
3838 0.023247
3839 0.023234
3840 0.023221
3841 0.023208
3842 0.023195
3843 0.023182
3844 0.023169
3845 0.023155
3846 0.023142
3847 0.023130
3848 0.023117
3849 0.023104
3850 0.023091
3851 0.023078
3852 0.023065
3853 0.023052
3854 0.023039
3855 0.023026
3856 0.023014
3857 0.023001
3858 0.022988
3859 0.022975
3860 0.022963
3861 0.022950
3862 0.022937
3863 0.022925
3864 0.022912
3865 0.022900
3866 0.022887
3867 0.022875
3868 0.022862
3869 0.022849
3870 0.022837
3871 0.022825
3872 0.022812
3873 0.022800
3874 0.022787
3875 0.022775
3876 0.022763
3877 0.022750
3878 0.022738
3879 0.022726
3880 0.022713
3881 0.022701
3882 0.022689
3883 0.022677
3884 0.022664
3885 0.022652
3886 0.022640
3887 0.022628
3888 0.022616
3889 0.022604
3890 0.022592
3891 0.022579
3892 0.022567
3893 0.022555
3894 0.022543
3895 0.022531
3896 0.022519
3897 0.022507
3898 0.022496
3899 0.022484
3900 0.022472
3901 0.022460
3902 0.022448
3903 0.022436
3904 0.022424
3905 0.022413
3906 0.022401
3907 0.022389
3908 0.022377
3909 0.022366
3910 0.022354
3911 0.022342
3912 0.022330
3913 0.022319
3914 0.022307
3915 0.022295
3916 0.022284
3917 0.022272
3918 0.022261
3919 0.022249
3920 0.022238
3921 0.022226
3922 0.022215
3923 0.022203
3924 0.022192
3925 0.022180
3926 0.022169
3927 0.022157
3928 0.022146
3929 0.022135
3930 0.022123
3931 0.022112
3932 0.022101
3933 0.022089
3934 0.022078
3935 0.022067
3936 0.022055
3937 0.022044
3938 0.022033
3939 0.022022
3940 0.022010
3941 0.021999
3942 0.021988
3943 0.021977
3944 0.021966
3945 0.021955
3946 0.021944
3947 0.021933
3948 0.021921
3949 0.021910
3950 0.021899
3951 0.021888
3952 0.021877
3953 0.021866
3954 0.021855
3955 0.021844
3956 0.021833
3957 0.021823
3958 0.021812
3959 0.021801
3960 0.021790
3961 0.021779
3962 0.021768
3963 0.021757
3964 0.021746
3965 0.021736
3966 0.021725
3967 0.021714
3968 0.021703
3969 0.021693
3970 0.021682
3971 0.021671
3972 0.021660
3973 0.021650
3974 0.021639
3975 0.021628
3976 0.021618
3977 0.021607
3978 0.021596
3979 0.021586
3980 0.021575
3981 0.021565
3982 0.021554
3983 0.021544
3984 0.021533
3985 0.021523
3986 0.021512
3987 0.021502
3988 0.021491
3989 0.021481
3990 0.021470
3991 0.021460
3992 0.021449
3993 0.021439
3994 0.021429
3995 0.021418
3996 0.021408
3997 0.021398
3998 0.021387
3999 0.021377
4000 0.021367
4001 0.021356
4002 0.021346
4003 0.021336
4004 0.021325
4005 0.021315
4006 0.021305
4007 0.021295
4008 0.021285
4009 0.021274
4010 0.021264
4011 0.021254
4012 0.021244
4013 0.021234
4014 0.021224
4015 0.021214
4016 0.021203
4017 0.021193
4018 0.021183
4019 0.021173
4020 0.021163
4021 0.021153
4022 0.021143
4023 0.021133
4024 0.021123
4025 0.021113
4026 0.021103
4027 0.021093
4028 0.021083
4029 0.021073
4030 0.021064
4031 0.021054
4032 0.021044
4033 0.021034
4034 0.021024
4035 0.021014
4036 0.021004
4037 0.020994
4038 0.020985
4039 0.020975
4040 0.020965
4041 0.020955
4042 0.020946
4043 0.020936
4044 0.020926
4045 0.020916
4046 0.020907
4047 0.020897
4048 0.020887
4049 0.020877
4050 0.020868
4051 0.020858
4052 0.020849
4053 0.020839
4054 0.020829
4055 0.020820
4056 0.020810
4057 0.020800
4058 0.020791
4059 0.020781
4060 0.020772
4061 0.020762
4062 0.020753
4063 0.020743
4064 0.020734
4065 0.020724
4066 0.020715
4067 0.020705
4068 0.020696
4069 0.020686
4070 0.020677
4071 0.020667
4072 0.020658
4073 0.020649
4074 0.020639
4075 0.020630
4076 0.020620
4077 0.020611
4078 0.020602
4079 0.020592
4080 0.020583
4081 0.020574
4082 0.020564
4083 0.020555
4084 0.020546
4085 0.020537
4086 0.020527
4087 0.020518
4088 0.020509
4089 0.020500
4090 0.020490
4091 0.020481
4092 0.020472
4093 0.020463
4094 0.020454
4095 0.020444
4096 0.020435
4097 0.020426
4098 0.020417
4099 0.020408
4100 0.020399
4101 0.020390
4102 0.020381
4103 0.020372
4104 0.020362
4105 0.020353
4106 0.020344
4107 0.020335
4108 0.020326
4109 0.020317
4110 0.020308
4111 0.020299
4112 0.020290
4113 0.020281
4114 0.020272
4115 0.020263
4116 0.020254
4117 0.020245
4118 0.020237
4119 0.020228
4120 0.020219
4121 0.020210
4122 0.020201
4123 0.020192
4124 0.020183
4125 0.020174
4126 0.020165
4127 0.020157
4128 0.020148
4129 0.020139
4130 0.020130
4131 0.020121
4132 0.020113
4133 0.020104
4134 0.020095
4135 0.020086
4136 0.020077
4137 0.020069
4138 0.020060
4139 0.020051
4140 0.020043
4141 0.020034
4142 0.020025
4143 0.020016
4144 0.020008
4145 0.019999
4146 0.019990
4147 0.019982
4148 0.019973
4149 0.019965
4150 0.019956
4151 0.019947
4152 0.019939
4153 0.019930
4154 0.019922
4155 0.019913
4156 0.019904
4157 0.019896
4158 0.019887
4159 0.019879
4160 0.019870
4161 0.019862
4162 0.019853
4163 0.019845
4164 0.019836
4165 0.019828
4166 0.019819
4167 0.019811
4168 0.019802
4169 0.019794
4170 0.019785
4171 0.019777
4172 0.019769
4173 0.019760
4174 0.019752
4175 0.019743
4176 0.019735
4177 0.019727
4178 0.019718
4179 0.019710
4180 0.019702
4181 0.019693
4182 0.019685
4183 0.019677
4184 0.019668
4185 0.019660
4186 0.019652
4187 0.019643
4188 0.019635
4189 0.019627
4190 0.019619
4191 0.019610
4192 0.019602
4193 0.019594
4194 0.019586
4195 0.019577
4196 0.019569
4197 0.019561
4198 0.019553
4199 0.019545
4200 0.019536
4201 0.019528
4202 0.019520
4203 0.019512
4204 0.019504
4205 0.019496
4206 0.019488
4207 0.019479
4208 0.019471
4209 0.019463
4210 0.019455
4211 0.019447
4212 0.019439
4213 0.019431
4214 0.019423
4215 0.019415
4216 0.019407
4217 0.019399
4218 0.019391
4219 0.019383
4220 0.019375
4221 0.019367
4222 0.019359
4223 0.019351
4224 0.019343
4225 0.019335
4226 0.019327
4227 0.019319
4228 0.019311
4229 0.019303
4230 0.019295
4231 0.019287
4232 0.019279
4233 0.019271
4234 0.019263
4235 0.019255
4236 0.019247
4237 0.019240
4238 0.019232
4239 0.019224
4240 0.019216
4241 0.019208
4242 0.019200
4243 0.019192
4244 0.019185
4245 0.019177
4246 0.019169
4247 0.019161
4248 0.019153
4249 0.019146
4250 0.019138
4251 0.019130
4252 0.019122
4253 0.019114
4254 0.019107
4255 0.019099
4256 0.019091
4257 0.019084
4258 0.019076
4259 0.019068
4260 0.019060
4261 0.019053
4262 0.019045
4263 0.019037
4264 0.019030
4265 0.019022
4266 0.019014
4267 0.019007
4268 0.018999
4269 0.018991
4270 0.018984
4271 0.018976
4272 0.018969
4273 0.018961
4274 0.018953
4275 0.018946
4276 0.018938
4277 0.018931
4278 0.018923
4279 0.018915
4280 0.018908
4281 0.018900
4282 0.018893
4283 0.018885
4284 0.018878
4285 0.018870
4286 0.018863
4287 0.018855
4288 0.018848
4289 0.018840
4290 0.018833
4291 0.018825
4292 0.018818
4293 0.018810
4294 0.018803
4295 0.018795
4296 0.018788
4297 0.018780
4298 0.018773
4299 0.018766
4300 0.018758
4301 0.018751
4302 0.018743
4303 0.018736
4304 0.018728
4305 0.018721
4306 0.018714
4307 0.018706
4308 0.018699
4309 0.018692
4310 0.018684
4311 0.018677
4312 0.018670
4313 0.018662
4314 0.018655
4315 0.018648
4316 0.018640
4317 0.018633
4318 0.018626
4319 0.018618
4320 0.018611
4321 0.018604
4322 0.018597
4323 0.018589
4324 0.018582
4325 0.018575
4326 0.018568
4327 0.018560
4328 0.018553
4329 0.018546
4330 0.018539
4331 0.018531
4332 0.018524
4333 0.018517
4334 0.018510
4335 0.018503
4336 0.018495
4337 0.018488
4338 0.018481
4339 0.018474
4340 0.018467
4341 0.018460
4342 0.018453
4343 0.018445
4344 0.018438
4345 0.018431
4346 0.018424
4347 0.018417
4348 0.018410
4349 0.018403
4350 0.018396
4351 0.018389
4352 0.018381
4353 0.018374
4354 0.018367
4355 0.018360
4356 0.018353
4357 0.018346
4358 0.018339
4359 0.018332
4360 0.018325
4361 0.018318
4362 0.018311
4363 0.018304
4364 0.018297
4365 0.018290
4366 0.018283
4367 0.018276
4368 0.018269
4369 0.018262
4370 0.018255
4371 0.018248
4372 0.018241
4373 0.018234
4374 0.018227
4375 0.018220
4376 0.018213
4377 0.018207
4378 0.018200
4379 0.018193
4380 0.018186
4381 0.018179
4382 0.018172
4383 0.018165
4384 0.018158
4385 0.018151
4386 0.018144
4387 0.018138
4388 0.018131
4389 0.018124
4390 0.018117
4391 0.018110
4392 0.018103
4393 0.018097
4394 0.018090
4395 0.018083
4396 0.018076
4397 0.018069
4398 0.018062
4399 0.018056
4400 0.018049
4401 0.018042
4402 0.018035
4403 0.018029
4404 0.018022
4405 0.018015
4406 0.018008
4407 0.018002
4408 0.017995
4409 0.017988
4410 0.017981
4411 0.017975
4412 0.017968
4413 0.017961
4414 0.017954
4415 0.017948
4416 0.017941
4417 0.017934
4418 0.017928
4419 0.017921
4420 0.017914
4421 0.017908
4422 0.017901
4423 0.017894
4424 0.017888
4425 0.017881
4426 0.017874
4427 0.017868
4428 0.017861
4429 0.017855
4430 0.017848
4431 0.017841
4432 0.017835
4433 0.017828
4434 0.017822
4435 0.017815
4436 0.017808
4437 0.017802
4438 0.017795
4439 0.017789
4440 0.017782
4441 0.017776
4442 0.017769
4443 0.017762
4444 0.017756
4445 0.017749
4446 0.017743
4447 0.017736
4448 0.017730
4449 0.017723
4450 0.017717
4451 0.017710
4452 0.017704
4453 0.017697
4454 0.017691
4455 0.017684
4456 0.017678
4457 0.017671
4458 0.017665
4459 0.017658
4460 0.017652
4461 0.017645
4462 0.017639
4463 0.017633
4464 0.017626
4465 0.017620
4466 0.017613
4467 0.017607
4468 0.017600
4469 0.017594
4470 0.017588
4471 0.017581
4472 0.017575
4473 0.017568
4474 0.017562
4475 0.017556
4476 0.017549
4477 0.017543
4478 0.017537
4479 0.017530
4480 0.017524
4481 0.017518
4482 0.017511
4483 0.017505
4484 0.017499
4485 0.017492
4486 0.017486
4487 0.017480
4488 0.017473
4489 0.017467
4490 0.017461
4491 0.017454
4492 0.017448
4493 0.017442
4494 0.017436
4495 0.017429
4496 0.017423
4497 0.017417
4498 0.017410
4499 0.017404
4500 0.017398
4501 0.017392
4502 0.017385
4503 0.017379
4504 0.017373
4505 0.017367
4506 0.017361
4507 0.017354
4508 0.017348
4509 0.017342
4510 0.017336
4511 0.017330
4512 0.017323
4513 0.017317
4514 0.017311
4515 0.017305
4516 0.017299
4517 0.017292
4518 0.017286
4519 0.017280
4520 0.017274
4521 0.017268
4522 0.017262
4523 0.017256
4524 0.017249
4525 0.017243
4526 0.017237
4527 0.017231
4528 0.017225
4529 0.017219
4530 0.017213
4531 0.017207
4532 0.017201
4533 0.017194
4534 0.017188
4535 0.017182
4536 0.017176
4537 0.017170
4538 0.017164
4539 0.017158
4540 0.017152
4541 0.017146
4542 0.017140
4543 0.017134
4544 0.017128
4545 0.017122
4546 0.017116
4547 0.017110
4548 0.017104
4549 0.017098
4550 0.017092
4551 0.017086
4552 0.017080
4553 0.017074
4554 0.017068
4555 0.017062
4556 0.017056
4557 0.017050
4558 0.017044
4559 0.017038
4560 0.017032
4561 0.017026
4562 0.017020
4563 0.017014
4564 0.017008
4565 0.017002
4566 0.016996
4567 0.016990
4568 0.016984
4569 0.016978
4570 0.016972
4571 0.016967
4572 0.016961
4573 0.016955
4574 0.016949
4575 0.016943
4576 0.016937
4577 0.016931
4578 0.016925
4579 0.016919
4580 0.016914
4581 0.016908
4582 0.016902
4583 0.016896
4584 0.016890
4585 0.016884
4586 0.016878
4587 0.016873
4588 0.016867
4589 0.016861
4590 0.016855
4591 0.016849
4592 0.016843
4593 0.016838
4594 0.016832
4595 0.016826
4596 0.016820
4597 0.016814
4598 0.016809
4599 0.016803
4600 0.016797
4601 0.016791
4602 0.016785
4603 0.016780
4604 0.016774
4605 0.016768
4606 0.016762
4607 0.016757
4608 0.016751
4609 0.016745
4610 0.016739
4611 0.016734
4612 0.016728
4613 0.016722
4614 0.016716
4615 0.016711
4616 0.016705
4617 0.016699
4618 0.016694
4619 0.016688
4620 0.016682
4621 0.016676
4622 0.016671
4623 0.016665
4624 0.016659
4625 0.016654
4626 0.016648
4627 0.016642
4628 0.016637
4629 0.016631
4630 0.016625
4631 0.016620
4632 0.016614
4633 0.016608
4634 0.016603
4635 0.016597
4636 0.016592
4637 0.016586
4638 0.016580
4639 0.016575
4640 0.016569
4641 0.016563
4642 0.016558
4643 0.016552
4644 0.016547
4645 0.016541
4646 0.016535
4647 0.016530
4648 0.016524
4649 0.016519
4650 0.016513
4651 0.016508
4652 0.016502
4653 0.016496
4654 0.016491
4655 0.016485
4656 0.016480
4657 0.016474
4658 0.016469
4659 0.016463
4660 0.016458
4661 0.016452
4662 0.016447
4663 0.016441
4664 0.016435
4665 0.016430
4666 0.016424
4667 0.016419
4668 0.016413
4669 0.016408
4670 0.016402
4671 0.016397
4672 0.016391
4673 0.016386
4674 0.016381
4675 0.016375
4676 0.016370
4677 0.016364
4678 0.016359
4679 0.016353
4680 0.016348
4681 0.016342
4682 0.016337
4683 0.016331
4684 0.016326
4685 0.016321
4686 0.016315
4687 0.016310
4688 0.016304
4689 0.016299
4690 0.016293
4691 0.016288
4692 0.016283
4693 0.016277
4694 0.016272
4695 0.016266
4696 0.016261
4697 0.016256
4698 0.016250
4699 0.016245
4700 0.016239
4701 0.016234
4702 0.016229
4703 0.016223
4704 0.016218
4705 0.016213
4706 0.016207
4707 0.016202
4708 0.016197
4709 0.016191
4710 0.016186
4711 0.016181
4712 0.016175
4713 0.016170
4714 0.016165
4715 0.016159
4716 0.016154
4717 0.016149
4718 0.016143
4719 0.016138
4720 0.016133
4721 0.016127
4722 0.016122
4723 0.016117
4724 0.016112
4725 0.016106
4726 0.016101
4727 0.016096
4728 0.016090
4729 0.016085
4730 0.016080
4731 0.016075
4732 0.016069
4733 0.016064
4734 0.016059
4735 0.016054
4736 0.016048
4737 0.016043
4738 0.016038
4739 0.016033
4740 0.016027
4741 0.016022
4742 0.016017
4743 0.016012
4744 0.016007
4745 0.016001
4746 0.015996
4747 0.015991
4748 0.015986
4749 0.015981
4750 0.015975
4751 0.015970
4752 0.015965
4753 0.015960
4754 0.015955
4755 0.015949
4756 0.015944
4757 0.015939
4758 0.015934
4759 0.015929
4760 0.015924
4761 0.015918
4762 0.015913
4763 0.015908
4764 0.015903
4765 0.015898
4766 0.015893
4767 0.015888
4768 0.015882
4769 0.015877
4770 0.015872
4771 0.015867
4772 0.015862
4773 0.015857
4774 0.015852
4775 0.015847
4776 0.015842
4777 0.015836
4778 0.015831
4779 0.015826
4780 0.015821
4781 0.015816
4782 0.015811
4783 0.015806
4784 0.015801
4785 0.015796
4786 0.015791
4787 0.015786
4788 0.015781
4789 0.015776
4790 0.015771
4791 0.015765
4792 0.015760
4793 0.015755
4794 0.015750
4795 0.015745
4796 0.015740
4797 0.015735
4798 0.015730
4799 0.015725
4800 0.015720
4801 0.015715
4802 0.015710
4803 0.015705
4804 0.015700
4805 0.015695
4806 0.015690
4807 0.015685
4808 0.015680
4809 0.015675
4810 0.015670
4811 0.015665
4812 0.015660
4813 0.015655
4814 0.015650
4815 0.015645
4816 0.015640
4817 0.015635
4818 0.015630
4819 0.015625
4820 0.015621
4821 0.015616
4822 0.015611
4823 0.015606
4824 0.015601
4825 0.015596
4826 0.015591
4827 0.015586
4828 0.015581
4829 0.015576
4830 0.015571
4831 0.015566
4832 0.015561
4833 0.015556
4834 0.015552
4835 0.015547
4836 0.015542
4837 0.015537
4838 0.015532
4839 0.015527
4840 0.015522
4841 0.015517
4842 0.015512
4843 0.015508
4844 0.015503
4845 0.015498
4846 0.015493
4847 0.015488
4848 0.015483
4849 0.015478
4850 0.015474
4851 0.015469
4852 0.015464
4853 0.015459
4854 0.015454
4855 0.015449
4856 0.015444
4857 0.015440
4858 0.015435
4859 0.015430
4860 0.015425
4861 0.015420
4862 0.015416
4863 0.015411
4864 0.015406
4865 0.015401
4866 0.015396
4867 0.015392
4868 0.015387
4869 0.015382
4870 0.015377
4871 0.015372
4872 0.015368
4873 0.015363
4874 0.015358
4875 0.015353
4876 0.015348
4877 0.015344
4878 0.015339
4879 0.015334
4880 0.015329
4881 0.015325
4882 0.015320
4883 0.015315
4884 0.015310
4885 0.015306
4886 0.015301
4887 0.015296
4888 0.015291
4889 0.015287
4890 0.015282
4891 0.015277
4892 0.015273
4893 0.015268
4894 0.015263
4895 0.015258
4896 0.015254
4897 0.015249
4898 0.015244
4899 0.015240
4900 0.015235
4901 0.015230
4902 0.015226
4903 0.015221
4904 0.015216
4905 0.015211
4906 0.015207
4907 0.015202
4908 0.015197
4909 0.015193
4910 0.015188
4911 0.015183
4912 0.015179
4913 0.015174
4914 0.015169
4915 0.015165
4916 0.015160
4917 0.015156
4918 0.015151
4919 0.015146
4920 0.015142
4921 0.015137
4922 0.015132
4923 0.015128
4924 0.015123
4925 0.015118
4926 0.015114
4927 0.015109
4928 0.015105
4929 0.015100
4930 0.015095
4931 0.015091
4932 0.015086
4933 0.015082
4934 0.015077
4935 0.015072
4936 0.015068
4937 0.015063
4938 0.015059
4939 0.015054
4940 0.015049
4941 0.015045
4942 0.015040
4943 0.015036
4944 0.015031
4945 0.015027
4946 0.015022
4947 0.015018
4948 0.015013
4949 0.015008
4950 0.015004
4951 0.014999
4952 0.014995
4953 0.014990
4954 0.014986
4955 0.014981
4956 0.014977
4957 0.014972
4958 0.014968
4959 0.014963
4960 0.014959
4961 0.014954
4962 0.014949
4963 0.014945
4964 0.014940
4965 0.014936
4966 0.014931
4967 0.014927
4968 0.014922
4969 0.014918
4970 0.014913
4971 0.014909
4972 0.014905
4973 0.014900
4974 0.014896
4975 0.014891
4976 0.014887
4977 0.014882
4978 0.014878
4979 0.014873
4980 0.014869
4981 0.014864
4982 0.014860
4983 0.014855
4984 0.014851
4985 0.014846
4986 0.014842
4987 0.014838
4988 0.014833
4989 0.014829
4990 0.014824
4991 0.014820
4992 0.014815
4993 0.014811
4994 0.014807
4995 0.014802
4996 0.014798
4997 0.014793
4998 0.014789
4999 0.014784
