0 28.844928
1 28.758417
2 29.187480
3 29.360885
4 29.448013
5 29.507712
6 29.554119
7 29.587942
8 29.602745
9 29.584966
10 29.516307
11 29.376253
12 29.132110
13 28.727303
14 28.082067
15 27.125057
16 25.863255
17 24.373316
18 22.784139
19 21.246378
20 19.852913
21 18.621067
22 17.521179
23 16.516990
24 15.583811
25 14.705993
26 13.873060
27 13.077730
28 12.314692
29 11.579896
30 10.870489
31 10.185434
32 9.526056
33 8.895298
34 8.296192
35 7.730987
36 7.201044
37 6.706901
38 6.248348
39 5.824552
40 5.434214
41 5.075725
42 4.747280
43 4.446955
44 4.172774
45 3.922747
46 3.694920
47 3.487406
48 3.298416
49 3.126273
50 2.969423
51 2.826433
52 2.695987
53 2.576879
54 2.468006
55 2.368362
56 2.277030
57 2.193175
58 2.116044
59 2.044955
60 1.979294
61 1.918511
62 1.862117
63 1.809675
64 1.760796
65 1.715136
66 1.672393
67 1.632296
68 1.594608
69 1.559119
70 1.525644
71 1.494018
72 1.464097
73 1.435751
74 1.408865
75 1.383338
76 1.359077
77 1.336001
78 1.314036
79 1.293115
80 1.273178
81 1.254169
82 1.236037
83 1.218737
84 1.202226
85 1.186462
86 1.171410
87 1.157034
88 1.143303
89 1.130185
90 1.117652
91 1.105676
92 1.094233
93 1.083297
94 1.072846
95 1.062858
96 1.053313
97 1.044191
98 1.035473
99 1.027141
100 1.019180
101 1.011573
102 1.004305
103 0.997362
104 0.990731
105 0.984399
106 0.978355
107 0.972585
108 0.967081
109 0.961831
110 0.956826
111 0.952058
112 0.947516
113 0.943194
114 0.939083
115 0.935176
116 0.931466
117 0.927947
118 0.924612
119 0.921454
120 0.918469
121 0.915651
122 0.912995
123 0.910495
124 0.908147
125 0.905947
126 0.903889
127 0.901970
128 0.900185
129 0.898531
130 0.897004
131 0.895599
132 0.894314
133 0.893144
134 0.892087
135 0.891139
136 0.890297
137 0.889558
138 0.888918
139 0.888375
140 0.887926
141 0.887568
142 0.887298
143 0.887113
144 0.887011
145 0.886989
146 0.887044
147 0.887175
148 0.887378
149 0.887651
150 0.887992
151 0.888399
152 0.888869
153 0.889399
154 0.889989
155 0.890635
156 0.891336
157 0.892089
158 0.892893
159 0.893745
160 0.894645
161 0.895588
162 0.896575
163 0.897603
164 0.898670
165 0.899775
166 0.900915
167 0.902090
168 0.903297
169 0.904536
170 0.905803
171 0.907099
172 0.908421
173 0.909768
174 0.911138
175 0.912530
176 0.913943
177 0.915375
178 0.916825
179 0.918292
180 0.919775
181 0.921271
182 0.922780
183 0.924301
184 0.925833
185 0.927374
186 0.928924
187 0.930480
188 0.932043
189 0.933612
190 0.935184
191 0.936760
192 0.938338
193 0.939918
194 0.941499
195 0.943079
196 0.944658
197 0.946236
198 0.947811
199 0.949383
200 0.950951
201 0.952514
202 0.954073
203 0.955626
204 0.957174
205 0.958714
206 0.960248
207 0.961774
208 0.963293
209 0.964804
210 0.966306
211 0.967800
212 0.969285
213 0.970761
214 0.972229
215 0.973687
216 0.975136
217 0.976576
218 0.978007
219 0.979429
220 0.980841
221 0.982245
222 0.983639
223 0.985025
224 0.986403
225 0.987772
226 0.989132
227 0.990485
228 0.991829
229 0.993166
230 0.994495
231 0.995817
232 0.997131
233 0.998438
234 0.999739
235 1.001032
236 1.002319
237 1.003599
238 1.004872
239 1.006139
240 1.007399
241 1.008652
242 1.009899
243 1.011139
244 1.012373
245 1.013599
246 1.014818
247 1.016029
248 1.017233
249 1.018429
250 1.019616
251 1.020795
252 1.021966
253 1.023126
254 1.024277
255 1.025418
256 1.026549
257 1.027668
258 1.028776
259 1.029871
260 1.030954
261 1.032024
262 1.033079
263 1.034121
264 1.035147
265 1.036159
266 1.037153
267 1.038131
268 1.039092
269 1.040035
270 1.040959
271 1.041864
272 1.042749
273 1.043613
274 1.044457
275 1.045279
276 1.046079
277 1.046856
278 1.047609
279 1.048340
280 1.049045
281 1.049727
282 1.050383
283 1.051014
284 1.051619
285 1.052198
286 1.052750
287 1.053277
288 1.053776
289 1.054248
290 1.054693
291 1.055112
292 1.055503
293 1.055867
294 1.056204
295 1.056514
296 1.056797
297 1.057053
298 1.057284
299 1.057488
300 1.057666
301 1.057819
302 1.057947
303 1.058050
304 1.058129
305 1.058184
306 1.058216
307 1.058226
308 1.058213
309 1.058179
310 1.058124
311 1.058049
312 1.057954
313 1.057840
314 1.057708
315 1.057559
316 1.057392
317 1.057210
318 1.057012
319 1.056799
320 1.056572
321 1.056332
322 1.056079
323 1.055815
324 1.055539
325 1.055252
326 1.054956
327 1.054650
328 1.054336
329 1.054014
330 1.053685
331 1.053349
332 1.053007
333 1.052660
334 1.052307
335 1.051950
336 1.051590
337 1.051226
338 1.050859
339 1.050490
340 1.050119
341 1.049746
342 1.049373
343 1.048998
344 1.048624
345 1.048249
346 1.047875
347 1.047502
348 1.047129
349 1.046758
350 1.046389
351 1.046021
352 1.045655
353 1.045292
354 1.044931
355 1.044573
356 1.044218
357 1.043865
358 1.043516
359 1.043171
360 1.042828
361 1.042490
362 1.042155
363 1.041823
364 1.041496
365 1.041172
366 1.040852
367 1.040537
368 1.040225
369 1.039918
370 1.039614
371 1.039315
372 1.039020
373 1.038729
374 1.038443
375 1.038160
376 1.037882
377 1.037608
378 1.037338
379 1.037072
380 1.036810
381 1.036552
382 1.036299
383 1.036049
384 1.035804
385 1.035562
386 1.035325
387 1.035091
388 1.034861
389 1.034635
390 1.034412
391 1.034194
392 1.033979
393 1.033767
394 1.033559
395 1.033355
396 1.033154
397 1.032957
398 1.032763
399 1.032572
400 1.032385
401 1.032201
402 1.032020
403 1.031842
404 1.031667
405 1.031495
406 1.031327
407 1.031161
408 1.030998
409 1.030838
410 1.030681
411 1.030527
412 1.030375
413 1.030226
414 1.030080
415 1.029936
416 1.029795
417 1.029657
418 1.029521
419 1.029387
420 1.029256
421 1.029127
422 1.029001
423 1.028877
424 1.028755
425 1.028636
426 1.028519
427 1.028404
428 1.028291
429 1.028180
430 1.028072
431 1.027965
432 1.027861
433 1.027758
434 1.027658
435 1.027560
436 1.027464
437 1.027369
438 1.027277
439 1.027186
440 1.027098
441 1.027011
442 1.026926
443 1.026843
444 1.026762
445 1.026682
446 1.026605
447 1.026529
448 1.026455
449 1.026383
450 1.026312
451 1.026243
452 1.026176
453 1.026111
454 1.026047
455 1.025985
456 1.025924
457 1.025865
458 1.025808
459 1.025753
460 1.025699
461 1.025646
462 1.025596
463 1.025546
464 1.025499
465 1.025453
466 1.025408
467 1.025365
468 1.025324
469 1.025284
470 1.025246
471 1.025209
472 1.025174
473 1.025140
474 1.025108
475 1.025077
476 1.025048
477 1.025020
478 1.024993
479 1.024968
480 1.024945
481 1.024923
482 1.024902
483 1.024883
484 1.024865
485 1.024849
486 1.024834
487 1.024821
488 1.024809
489 1.024798
490 1.024789
491 1.024781
492 1.024775
493 1.024769
494 1.024766
495 1.024763
496 1.024762
497 1.024763
498 1.024764
499 1.024768
500 1.024772
501 1.024778
502 1.024785
503 1.024793
504 1.024803
505 1.024814
506 1.024826
507 1.024840
508 1.024855
509 1.024871
510 1.024889
511 1.024908
512 1.024928
513 1.024949
514 1.024972
515 1.024996
516 1.025021
517 1.025047
518 1.025075
519 1.025104
520 1.025134
521 1.025165
522 1.025198
523 1.025232
524 1.025267
525 1.025303
526 1.025341
527 1.025379
528 1.025419
529 1.025460
530 1.025502
531 1.025546
532 1.025590
533 1.025636
534 1.025683
535 1.025731
536 1.025780
537 1.025831
538 1.025882
539 1.025935
540 1.025989
541 1.026044
542 1.026100
543 1.026157
544 1.026215
545 1.026275
546 1.026335
547 1.026397
548 1.026459
549 1.026523
550 1.026588
551 1.026654
552 1.026721
553 1.026789
554 1.026858
555 1.026928
556 1.026999
557 1.027071
558 1.027144
559 1.027219
560 1.027294
561 1.027370
562 1.027448
563 1.027526
564 1.027606
565 1.027686
566 1.027767
567 1.027850
568 1.027933
569 1.028018
570 1.028103
571 1.028189
572 1.028277
573 1.028365
574 1.028454
575 1.028544
576 1.028635
577 1.028727
578 1.028820
579 1.028914
580 1.029009
581 1.029105
582 1.029202
583 1.029300
584 1.029398
585 1.029498
586 1.029598
587 1.029700
588 1.029802
589 1.029905
590 1.030009
591 1.030114
592 1.030220
593 1.030327
594 1.030434
595 1.030543
596 1.030652
597 1.030762
598 1.030873
599 1.030985
600 1.031098
601 1.031212
602 1.031326
603 1.031442
604 1.031558
605 1.031675
606 1.031793
607 1.031912
608 1.032031
609 1.032152
610 1.032273
611 1.032395
612 1.032518
613 1.032642
614 1.032767
615 1.032892
616 1.033018
617 1.033145
618 1.033273
619 1.033402
620 1.033531
621 1.033662
622 1.033793
623 1.033925
624 1.034057
625 1.034191
626 1.034325
627 1.034460
628 1.034596
629 1.034733
630 1.034870
631 1.035009
632 1.035148
633 1.035288
634 1.035428
635 1.035570
636 1.035712
637 1.035855
638 1.035999
639 1.036143
640 1.036289
641 1.036435
642 1.036582
643 1.036729
644 1.036878
645 1.037027
646 1.037177
647 1.037328
648 1.037479
649 1.037632
650 1.037785
651 1.037939
652 1.038094
653 1.038249
654 1.038405
655 1.038562
656 1.038720
657 1.038879
658 1.039038
659 1.039198
660 1.039359
661 1.039521
662 1.039683
663 1.039847
664 1.040011
665 1.040175
666 1.040341
667 1.040507
668 1.040675
669 1.040842
670 1.041011
671 1.041181
672 1.041351
673 1.041522
674 1.041694
675 1.041867
676 1.042040
677 1.042215
678 1.042390
679 1.042565
680 1.042742
681 1.042920
682 1.043098
683 1.043277
684 1.043457
685 1.043638
686 1.043819
687 1.044001
688 1.044184
689 1.044368
690 1.044553
691 1.044739
692 1.044925
693 1.045112
694 1.045300
695 1.045489
696 1.045679
697 1.045869
698 1.046061
699 1.046253
700 1.046446
701 1.046640
702 1.046835
703 1.047030
704 1.047227
705 1.047424
706 1.047622
707 1.047821
708 1.048021
709 1.048222
710 1.048423
711 1.048626
712 1.048829
713 1.049033
714 1.049238
715 1.049444
716 1.049651
717 1.049859
718 1.050067
719 1.050277
720 1.050487
721 1.050699
722 1.050911
723 1.051124
724 1.051338
725 1.051553
726 1.051769
727 1.051986
728 1.052204
729 1.052423
730 1.052642
731 1.052863
732 1.053084
733 1.053307
734 1.053530
735 1.053755
736 1.053980
737 1.054206
738 1.054434
739 1.054662
740 1.054891
741 1.055121
742 1.055353
743 1.055585
744 1.055818
745 1.056052
746 1.056288
747 1.056524
748 1.056761
749 1.056999
750 1.057239
751 1.057479
752 1.057721
753 1.057963
754 1.058206
755 1.058451
756 1.058697
757 1.058943
758 1.059191
759 1.059440
760 1.059690
761 1.059941
762 1.060193
763 1.060446
764 1.060700
765 1.060956
766 1.061212
767 1.061470
768 1.061728
769 1.061988
770 1.062249
771 1.062511
772 1.062775
773 1.063039
774 1.063305
775 1.063572
776 1.063840
777 1.064109
778 1.064379
779 1.064651
780 1.064923
781 1.065197
782 1.065472
783 1.065749
784 1.066026
785 1.066305
786 1.066585
787 1.066867
788 1.067149
789 1.067433
790 1.067718
791 1.068005
792 1.068293
793 1.068582
794 1.068872
795 1.069164
796 1.069457
797 1.069751
798 1.070047
799 1.070344
800 1.070642
801 1.070942
802 1.071243
803 1.071545
804 1.071849
805 1.072154
806 1.072461
807 1.072769
808 1.073078
809 1.073389
810 1.073702
811 1.074016
812 1.074331
813 1.074648
814 1.074966
815 1.075286
816 1.075607
817 1.075930
818 1.076254
819 1.076580
820 1.076907
821 1.077236
822 1.077566
823 1.077898
824 1.078232
825 1.078567
826 1.078904
827 1.079242
828 1.079582
829 1.079924
830 1.080267
831 1.080612
832 1.080959
833 1.081307
834 1.081658
835 1.082009
836 1.082363
837 1.082718
838 1.083075
839 1.083434
840 1.083794
841 1.084157
842 1.084521
843 1.084887
844 1.085255
845 1.085624
846 1.085996
847 1.086369
848 1.086745
849 1.087122
850 1.087501
851 1.087882
852 1.088265
853 1.088650
854 1.089037
855 1.089426
856 1.089817
857 1.090210
858 1.090605
859 1.091002
860 1.091401
861 1.091802
862 1.092206
863 1.092611
864 1.093019
865 1.093429
866 1.093841
867 1.094255
868 1.094671
869 1.095090
870 1.095511
871 1.095934
872 1.096360
873 1.096787
874 1.097218
875 1.097650
876 1.098085
877 1.098522
878 1.098962
879 1.099404
880 1.099848
881 1.100295
882 1.100745
883 1.101197
884 1.101651
885 1.102109
886 1.102568
887 1.103031
888 1.103495
889 1.103963
890 1.104433
891 1.104906
892 1.105381
893 1.105860
894 1.106341
895 1.106824
896 1.107311
897 1.107800
898 1.108292
899 1.108787
900 1.109285
901 1.109786
902 1.110289
903 1.110796
904 1.111305
905 1.111818
906 1.112333
907 1.112851
908 1.113372
909 1.113897
910 1.114424
911 1.114954
912 1.115487
913 1.116024
914 1.116563
915 1.117105
916 1.117651
917 1.118199
918 1.118751
919 1.119305
920 1.119863
921 1.120424
922 1.120987
923 1.121554
924 1.122124
925 1.122696
926 1.123272
927 1.123850
928 1.124432
929 1.125016
930 1.125603
931 1.126193
932 1.126786
933 1.127381
934 1.127980
935 1.128580
936 1.129183
937 1.129789
938 1.130397
939 1.131007
940 1.131620
941 1.132235
942 1.132851
943 1.133470
944 1.134090
945 1.134713
946 1.135336
947 1.135961
948 1.136588
949 1.137215
950 1.137844
951 1.138473
952 1.139103
953 1.139734
954 1.140365
955 1.140996
956 1.141627
957 1.142258
958 1.142888
959 1.143518
960 1.144146
961 1.144774
962 1.145400
963 1.146025
964 1.146648
965 1.147269
966 1.147888
967 1.148505
968 1.149119
969 1.149730
970 1.150338
971 1.150943
972 1.151545
973 1.152143
974 1.152737
975 1.153328
976 1.153914
977 1.154496
978 1.155073
979 1.155647
980 1.156215
981 1.156779
982 1.157338
983 1.157893
984 1.158442
985 1.158987
986 1.159526
987 1.160061
988 1.160591
989 1.161116
990 1.161636
991 1.162152
992 1.162662
993 1.163168
994 1.163670
995 1.164166
996 1.164659
997 1.165147
998 1.165631
999 1.166111
1000 1.166586
1001 1.167058
1002 1.167526
1003 1.167990
1004 1.168450
1005 1.168907
1006 1.169361
1007 1.169811
1008 1.170258
1009 1.170701
1010 1.171142
1011 1.171579
1012 1.172014
1013 1.172445
1014 1.172874
1015 1.173300
1016 1.173723
1017 1.174144
1018 1.174562
1019 1.174977
1020 1.175390
1021 1.175801
1022 1.176209
1023 1.176614
1024 1.177018
1025 1.177419
1026 1.177818
1027 1.178214
1028 1.178609
1029 1.179001
1030 1.179392
1031 1.179780
1032 1.180166
1033 1.180550
1034 1.180933
1035 1.181313
1036 1.181692
1037 1.182068
1038 1.182443
1039 1.182816
1040 1.183188
1041 1.183557
1042 1.183925
1043 1.184291
1044 1.184656
1045 1.185019
1046 1.185380
1047 1.185740
1048 1.186098
1049 1.186455
1050 1.186810
1051 1.187164
1052 1.187516
1053 1.187867
1054 1.188216
1055 1.188564
1056 1.188911
1057 1.189256
1058 1.189600
1059 1.189942
1060 1.190284
1061 1.190624
1062 1.190962
1063 1.191300
1064 1.191636
1065 1.191972
1066 1.192306
1067 1.192639
1068 1.192971
1069 1.193302
1070 1.193631
1071 1.193958
1072 1.194283
1073 1.194606
1074 1.194927
1075 1.195246
1076 1.195567
1077 1.195892
1078 1.196226
1079 1.196573
1080 1.196936
1081 1.197313
1082 1.197694
1083 1.198053
1084 1.198345
1085 1.198503
1086 1.198447
1087 1.198111
1088 1.197503
1089 1.196806
1090 1.196472
1091 1.197228
1092 1.199980
1093 1.205909
1094 1.217423
1095 1.240377
1096 1.265414
1097 1.181203
1098 1.139073
1099 1.157663
1100 1.167288
1101 1.181804
1102 1.200017
1103 1.230790
1104 1.288040
1105 1.149691
1106 1.177322
1107 1.194243
1108 1.219477
1109 1.268388
1110 1.202619
1111 1.203110
1112 1.205380
1113 1.210563
1114 1.220527
1115 1.238603
1116 1.256073
1117 1.215012
1118 1.180334
1119 1.150259
1120 1.166878
1121 1.182909
1122 1.200710
1123 1.227330
1124 1.273049
1125 1.182811
1126 1.188924
1127 1.203623
1128 1.228004
1129 1.268612
1130 1.193500
1131 1.192376
1132 1.200937
1133 1.217611
1134 1.247113
1135 1.260801
1136 1.208517
1137 1.193418
1138 1.186303
1139 1.195338
1140 1.210915
1141 1.235086
1142 1.264498
1143 1.201581
1144 1.198237
1145 1.203985
1146 1.216715
1147 1.236987
1148 1.256064
1149 1.220903
1150 1.213334
1151 1.202731
1152 1.198434
1153 1.205446
1154 1.218302
1155 1.236151
1156 1.250354
1157 1.231000
1158 1.225140
1159 1.213465
1160 1.200977
1161 1.202007
1162 1.211868
1163 1.224492
1164 1.238037
1165 1.241998
1166 1.233014
1167 1.223581
1168 1.212203
1169 1.206741
1170 1.212327
1171 1.221345
1172 1.230383
1173 1.235518
1174 1.233308
1175 1.227615
1176 1.221528
1177 1.218134
1178 1.219527
1179 1.223745
1180 1.227894
1181 1.229979
1182 1.229623
1183 1.228086
1184 1.226787
1185 1.226471
1186 1.227050
1187 1.227953
1188 1.228695
1189 1.229135
1190 1.229386
1191 1.229602
1192 1.229858
1193 1.230161
1194 1.230487
1195 1.230819
1196 1.231152
1197 1.231486
1198 1.231821
1199 1.232160
1200 1.232503
1201 1.232850
1202 1.233202
1203 1.233559
1204 1.233921
1205 1.234289
1206 1.234665
1207 1.235047
1208 1.235439
1209 1.235839
1210 1.236251
1211 1.236674
1212 1.237112
1213 1.237567
1214 1.238041
1215 1.238539
1216 1.239065
1217 1.239629
1218 1.240239
1219 1.240914
1220 1.241681
1221 1.242587
1222 1.243725
1223 1.245301
1224 1.247865
1225 1.253361
1226 1.274909
1227 1.505364
1228 1.628639
1229 1.597448
1230 1.627727
1231 1.502624
1232 1.059362
1233 1.032012
1234 1.087620
1235 1.138080
1236 1.263613
1237 1.221132
1238 1.121791
1239 1.261482
1240 1.241225
1241 1.143818
1242 1.355182
1243 1.181180
1244 1.302343
1245 1.446779
1246 1.172265
1247 1.340531
1248 1.244266
1249 1.147461
1250 1.363865
1251 1.174708
1252 1.343454
1253 1.256074
1254 1.197262
1255 1.246821
1256 1.168591
1257 1.416230
1258 1.134491
1259 1.355182
1260 1.247111
1261 1.180483
1262 1.402842
1263 1.145502
1264 1.438098
1265 1.176429
1266 1.451413
1267 1.188542
1268 1.411305
1269 1.154213
1270 1.435990
1271 1.165357
1272 1.441001
1273 1.168730
1274 1.436906
1275 1.165845
1276 1.433285
1277 1.166484
1278 1.432426
1279 1.168027
1280 1.431747
1281 1.169192
1282 1.430958
1283 1.170191
1284 1.430276
1285 1.171057
1286 1.429748
1287 1.171820
1288 1.429392
1289 1.172501
1290 1.429205
1291 1.173121
1292 1.429171
1293 1.173703
1294 1.429263
1295 1.174273
1296 1.429444
1297 1.174857
1298 1.429669
1299 1.175482
1300 1.429885
1301 1.176177
1302 1.430032
1303 1.176980
1304 1.430026
1305 1.177949
1306 1.429726
1307 1.179207
1308 1.428816
1309 1.181098
1310 1.426308
1311 1.184940
1312 1.417298
1313 1.199748
1314 1.343670
1315 1.520369
1316 1.160483
1317 1.352759
1318 1.468599
1319 1.131080
1320 1.267560
1321 1.150056
1322 1.398810
1323 1.232636
1324 1.174962
1325 1.479748
1326 1.126615
1327 1.267245
1328 1.170037
1329 1.537403
1330 1.202075
1331 1.479762
1332 1.137247
1333 1.326811
1334 1.617546
1335 1.203500
1336 1.431274
1337 1.176074
1338 1.454504
1339 1.150499
1340 1.384762
1341 1.382116
1342 1.401139
1343 1.306793
1344 1.338560
1345 1.533679
1346 1.087303
1347 1.152596
1348 1.345067
1349 1.554033
1350 1.109625
1351 1.183105
1352 1.416937
1353 1.258927
1354 1.123903
1355 1.257140
1356 1.121478
1357 1.269378
1358 1.146628
1359 1.518882
1360 1.131475
1361 1.299253
1362 1.517270
1363 1.135702
1364 1.333738
1365 1.654452
1366 1.156781
1367 1.418762
1368 1.306816
1369 1.406725
1370 1.330336
1371 1.598333
1372 1.106585
1373 1.194965
1374 1.476404
1375 1.163808
1376 1.452180
1377 1.232451
1378 1.275814
1379 1.131216
1380 1.324480
1381 1.649090
1382 1.081147
1383 1.174450
1384 1.564528
1385 1.125771
1386 1.279397
1387 1.175281
1388 1.611755
1389 1.128349
1390 1.290475
1391 1.229727
1392 1.325760
1393 1.674322
1394 1.077793
1395 1.195285
1396 1.624532
1397 1.127913
1398 1.304403
1399 1.368689
1400 1.659008
1401 1.118696
1402 1.271087
1403 1.190083
1404 1.638817
1405 1.108705
1406 1.252147
1407 1.265360
1408 1.181650
1409 1.679068
1410 1.091303
1411 1.231467
1412 1.476435
1413 1.199879
1414 1.665805
1415 1.137632
1416 1.410848
1417 1.601432
1418 1.203060
1419 1.589839
1420 1.222189
1421 1.537950
1422 1.252795
1423 1.350912
1424 1.636171
1425 1.148920
1426 1.363937
1427 1.613346
1428 1.173997
1429 1.419175
1430 1.517227
1431 1.284065
1432 1.205908
1433 1.460288
1434 1.279526
1435 1.132710
1436 1.309769
1437 1.279754
1438 1.085863
1439 1.130118
1440 1.391744
1441 1.586323
1442 1.040682
1443 1.288300
1444 1.182665
1445 1.650539
1446 1.075804
1447 1.251817
1448 1.343775
1449 1.686249
1450 1.095135
1451 1.257819
1452 1.317642
1453 1.430937
1454 1.431709
1455 1.477994
1456 1.330650
1457 1.307621
1458 1.201861
1459 1.602564
1460 1.030529
1461 1.314901
1462 1.245797
1463 1.325321
1464 1.579226
1465 1.015441
1466 1.373193
1467 1.639653
1468 1.173421
1469 1.426859
1470 1.530503
1471 1.324969
1472 1.217531
1473 1.459834
1474 1.360933
1475 1.407918
1476 1.486322
1477 1.305261
1478 1.142062
1479 1.302433
1480 1.111038
1481 1.210312
1482 1.530245
1483 1.030850
1484 1.245219
1485 1.337937
1486 1.514615
1487 1.127664
1488 1.290019
1489 1.136732
1490 1.404905
1491 1.567113
1492 1.118433
1493 1.258955
1494 1.306764
1495 1.174218
1496 1.628090
1497 1.005779
1498 1.389607
1499 1.569627
1500 1.260205
1501 1.362772
1502 1.396651
1503 1.519175
1504 1.283842
1505 1.234657
1506 1.382431
1507 1.522993
1508 1.196683
1509 1.378087
1510 1.404809
1511 1.420758
1512 1.383170
1513 1.319024
1514 1.084279
1515 1.104116
1516 1.162689
1517 1.403630
1518 1.464128
1519 1.300235
1520 1.101319
1521 1.156890
1522 1.385978
1523 1.499654
1524 1.217013
1525 1.363665
1526 1.333523
1527 1.179612
1528 1.419740
1529 1.373611
1530 1.368517
1531 1.335556
1532 1.164729
1533 1.347796
1534 1.308922
1535 1.042704
1536 1.059906
1537 1.075868
1538 1.109067
1539 1.217921
1540 1.528384
1541 1.091788
1542 1.183626
1543 1.491191
1544 1.302411
1545 1.172385
1546 1.464575
1547 1.355892
1548 1.268960
1549 1.242171
1550 1.367153
1551 1.547648
1552 1.082396
1553 1.164475
1554 1.377752
1555 1.408130
1556 1.429151
1557 1.384308
1558 1.279442
1559 1.200948
1560 1.405573
1561 1.404491
1562 1.363648
1563 1.223117
1564 1.338513
1565 1.166087
1566 1.360894
1567 1.332921
1568 1.156314
1569 1.350961
1570 1.306730
1571 1.016100
1572 1.135327
1573 1.310540
1574 1.071274
1575 1.083177
1576 1.129573
1577 1.338290
1578 1.310672
1579 1.123494
1580 1.339510
1581 1.385352
1582 1.532870
1583 1.121666
1584 1.232449
1585 1.394542
1586 1.399093
1587 1.360141
1588 1.208654
1589 1.380193
1590 1.335461
1591 1.126316
1592 1.256033
1593 1.276012
1594 1.130296
1595 1.343014
1596 1.330152
1597 1.221144
1598 1.463328
1599 1.190274
1600 1.394074
1601 1.366934
1602 1.248441
1603 1.286707
1604 1.076309
1605 1.084556
1606 1.123810
1607 1.284453
1608 1.133319
1609 1.363244
1610 1.415312
1611 1.386759
1612 1.324869
1613 1.086232
1614 1.133264
1615 1.293658
1616 1.129143
1617 1.319963
1618 1.124793
1619 1.323256
1620 1.158967
1621 1.472584
1622 1.252602
1623 1.337673
1624 1.164602
1625 1.399234
1626 1.378951
1627 1.276882
1628 1.219221
1629 1.384159
1630 1.335518
1631 1.104598
1632 1.185977
1633 1.375713
1634 1.295230
1635 1.111250
1636 1.219157
1637 1.389391
1638 1.344010
1639 1.130068
1640 1.261284
1641 1.261126
1642 1.247460
1643 1.312762
1644 1.065548
1645 1.080686
1646 1.134729
1647 1.343240
1648 1.217102
1649 1.426523
1650 1.342822
1651 1.116643
1652 1.228017
1653 1.362135
1654 1.222266
1655 1.358194
1656 1.201471
1657 1.352725
1658 1.164209
1659 1.327306
1660 1.073213
1661 1.104921
1662 1.200940
1663 1.368739
1664 1.230206
1665 1.347592
1666 1.137978
1667 1.288569
1668 1.172480
1669 1.362600
1670 1.220115
1671 1.349822
1672 1.143669
1673 1.294799
1674 1.134596
1675 1.291030
1676 1.144076
1677 1.327818
1678 1.087596
1679 1.153454
1680 1.340419
1681 1.123078
1682 1.264871
1683 1.290296
1684 1.164480
1685 1.374205
1686 1.268095
1687 1.264041
1688 1.271967
1689 1.227122
1690 1.370335
1691 1.268002
1692 1.236151
1693 1.329995
1694 1.066633
1695 1.078819
1696 1.116147
1697 1.229793
1698 1.331830
1699 1.082457
1700 1.135315
1701 1.273956
1702 1.262532
1703 1.292575
1704 1.169749
1705 1.343729
1706 1.108276
1707 1.214041
1708 1.332176
1709 1.087931
1710 1.151933
1711 1.296014
1712 1.199452
1713 1.326697
1714 1.102023
1715 1.191840
1716 1.318213
1717 1.133550
1718 1.261518
1719 1.291557
1720 1.211047
1721 1.319996
1722 1.109790
1723 1.208634
1724 1.309365
1725 1.153649
1726 1.280574
1727 1.241718
1728 1.296141
1729 1.184309
1730 1.291818
1731 1.196845
1732 1.285112
1733 1.212804
1734 1.276937
1735 1.226554
1736 1.267281
1737 1.236392
1738 1.255851
1739 1.240384
1740 1.243383
1741 1.235777
1742 1.230652
1743 1.223359
1744 1.215171
1745 1.206012
1746 1.196001
1747 1.185088
1748 1.173072
1749 1.159580
1750 1.143905
1751 1.124640
1752 1.099035
1753 1.063667
1754 1.029298
1755 1.037025
1756 1.044010
1757 1.052987
1758 1.064005
1759 1.078620
1760 1.099709
1761 1.132203
1762 1.176411
1763 1.205758
1764 1.204958
1765 1.195641
1766 1.185553
1767 1.175762
1768 1.166709
1769 1.158700
1770 1.151934
1771 1.146502
1772 1.142386
1773 1.139455
1774 1.137488
1775 1.136204
1776 1.135308
1777 1.134548
1778 1.133752
1779 1.132835
1780 1.131795
1781 1.130675
1782 1.129538
1783 1.128438
1784 1.127410
1785 1.126469
1786 1.125609
1787 1.124816
1788 1.124073
1789 1.123364
1790 1.122677
1791 1.122005
1792 1.121346
1793 1.120696
1794 1.120057
1795 1.119427
1796 1.118805
1797 1.118189
1798 1.117579
1799 1.116973
1800 1.116369
1801 1.115766
1802 1.115164
1803 1.114560
1804 1.113955
1805 1.113347
1806 1.112737
1807 1.112123
1808 1.111506
1809 1.110885
1810 1.110259
1811 1.109629
1812 1.108994
1813 1.108354
1814 1.107708
1815 1.107058
1816 1.106401
1817 1.105739
1818 1.105072
1819 1.104398
1820 1.103719
1821 1.103034
1822 1.102343
1823 1.101646
1824 1.100943
1825 1.100234
1826 1.099519
1827 1.098798
1828 1.098071
1829 1.097337
1830 1.096598
1831 1.095853
1832 1.095102
1833 1.094344
1834 1.093581
1835 1.092811
1836 1.092036
1837 1.091254
1838 1.090467
1839 1.089673
1840 1.088874
1841 1.088068
1842 1.087256
1843 1.086439
1844 1.085615
1845 1.084786
1846 1.083950
1847 1.083109
1848 1.082261
1849 1.081408
1850 1.080549
1851 1.079684
1852 1.078813
1853 1.077936
1854 1.077053
1855 1.076165
1856 1.075270
1857 1.074370
1858 1.073464
1859 1.072553
1860 1.071635
1861 1.070712
1862 1.069784
1863 1.068850
1864 1.067910
1865 1.066964
1866 1.066014
1867 1.065057
1868 1.064096
1869 1.063128
1870 1.062156
1871 1.061178
1872 1.060195
1873 1.059207
1874 1.058214
1875 1.057216
1876 1.056213
1877 1.055205
1878 1.054192
1879 1.053174
1880 1.052151
1881 1.051124
1882 1.050092
1883 1.049056
1884 1.048016
1885 1.046971
1886 1.045921
1887 1.044868
1888 1.043811
1889 1.042749
1890 1.041684
1891 1.040615
1892 1.039542
1893 1.038466
1894 1.037386
1895 1.036303
1896 1.035216
1897 1.034126
1898 1.033034
1899 1.031938
1900 1.030839
1901 1.029738
1902 1.028634
1903 1.027527
1904 1.026418
1905 1.025307
1906 1.024193
1907 1.023078
1908 1.021960
1909 1.020841
1910 1.019720
1911 1.018597
1912 1.017473
1913 1.016347
1914 1.015220
1915 1.014092
1916 1.012963
1917 1.011833
1918 1.010702
1919 1.009570
1920 1.008438
1921 1.007306
1922 1.006173
1923 1.005039
1924 1.003906
1925 1.002772
1926 1.001639
1927 1.000506
1928 0.999372
1929 0.998240
1930 0.997108
1931 0.995976
1932 0.994845
1933 0.993715
1934 0.992585
1935 0.991457
1936 0.990330
1937 0.989203
1938 0.988078
1939 0.986955
1940 0.985832
1941 0.984711
1942 0.983592
1943 0.982474
1944 0.981358
1945 0.980243
1946 0.979131
1947 0.978020
1948 0.976911
1949 0.975804
1950 0.974700
1951 0.973597
1952 0.972497
1953 0.971399
1954 0.970303
1955 0.969210
1956 0.968118
1957 0.967030
1958 0.965944
1959 0.964860
1960 0.963779
1961 0.962700
1962 0.961625
1963 0.960551
1964 0.959481
1965 0.958413
1966 0.957348
1967 0.956286
1968 0.955227
1969 0.954170
1970 0.953116
1971 0.952065
1972 0.951017
1973 0.949972
1974 0.948930
1975 0.947891
1976 0.946855
1977 0.945821
1978 0.944791
1979 0.943764
1980 0.942739
1981 0.941718
1982 0.940699
1983 0.939684
1984 0.938672
1985 0.937662
1986 0.936655
1987 0.935652
1988 0.934651
1989 0.933654
1990 0.932659
1991 0.931667
1992 0.930679
1993 0.929693
1994 0.928710
1995 0.927730
1996 0.926753
1997 0.925779
1998 0.924808
1999 0.923839
2000 0.922874
2001 0.921911
2002 0.920951
2003 0.919994
2004 0.919040
2005 0.918089
2006 0.917140
2007 0.916194
2008 0.915251
2009 0.914311
2010 0.913373
2011 0.912438
2012 0.911505
2013 0.910576
2014 0.909648
2015 0.908724
2016 0.907802
2017 0.906883
2018 0.905966
2019 0.905052
2020 0.904140
2021 0.903230
2022 0.902324
2023 0.901419
2024 0.900517
2025 0.899618
2026 0.898721
2027 0.897826
2028 0.896934
2029 0.896043
2030 0.895156
2031 0.894270
2032 0.893387
2033 0.892506
2034 0.891627
2035 0.890751
2036 0.889876
2037 0.889004
2038 0.888134
2039 0.887266
2040 0.886400
2041 0.885537
2042 0.884675
2043 0.883815
2044 0.882958
2045 0.882102
2046 0.881249
2047 0.880397
2048 0.879547
2049 0.878700
2050 0.877854
2051 0.877010
2052 0.876168
2053 0.875328
2054 0.874489
2055 0.873653
2056 0.872818
2057 0.871985
2058 0.871154
2059 0.870325
2060 0.869498
2061 0.868672
2062 0.867848
2063 0.867025
2064 0.866204
2065 0.865385
2066 0.864568
2067 0.863752
2068 0.862938
2069 0.862125
2070 0.861314
2071 0.860505
2072 0.859697
2073 0.858891
2074 0.858086
2075 0.857283
2076 0.856481
2077 0.855681
2078 0.854882
2079 0.854085
2080 0.853289
2081 0.852495
2082 0.851702
2083 0.850910
2084 0.850120
2085 0.849332
2086 0.848544
2087 0.847758
2088 0.846974
2089 0.846191
2090 0.845409
2091 0.844628
2092 0.843849
2093 0.843071
2094 0.842294
2095 0.841519
2096 0.840745
2097 0.839972
2098 0.839201
2099 0.838430
2100 0.837661
2101 0.836894
2102 0.836127
2103 0.835362
2104 0.834598
2105 0.833835
2106 0.833073
2107 0.832312
2108 0.831553
2109 0.830795
2110 0.830038
2111 0.829282
2112 0.828527
2113 0.827773
2114 0.827021
2115 0.826270
2116 0.825519
2117 0.824770
2118 0.824022
2119 0.823275
2120 0.822530
2121 0.821785
2122 0.821041
2123 0.820299
2124 0.819557
2125 0.818817
2126 0.818077
2127 0.817339
2128 0.816602
2129 0.815866
2130 0.815131
2131 0.814396
2132 0.813663
2133 0.812931
2134 0.812200
2135 0.811470
2136 0.810741
2137 0.810013
2138 0.809287
2139 0.808561
2140 0.807836
2141 0.807112
2142 0.806389
2143 0.805667
2144 0.804946
2145 0.804226
2146 0.803507
2147 0.802789
2148 0.802072
2149 0.801356
2150 0.800641
2151 0.799927
2152 0.799214
2153 0.798502
2154 0.797791
2155 0.797081
2156 0.796372
2157 0.795664
2158 0.794956
2159 0.794250
2160 0.793545
2161 0.792840
2162 0.792137
2163 0.791435
2164 0.790733
2165 0.790033
2166 0.789333
2167 0.788635
2168 0.787937
2169 0.787240
2170 0.786545
2171 0.785850
2172 0.785156
2173 0.784463
2174 0.783772
2175 0.783081
2176 0.782391
2177 0.781702
2178 0.781014
2179 0.780327
2180 0.779641
2181 0.778955
2182 0.778271
2183 0.777588
2184 0.776906
2185 0.776225
2186 0.775544
2187 0.774865
2188 0.774187
2189 0.773509
2190 0.772833
2191 0.772157
2192 0.771483
2193 0.770809
2194 0.770137
2195 0.769465
2196 0.768795
2197 0.768125
2198 0.767456
2199 0.766789
2200 0.766122
2201 0.765457
2202 0.764792
2203 0.764128
2204 0.763466
2205 0.762804
2206 0.762143
2207 0.761484
2208 0.760825
2209 0.760167
2210 0.759511
2211 0.758855
2212 0.758200
2213 0.757547
2214 0.756894
2215 0.756243
2216 0.755592
2217 0.754943
2218 0.754294
2219 0.753647
2220 0.753000
2221 0.752355
2222 0.751711
2223 0.751067
2224 0.750425
2225 0.749784
2226 0.749144
2227 0.748505
2228 0.747867
2229 0.747230
2230 0.746594
2231 0.745959
2232 0.745325
2233 0.744693
2234 0.744061
2235 0.743430
2236 0.742801
2237 0.742173
2238 0.741545
2239 0.740919
2240 0.740294
2241 0.739670
2242 0.739047
2243 0.738426
2244 0.737805
2245 0.737185
2246 0.736567
2247 0.735950
2248 0.735334
2249 0.734719
2250 0.734105
2251 0.733492
2252 0.732880
2253 0.732270
2254 0.731660
2255 0.731052
2256 0.730445
2257 0.729839
2258 0.729235
2259 0.728631
2260 0.728029
2261 0.727428
2262 0.726828
2263 0.726229
2264 0.725631
2265 0.725035
2266 0.724439
2267 0.723845
2268 0.723252
2269 0.722661
2270 0.722070
2271 0.721481
2272 0.720893
2273 0.720306
2274 0.719721
2275 0.719136
2276 0.718553
2277 0.717971
2278 0.717390
2279 0.716811
2280 0.716233
2281 0.715656
2282 0.715080
2283 0.714506
2284 0.713933
2285 0.713361
2286 0.712790
2287 0.712221
2288 0.711653
2289 0.711086
2290 0.710520
2291 0.709956
2292 0.709393
2293 0.708832
2294 0.708271
2295 0.707712
2296 0.707154
2297 0.706598
2298 0.706043
2299 0.705489
2300 0.704937
2301 0.704385
2302 0.703836
2303 0.703287
2304 0.702740
2305 0.702194
2306 0.701650
2307 0.701107
2308 0.700565
2309 0.700025
2310 0.699486
2311 0.698948
2312 0.698412
2313 0.697877
2314 0.697343
2315 0.696811
2316 0.696280
2317 0.695751
2318 0.695223
2319 0.694696
2320 0.694171
2321 0.693647
2322 0.693125
2323 0.692604
2324 0.692084
2325 0.691566
2326 0.691049
2327 0.690534
2328 0.690020
2329 0.689508
2330 0.688997
2331 0.688487
2332 0.687979
2333 0.687472
2334 0.686967
2335 0.686463
2336 0.685961
2337 0.685460
2338 0.684961
2339 0.684463
2340 0.683966
2341 0.683471
2342 0.682978
2343 0.682486
2344 0.681995
2345 0.681506
2346 0.681018
2347 0.680532
2348 0.680048
2349 0.679565
2350 0.679083
2351 0.678603
2352 0.678124
2353 0.677647
2354 0.677172
2355 0.676698
2356 0.676225
2357 0.675754
2358 0.675285
2359 0.674817
2360 0.674351
2361 0.673886
2362 0.673422
2363 0.672961
2364 0.672500
2365 0.672042
2366 0.671585
2367 0.671129
2368 0.670675
2369 0.670223
2370 0.669772
2371 0.669322
2372 0.668875
2373 0.668428
2374 0.667984
2375 0.667541
2376 0.667099
2377 0.666660
2378 0.666221
2379 0.665785
2380 0.665349
2381 0.664916
2382 0.664484
2383 0.664054
2384 0.663625
2385 0.663198
2386 0.662772
2387 0.662348
2388 0.661926
2389 0.661505
2390 0.661086
2391 0.660669
2392 0.660253
2393 0.659839
2394 0.659426
2395 0.659015
2396 0.658606
2397 0.658198
2398 0.657792
2399 0.657387
2400 0.656984
2401 0.656583
2402 0.656184
2403 0.655786
2404 0.655389
2405 0.654994
2406 0.654601
2407 0.654210
2408 0.653820
2409 0.653432
2410 0.653046
2411 0.652661
2412 0.652277
2413 0.651896
2414 0.651516
2415 0.651138
2416 0.650761
2417 0.650386
2418 0.650013
2419 0.649641
2420 0.649271
2421 0.648903
2422 0.648536
2423 0.648171
2424 0.647807
2425 0.647446
2426 0.647086
2427 0.646727
2428 0.646370
2429 0.646015
2430 0.645662
2431 0.645310
2432 0.644960
2433 0.644611
2434 0.644264
2435 0.643919
2436 0.643575
2437 0.643233
2438 0.642893
2439 0.642555
2440 0.642218
2441 0.641882
2442 0.641549
2443 0.641217
2444 0.640886
2445 0.640557
2446 0.640230
2447 0.639905
2448 0.639581
2449 0.639259
2450 0.638939
2451 0.638620
2452 0.638302
2453 0.637987
2454 0.637673
2455 0.637361
2456 0.637050
2457 0.636741
2458 0.636433
2459 0.636128
2460 0.635823
2461 0.635521
2462 0.635220
2463 0.634920
2464 0.634623
2465 0.634327
2466 0.634032
2467 0.633739
2468 0.633448
2469 0.633158
2470 0.632870
2471 0.632584
2472 0.632299
2473 0.632016
2474 0.631734
2475 0.631454
2476 0.631175
2477 0.630898
2478 0.630623
2479 0.630349
2480 0.630077
2481 0.629806
2482 0.629537
2483 0.629270
2484 0.629004
2485 0.628739
2486 0.628476
2487 0.628215
2488 0.627955
2489 0.627697
2490 0.627440
2491 0.627185
2492 0.626931
2493 0.626679
2494 0.626428
2495 0.626179
2496 0.625931
2497 0.625685
2498 0.625440
2499 0.625197
2500 0.624955
2501 0.624715
2502 0.624476
2503 0.624239
2504 0.624003
2505 0.623769
2506 0.623536
2507 0.623304
2508 0.623074
2509 0.622846
2510 0.622619
2511 0.622393
2512 0.622169
2513 0.621946
2514 0.621724
2515 0.621504
2516 0.621285
2517 0.621068
2518 0.620852
2519 0.620637
2520 0.620424
2521 0.620212
2522 0.620002
2523 0.619793
2524 0.619585
2525 0.619378
2526 0.619173
2527 0.618969
2528 0.618767
2529 0.618566
2530 0.618366
2531 0.618167
2532 0.617970
2533 0.617774
2534 0.617579
2535 0.617385
2536 0.617193
2537 0.617002
2538 0.616812
2539 0.616624
2540 0.616436
2541 0.616250
2542 0.616065
2543 0.615882
2544 0.615699
2545 0.615518
2546 0.615337
2547 0.615158
2548 0.614981
2549 0.614804
2550 0.614628
2551 0.614454
2552 0.614280
2553 0.614108
2554 0.613937
2555 0.613767
2556 0.613598
2557 0.613430
2558 0.613263
2559 0.613098
2560 0.612933
2561 0.612769
2562 0.612607
2563 0.612445
2564 0.612284
2565 0.612125
2566 0.611966
2567 0.611808
2568 0.611651
2569 0.611496
2570 0.611341
2571 0.611187
2572 0.611034
2573 0.610882
2574 0.610731
2575 0.610580
2576 0.610431
2577 0.610282
2578 0.610134
2579 0.609987
2580 0.609841
2581 0.609696
2582 0.609551
2583 0.609407
2584 0.609264
2585 0.609122
2586 0.608981
2587 0.608840
2588 0.608700
2589 0.608560
2590 0.608422
2591 0.608284
2592 0.608146
2593 0.608010
2594 0.607874
2595 0.607738
2596 0.607603
2597 0.607469
2598 0.607335
2599 0.607202
2600 0.607069
2601 0.606937
2602 0.606805
2603 0.606674
2604 0.606543
2605 0.606412
2606 0.606282
2607 0.606153
2608 0.606024
2609 0.605895
2610 0.605766
2611 0.605638
2612 0.605510
2613 0.605383
2614 0.605255
2615 0.605128
2616 0.605001
2617 0.604874
2618 0.604748
2619 0.604621
2620 0.604495
2621 0.604369
2622 0.604243
2623 0.604116
2624 0.603990
2625 0.603864
2626 0.603738
2627 0.603612
2628 0.603486
2629 0.603359
2630 0.603233
2631 0.603106
2632 0.602979
2633 0.602852
2634 0.602725
2635 0.602597
2636 0.602469
2637 0.602341
2638 0.602212
2639 0.602083
2640 0.601953
2641 0.601823
2642 0.601693
2643 0.601562
2644 0.601430
2645 0.601298
2646 0.601165
2647 0.601031
2648 0.600897
2649 0.600762
2650 0.600626
2651 0.600490
2652 0.600352
2653 0.600214
2654 0.600074
2655 0.599934
2656 0.599793
2657 0.599650
2658 0.599507
2659 0.599362
2660 0.599217
2661 0.599070
2662 0.598922
2663 0.598772
2664 0.598621
2665 0.598469
2666 0.598316
2667 0.598161
2668 0.598004
2669 0.597846
2670 0.597687
2671 0.597525
2672 0.597363
2673 0.597198
2674 0.597032
2675 0.596864
2676 0.596694
2677 0.596523
2678 0.596349
2679 0.596174
2680 0.595996
2681 0.595817
2682 0.595636
2683 0.595452
2684 0.595267
2685 0.595079
2686 0.594889
2687 0.594697
2688 0.594503
2689 0.594307
2690 0.594108
2691 0.593907
2692 0.593703
2693 0.593497
2694 0.593289
2695 0.593078
2696 0.592865
2697 0.592649
2698 0.592431
2699 0.592210
2700 0.591987
2701 0.591761
2702 0.591533
2703 0.591302
2704 0.591068
2705 0.590832
2706 0.590593
2707 0.590351
2708 0.590106
2709 0.589859
2710 0.589610
2711 0.589357
2712 0.589102
2713 0.588844
2714 0.588583
2715 0.588320
2716 0.588054
2717 0.587785
2718 0.587513
2719 0.587239
2720 0.586962
2721 0.586682
2722 0.586399
2723 0.586114
2724 0.585826
2725 0.585536
2726 0.585242
2727 0.584946
2728 0.584648
2729 0.584347
2730 0.584043
2731 0.583736
2732 0.583427
2733 0.583116
2734 0.582802
2735 0.582485
2736 0.582166
2737 0.581844
2738 0.581520
2739 0.581193
2740 0.580864
2741 0.580533
2742 0.580199
2743 0.579863
2744 0.579525
2745 0.579184
2746 0.578841
2747 0.578496
2748 0.578149
2749 0.577799
2750 0.577448
2751 0.577094
2752 0.576738
2753 0.576380
2754 0.576020
2755 0.575658
2756 0.575295
2757 0.574929
2758 0.574561
2759 0.574192
2760 0.573820
2761 0.573447
2762 0.573072
2763 0.572695
2764 0.572317
2765 0.571937
2766 0.571555
2767 0.571172
2768 0.570787
2769 0.570400
2770 0.570012
2771 0.569623
2772 0.569231
2773 0.568839
2774 0.568445
2775 0.568050
2776 0.567653
2777 0.567255
2778 0.566856
2779 0.566455
2780 0.566054
2781 0.565651
2782 0.565246
2783 0.564841
2784 0.564434
2785 0.564027
2786 0.563618
2787 0.563208
2788 0.562797
2789 0.562386
2790 0.561973
2791 0.561559
2792 0.561144
2793 0.560728
2794 0.560312
2795 0.559894
2796 0.559476
2797 0.559057
2798 0.558637
2799 0.558216
2800 0.557795
2801 0.557372
2802 0.556949
2803 0.556525
2804 0.556101
2805 0.555676
2806 0.555250
2807 0.554823
2808 0.554396
2809 0.553968
2810 0.553540
2811 0.553111
2812 0.552681
2813 0.552251
2814 0.551821
2815 0.551390
2816 0.550958
2817 0.550526
2818 0.550093
2819 0.549660
2820 0.549226
2821 0.548792
2822 0.548358
2823 0.547923
2824 0.547488
2825 0.547052
2826 0.546616
2827 0.546180
2828 0.545743
2829 0.545306
2830 0.544868
2831 0.544430
2832 0.543992
2833 0.543554
2834 0.543115
2835 0.542676
2836 0.542237
2837 0.541797
2838 0.541357
2839 0.540917
2840 0.540476
2841 0.540036
2842 0.539595
2843 0.539153
2844 0.538712
2845 0.538270
2846 0.537829
2847 0.537386
2848 0.536944
2849 0.536502
2850 0.536059
2851 0.535616
2852 0.535173
2853 0.534730
2854 0.534287
2855 0.533843
2856 0.533399
2857 0.532956
2858 0.532512
2859 0.532067
2860 0.531623
2861 0.531179
2862 0.530734
2863 0.530289
2864 0.529844
2865 0.529399
2866 0.528954
2867 0.528509
2868 0.528064
2869 0.527618
2870 0.527172
2871 0.526727
2872 0.526281
2873 0.525835
2874 0.525389
2875 0.524943
2876 0.524496
2877 0.524050
2878 0.523603
2879 0.523157
2880 0.522710
2881 0.522263
2882 0.521816
2883 0.521369
2884 0.520922
2885 0.520474
2886 0.520027
2887 0.519579
2888 0.519132
2889 0.518684
2890 0.518236
2891 0.517788
2892 0.517340
2893 0.516891
2894 0.516443
2895 0.515994
2896 0.515546
2897 0.515097
2898 0.514648
2899 0.514199
2900 0.513749
2901 0.513300
2902 0.512850
2903 0.512401
2904 0.511951
2905 0.511501
2906 0.511050
2907 0.510600
2908 0.510149
2909 0.509698
2910 0.509247
2911 0.508796
2912 0.508344
2913 0.507892
2914 0.507440
2915 0.506988
2916 0.506535
2917 0.506082
2918 0.505629
2919 0.505176
2920 0.504722
2921 0.504268
2922 0.503814
2923 0.503359
2924 0.502904
2925 0.502449
2926 0.501993
2927 0.501537
2928 0.501080
2929 0.500623
2930 0.500165
2931 0.499708
2932 0.499249
2933 0.498790
2934 0.498331
2935 0.497871
2936 0.497411
2937 0.496950
2938 0.496488
2939 0.496026
2940 0.495563
2941 0.495099
2942 0.494635
2943 0.494170
2944 0.493705
2945 0.493238
2946 0.492771
2947 0.492303
2948 0.491835
2949 0.491365
2950 0.490895
2951 0.490423
2952 0.489951
2953 0.489477
2954 0.489003
2955 0.488527
2956 0.488051
2957 0.487573
2958 0.487094
2959 0.486614
2960 0.486132
2961 0.485649
2962 0.485165
2963 0.484680
2964 0.484193
2965 0.483704
2966 0.483214
2967 0.482722
2968 0.482229
2969 0.481734
2970 0.481236
2971 0.480738
2972 0.480237
2973 0.479734
2974 0.479229
2975 0.478722
2976 0.478212
2977 0.477701
2978 0.477186
2979 0.476670
2980 0.476150
2981 0.475628
2982 0.475104
2983 0.474576
2984 0.474045
2985 0.473511
2986 0.472974
2987 0.472433
2988 0.471889
2989 0.471341
2990 0.470790
2991 0.470234
2992 0.469674
2993 0.469110
2994 0.468541
2995 0.467968
2996 0.467390
2997 0.466806
2998 0.466218
2999 0.465623
3000 0.465023
3001 0.464417
3002 0.463804
3003 0.463184
3004 0.462557
3005 0.461923
3006 0.461281
3007 0.460631
3008 0.459972
3009 0.459303
3010 0.458625
3011 0.457936
3012 0.457236
3013 0.456524
3014 0.455799
3015 0.455060
3016 0.454306
3017 0.453535
3018 0.452747
3019 0.451938
3020 0.451107
3021 0.450251
3022 0.449364
3023 0.448443
3024 0.447480
3025 0.446464
3026 0.445379
3027 0.444200
3028 0.442886
3029 0.441363
3030 0.439492
3031 0.436988
3032 0.433211
3033 0.426565
3034 0.412788
3035 0.371244
3036 0.314117
3037 0.564131
3038 0.562532
3039 0.598521
3040 0.558542
3041 0.578862
3042 0.523080
3043 0.486351
3044 0.438611
3045 0.386767
3046 0.318219
3047 0.401988
3048 0.329965
3049 0.400339
3050 0.318066
3051 0.526560
3052 0.585630
3053 0.540816
3054 0.547684
3055 0.502856
3056 0.459525
3057 0.412911
3058 0.360785
3059 0.318482
3060 0.404612
3061 0.356060
3062 0.319804
3063 0.459998
3064 0.533978
3065 0.523810
3066 0.504291
3067 0.471778
3068 0.433817
3069 0.392629
3070 0.344178
3071 0.332451
3072 0.359415
3073 0.314707
3074 0.444940
3075 0.487820
3076 0.498668
3077 0.479490
3078 0.451757
3079 0.418690
3080 0.381019
3081 0.338461
3082 0.338035
3083 0.339295
3084 0.340416
3085 0.342592
3086 0.342159
3087 0.347763
3088 0.338169
3089 0.367067
3090 0.321653
3091 0.424772
3092 0.457520
3093 0.478479
3094 0.465042
3095 0.440532
3096 0.411848
3097 0.382235
3098 0.355385
3099 0.340166
3100 0.339670
3101 0.339343
3102 0.340003
3103 0.340476
3104 0.341252
3105 0.341835
3106 0.342544
3107 0.343139
3108 0.343789
3109 0.344398
3110 0.345030
3111 0.345659
3112 0.346298
3113 0.346937
3114 0.347566
3115 0.348167
3116 0.348711
3117 0.349159
3118 0.349460
3119 0.349558
3120 0.349395
3121 0.348923
3122 0.348118
3123 0.346984
3124 0.345556
3125 0.343891
3126 0.342050
3127 0.340093
3128 0.338064
3129 0.335995
3130 0.333908
3131 0.331813
3132 0.329716
3133 0.327619
3134 0.325523
3135 0.323427
3136 0.321330
3137 0.319231
3138 0.317129
3139 0.315023
3140 0.312913
3141 0.310798
3142 0.308678
3143 0.306554
3144 0.304425
3145 0.302292
3146 0.300157
3147 0.298019
3148 0.295881
3149 0.293743
3150 0.291607
3151 0.289474
3152 0.287347
3153 0.285227
3154 0.283116
3155 0.281016
3156 0.278930
3157 0.276860
3158 0.274808
3159 0.272776
3160 0.270767
3161 0.268783
3162 0.266827
3163 0.264899
3164 0.263002
3165 0.261138
3166 0.259307
3167 0.257512
3168 0.255753
3169 0.254031
3170 0.252347
3171 0.250701
3172 0.249092
3173 0.247522
3174 0.245990
3175 0.244495
3176 0.243037
3177 0.241616
3178 0.240230
3179 0.238879
3180 0.237562
3181 0.236279
3182 0.235028
3183 0.233808
3184 0.232619
3185 0.231460
3186 0.230329
3187 0.229226
3188 0.228149
3189 0.227099
3190 0.226074
3191 0.225072
3192 0.224095
3193 0.223139
3194 0.222206
3195 0.221294
3196 0.220402
3197 0.219530
3198 0.218677
3199 0.217842
3200 0.217025
3201 0.216225
3202 0.215442
3203 0.214675
3204 0.213923
3205 0.213187
3206 0.212465
3207 0.211757
3208 0.211063
3209 0.210382
3210 0.209714
3211 0.209059
3212 0.208415
3213 0.207784
3214 0.207163
3215 0.206554
3216 0.205956
3217 0.205368
3218 0.204790
3219 0.204222
3220 0.203664
3221 0.203115
3222 0.202575
3223 0.202044
3224 0.201521
3225 0.201007
3226 0.200501
3227 0.200003
3228 0.199513
3229 0.199031
3230 0.198555
3231 0.198087
3232 0.197626
3233 0.197172
3234 0.196725
3235 0.196284
3236 0.195849
3237 0.195421
3238 0.194998
3239 0.194582
3240 0.194171
3241 0.193766
3242 0.193367
3243 0.192973
3244 0.192584
3245 0.192200
3246 0.191822
3247 0.191448
3248 0.191080
3249 0.190716
3250 0.190356
3251 0.190001
3252 0.189651
3253 0.189305
3254 0.188963
3255 0.188626
3256 0.188292
3257 0.187963
3258 0.187637
3259 0.187316
3260 0.186998
3261 0.186683
3262 0.186373
3263 0.186066
3264 0.185762
3265 0.185462
3266 0.185165
3267 0.184871
3268 0.184581
3269 0.184294
3270 0.184010
3271 0.183729
3272 0.183451
3273 0.183175
3274 0.182903
3275 0.182634
3276 0.182367
3277 0.182103
3278 0.181842
3279 0.181583
3280 0.181327
3281 0.181073
3282 0.180822
3283 0.180573
3284 0.180327
3285 0.180083
3286 0.179841
3287 0.179602
3288 0.179365
3289 0.179130
3290 0.178897
3291 0.178666
3292 0.178438
3293 0.178211
3294 0.177987
3295 0.177764
3296 0.177543
3297 0.177325
3298 0.177108
3299 0.176893
3300 0.176680
3301 0.176468
3302 0.176259
3303 0.176051
3304 0.175845
3305 0.175640
3306 0.175438
3307 0.175236
3308 0.175037
3309 0.174839
3310 0.174642
3311 0.174447
3312 0.174254
3313 0.174062
3314 0.173872
3315 0.173683
3316 0.173495
3317 0.173309
3318 0.173124
3319 0.172941
3320 0.172758
3321 0.172578
3322 0.172398
3323 0.172220
3324 0.172043
3325 0.171867
3326 0.171693
3327 0.171519
3328 0.171347
3329 0.171176
3330 0.171006
3331 0.170838
3332 0.170670
3333 0.170504
3334 0.170339
3335 0.170174
3336 0.170011
3337 0.169849
3338 0.169688
3339 0.169528
3340 0.169369
3341 0.169211
3342 0.169054
3343 0.168898
3344 0.168743
3345 0.168589
3346 0.168435
3347 0.168283
3348 0.168132
3349 0.167981
3350 0.167832
3351 0.167683
3352 0.167535
3353 0.167388
3354 0.167242
3355 0.167097
3356 0.166952
3357 0.166809
3358 0.166666
3359 0.166524
3360 0.166383
3361 0.166242
3362 0.166102
3363 0.165963
3364 0.165825
3365 0.165688
3366 0.165551
3367 0.165415
3368 0.165280
3369 0.165146
3370 0.165012
3371 0.164879
3372 0.164746
3373 0.164614
3374 0.164483
3375 0.164353
3376 0.164223
3377 0.164094
3378 0.163966
3379 0.163838
3380 0.163711
3381 0.163584
3382 0.163458
3383 0.163333
3384 0.163208
3385 0.163084
3386 0.162961
3387 0.162838
3388 0.162716
3389 0.162594
3390 0.162473
3391 0.162352
3392 0.162232
3393 0.162113
3394 0.161994
3395 0.161875
3396 0.161758
3397 0.161640
3398 0.161524
3399 0.161407
3400 0.161292
3401 0.161176
3402 0.161062
3403 0.160948
3404 0.160834
3405 0.160721
3406 0.160608
3407 0.160496
3408 0.160384
3409 0.160273
3410 0.160162
3411 0.160052
3412 0.159942
3413 0.159833
3414 0.159724
3415 0.159616
3416 0.159508
3417 0.159400
3418 0.159293
3419 0.159186
3420 0.159080
3421 0.158975
3422 0.158869
3423 0.158764
3424 0.158660
3425 0.158556
3426 0.158452
3427 0.158349
3428 0.158246
3429 0.158144
3430 0.158042
3431 0.157940
3432 0.157839
3433 0.157738
3434 0.157638
3435 0.157538
3436 0.157438
3437 0.157339
3438 0.157240
3439 0.157142
3440 0.157043
3441 0.156946
3442 0.156848
3443 0.156751
3444 0.156655
3445 0.156558
3446 0.156463
3447 0.156367
3448 0.156272
3449 0.156177
3450 0.156082
3451 0.155988
3452 0.155895
3453 0.155801
3454 0.155708
3455 0.155615
3456 0.155523
3457 0.155431
3458 0.155339
3459 0.155247
3460 0.155156
3461 0.155065
3462 0.154975
3463 0.154885
3464 0.154795
3465 0.154705
3466 0.154616
3467 0.154527
3468 0.154438
3469 0.154350
3470 0.154262
3471 0.154174
3472 0.154087
3473 0.154000
3474 0.153913
3475 0.153827
3476 0.153741
3477 0.153655
3478 0.153569
3479 0.153484
3480 0.153399
3481 0.153314
3482 0.153229
3483 0.153145
3484 0.153061
3485 0.152978
3486 0.152894
3487 0.152811
3488 0.152728
3489 0.152646
3490 0.152564
3491 0.152481
3492 0.152400
3493 0.152318
3494 0.152237
3495 0.152156
3496 0.152075
3497 0.151995
3498 0.151915
3499 0.151835
3500 0.151755
3501 0.151676
3502 0.151597
3503 0.151518
3504 0.151439
3505 0.151361
3506 0.151283
3507 0.151205
3508 0.151127
3509 0.151050
3510 0.150972
3511 0.150895
3512 0.150819
3513 0.150742
3514 0.150666
3515 0.150590
3516 0.150514
3517 0.150439
3518 0.150363
3519 0.150288
3520 0.150213
3521 0.150139
3522 0.150064
3523 0.149990
3524 0.149916
3525 0.149843
3526 0.149769
3527 0.149696
3528 0.149623
3529 0.149550
3530 0.149477
3531 0.149405
3532 0.149333
3533 0.149261
3534 0.149189
3535 0.149117
3536 0.149046
3537 0.148975
3538 0.148904
3539 0.148833
3540 0.148763
3541 0.148692
3542 0.148622
3543 0.148552
3544 0.148483
3545 0.148413
3546 0.148344
3547 0.148275
3548 0.148206
3549 0.148137
3550 0.148069
3551 0.148000
3552 0.147932
3553 0.147864
3554 0.147797
3555 0.147729
3556 0.147662
3557 0.147595
3558 0.147528
3559 0.147461
3560 0.147394
3561 0.147328
3562 0.147262
3563 0.147196
3564 0.147130
3565 0.147064
3566 0.146999
3567 0.146933
3568 0.146868
3569 0.146803
3570 0.146739
3571 0.146674
3572 0.146610
3573 0.146545
3574 0.146481
3575 0.146417
3576 0.146354
3577 0.146290
3578 0.146227
3579 0.146164
3580 0.146101
3581 0.146038
3582 0.145975
3583 0.145913
3584 0.145850
3585 0.145788
3586 0.145726
3587 0.145664
3588 0.145603
3589 0.145541
3590 0.145480
3591 0.145419
3592 0.145358
3593 0.145297
3594 0.145236
3595 0.145175
3596 0.145115
3597 0.145055
3598 0.144995
3599 0.144935
3600 0.144875
3601 0.144816
3602 0.144756
3603 0.144697
3604 0.144638
3605 0.144579
3606 0.144520
3607 0.144461
3608 0.144403
3609 0.144344
3610 0.144286
3611 0.144228
3612 0.144170
3613 0.144113
3614 0.144055
3615 0.143998
3616 0.143940
3617 0.143883
3618 0.143826
3619 0.143769
3620 0.143712
3621 0.143656
3622 0.143599
3623 0.143543
3624 0.143487
3625 0.143431
3626 0.143375
3627 0.143319
3628 0.143264
3629 0.143208
3630 0.143153
3631 0.143098
3632 0.143043
3633 0.142988
3634 0.142933
3635 0.142878
3636 0.142824
3637 0.142770
3638 0.142715
3639 0.142661
3640 0.142607
3641 0.142553
3642 0.142500
3643 0.142446
3644 0.142393
3645 0.142340
3646 0.142286
3647 0.142233
3648 0.142180
3649 0.142128
3650 0.142075
3651 0.142022
3652 0.141970
3653 0.141918
3654 0.141866
3655 0.141814
3656 0.141762
3657 0.141710
3658 0.141658
3659 0.141607
3660 0.141556
3661 0.141504
3662 0.141453
3663 0.141402
3664 0.141351
3665 0.141300
3666 0.141250
3667 0.141199
3668 0.141149
3669 0.141099
3670 0.141048
3671 0.140998
3672 0.140948
3673 0.140899
3674 0.140849
3675 0.140799
3676 0.140750
3677 0.140701
3678 0.140651
3679 0.140602
3680 0.140553
3681 0.140504
3682 0.140456
3683 0.140407
3684 0.140358
3685 0.140310
3686 0.140262
3687 0.140213
3688 0.140165
3689 0.140117
3690 0.140069
3691 0.140022
3692 0.139974
3693 0.139926
3694 0.139879
3695 0.139832
3696 0.139784
3697 0.139737
3698 0.139690
3699 0.139644
3700 0.139597
3701 0.139550
3702 0.139503
3703 0.139457
3704 0.139411
3705 0.139364
3706 0.139318
3707 0.139272
3708 0.139226
3709 0.139180
3710 0.139135
3711 0.139089
3712 0.139044
3713 0.138998
3714 0.138953
3715 0.138908
3716 0.138863
3717 0.138817
3718 0.138773
3719 0.138728
3720 0.138683
3721 0.138638
3722 0.138594
3723 0.138550
3724 0.138505
3725 0.138461
3726 0.138417
3727 0.138373
3728 0.138329
3729 0.138285
3730 0.138241
3731 0.138198
3732 0.138154
3733 0.138111
3734 0.138067
3735 0.138024
3736 0.137981
3737 0.137938
3738 0.137895
3739 0.137852
3740 0.137809
3741 0.137767
3742 0.137724
3743 0.137682
3744 0.137639
3745 0.137597
3746 0.137555
3747 0.137513
3748 0.137470
3749 0.137429
3750 0.137387
3751 0.137345
3752 0.137303
3753 0.137262
3754 0.137220
3755 0.137179
3756 0.137137
3757 0.137096
3758 0.137055
3759 0.137014
3760 0.136973
3761 0.136932
3762 0.136891
3763 0.136851
3764 0.136810
3765 0.136770
3766 0.136729
3767 0.136689
3768 0.136648
3769 0.136608
3770 0.136568
3771 0.136528
3772 0.136488
3773 0.136448
3774 0.136409
3775 0.136369
3776 0.136329
3777 0.136290
3778 0.136250
3779 0.136211
3780 0.136172
3781 0.136133
3782 0.136093
3783 0.136054
3784 0.136016
3785 0.135977
3786 0.135938
3787 0.135899
3788 0.135861
3789 0.135822
3790 0.135784
3791 0.135745
3792 0.135707
3793 0.135669
3794 0.135631
3795 0.135592
3796 0.135555
3797 0.135517
3798 0.135479
3799 0.135441
3800 0.135403
3801 0.135366
3802 0.135328
3803 0.135291
3804 0.135253
3805 0.135216
3806 0.135179
3807 0.135142
3808 0.135105
3809 0.135068
3810 0.135031
3811 0.134994
3812 0.134957
3813 0.134921
3814 0.134884
3815 0.134847
3816 0.134811
3817 0.134775
3818 0.134738
3819 0.134702
3820 0.134666
3821 0.134630
3822 0.134594
3823 0.134558
3824 0.134522
3825 0.134486
3826 0.134450
3827 0.134415
3828 0.134379
3829 0.134344
3830 0.134308
3831 0.134273
3832 0.134238
3833 0.134202
3834 0.134167
3835 0.134132
3836 0.134097
3837 0.134062
3838 0.134027
3839 0.133992
3840 0.133958
3841 0.133923
3842 0.133888
3843 0.133854
3844 0.133819
3845 0.133785
3846 0.133750
3847 0.133716
3848 0.133682
3849 0.133648
3850 0.133614
3851 0.133580
3852 0.133546
3853 0.133512
3854 0.133478
3855 0.133444
3856 0.133411
3857 0.133377
3858 0.133344
3859 0.133310
3860 0.133277
3861 0.133243
3862 0.133210
3863 0.133177
3864 0.133144
3865 0.133110
3866 0.133077
3867 0.133044
3868 0.133012
3869 0.132979
3870 0.132946
3871 0.132913
3872 0.132881
3873 0.132848
3874 0.132815
3875 0.132783
3876 0.132751
3877 0.132718
3878 0.132686
3879 0.132654
3880 0.132622
3881 0.132589
3882 0.132557
3883 0.132525
3884 0.132493
3885 0.132462
3886 0.132430
3887 0.132398
3888 0.132366
3889 0.132335
3890 0.132303
3891 0.132272
3892 0.132240
3893 0.132209
3894 0.132178
3895 0.132146
3896 0.132115
3897 0.132084
3898 0.132053
3899 0.132022
3900 0.131991
3901 0.131960
3902 0.131929
3903 0.131898
3904 0.131867
3905 0.131837
3906 0.131806
3907 0.131776
3908 0.131745
3909 0.131715
3910 0.131684
3911 0.131654
3912 0.131624
3913 0.131593
3914 0.131563
3915 0.131533
3916 0.131503
3917 0.131473
3918 0.131443
3919 0.131413
3920 0.131383
3921 0.131353
3922 0.131324
3923 0.131294
3924 0.131264
3925 0.131235
3926 0.131205
3927 0.131176
3928 0.131146
3929 0.131117
3930 0.131087
3931 0.131058
3932 0.131029
3933 0.131000
3934 0.130971
3935 0.130942
3936 0.130913
3937 0.130884
3938 0.130855
3939 0.130826
3940 0.130797
3941 0.130768
3942 0.130740
3943 0.130711
3944 0.130682
3945 0.130654
3946 0.130625
3947 0.130597
3948 0.130569
3949 0.130540
3950 0.130512
3951 0.130484
3952 0.130455
3953 0.130427
3954 0.130399
3955 0.130371
3956 0.130343
3957 0.130315
3958 0.130287
3959 0.130259
3960 0.130232
3961 0.130204
3962 0.130176
3963 0.130149
3964 0.130121
3965 0.130093
3966 0.130066
3967 0.130038
3968 0.130011
3969 0.129984
3970 0.129956
3971 0.129929
3972 0.129902
3973 0.129875
3974 0.129847
3975 0.129820
3976 0.129793
3977 0.129766
3978 0.129739
3979 0.129712
3980 0.129685
3981 0.129659
3982 0.129632
3983 0.129605
3984 0.129578
3985 0.129552
3986 0.129525
3987 0.129499
3988 0.129472
3989 0.129446
3990 0.129419
3991 0.129393
3992 0.129367
3993 0.129340
3994 0.129314
3995 0.129288
3996 0.129262
3997 0.129236
3998 0.129209
3999 0.129183
4000 0.129157
4001 0.129132
4002 0.129106
4003 0.129080
4004 0.129054
4005 0.129028
4006 0.129002
4007 0.128977
4008 0.128951
4009 0.128926
4010 0.128900
4011 0.128874
4012 0.128849
4013 0.128824
4014 0.128798
4015 0.128773
4016 0.128747
4017 0.128722
4018 0.128697
4019 0.128672
4020 0.128647
4021 0.128621
4022 0.128596
4023 0.128571
4024 0.128546
4025 0.128521
4026 0.128496
4027 0.128472
4028 0.128447
4029 0.128422
4030 0.128397
4031 0.128373
4032 0.128348
4033 0.128323
4034 0.128299
4035 0.128274
4036 0.128249
4037 0.128225
4038 0.128201
4039 0.128176
4040 0.128152
4041 0.128127
4042 0.128103
4043 0.128079
4044 0.128055
4045 0.128030
4046 0.128006
4047 0.127982
4048 0.127958
4049 0.127934
4050 0.127910
4051 0.127886
4052 0.127862
4053 0.127838
4054 0.127814
4055 0.127791
4056 0.127767
4057 0.127743
4058 0.127719
4059 0.127696
4060 0.127672
4061 0.127648
4062 0.127625
4063 0.127601
4064 0.127578
4065 0.127554
4066 0.127531
4067 0.127508
4068 0.127484
4069 0.127461
4070 0.127438
4071 0.127414
4072 0.127391
4073 0.127368
4074 0.127345
4075 0.127322
4076 0.127298
4077 0.127275
4078 0.127252
4079 0.127229
4080 0.127206
4081 0.127184
4082 0.127161
4083 0.127138
4084 0.127115
4085 0.127092
4086 0.127069
4087 0.127047
4088 0.127024
4089 0.127001
4090 0.126979
4091 0.126956
4092 0.126933
4093 0.126911
4094 0.126888
4095 0.126866
4096 0.126843
4097 0.126821
4098 0.126799
4099 0.126776
4100 0.126754
4101 0.126732
4102 0.126709
4103 0.126687
4104 0.126665
4105 0.126643
4106 0.126621
4107 0.126599
4108 0.126576
4109 0.126554
4110 0.126532
4111 0.126510
4112 0.126488
4113 0.126467
4114 0.126445
4115 0.126423
4116 0.126401
4117 0.126379
4118 0.126357
4119 0.126336
4120 0.126314
4121 0.126292
4122 0.126270
4123 0.126249
4124 0.126227
4125 0.126206
4126 0.126184
4127 0.126162
4128 0.126141
4129 0.126119
4130 0.126098
4131 0.126077
4132 0.126055
4133 0.126034
4134 0.126013
4135 0.125991
4136 0.125970
4137 0.125949
4138 0.125927
4139 0.125906
4140 0.125885
4141 0.125864
4142 0.125843
4143 0.125822
4144 0.125801
4145 0.125779
4146 0.125758
4147 0.125737
4148 0.125716
4149 0.125696
4150 0.125675
4151 0.125654
4152 0.125633
4153 0.125612
4154 0.125591
4155 0.125570
4156 0.125550
4157 0.125529
4158 0.125508
4159 0.125487
4160 0.125467
4161 0.125446
4162 0.125425
4163 0.125405
4164 0.125384
4165 0.125364
4166 0.125343
4167 0.125323
4168 0.125302
4169 0.125282
4170 0.125261
4171 0.125241
4172 0.125220
4173 0.125200
4174 0.125180
4175 0.125159
4176 0.125139
4177 0.125119
4178 0.125099
4179 0.125078
4180 0.125058
4181 0.125038
4182 0.125018
4183 0.124998
4184 0.124978
4185 0.124957
4186 0.124937
4187 0.124917
4188 0.124897
4189 0.124877
4190 0.124857
4191 0.124837
4192 0.124817
4193 0.124797
4194 0.124778
4195 0.124758
4196 0.124738
4197 0.124718
4198 0.124698
4199 0.124678
4200 0.124658
4201 0.124639
4202 0.124619
4203 0.124599
4204 0.124580
4205 0.124560
4206 0.124540
4207 0.124521
4208 0.124501
4209 0.124481
4210 0.124462
4211 0.124442
4212 0.124423
4213 0.124403
4214 0.124384
4215 0.124364
4216 0.124345
4217 0.124325
4218 0.124306
4219 0.124286
4220 0.124267
4221 0.124248
4222 0.124228
4223 0.124209
4224 0.124190
4225 0.124170
4226 0.124151
4227 0.124132
4228 0.124112
4229 0.124093
4230 0.124074
4231 0.124055
4232 0.124036
4233 0.124016
4234 0.123997
4235 0.123978
4236 0.123959
4237 0.123940
4238 0.123921
4239 0.123902
4240 0.123883
4241 0.123864
4242 0.123845
4243 0.123826
4244 0.123807
4245 0.123788
4246 0.123769
4247 0.123750
4248 0.123731
4249 0.123712
4250 0.123693
4251 0.123675
4252 0.123656
4253 0.123637
4254 0.123618
4255 0.123599
4256 0.123580
4257 0.123562
4258 0.123543
4259 0.123524
4260 0.123505
4261 0.123487
4262 0.123468
4263 0.123449
4264 0.123431
4265 0.123412
4266 0.123393
4267 0.123375
4268 0.123356
4269 0.123338
4270 0.123319
4271 0.123301
4272 0.123282
4273 0.123264
4274 0.123245
4275 0.123227
4276 0.123208
4277 0.123190
4278 0.123171
4279 0.123153
4280 0.123134
4281 0.123116
4282 0.123097
4283 0.123079
4284 0.123061
4285 0.123042
4286 0.123024
4287 0.123006
4288 0.122987
4289 0.122969
4290 0.122951
4291 0.122932
4292 0.122914
4293 0.122896
4294 0.122878
4295 0.122859
4296 0.122841
4297 0.122823
4298 0.122805
4299 0.122787
4300 0.122769
4301 0.122750
4302 0.122732
4303 0.122714
4304 0.122696
4305 0.122678
4306 0.122660
4307 0.122642
4308 0.122624
4309 0.122606
4310 0.122588
4311 0.122570
4312 0.122552
4313 0.122534
4314 0.122516
4315 0.122498
4316 0.122480
4317 0.122462
4318 0.122444
4319 0.122426
4320 0.122408
4321 0.122390
4322 0.122372
4323 0.122354
4324 0.122336
4325 0.122318
4326 0.122300
4327 0.122283
4328 0.122265
4329 0.122247
4330 0.122229
4331 0.122211
4332 0.122194
4333 0.122176
4334 0.122158
4335 0.122140
4336 0.122123
4337 0.122105
4338 0.122087
4339 0.122069
4340 0.122052
4341 0.122034
4342 0.122016
4343 0.121999
4344 0.121981
4345 0.121963
4346 0.121946
4347 0.121928
4348 0.121910
4349 0.121893
4350 0.121875
4351 0.121858
4352 0.121840
4353 0.121822
4354 0.121805
4355 0.121787
4356 0.121770
4357 0.121752
4358 0.121735
4359 0.121717
4360 0.121700
4361 0.121682
4362 0.121665
4363 0.121647
4364 0.121630
4365 0.121612
4366 0.121595
4367 0.121577
4368 0.121560
4369 0.121543
4370 0.121525
4371 0.121508
4372 0.121490
4373 0.121473
4374 0.121456
4375 0.121438
4376 0.121421
4377 0.121404
4378 0.121386
4379 0.121369
4380 0.121352
4381 0.121334
4382 0.121317
4383 0.121300
4384 0.121282
4385 0.121265
4386 0.121248
4387 0.121231
4388 0.121213
4389 0.121196
4390 0.121179
4391 0.121162
4392 0.121145
4393 0.121127
4394 0.121110
4395 0.121093
4396 0.121076
4397 0.121059
4398 0.121042
4399 0.121024
4400 0.121007
4401 0.120990
4402 0.120973
4403 0.120956
4404 0.120939
4405 0.120922
4406 0.120905
4407 0.120888
4408 0.120871
4409 0.120853
4410 0.120836
4411 0.120819
4412 0.120802
4413 0.120785
4414 0.120768
4415 0.120751
4416 0.120734
4417 0.120717
4418 0.120700
4419 0.120683
4420 0.120666
4421 0.120649
4422 0.120633
4423 0.120616
4424 0.120599
4425 0.120582
4426 0.120565
4427 0.120548
4428 0.120531
4429 0.120514
4430 0.120497
4431 0.120480
4432 0.120464
4433 0.120447
4434 0.120430
4435 0.120413
4436 0.120396
4437 0.120379
4438 0.120363
4439 0.120346
4440 0.120329
4441 0.120312
4442 0.120295
4443 0.120279
4444 0.120262
4445 0.120245
4446 0.120228
4447 0.120212
4448 0.120195
4449 0.120178
4450 0.120162
4451 0.120145
4452 0.120128
4453 0.120112
4454 0.120095
4455 0.120078
4456 0.120062
4457 0.120045
4458 0.120028
4459 0.120012
4460 0.119995
4461 0.119978
4462 0.119962
4463 0.119945
4464 0.119929
4465 0.119912
4466 0.119896
4467 0.119879
4468 0.119862
4469 0.119846
4470 0.119829
4471 0.119813
4472 0.119796
4473 0.119780
4474 0.119763
4475 0.119747
4476 0.119730
4477 0.119714
4478 0.119698
4479 0.119681
4480 0.119665
4481 0.119648
4482 0.119632
4483 0.119615
4484 0.119599
4485 0.119583
4486 0.119566
4487 0.119550
4488 0.119534
4489 0.119517
4490 0.119501
4491 0.119484
4492 0.119468
4493 0.119452
4494 0.119436
4495 0.119419
4496 0.119403
4497 0.119387
4498 0.119370
4499 0.119354
4500 0.119338
4501 0.119322
4502 0.119305
4503 0.119289
4504 0.119273
4505 0.119257
4506 0.119241
4507 0.119224
4508 0.119208
4509 0.119192
4510 0.119176
4511 0.119160
4512 0.119144
4513 0.119128
4514 0.119111
4515 0.119095
4516 0.119079
4517 0.119063
4518 0.119047
4519 0.119031
4520 0.119015
4521 0.118999
4522 0.118983
4523 0.118967
4524 0.118951
4525 0.118935
4526 0.118919
4527 0.118903
4528 0.118887
4529 0.118871
4530 0.118855
4531 0.118839
4532 0.118823
4533 0.118807
4534 0.118791
4535 0.118775
4536 0.118759
4537 0.118743
4538 0.118728
4539 0.118712
4540 0.118696
4541 0.118680
4542 0.118664
4543 0.118648
4544 0.118633
4545 0.118617
4546 0.118601
4547 0.118585
4548 0.118569
4549 0.118554
4550 0.118538
4551 0.118522
4552 0.118506
4553 0.118491
4554 0.118475
4555 0.118459
4556 0.118444
4557 0.118428
4558 0.118412
4559 0.118397
4560 0.118381
4561 0.118365
4562 0.118350
4563 0.118334
4564 0.118318
4565 0.118303
4566 0.118287
4567 0.118272
4568 0.118256
4569 0.118241
4570 0.118225
4571 0.118209
4572 0.118194
4573 0.118178
4574 0.118163
4575 0.118147
4576 0.118132
4577 0.118116
4578 0.118101
4579 0.118086
4580 0.118070
4581 0.118055
4582 0.118039
4583 0.118024
4584 0.118009
4585 0.117993
4586 0.117978
4587 0.117962
4588 0.117947
4589 0.117932
4590 0.117916
4591 0.117901
4592 0.117886
4593 0.117870
4594 0.117855
4595 0.117840
4596 0.117825
4597 0.117809
4598 0.117794
4599 0.117779
4600 0.117764
4601 0.117749
4602 0.117733
4603 0.117718
4604 0.117703
4605 0.117688
4606 0.117673
4607 0.117657
4608 0.117642
4609 0.117627
4610 0.117612
4611 0.117597
4612 0.117582
4613 0.117567
4614 0.117552
4615 0.117537
4616 0.117522
4617 0.117507
4618 0.117492
4619 0.117477
4620 0.117462
4621 0.117447
4622 0.117432
4623 0.117417
4624 0.117402
4625 0.117387
4626 0.117372
4627 0.117357
4628 0.117342
4629 0.117327
4630 0.117312
4631 0.117297
4632 0.117283
4633 0.117268
4634 0.117253
4635 0.117238
4636 0.117223
4637 0.117208
4638 0.117194
4639 0.117179
4640 0.117164
4641 0.117149
4642 0.117134
4643 0.117120
4644 0.117105
4645 0.117090
4646 0.117076
4647 0.117061
4648 0.117046
4649 0.117031
4650 0.117017
4651 0.117002
4652 0.116987
4653 0.116973
4654 0.116958
4655 0.116944
4656 0.116929
4657 0.116914
4658 0.116900
4659 0.116885
4660 0.116871
4661 0.116856
4662 0.116842
4663 0.116827
4664 0.116812
4665 0.116798
4666 0.116783
4667 0.116769
4668 0.116755
4669 0.116740
4670 0.116726
4671 0.116711
4672 0.116697
4673 0.116682
4674 0.116668
4675 0.116653
4676 0.116639
4677 0.116625
4678 0.116610
4679 0.116596
4680 0.116582
4681 0.116567
4682 0.116553
4683 0.116539
4684 0.116524
4685 0.116510
4686 0.116496
4687 0.116481
4688 0.116467
4689 0.116453
4690 0.116439
4691 0.116424
4692 0.116410
4693 0.116396
4694 0.116382
4695 0.116367
4696 0.116353
4697 0.116339
4698 0.116325
4699 0.116311
4700 0.116297
4701 0.116282
4702 0.116268
4703 0.116254
4704 0.116240
4705 0.116226
4706 0.116212
4707 0.116198
4708 0.116184
4709 0.116170
4710 0.116156
4711 0.116142
4712 0.116128
4713 0.116114
4714 0.116100
4715 0.116086
4716 0.116072
4717 0.116058
4718 0.116044
4719 0.116030
4720 0.116016
4721 0.116002
4722 0.115988
4723 0.115974
4724 0.115960
4725 0.115946
4726 0.115932
4727 0.115918
4728 0.115904
4729 0.115890
4730 0.115877
4731 0.115863
4732 0.115849
4733 0.115835
4734 0.115821
4735 0.115807
4736 0.115794
4737 0.115780
4738 0.115766
4739 0.115752
4740 0.115738
4741 0.115725
4742 0.115711
4743 0.115697
4744 0.115683
4745 0.115670
4746 0.115656
4747 0.115642
4748 0.115629
4749 0.115615
4750 0.115601
4751 0.115587
4752 0.115574
4753 0.115560
4754 0.115547
4755 0.115533
4756 0.115519
4757 0.115506
4758 0.115492
4759 0.115478
4760 0.115465
4761 0.115451
4762 0.115438
4763 0.115424
4764 0.115410
4765 0.115397
4766 0.115383
4767 0.115370
4768 0.115356
4769 0.115343
4770 0.115329
4771 0.115316
4772 0.115302
4773 0.115289
4774 0.115275
4775 0.115262
4776 0.115248
4777 0.115235
4778 0.115221
4779 0.115208
4780 0.115194
4781 0.115181
4782 0.115168
4783 0.115154
4784 0.115141
4785 0.115127
4786 0.115114
4787 0.115101
4788 0.115087
4789 0.115074
4790 0.115060
4791 0.115047
4792 0.115034
4793 0.115020
4794 0.115007
4795 0.114994
4796 0.114980
4797 0.114967
4798 0.114954
4799 0.114940
4800 0.114927
4801 0.114914
4802 0.114901
4803 0.114887
4804 0.114874
4805 0.114861
4806 0.114848
4807 0.114834
4808 0.114821
4809 0.114808
4810 0.114795
4811 0.114781
4812 0.114768
4813 0.114755
4814 0.114742
4815 0.114729
4816 0.114715
4817 0.114702
4818 0.114689
4819 0.114676
4820 0.114663
4821 0.114650
4822 0.114636
4823 0.114623
4824 0.114610
4825 0.114597
4826 0.114584
4827 0.114571
4828 0.114558
4829 0.114545
4830 0.114532
4831 0.114518
4832 0.114505
4833 0.114492
4834 0.114479
4835 0.114466
4836 0.114453
4837 0.114440
4838 0.114427
4839 0.114414
4840 0.114401
4841 0.114388
4842 0.114375
4843 0.114362
4844 0.114349
4845 0.114336
4846 0.114323
4847 0.114310
4848 0.114297
4849 0.114284
4850 0.114271
4851 0.114258
4852 0.114245
4853 0.114232
4854 0.114219
4855 0.114206
4856 0.114193
4857 0.114180
4858 0.114167
4859 0.114154
4860 0.114142
4861 0.114129
4862 0.114116
4863 0.114103
4864 0.114090
4865 0.114077
4866 0.114064
4867 0.114051
4868 0.114038
4869 0.114026
4870 0.114013
4871 0.114000
4872 0.113987
4873 0.113974
4874 0.113961
4875 0.113948
4876 0.113936
4877 0.113923
4878 0.113910
4879 0.113897
4880 0.113884
4881 0.113872
4882 0.113859
4883 0.113846
4884 0.113833
4885 0.113820
4886 0.113808
4887 0.113795
4888 0.113782
4889 0.113769
4890 0.113757
4891 0.113744
4892 0.113731
4893 0.113718
4894 0.113706
4895 0.113693
4896 0.113680
4897 0.113667
4898 0.113655
4899 0.113642
4900 0.113629
4901 0.113616
4902 0.113604
4903 0.113591
4904 0.113578
4905 0.113566
4906 0.113553
4907 0.113540
4908 0.113528
4909 0.113515
4910 0.113502
4911 0.113490
4912 0.113477
4913 0.113464
4914 0.113452
4915 0.113439
4916 0.113426
4917 0.113414
4918 0.113401
4919 0.113389
4920 0.113376
4921 0.113363
4922 0.113351
4923 0.113338
4924 0.113325
4925 0.113313
4926 0.113300
4927 0.113288
4928 0.113275
4929 0.113263
4930 0.113250
4931 0.113237
4932 0.113225
4933 0.113212
4934 0.113200
4935 0.113187
4936 0.113175
4937 0.113162
4938 0.113149
4939 0.113137
4940 0.113124
4941 0.113112
4942 0.113099
4943 0.113087
4944 0.113074
4945 0.113062
4946 0.113049
4947 0.113037
4948 0.113024
4949 0.113012
4950 0.112999
4951 0.112987
4952 0.112974
4953 0.112962
4954 0.112949
4955 0.112937
4956 0.112924
4957 0.112912
4958 0.112899
4959 0.112887
4960 0.112874
4961 0.112862
4962 0.112850
4963 0.112837
4964 0.112825
4965 0.112812
4966 0.112800
4967 0.112787
4968 0.112775
4969 0.112763
4970 0.112750
4971 0.112738
4972 0.112725
4973 0.112713
4974 0.112700
4975 0.112688
4976 0.112676
4977 0.112663
4978 0.112651
4979 0.112638
4980 0.112626
4981 0.112614
4982 0.112601
4983 0.112589
4984 0.112577
4985 0.112564
4986 0.112552
4987 0.112540
4988 0.112527
4989 0.112515
4990 0.112502
4991 0.112490
4992 0.112478
4993 0.112465
4994 0.112453
4995 0.112441
4996 0.112428
4997 0.112416
4998 0.112404
4999 0.112392
