0 33.279714
1 33.655609
2 34.259085
3 34.500544
4 34.646793
5 34.759559
6 34.843483
7 34.881158
8 34.836151
9 34.653681
10 34.253277
11 33.557204
12 32.476938
13 30.842738
14 28.749923
15 26.514415
16 24.438951
17 22.642577
18 21.118367
19 19.817328
20 18.659379
21 17.575762
22 16.536726
23 15.536089
24 14.574142
25 13.652074
26 12.771735
27 11.935228
28 11.144065
29 10.398998
30 9.700353
31 9.048199
32 8.442152
33 7.881069
34 7.362959
35 6.885213
36 6.444966
37 6.039386
38 5.665812
39 5.321790
40 5.005067
41 4.713570
42 4.445392
43 4.198775
44 3.972109
45 3.763912
46 3.572814
47 3.397536
48 3.236871
49 3.089679
50 2.954880
51 2.831454
52 2.718445
53 2.614960
54 2.520170
55 2.433307
56 2.353665
57 2.280592
58 2.213491
59 2.151813
60 2.095059
61 2.042773
62 1.994541
63 1.949986
64 1.908770
65 1.870587
66 1.835160
67 1.802241
68 1.771608
69 1.743059
70 1.716415
71 1.691513
72 1.668207
73 1.646367
74 1.625874
75 1.606622
76 1.588514
77 1.571463
78 1.555392
79 1.540227
80 1.525906
81 1.512369
82 1.499563
83 1.487438
84 1.475952
85 1.465062
86 1.454732
87 1.444926
88 1.435613
89 1.426764
90 1.418351
91 1.410348
92 1.402732
93 1.395480
94 1.388572
95 1.381987
96 1.375707
97 1.369714
98 1.363993
99 1.358526
100 1.353299
101 1.348298
102 1.343509
103 1.338920
104 1.334519
105 1.330292
106 1.326231
107 1.322324
108 1.318562
109 1.314935
110 1.311434
111 1.308051
112 1.304779
113 1.301609
114 1.298535
115 1.295551
116 1.292650
117 1.289826
118 1.287076
119 1.284393
120 1.281773
121 1.279212
122 1.276707
123 1.274254
124 1.271850
125 1.269493
126 1.267178
127 1.264906
128 1.262672
129 1.260477
130 1.258317
131 1.256192
132 1.254101
133 1.252042
134 1.250015
135 1.248018
136 1.246051
137 1.244114
138 1.242206
139 1.240325
140 1.238473
141 1.236647
142 1.234849
143 1.233076
144 1.231330
145 1.229608
146 1.227911
147 1.226238
148 1.224588
149 1.222960
150 1.221354
151 1.219769
152 1.218203
153 1.216657
154 1.215128
155 1.213617
156 1.212121
157 1.210640
158 1.209172
159 1.207718
160 1.206274
161 1.204841
162 1.203418
163 1.202002
164 1.200594
165 1.199191
166 1.197795
167 1.196402
168 1.195013
169 1.193627
170 1.192243
171 1.190861
172 1.189480
173 1.188100
174 1.186720
175 1.185341
176 1.183962
177 1.182584
178 1.181206
179 1.179829
180 1.178453
181 1.177079
182 1.175707
183 1.174339
184 1.172975
185 1.171616
186 1.170262
187 1.168917
188 1.167579
189 1.166252
190 1.164936
191 1.163632
192 1.162343
193 1.161070
194 1.159815
195 1.158579
196 1.157364
197 1.156172
198 1.155005
199 1.153864
200 1.152751
201 1.151668
202 1.150618
203 1.149600
204 1.148618
205 1.147673
206 1.146766
207 1.145899
208 1.145074
209 1.144292
210 1.143555
211 1.142863
212 1.142218
213 1.141621
214 1.141074
215 1.140577
216 1.140130
217 1.139736
218 1.139395
219 1.139107
220 1.138873
221 1.138694
222 1.138570
223 1.138501
224 1.138488
225 1.138531
226 1.138629
227 1.138784
228 1.138995
229 1.139262
230 1.139585
231 1.139963
232 1.140397
233 1.140886
234 1.141430
235 1.142029
236 1.142682
237 1.143389
238 1.144150
239 1.144963
240 1.145829
241 1.146747
242 1.147717
243 1.148738
244 1.149810
245 1.150933
246 1.152105
247 1.153327
248 1.154599
249 1.155920
250 1.157290
251 1.158709
252 1.160177
253 1.161693
254 1.163259
255 1.164874
256 1.166538
257 1.168252
258 1.170017
259 1.171833
260 1.173701
261 1.175622
262 1.177596
263 1.179627
264 1.181713
265 1.183859
266 1.186064
267 1.188332
268 1.190664
269 1.193064
270 1.195533
271 1.198075
272 1.200694
273 1.203392
274 1.206175
275 1.209045
276 1.212008
277 1.215069
278 1.218232
279 1.221505
280 1.224892
281 1.228400
282 1.232037
283 1.235810
284 1.239727
285 1.243796
286 1.248026
287 1.252427
288 1.257007
289 1.261778
290 1.266750
291 1.271934
292 1.277340
293 1.282980
294 1.288865
295 1.295005
296 1.301411
297 1.308090
298 1.315051
299 1.322300
300 1.329841
301 1.337673
302 1.345796
303 1.354204
304 1.362886
305 1.371830
306 1.381016
307 1.390423
308 1.400022
309 1.409784
310 1.419672
311 1.429649
312 1.439675
313 1.449708
314 1.459707
315 1.469631
316 1.479444
317 1.489109
318 1.498597
319 1.507882
320 1.516942
321 1.525760
322 1.534327
323 1.542633
324 1.550677
325 1.558457
326 1.565977
327 1.573242
328 1.580259
329 1.587036
330 1.593582
331 1.599906
332 1.606020
333 1.611932
334 1.617654
335 1.623195
336 1.628564
337 1.633771
338 1.638824
339 1.643732
340 1.648503
341 1.653145
342 1.657664
343 1.662067
344 1.666362
345 1.670553
346 1.674646
347 1.678647
348 1.682560
349 1.686391
350 1.690143
351 1.693821
352 1.697428
353 1.700969
354 1.704445
355 1.707861
356 1.711219
357 1.714522
358 1.717773
359 1.720973
360 1.724125
361 1.727230
362 1.730291
363 1.733309
364 1.736286
365 1.739222
366 1.742120
367 1.744980
368 1.747803
369 1.750589
370 1.753341
371 1.756058
372 1.758740
373 1.761389
374 1.764004
375 1.766585
376 1.769134
377 1.771649
378 1.774131
379 1.776579
380 1.778993
381 1.781373
382 1.783718
383 1.786028
384 1.788301
385 1.790536
386 1.792733
387 1.794891
388 1.797008
389 1.799082
390 1.801111
391 1.803094
392 1.805029
393 1.806913
394 1.808744
395 1.810519
396 1.812235
397 1.813888
398 1.815477
399 1.816996
400 1.818443
401 1.819814
402 1.821105
403 1.822312
404 1.823433
405 1.824464
406 1.825401
407 1.826241
408 1.826983
409 1.827623
410 1.828161
411 1.828595
412 1.828925
413 1.829150
414 1.829271
415 1.829288
416 1.829204
417 1.829020
418 1.828738
419 1.828362
420 1.827893
421 1.827337
422 1.826696
423 1.825975
424 1.825178
425 1.824311
426 1.823378
427 1.822384
428 1.821337
429 1.820241
430 1.819102
431 1.817926
432 1.816719
433 1.815487
434 1.814235
435 1.812967
436 1.811688
437 1.810402
438 1.809112
439 1.807821
440 1.806531
441 1.805244
442 1.803962
443 1.802686
444 1.801417
445 1.800155
446 1.798902
447 1.797657
448 1.796422
449 1.795196
450 1.793980
451 1.792775
452 1.791580
453 1.790396
454 1.789223
455 1.788062
456 1.786913
457 1.785775
458 1.784650
459 1.783537
460 1.782436
461 1.781347
462 1.780271
463 1.779205
464 1.778151
465 1.777108
466 1.776074
467 1.775050
468 1.774033
469 1.773022
470 1.772016
471 1.771013
472 1.770011
473 1.769008
474 1.768000
475 1.766985
476 1.765960
477 1.764921
478 1.763865
479 1.762788
480 1.761686
481 1.760556
482 1.759394
483 1.758199
484 1.756967
485 1.755700
486 1.754399
487 1.753070
488 1.751722
489 1.750368
490 1.749028
491 1.747729
492 1.746505
493 1.745396
494 1.744446
495 1.743700
496 1.743199
497 1.742972
498 1.743033
499 1.743374
500 1.743967
501 1.744767
502 1.745725
503 1.746791
504 1.747932
505 1.749134
506 1.750405
507 1.751763
508 1.753237
509 1.754850
510 1.756620
511 1.758556
512 1.760662
513 1.762939
514 1.765386
515 1.768007
516 1.770804
517 1.773782
518 1.776945
519 1.780299
520 1.783847
521 1.787595
522 1.791545
523 1.795700
524 1.800061
525 1.804630
526 1.809402
527 1.814372
528 1.819529
529 1.824853
530 1.830315
531 1.835870
532 1.841454
533 1.846986
534 1.852370
535 1.857512
536 1.862346
537 1.866848
538 1.871039
539 1.874974
540 1.878719
541 1.882338
542 1.885885
543 1.889405
544 1.892936
545 1.896508
546 1.900149
547 1.903883
548 1.907734
549 1.911724
550 1.915873
551 1.920203
552 1.924733
553 1.929480
554 1.934458
555 1.939676
556 1.945130
557 1.950803
558 1.956650
559 1.962591
560 1.968498
561 1.974187
562 1.979436
563 1.984023
564 1.987804
565 1.990781
566 1.993092
567 1.994927
568 1.996443
569 1.997741
570 1.998889
571 1.999927
572 2.000882
573 2.001775
574 2.002619
575 2.003422
576 2.004191
577 2.004932
578 2.005650
579 2.006346
580 2.007024
581 2.007685
582 2.008332
583 2.008966
584 2.009588
585 2.010200
586 2.010802
587 2.011395
588 2.011981
589 2.012560
590 2.013133
591 2.013701
592 2.014265
593 2.014824
594 2.015381
595 2.015935
596 2.016488
597 2.017039
598 2.017589
599 2.018140
600 2.018691
601 2.019243
602 2.019797
603 2.020353
604 2.020911
605 2.021472
606 2.022036
607 2.022605
608 2.023177
609 2.023754
610 2.024334
611 2.024921
612 2.025510
613 2.026108
614 2.026707
615 2.027315
616 2.027925
617 2.028543
618 2.029162
619 2.029789
620 2.030417
621 2.031051
622 2.031687
623 2.032325
624 2.032965
625 2.033606
626 2.034246
627 2.034885
628 2.035521
629 2.036155
630 2.036783
631 2.037406
632 2.038021
633 2.038629
634 2.039228
635 2.039816
636 2.040394
637 2.040960
638 2.041515
639 2.042057
640 2.042586
641 2.043103
642 2.043607
643 2.044098
644 2.044577
645 2.045044
646 2.045500
647 2.045944
648 2.046378
649 2.046801
650 2.047215
651 2.047620
652 2.048016
653 2.048403
654 2.048783
655 2.049155
656 2.049521
657 2.049880
658 2.050232
659 2.050579
660 2.050920
661 2.051256
662 2.051588
663 2.051915
664 2.052237
665 2.052556
666 2.052872
667 2.053183
668 2.053492
669 2.053798
670 2.054102
671 2.054403
672 2.054702
673 2.054999
674 2.055294
675 2.055587
676 2.055879
677 2.056170
678 2.056459
679 2.056747
680 2.057034
681 2.057320
682 2.057604
683 2.057887
684 2.058169
685 2.058450
686 2.058729
687 2.059006
688 2.059282
689 2.059555
690 2.059826
691 2.060094
692 2.060360
693 2.060622
694 2.060880
695 2.061133
696 2.061382
697 2.061625
698 2.061863
699 2.062093
700 2.062316
701 2.062531
702 2.062736
703 2.062932
704 2.063117
705 2.063290
706 2.063450
707 2.063596
708 2.063728
709 2.063844
710 2.063943
711 2.064024
712 2.064087
713 2.064130
714 2.064153
715 2.064155
716 2.064135
717 2.064092
718 2.064027
719 2.063939
720 2.063828
721 2.063693
722 2.063535
723 2.063353
724 2.063149
725 2.062922
726 2.062674
727 2.062404
728 2.062113
729 2.061803
730 2.061475
731 2.061128
732 2.060766
733 2.060388
734 2.059996
735 2.059592
736 2.059176
737 2.058750
738 2.058315
739 2.057873
740 2.057425
741 2.056972
742 2.056516
743 2.056056
744 2.055596
745 2.055134
746 2.054673
747 2.054213
748 2.053754
749 2.053297
750 2.052843
751 2.052391
752 2.051943
753 2.051497
754 2.051054
755 2.050615
756 2.050178
757 2.049744
758 2.049312
759 2.048883
760 2.048456
761 2.048032
762 2.047609
763 2.047189
764 2.046770
765 2.046354
766 2.045939
767 2.045526
768 2.045114
769 2.044704
770 2.044296
771 2.043890
772 2.043485
773 2.043081
774 2.042679
775 2.042278
776 2.041879
777 2.041481
778 2.041084
779 2.040689
780 2.040295
781 2.039902
782 2.039510
783 2.039120
784 2.038731
785 2.038343
786 2.037956
787 2.037570
788 2.037185
789 2.036801
790 2.036418
791 2.036036
792 2.035656
793 2.035276
794 2.034897
795 2.034519
796 2.034142
797 2.033767
798 2.033392
799 2.033018
800 2.032645
801 2.032273
802 2.031902
803 2.031532
804 2.031163
805 2.030795
806 2.030429
807 2.030063
808 2.029698
809 2.029334
810 2.028972
811 2.028610
812 2.028250
813 2.027891
814 2.027534
815 2.027177
816 2.026822
817 2.026469
818 2.026117
819 2.025766
820 2.025417
821 2.025070
822 2.024724
823 2.024381
824 2.024039
825 2.023699
826 2.023361
827 2.023025
828 2.022692
829 2.022361
830 2.022033
831 2.021707
832 2.021384
833 2.021064
834 2.020747
835 2.020433
836 2.020123
837 2.019816
838 2.019512
839 2.019213
840 2.018917
841 2.018626
842 2.018340
843 2.018058
844 2.017781
845 2.017509
846 2.017243
847 2.016982
848 2.016727
849 2.016479
850 2.016237
851 2.016002
852 2.015774
853 2.015554
854 2.015342
855 2.015138
856 2.014944
857 2.014759
858 2.014584
859 2.014420
860 2.014267
861 2.014127
862 2.014000
863 2.013889
864 2.013793
865 2.013715
866 2.013656
867 2.013620
868 2.013608
869 2.013625
870 2.013675
871 2.013762
872 2.013893
873 2.014076
874 2.014319
875 2.014634
876 2.015036
877 2.015539
878 2.016166
879 2.016941
880 2.017894
881 2.019065
882 2.020502
883 2.022270
884 2.024458
885 2.027207
886 2.030758
887 2.035606
888 2.042961
889 2.056072
890 2.151857
891 2.113166
892 2.191702
893 2.264455
894 2.211536
895 2.141839
896 2.036352
897 1.860083
898 1.991410
899 2.524265
900 1.971381
901 2.586470
902 1.912333
903 2.623089
904 2.225424
905 2.434360
906 2.439225
907 2.442073
908 2.445403
909 2.447968
910 2.451293
911 2.453106
912 2.454986
913 2.455063
914 2.452800
915 2.446920
916 2.438610
917 2.436687
918 2.440623
919 2.438712
920 2.442695
921 2.440133
922 2.445852
923 2.441003
924 2.451707
925 2.438909
926 2.458307
927 2.428827
928 2.455013
929 2.434229
930 2.455797
931 2.440351
932 2.457062
933 2.448001
934 2.455559
935 2.449138
936 2.442321
937 2.427353
938 2.399987
939 2.380109
940 2.398055
941 2.387762
942 2.393418
943 2.394310
944 2.395673
945 2.395449
946 2.394590
947 2.393549
948 2.392508
949 2.391381
950 2.389861
951 2.387349
952 2.382979
953 2.375869
954 2.365585
955 2.352543
956 2.338133
957 2.324303
958 2.312508
959 2.302975
960 2.295102
961 2.288196
962 2.281723
963 2.275272
964 2.268523
965 2.261262
966 2.253396
967 2.244949
968 2.236042
969 2.226870
970 2.217669
971 2.208690
972 2.200150
973 2.192194
974 2.184867
975 2.178125
976 2.171891
977 2.166114
978 2.160824
979 2.156127
980 2.152171
981 2.149099
982 2.147006
983 2.145922
984 2.145808
985 2.146572
986 2.148081
987 2.150176
988 2.152682
989 2.155417
990 2.158193
991 2.160821
992 2.163114
993 2.164886
994 2.165955
995 2.166150
996 2.165320
997 2.163348
998 2.160176
999 2.155828
1000 2.150426
1001 2.144167
1002 2.137293
1003 2.130143
1004 2.123236
1005 2.117137
1006 2.112336
1007 2.109385
1008 2.109078
1009 2.112500
1010 2.120807
1011 2.134199
1012 2.150508
1013 2.166156
1014 2.178765
1015 2.187395
1016 2.191953
1017 2.193242
1018 2.193019
1019 2.194005
1020 2.199899
1021 2.214954
1022 2.243916
1023 2.288063
1024 2.343751
1025 2.405367
1026 2.460727
1027 2.508601
1028 2.547881
1029 2.577045
1030 2.597160
1031 2.607153
1032 2.608539
1033 2.564734
1034 2.237601
1035 2.121422
1036 2.261036
1037 2.602800
1038 2.602301
1039 2.578195
1040 2.907096
1041 2.569792
1042 2.665930
1043 2.424039
1044 2.271629
1045 2.236075
1046 2.874851
1047 2.162496
1048 2.229351
1049 2.911704
1050 2.430927
1051 2.457241
1052 2.543705
1053 3.037420
1054 2.267510
1055 2.345419
1056 2.477601
1057 2.967777
1058 2.285132
1059 2.294127
1060 2.253568
1061 2.212784
1062 2.700559
1063 2.533893
1064 2.663252
1065 2.315676
1066 3.041188
1067 2.404328
1068 3.002403
1069 2.486146
1070 2.387470
1071 2.259497
1072 2.730447
1073 2.500843
1074 3.042283
1075 2.760346
1076 2.248493
1077 3.050781
1078 2.790359
1079 2.367123
1080 2.582513
1081 2.203958
1082 2.489061
1083 2.176521
1084 2.476224
1085 2.246344
1086 2.488939
1087 2.565409
1088 2.563784
1089 2.549794
1090 2.529402
1091 2.490058
1092 2.431164
1093 2.392795
1094 2.372735
1095 2.359059
1096 2.343642
1097 2.326423
1098 2.303445
1099 2.270653
1100 2.228970
1101 2.197517
1102 2.182637
1103 2.175106
1104 2.172075
1105 2.171716
1106 2.173090
1107 2.175797
1108 2.179638
1109 2.184466
1110 2.190093
1111 2.196211
1112 2.202346
1113 2.207915
1114 2.212391
1115 2.215472
1116 2.217125
1117 2.217515
1118 2.216903
1119 2.215577
1120 2.213831
1121 2.211954
1122 2.210228
1123 2.208928
1124 2.208322
1125 2.208667
1126 2.210201
1127 2.213138
1128 2.217665
1129 2.223920
1130 2.231925
1131 2.241454
1132 2.251960
1133 2.262781
1134 2.273479
1135 2.283819
1136 2.293592
1137 2.302672
1138 2.311209
1139 2.319697
1140 2.328907
1141 2.339539
1142 2.349938
1143 2.356757
1144 2.362611
1145 2.368561
1146 2.374805
1147 2.381659
1148 2.389484
1149 2.398346
1150 2.406510
1151 2.410210
1152 2.413334
1153 2.416031
1154 2.418612
1155 2.420796
1156 2.423399
1157 2.424436
1158 2.429855
1159 2.420179
1160 2.462747
1161 2.365593
1162 2.414709
1163 2.504291
1164 2.406872
1165 2.502854
1166 2.393633
1167 2.459515
1168 2.387225
1169 2.444767
1170 2.493077
1171 2.382051
1172 2.427518
1173 2.526873
1174 2.385219
1175 2.432151
1176 2.535248
1177 2.383838
1178 2.413166
1179 2.516458
1180 2.388402
1181 2.434674
1182 2.500244
1183 2.517379
1184 2.385544
1185 2.395334
1186 2.449521
1187 2.483654
1188 2.536559
1189 2.386849
1190 2.387366
1191 2.406552
1192 2.520315
1193 2.443174
1194 3.051990
1195 1.759060
1196 1.626051
1197 1.618691
1198 1.768045
1199 2.530648
1200 2.397613
1201 2.348576
1202 2.350278
1203 2.396754
1204 2.355552
1205 1.593031
1206 1.872716
1207 2.378197
1208 2.344848
1209 2.042889
1210 1.729237
1211 2.351881
1212 1.751152
1213 3.670952
1214 2.550323
1215 2.751743
1216 2.613577
1217 2.502369
1218 1.703936
1219 3.728681
1220 2.759749
1221 2.671654
1222 2.711398
1223 2.583100
1224 1.703397
1225 4.062580
1226 2.730673
1227 2.570530
1228 1.747546
1229 3.789517
1230 2.441915
1231 1.756849
1232 2.570823
1233 2.903446
1234 2.892159
1235 2.865611
1236 2.831314
1237 2.811876
1238 2.791527
1239 2.764482
1240 2.739278
1241 2.719685
1242 2.699849
1243 2.678047
1244 2.654104
1245 2.628541
1246 2.601098
1247 2.561027
1248 2.571674
1249 2.529967
1250 1.791601
1251 2.482439
1252 2.526136
1253 2.514761
1254 1.769407
1255 3.740034
1256 2.569501
1257 2.589658
1258 1.653642
1259 3.644777
1260 2.537812
1261 2.674547
1262 2.674798
1263 2.605723
1264 2.661085
1265 2.585707
1266 1.635906
1267 4.173458
1268 2.236147
1269 1.853918
1270 2.593517
1271 2.857730
1272 2.831700
1273 2.811343
1274 2.796806
1275 2.783970
1276 2.771919
1277 2.761596
1278 2.753181
1279 2.745249
1280 2.730675
1281 2.709294
1282 2.695702
1283 2.683930
1284 2.676419
1285 2.670351
1286 2.665480
1287 2.661051
1288 2.656796
1289 2.652538
1290 2.648187
1291 2.643692
1292 2.639033
1293 2.634212
1294 2.629269
1295 2.624310
1296 2.619534
1297 2.615226
1298 2.611740
1299 2.609519
1300 2.609189
1301 2.611588
1302 2.617252
1303 2.624410
1304 2.628759
1305 2.629975
1306 2.631015
1307 2.633040
1308 2.634666
1309 2.631044
1310 2.606561
1311 1.949794
1312 1.864441
1313 2.705900
1314 3.474320
1315 3.222918
1316 3.032106
1317 2.793768
1318 2.650144
1319 2.632640
1320 2.626829
1321 2.623445
1322 2.621067
1323 2.619086
1324 2.617316
1325 2.615676
1326 2.614119
1327 2.612612
1328 2.611133
1329 2.609666
1330 2.608201
1331 2.606733
1332 2.605260
1333 2.603780
1334 2.602296
1335 2.600808
1336 2.599320
1337 2.597833
1338 2.596352
1339 2.594880
1340 2.593418
1341 2.591971
1342 2.590540
1343 2.589130
1344 2.587740
1345 2.586375
1346 2.585036
1347 2.583725
1348 2.582443
1349 2.581191
1350 2.579972
1351 2.578785
1352 2.577632
1353 2.576513
1354 2.575429
1355 2.574380
1356 2.573367
1357 2.572389
1358 2.571448
1359 2.570541
1360 2.569670
1361 2.568835
1362 2.568034
1363 2.567267
1364 2.566535
1365 2.565836
1366 2.565170
1367 2.564536
1368 2.563933
1369 2.563362
1370 2.562821
1371 2.562310
1372 2.561828
1373 2.561373
1374 2.560946
1375 2.560546
1376 2.560171
1377 2.559822
1378 2.559497
1379 2.559195
1380 2.558916
1381 2.558659
1382 2.558424
1383 2.558209
1384 2.558014
1385 2.557839
1386 2.557682
1387 2.557542
1388 2.557420
1389 2.557314
1390 2.557225
1391 2.557150
1392 2.557090
1393 2.557045
1394 2.557012
1395 2.556993
1396 2.556986
1397 2.556991
1398 2.557008
1399 2.557035
1400 2.557073
1401 2.557121
1402 2.557178
1403 2.557245
1404 2.557320
1405 2.557403
1406 2.557494
1407 2.557593
1408 2.557699
1409 2.557811
1410 2.557930
1411 2.558055
1412 2.558186
1413 2.558322
1414 2.558463
1415 2.558609
1416 2.558760
1417 2.558914
1418 2.559073
1419 2.559236
1420 2.559402
1421 2.559571
1422 2.559743
1423 2.559918
1424 2.560096
1425 2.560276
1426 2.560458
1427 2.560642
1428 2.560828
1429 2.561015
1430 2.561204
1431 2.561394
1432 2.561585
1433 2.561777
1434 2.561970
1435 2.562163
1436 2.562356
1437 2.562550
1438 2.562744
1439 2.562938
1440 2.563132
1441 2.563325
1442 2.563518
1443 2.563710
1444 2.563902
1445 2.564093
1446 2.564283
1447 2.564472
1448 2.564660
1449 2.564846
1450 2.565031
1451 2.565215
1452 2.565397
1453 2.565577
1454 2.565756
1455 2.565932
1456 2.566107
1457 2.566279
1458 2.566450
1459 2.566617
1460 2.566783
1461 2.566946
1462 2.567106
1463 2.567263
1464 2.567418
1465 2.567570
1466 2.567719
1467 2.567864
1468 2.568007
1469 2.568146
1470 2.568282
1471 2.568414
1472 2.568542
1473 2.568667
1474 2.568788
1475 2.568905
1476 2.569018
1477 2.569127
1478 2.569232
1479 2.569332
1480 2.569428
1481 2.569519
1482 2.569605
1483 2.569687
1484 2.569764
1485 2.569836
1486 2.569902
1487 2.569963
1488 2.570019
1489 2.570069
1490 2.570114
1491 2.570153
1492 2.570185
1493 2.570212
1494 2.570232
1495 2.570247
1496 2.570254
1497 2.570255
1498 2.570249
1499 2.570236
1500 2.570216
1501 2.570189
1502 2.570154
1503 2.570111
1504 2.570061
1505 2.570003
1506 2.569936
1507 2.569861
1508 2.569778
1509 2.569686
1510 2.569585
1511 2.569475
1512 2.569355
1513 2.569226
1514 2.569087
1515 2.568939
1516 2.568780
1517 2.568610
1518 2.568430
1519 2.568239
1520 2.568037
1521 2.567824
1522 2.567598
1523 2.567361
1524 2.567112
1525 2.566850
1526 2.566576
1527 2.566289
1528 2.565988
1529 2.565673
1530 2.565345
1531 2.565002
1532 2.564645
1533 2.564273
1534 2.563885
1535 2.563482
1536 2.563062
1537 2.562626
1538 2.562173
1539 2.561703
1540 2.561215
1541 2.560708
1542 2.560183
1543 2.559639
1544 2.559074
1545 2.558490
1546 2.557884
1547 2.557256
1548 2.556607
1549 2.555934
1550 2.555238
1551 2.554517
1552 2.553771
1553 2.552999
1554 2.552199
1555 2.551372
1556 2.550516
1557 2.549629
1558 2.548711
1559 2.547761
1560 2.546777
1561 2.545757
1562 2.544701
1563 2.543606
1564 2.542471
1565 2.541294
1566 2.540073
1567 2.538806
1568 2.537490
1569 2.536122
1570 2.534701
1571 2.533223
1572 2.531685
1573 2.530084
1574 2.528415
1575 2.526674
1576 2.524858
1577 2.522960
1578 2.520977
1579 2.518901
1580 2.516728
1581 2.514449
1582 2.512059
1583 2.509548
1584 2.506908
1585 2.504131
1586 2.501208
1587 2.498127
1588 2.494879
1589 2.491455
1590 2.487843
1591 2.484035
1592 2.480021
1593 2.475795
1594 2.471350
1595 2.466683
1596 2.461791
1597 2.456672
1598 2.451322
1599 2.445736
1600 2.439898
1601 2.433780
1602 2.427334
1603 2.420480
1604 2.413100
1605 2.405021
1606 2.396012
1607 2.385775
1608 2.373967
1609 2.360231
1610 2.344248
1611 2.325784
1612 2.304692
1613 2.280897
1614 2.254375
1615 2.225210
1616 2.193741
1617 2.160818
1618 2.128028
1619 2.097562
1620 2.071450
1621 2.050588
1622 2.034513
1623 2.022077
1624 2.012180
1625 2.004055
1626 1.997234
1627 1.991429
1628 1.986455
1629 1.982178
1630 1.978498
1631 1.975333
1632 1.972618
1633 1.970294
1634 1.968314
1635 1.966635
1636 1.965222
1637 1.964042
1638 1.963067
1639 1.962271
1640 1.961634
1641 1.961134
1642 1.960755
1643 1.960481
1644 1.960298
1645 1.960194
1646 1.960157
1647 1.960178
1648 1.960249
1649 1.960361
1650 1.960508
1651 1.960683
1652 1.960881
1653 1.961098
1654 1.961329
1655 1.961570
1656 1.961819
1657 1.962073
1658 1.962329
1659 1.962586
1660 1.962840
1661 1.963092
1662 1.963340
1663 1.963582
1664 1.963819
1665 1.964048
1666 1.964270
1667 1.964484
1668 1.964689
1669 1.964886
1670 1.965075
1671 1.965255
1672 1.965426
1673 1.965588
1674 1.965741
1675 1.965886
1676 1.966023
1677 1.966151
1678 1.966271
1679 1.966383
1680 1.966487
1681 1.966584
1682 1.966673
1683 1.966756
1684 1.966831
1685 1.966900
1686 1.966963
1687 1.967020
1688 1.967071
1689 1.967116
1690 1.967156
1691 1.967190
1692 1.967220
1693 1.967245
1694 1.967266
1695 1.967282
1696 1.967294
1697 1.967302
1698 1.967307
1699 1.967308
1700 1.967306
1701 1.967300
1702 1.967292
1703 1.967280
1704 1.967266
1705 1.967250
1706 1.967231
1707 1.967210
1708 1.967186
1709 1.967161
1710 1.967134
1711 1.967105
1712 1.967075
1713 1.967042
1714 1.967009
1715 1.966974
1716 1.966938
1717 1.966901
1718 1.966863
1719 1.966824
1720 1.966784
1721 1.966744
1722 1.966703
1723 1.966661
1724 1.966619
1725 1.966576
1726 1.966533
1727 1.966490
1728 1.966447
1729 1.966403
1730 1.966360
1731 1.966317
1732 1.966273
1733 1.966230
1734 1.966188
1735 1.966145
1736 1.966103
1737 1.966061
1738 1.966020
1739 1.965980
1740 1.965940
1741 1.965901
1742 1.965862
1743 1.965825
1744 1.965788
1745 1.965752
1746 1.965717
1747 1.965684
1748 1.965651
1749 1.965620
1750 1.965590
1751 1.965562
1752 1.965534
1753 1.965509
1754 1.965485
1755 1.965462
1756 1.965441
1757 1.965422
1758 1.965404
1759 1.965389
1760 1.965375
1761 1.965364
1762 1.965354
1763 1.965347
1764 1.965341
1765 1.965338
1766 1.965338
1767 1.965340
1768 1.965344
1769 1.965351
1770 1.965360
1771 1.965372
1772 1.965387
1773 1.965405
1774 1.965426
1775 1.965450
1776 1.965477
1777 1.965507
1778 1.965541
1779 1.965577
1780 1.965618
1781 1.965662
1782 1.965709
1783 1.965760
1784 1.965816
1785 1.965875
1786 1.965938
1787 1.966005
1788 1.966076
1789 1.966152
1790 1.966232
1791 1.966317
1792 1.966407
1793 1.966501
1794 1.966600
1795 1.966704
1796 1.966814
1797 1.966928
1798 1.967049
1799 1.967174
1800 1.967306
1801 1.967443
1802 1.967586
1803 1.967736
1804 1.967891
1805 1.968053
1806 1.968222
1807 1.968398
1808 1.968580
1809 1.968770
1810 1.968967
1811 1.969171
1812 1.969383
1813 1.969603
1814 1.969831
1815 1.970067
1816 1.970312
1817 1.970566
1818 1.970828
1819 1.971100
1820 1.971381
1821 1.971672
1822 1.971973
1823 1.972284
1824 1.972605
1825 1.972938
1826 1.973281
1827 1.973636
1828 1.974002
1829 1.974381
1830 1.974772
1831 1.975176
1832 1.975592
1833 1.976022
1834 1.976467
1835 1.976925
1836 1.977398
1837 1.977886
1838 1.978390
1839 1.978909
1840 1.979446
1841 1.979999
1842 1.980569
1843 1.981158
1844 1.981766
1845 1.982392
1846 1.983039
1847 1.983705
1848 1.984393
1849 1.985103
1850 1.985835
1851 1.986590
1852 1.987369
1853 1.988173
1854 1.989003
1855 1.989859
1856 1.990742
1857 1.991653
1858 1.992593
1859 1.993564
1860 1.994565
1861 1.995599
1862 1.996667
1863 1.997768
1864 1.998905
1865 2.000080
1866 2.001292
1867 2.002544
1868 2.003837
1869 2.005172
1870 2.006551
1871 2.007975
1872 2.009447
1873 2.010966
1874 2.012537
1875 2.014159
1876 2.015835
1877 2.017567
1878 2.019356
1879 2.021205
1880 2.023116
1881 2.025090
1882 2.027130
1883 2.029238
1884 2.031416
1885 2.033666
1886 2.035990
1887 2.038391
1888 2.040872
1889 2.043433
1890 2.046078
1891 2.048808
1892 2.051626
1893 2.054534
1894 2.057533
1895 2.060626
1896 2.063815
1897 2.067100
1898 2.070484
1899 2.073968
1900 2.077552
1901 2.081238
1902 2.085025
1903 2.088915
1904 2.092906
1905 2.096998
1906 2.101190
1907 2.105481
1908 2.109868
1909 2.114348
1910 2.118918
1911 2.123575
1912 2.128313
1913 2.133128
1914 2.138014
1915 2.142964
1916 2.147971
1917 2.153028
1918 2.158126
1919 2.163257
1920 2.168411
1921 2.173580
1922 2.178754
1923 2.183924
1924 2.189079
1925 2.194212
1926 2.199313
1927 2.204373
1928 2.209386
1929 2.214342
1930 2.219236
1931 2.224062
1932 2.228813
1933 2.233486
1934 2.238075
1935 2.242579
1936 2.246993
1937 2.251315
1938 2.255544
1939 2.259679
1940 2.263718
1941 2.267661
1942 2.271508
1943 2.275259
1944 2.278915
1945 2.282475
1946 2.285943
1947 2.289317
1948 2.292600
1949 2.295793
1950 2.298897
1951 2.301914
1952 2.304845
1953 2.307692
1954 2.310457
1955 2.313141
1956 2.315746
1957 2.318273
1958 2.320724
1959 2.323101
1960 2.325406
1961 2.327639
1962 2.329802
1963 2.331898
1964 2.333926
1965 2.335890
1966 2.337789
1967 2.339627
1968 2.341403
1969 2.343119
1970 2.344777
1971 2.346378
1972 2.347924
1973 2.349415
1974 2.350853
1975 2.352239
1976 2.353574
1977 2.354861
1978 2.356099
1979 2.357290
1980 2.358435
1981 2.359536
1982 2.360593
1983 2.361609
1984 2.362583
1985 2.363517
1986 2.364412
1987 2.365270
1988 2.366091
1989 2.366876
1990 2.367627
1991 2.368344
1992 2.369028
1993 2.369681
1994 2.370303
1995 2.370895
1996 2.371459
1997 2.371994
1998 2.372503
1999 2.372985
2000 2.373442
2001 2.373874
2002 2.374282
2003 2.374668
2004 2.375031
2005 2.375373
2006 2.375693
2007 2.375994
2008 2.376275
2009 2.376537
2010 2.376782
2011 2.377008
2012 2.377218
2013 2.377411
2014 2.377589
2015 2.377751
2016 2.377899
2017 2.378032
2018 2.378152
2019 2.378258
2020 2.378352
2021 2.378433
2022 2.378503
2023 2.378561
2024 2.378608
2025 2.378645
2026 2.378671
2027 2.378688
2028 2.378695
2029 2.378693
2030 2.378683
2031 2.378664
2032 2.378637
2033 2.378602
2034 2.378560
2035 2.378510
2036 2.378454
2037 2.378391
2038 2.378322
2039 2.378247
2040 2.378166
2041 2.378079
2042 2.377988
2043 2.377891
2044 2.377789
2045 2.377682
2046 2.377571
2047 2.377456
2048 2.377337
2049 2.377214
2050 2.377087
2051 2.376957
2052 2.376824
2053 2.376687
2054 2.376547
2055 2.376405
2056 2.376260
2057 2.376112
2058 2.375962
2059 2.375810
2060 2.375655
2061 2.375499
2062 2.375340
2063 2.375180
2064 2.375018
2065 2.374855
2066 2.374690
2067 2.374524
2068 2.374357
2069 2.374188
2070 2.374019
2071 2.373848
2072 2.373677
2073 2.373505
2074 2.373332
2075 2.373159
2076 2.372985
2077 2.372811
2078 2.372636
2079 2.372461
2080 2.372286
2081 2.372110
2082 2.371935
2083 2.371759
2084 2.371583
2085 2.371408
2086 2.371232
2087 2.371057
2088 2.370882
2089 2.370707
2090 2.370532
2091 2.370358
2092 2.370184
2093 2.370010
2094 2.369837
2095 2.369664
2096 2.369492
2097 2.369321
2098 2.369150
2099 2.368980
2100 2.368810
2101 2.368641
2102 2.368473
2103 2.368305
2104 2.368138
2105 2.367972
2106 2.367807
2107 2.367643
2108 2.367479
2109 2.367317
2110 2.367155
2111 2.366994
2112 2.366834
2113 2.366675
2114 2.366517
2115 2.366360
2116 2.366204
2117 2.366049
2118 2.365894
2119 2.365741
2120 2.365589
2121 2.365438
2122 2.365288
2123 2.365139
2124 2.364991
2125 2.364844
2126 2.364698
2127 2.364553
2128 2.364409
2129 2.364266
2130 2.364125
2131 2.363984
2132 2.363845
2133 2.363706
2134 2.363569
2135 2.363433
2136 2.363298
2137 2.363164
2138 2.363031
2139 2.362899
2140 2.362768
2141 2.362638
2142 2.362510
2143 2.362382
2144 2.362256
2145 2.362130
2146 2.362006
2147 2.361883
2148 2.361760
2149 2.361639
2150 2.361519
2151 2.361400
2152 2.361282
2153 2.361165
2154 2.361049
2155 2.360934
2156 2.360821
2157 2.360708
2158 2.360596
2159 2.360485
2160 2.360375
2161 2.360267
2162 2.360159
2163 2.360052
2164 2.359946
2165 2.359841
2166 2.359738
2167 2.359635
2168 2.359533
2169 2.359432
2170 2.359331
2171 2.359232
2172 2.359134
2173 2.359037
2174 2.358940
2175 2.358845
2176 2.358750
2177 2.358656
2178 2.358563
2179 2.358471
2180 2.358380
2181 2.358290
2182 2.358200
2183 2.358112
2184 2.358024
2185 2.357937
2186 2.357851
2187 2.357765
2188 2.357681
2189 2.357597
2190 2.357514
2191 2.357431
2192 2.357350
2193 2.357269
2194 2.357189
2195 2.357110
2196 2.357031
2197 2.356953
2198 2.356876
2199 2.356799
2200 2.356723
2201 2.356648
2202 2.356574
2203 2.356500
2204 2.356427
2205 2.356354
2206 2.356282
2207 2.356211
2208 2.356140
2209 2.356070
2210 2.356001
2211 2.355932
2212 2.355863
2213 2.355796
2214 2.355728
2215 2.355662
2216 2.355596
2217 2.355530
2218 2.355465
2219 2.355400
2220 2.355336
2221 2.355273
2222 2.355210
2223 2.355147
2224 2.355085
2225 2.355024
2226 2.354962
2227 2.354902
2228 2.354842
2229 2.354782
2230 2.354722
2231 2.354663
2232 2.354605
2233 2.354547
2234 2.354489
2235 2.354432
2236 2.354375
2237 2.354318
2238 2.354262
2239 2.354206
2240 2.354151
2241 2.354095
2242 2.354041
2243 2.353986
2244 2.353932
2245 2.353878
2246 2.353824
2247 2.353771
2248 2.353718
2249 2.353666
2250 2.353613
2251 2.353561
2252 2.353509
2253 2.353458
2254 2.353406
2255 2.353355
2256 2.353304
2257 2.353254
2258 2.353203
2259 2.353153
2260 2.353103
2261 2.353053
2262 2.353003
2263 2.352954
2264 2.352905
2265 2.352856
2266 2.352807
2267 2.352758
2268 2.352710
2269 2.352661
2270 2.352613
2271 2.352565
2272 2.352517
2273 2.352469
2274 2.352421
2275 2.352374
2276 2.352326
2277 2.352279
2278 2.352231
2279 2.352184
2280 2.352137
2281 2.352090
2282 2.352043
2283 2.351996
2284 2.351949
2285 2.351903
2286 2.351856
2287 2.351809
2288 2.351763
2289 2.351716
2290 2.351670
2291 2.351623
2292 2.351577
2293 2.351530
2294 2.351484
2295 2.351437
2296 2.351391
2297 2.351344
2298 2.351298
2299 2.351252
2300 2.351205
2301 2.351159
2302 2.351112
2303 2.351066
2304 2.351019
2305 2.350972
2306 2.350926
2307 2.350879
2308 2.350832
2309 2.350786
2310 2.350739
2311 2.350692
2312 2.350645
2313 2.350598
2314 2.350551
2315 2.350504
2316 2.350456
2317 2.350409
2318 2.350361
2319 2.350314
2320 2.350266
2321 2.350218
2322 2.350170
2323 2.350122
2324 2.350074
2325 2.350026
2326 2.349978
2327 2.349929
2328 2.349881
2329 2.349832
2330 2.349783
2331 2.349734
2332 2.349685
2333 2.349636
2334 2.349586
2335 2.349537
2336 2.349487
2337 2.349437
2338 2.349387
2339 2.349337
2340 2.349286
2341 2.349236
2342 2.349185
2343 2.349134
2344 2.349083
2345 2.349032
2346 2.348980
2347 2.348928
2348 2.348877
2349 2.348824
2350 2.348772
2351 2.348720
2352 2.348667
2353 2.348614
2354 2.348561
2355 2.348508
2356 2.348454
2357 2.348400
2358 2.348347
2359 2.348292
2360 2.348238
2361 2.348183
2362 2.348128
2363 2.348073
2364 2.348018
2365 2.347962
2366 2.347907
2367 2.347851
2368 2.347794
2369 2.347738
2370 2.347681
2371 2.347624
2372 2.347567
2373 2.347509
2374 2.347451
2375 2.347393
2376 2.347335
2377 2.347276
2378 2.347217
2379 2.347158
2380 2.347099
2381 2.347039
2382 2.346979
2383 2.346919
2384 2.346859
2385 2.346798
2386 2.346737
2387 2.346675
2388 2.346614
2389 2.346552
2390 2.346490
2391 2.346427
2392 2.346365
2393 2.346302
2394 2.346238
2395 2.346175
2396 2.346111
2397 2.346046
2398 2.345982
2399 2.345917
2400 2.345852
2401 2.345786
2402 2.345721
2403 2.345655
2404 2.345588
2405 2.345522
2406 2.345455
2407 2.345387
2408 2.345320
2409 2.345252
2410 2.345183
2411 2.345115
2412 2.345046
2413 2.344977
2414 2.344907
2415 2.344837
2416 2.344767
2417 2.344697
2418 2.344626
2419 2.344555
2420 2.344483
2421 2.344412
2422 2.344340
2423 2.344267
2424 2.344194
2425 2.344121
2426 2.344048
2427 2.343974
2428 2.343900
2429 2.343825
2430 2.343751
2431 2.343676
2432 2.343600
2433 2.343524
2434 2.343448
2435 2.343372
2436 2.343295
2437 2.343218
2438 2.343140
2439 2.343062
2440 2.342984
2441 2.342906
2442 2.342827
2443 2.342748
2444 2.342668
2445 2.342588
2446 2.342508
2447 2.342427
2448 2.342346
2449 2.342265
2450 2.342184
2451 2.342102
2452 2.342019
2453 2.341937
2454 2.341854
2455 2.341770
2456 2.341686
2457 2.341602
2458 2.341518
2459 2.341433
2460 2.341348
2461 2.341263
2462 2.341177
2463 2.341091
2464 2.341004
2465 2.340917
2466 2.340830
2467 2.340742
2468 2.340655
2469 2.340566
2470 2.340478
2471 2.340389
2472 2.340299
2473 2.340210
2474 2.340120
2475 2.340029
2476 2.339938
2477 2.339847
2478 2.339756
2479 2.339664
2480 2.339572
2481 2.339479
2482 2.339386
2483 2.339293
2484 2.339200
2485 2.339106
2486 2.339012
2487 2.338917
2488 2.338822
2489 2.338727
2490 2.338631
2491 2.338535
2492 2.338439
2493 2.338342
2494 2.338245
2495 2.338147
2496 2.338050
2497 2.337951
2498 2.337853
2499 2.337754
2500 2.337655
2501 2.337555
2502 2.337456
2503 2.337355
2504 2.337255
2505 2.337154
2506 2.337053
2507 2.336951
2508 2.336849
2509 2.336747
2510 2.336644
2511 2.336541
2512 2.336438
2513 2.336334
2514 2.336230
2515 2.336126
2516 2.336021
2517 2.335916
2518 2.335811
2519 2.335705
2520 2.335599
2521 2.335493
2522 2.335386
2523 2.335279
2524 2.335172
2525 2.335064
2526 2.334956
2527 2.334848
2528 2.334739
2529 2.334630
2530 2.334521
2531 2.334411
2532 2.334301
2533 2.334190
2534 2.334080
2535 2.333969
2536 2.333857
2537 2.333746
2538 2.333634
2539 2.333521
2540 2.333409
2541 2.333296
2542 2.333182
2543 2.333069
2544 2.332955
2545 2.332841
2546 2.332726
2547 2.332611
2548 2.332496
2549 2.332380
2550 2.332265
2551 2.332148
2552 2.332032
2553 2.331915
2554 2.331798
2555 2.331681
2556 2.331563
2557 2.331445
2558 2.331327
2559 2.331208
2560 2.331089
2561 2.330970
2562 2.330850
2563 2.330730
2564 2.330610
2565 2.330490
2566 2.330369
2567 2.330248
2568 2.330127
2569 2.330005
2570 2.329883
2571 2.329761
2572 2.329638
2573 2.329515
2574 2.329392
2575 2.329269
2576 2.329145
2577 2.329021
2578 2.328897
2579 2.328772
2580 2.328648
2581 2.328522
2582 2.328397
2583 2.328271
2584 2.328145
2585 2.328019
2586 2.327892
2587 2.327766
2588 2.327639
2589 2.327511
2590 2.327384
2591 2.327256
2592 2.327127
2593 2.326999
2594 2.326870
2595 2.326741
2596 2.326612
2597 2.326482
2598 2.326353
2599 2.326223
2600 2.326092
2601 2.325962
2602 2.325831
2603 2.325700
2604 2.325568
2605 2.325437
2606 2.325305
2607 2.325173
2608 2.325040
2609 2.324908
2610 2.324775
2611 2.324642
2612 2.324508
2613 2.324375
2614 2.324241
2615 2.324107
2616 2.323972
2617 2.323838
2618 2.323703
2619 2.323568
2620 2.323432
2621 2.323297
2622 2.323161
2623 2.323025
2624 2.322889
2625 2.322752
2626 2.322615
2627 2.322478
2628 2.322341
2629 2.322204
2630 2.322066
2631 2.321928
2632 2.321790
2633 2.321652
2634 2.321513
2635 2.321374
2636 2.321235
2637 2.321096
2638 2.320957
2639 2.320817
2640 2.320677
2641 2.320537
2642 2.320397
2643 2.320256
2644 2.320115
2645 2.319974
2646 2.319833
2647 2.319692
2648 2.319550
2649 2.319409
2650 2.319267
2651 2.319125
2652 2.318982
2653 2.318840
2654 2.318697
2655 2.318554
2656 2.318411
2657 2.318267
2658 2.318124
2659 2.317980
2660 2.317836
2661 2.317692
2662 2.317548
2663 2.317403
2664 2.317258
2665 2.317114
2666 2.316968
2667 2.316823
2668 2.316678
2669 2.316532
2670 2.316386
2671 2.316240
2672 2.316094
2673 2.315948
2674 2.315801
2675 2.315655
2676 2.315508
2677 2.315361
2678 2.315214
2679 2.315066
2680 2.314919
2681 2.314771
2682 2.314623
2683 2.314475
2684 2.314327
2685 2.314178
2686 2.314030
2687 2.313881
2688 2.313732
2689 2.313583
2690 2.313434
2691 2.313285
2692 2.313135
2693 2.312985
2694 2.312836
2695 2.312686
2696 2.312535
2697 2.312385
2698 2.312235
2699 2.312084
2700 2.311933
2701 2.311782
2702 2.311631
2703 2.311480
2704 2.311329
2705 2.311177
2706 2.311026
2707 2.310874
2708 2.310722
2709 2.310570
2710 2.310418
2711 2.310265
2712 2.310113
2713 2.309960
2714 2.309808
2715 2.309655
2716 2.309502
2717 2.309349
2718 2.309195
2719 2.309042
2720 2.308888
2721 2.308735
2722 2.308581
2723 2.308427
2724 2.308273
2725 2.308119
2726 2.307964
2727 2.307810
2728 2.307655
2729 2.307500
2730 2.307346
2731 2.307191
2732 2.307036
2733 2.306880
2734 2.306725
2735 2.306570
2736 2.306414
2737 2.306258
2738 2.306103
2739 2.305947
2740 2.305791
2741 2.305634
2742 2.305478
2743 2.305322
2744 2.305165
2745 2.305009
2746 2.304852
2747 2.304695
2748 2.304538
2749 2.304381
2750 2.304224
2751 2.304067
2752 2.303909
2753 2.303752
2754 2.303594
2755 2.303437
2756 2.303279
2757 2.303121
2758 2.302963
2759 2.302805
2760 2.302646
2761 2.302488
2762 2.302330
2763 2.302171
2764 2.302013
2765 2.301854
2766 2.301695
2767 2.301536
2768 2.301377
2769 2.301218
2770 2.301059
2771 2.300899
2772 2.300740
2773 2.300580
2774 2.300421
2775 2.300261
2776 2.300101
2777 2.299941
2778 2.299781
2779 2.299621
2780 2.299461
2781 2.299301
2782 2.299140
2783 2.298980
2784 2.298819
2785 2.298659
2786 2.298498
2787 2.298337
2788 2.298176
2789 2.298015
2790 2.297854
2791 2.297693
2792 2.297531
2793 2.297370
2794 2.297209
2795 2.297047
2796 2.296885
2797 2.296724
2798 2.296562
2799 2.296400
2800 2.296238
2801 2.296076
2802 2.295914
2803 2.295752
2804 2.295589
2805 2.295427
2806 2.295264
2807 2.295102
2808 2.294939
2809 2.294776
2810 2.294613
2811 2.294451
2812 2.294288
2813 2.294124
2814 2.293961
2815 2.293798
2816 2.293635
2817 2.293471
2818 2.293308
2819 2.293144
2820 2.292981
2821 2.292817
2822 2.292653
2823 2.292489
2824 2.292325
2825 2.292161
2826 2.291997
2827 2.291833
2828 2.291669
2829 2.291504
2830 2.291340
2831 2.291175
2832 2.291011
2833 2.290846
2834 2.290681
2835 2.290516
2836 2.290351
2837 2.290186
2838 2.290021
2839 2.289856
2840 2.289691
2841 2.289525
2842 2.289360
2843 2.289195
2844 2.289029
2845 2.288863
2846 2.288698
2847 2.288532
2848 2.288366
2849 2.288200
2850 2.288034
2851 2.287868
2852 2.287702
2853 2.287535
2854 2.287369
2855 2.287203
2856 2.287036
2857 2.286870
2858 2.286703
2859 2.286536
2860 2.286369
2861 2.286202
2862 2.286036
2863 2.285868
2864 2.285701
2865 2.285534
2866 2.285367
2867 2.285200
2868 2.285032
2869 2.284865
2870 2.284697
2871 2.284529
2872 2.284362
2873 2.284194
2874 2.284026
2875 2.283858
2876 2.283690
2877 2.283522
2878 2.283353
2879 2.283185
2880 2.283017
2881 2.282848
2882 2.282680
2883 2.282511
2884 2.282342
2885 2.282173
2886 2.282005
2887 2.281836
2888 2.281667
2889 2.281497
2890 2.281328
2891 2.281159
2892 2.280990
2893 2.280820
2894 2.280651
2895 2.280481
2896 2.280311
2897 2.280142
2898 2.279972
2899 2.279802
2900 2.279632
2901 2.279462
2902 2.279291
2903 2.279121
2904 2.278951
2905 2.278780
2906 2.278610
2907 2.278439
2908 2.278269
2909 2.278098
2910 2.277927
2911 2.277756
2912 2.277585
2913 2.277414
2914 2.277243
2915 2.277071
2916 2.276900
2917 2.276728
2918 2.276557
2919 2.276385
2920 2.276213
2921 2.276042
2922 2.275870
2923 2.275698
2924 2.275526
2925 2.275353
2926 2.275181
2927 2.275009
2928 2.274836
2929 2.274664
2930 2.274491
2931 2.274318
2932 2.274146
2933 2.273973
2934 2.273800
2935 2.273627
2936 2.273453
2937 2.273280
2938 2.273107
2939 2.272933
2940 2.272760
2941 2.272586
2942 2.272412
2943 2.272239
2944 2.272065
2945 2.271891
2946 2.271716
2947 2.271542
2948 2.271368
2949 2.271193
2950 2.271019
2951 2.270844
2952 2.270670
2953 2.270495
2954 2.270320
2955 2.270145
2956 2.269970
2957 2.269795
2958 2.269619
2959 2.269444
2960 2.269268
2961 2.269093
2962 2.268917
2963 2.268741
2964 2.268565
2965 2.268389
2966 2.268213
2967 2.268037
2968 2.267860
2969 2.267684
2970 2.267508
2971 2.267331
2972 2.267154
2973 2.266977
2974 2.266800
2975 2.266623
2976 2.266446
2977 2.266269
2978 2.266091
2979 2.265914
2980 2.265736
2981 2.265558
2982 2.265381
2983 2.265203
2984 2.265024
2985 2.264846
2986 2.264668
2987 2.264490
2988 2.264311
2989 2.264132
2990 2.263954
2991 2.263775
2992 2.263596
2993 2.263417
2994 2.263238
2995 2.263058
2996 2.262879
2997 2.262699
2998 2.262520
2999 2.262340
3000 2.262160
3001 2.261980
3002 2.261800
3003 2.261619
3004 2.261439
3005 2.261258
3006 2.261078
3007 2.260897
3008 2.260716
3009 2.260535
3010 2.260354
3011 2.260173
3012 2.259991
3013 2.259810
3014 2.259628
3015 2.259447
3016 2.259265
3017 2.259083
3018 2.258901
3019 2.258718
3020 2.258536
3021 2.258353
3022 2.258171
3023 2.257988
3024 2.257805
3025 2.257622
3026 2.257439
3027 2.257256
3028 2.257072
3029 2.256889
3030 2.256705
3031 2.256521
3032 2.256337
3033 2.256153
3034 2.255969
3035 2.255784
3036 2.255600
3037 2.255415
3038 2.255231
3039 2.255046
3040 2.254861
3041 2.254675
3042 2.254490
3043 2.254305
3044 2.254119
3045 2.253933
3046 2.253747
3047 2.253561
3048 2.253375
3049 2.253189
3050 2.253002
3051 2.252816
3052 2.252629
3053 2.252442
3054 2.252255
3055 2.252068
3056 2.251881
3057 2.251693
3058 2.251505
3059 2.251318
3060 2.251130
3061 2.250942
3062 2.250753
3063 2.250565
3064 2.250376
3065 2.250188
3066 2.249999
3067 2.249810
3068 2.249621
3069 2.249432
3070 2.249242
3071 2.249052
3072 2.248863
3073 2.248673
3074 2.248483
3075 2.248292
3076 2.248102
3077 2.247912
3078 2.247721
3079 2.247530
3080 2.247339
3081 2.247148
3082 2.246956
3083 2.246765
3084 2.246573
3085 2.246381
3086 2.246189
3087 2.245997
3088 2.245805
3089 2.245612
3090 2.245420
3091 2.245227
3092 2.245034
3093 2.244841
3094 2.244647
3095 2.244454
3096 2.244260
3097 2.244067
3098 2.243873
3099 2.243678
3100 2.243484
3101 2.243289
3102 2.243095
3103 2.242900
3104 2.242705
3105 2.242510
3106 2.242314
3107 2.242119
3108 2.241923
3109 2.241727
3110 2.241531
3111 2.241335
3112 2.241138
3113 2.240942
3114 2.240745
3115 2.240548
3116 2.240351
3117 2.240153
3118 2.239956
3119 2.239758
3120 2.239560
3121 2.239362
3122 2.239164
3123 2.238966
3124 2.238767
3125 2.238568
3126 2.238369
3127 2.238170
3128 2.237971
3129 2.237771
3130 2.237571
3131 2.237371
3132 2.237171
3133 2.236971
3134 2.236770
3135 2.236570
3136 2.236369
3137 2.236168
3138 2.235966
3139 2.235765
3140 2.235563
3141 2.235361
3142 2.235159
3143 2.234957
3144 2.234755
3145 2.234552
3146 2.234349
3147 2.234146
3148 2.233943
3149 2.233739
3150 2.233536
3151 2.233332
3152 2.233128
3153 2.232923
3154 2.232719
3155 2.232514
3156 2.232309
3157 2.232104
3158 2.231899
3159 2.231694
3160 2.231488
3161 2.231282
3162 2.231076
3163 2.230870
3164 2.230663
3165 2.230456
3166 2.230249
3167 2.230042
3168 2.229835
3169 2.229627
3170 2.229420
3171 2.229212
3172 2.229003
3173 2.228795
3174 2.228586
3175 2.228377
3176 2.228168
3177 2.227959
3178 2.227749
3179 2.227540
3180 2.227330
3181 2.227120
3182 2.226909
3183 2.226699
3184 2.226488
3185 2.226277
3186 2.226065
3187 2.225854
3188 2.225642
3189 2.225430
3190 2.225218
3191 2.225006
3192 2.224793
3193 2.224580
3194 2.224367
3195 2.224154
3196 2.223940
3197 2.223726
3198 2.223512
3199 2.223298
3200 2.223084
3201 2.222869
3202 2.222654
3203 2.222439
3204 2.222224
3205 2.222008
3206 2.221792
3207 2.221576
3208 2.221360
3209 2.221143
3210 2.220926
3211 2.220709
3212 2.220492
3213 2.220274
3214 2.220057
3215 2.219839
3216 2.219620
3217 2.219402
3218 2.219183
3219 2.218964
3220 2.218745
3221 2.218525
3222 2.218306
3223 2.218086
3224 2.217866
3225 2.217645
3226 2.217424
3227 2.217203
3228 2.216982
3229 2.216761
3230 2.216539
3231 2.216317
3232 2.216095
3233 2.215873
3234 2.215650
3235 2.215427
3236 2.215204
3237 2.214980
3238 2.214756
3239 2.214532
3240 2.214308
3241 2.214084
3242 2.213859
3243 2.213634
3244 2.213409
3245 2.213183
3246 2.212957
3247 2.212731
3248 2.212505
3249 2.212278
3250 2.212052
3251 2.211825
3252 2.211597
3253 2.211370
3254 2.211142
3255 2.210913
3256 2.210685
3257 2.210456
3258 2.210227
3259 2.209998
3260 2.209769
3261 2.209539
3262 2.209309
3263 2.209079
3264 2.208848
3265 2.208617
3266 2.208386
3267 2.208155
3268 2.207923
3269 2.207691
3270 2.207459
3271 2.207226
3272 2.206993
3273 2.206760
3274 2.206527
3275 2.206293
3276 2.206059
3277 2.205825
3278 2.205591
3279 2.205356
3280 2.205121
3281 2.204886
3282 2.204650
3283 2.204414
3284 2.204178
3285 2.203942
3286 2.203705
3287 2.203468
3288 2.203230
3289 2.202993
3290 2.202755
3291 2.202517
3292 2.202278
3293 2.202040
3294 2.201800
3295 2.201561
3296 2.201321
3297 2.201082
3298 2.200841
3299 2.200601
3300 2.200360
3301 2.200119
3302 2.199877
3303 2.199636
3304 2.199394
3305 2.199151
3306 2.198909
3307 2.198666
3308 2.198423
3309 2.198179
3310 2.197935
3311 2.197691
3312 2.197447
3313 2.197202
3314 2.196957
3315 2.196712
3316 2.196466
3317 2.196220
3318 2.195974
3319 2.195727
3320 2.195480
3321 2.195233
3322 2.194986
3323 2.194738
3324 2.194490
3325 2.194241
3326 2.193992
3327 2.193743
3328 2.193494
3329 2.193244
3330 2.192994
3331 2.192744
3332 2.192493
3333 2.192242
3334 2.191991
3335 2.191740
3336 2.191488
3337 2.191235
3338 2.190983
3339 2.190730
3340 2.190477
3341 2.190223
3342 2.189969
3343 2.189715
3344 2.189461
3345 2.189206
3346 2.188951
3347 2.188695
3348 2.188439
3349 2.188183
3350 2.187927
3351 2.187670
3352 2.187413
3353 2.187155
3354 2.186897
3355 2.186639
3356 2.186381
3357 2.186122
3358 2.185863
3359 2.185603
3360 2.185344
3361 2.185084
3362 2.184823
3363 2.184562
3364 2.184301
3365 2.184040
3366 2.183778
3367 2.183516
3368 2.183253
3369 2.182990
3370 2.182727
3371 2.182463
3372 2.182199
3373 2.181935
3374 2.181671
3375 2.181406
3376 2.181140
3377 2.180875
3378 2.180609
3379 2.180342
3380 2.180076
3381 2.179809
3382 2.179541
3383 2.179274
3384 2.179005
3385 2.178737
3386 2.178468
3387 2.178199
3388 2.177930
3389 2.177660
3390 2.177389
3391 2.177119
3392 2.176848
3393 2.176577
3394 2.176305
3395 2.176033
3396 2.175761
3397 2.175488
3398 2.175215
3399 2.174941
3400 2.174667
3401 2.174393
3402 2.174119
3403 2.173844
3404 2.173568
3405 2.173293
3406 2.173017
3407 2.172740
3408 2.172463
3409 2.172186
3410 2.171909
3411 2.171631
3412 2.171352
3413 2.171074
3414 2.170795
3415 2.170515
3416 2.170236
3417 2.169955
3418 2.169675
3419 2.169394
3420 2.169113
3421 2.168831
3422 2.168549
3423 2.168267
3424 2.167984
3425 2.167701
3426 2.167417
3427 2.167133
3428 2.166849
3429 2.166564
3430 2.166279
3431 2.165993
3432 2.165707
3433 2.165421
3434 2.165134
3435 2.164847
3436 2.164560
3437 2.164272
3438 2.163984
3439 2.163695
3440 2.163406
3441 2.163117
3442 2.162827
3443 2.162537
3444 2.162246
3445 2.161955
3446 2.161663
3447 2.161372
3448 2.161079
3449 2.160787
3450 2.160494
3451 2.160200
3452 2.159907
3453 2.159612
3454 2.159318
3455 2.159023
3456 2.158727
3457 2.158431
3458 2.158135
3459 2.157838
3460 2.157541
3461 2.157244
3462 2.156946
3463 2.156648
3464 2.156349
3465 2.156050
3466 2.155750
3467 2.155450
3468 2.155150
3469 2.154849
3470 2.154548
3471 2.154246
3472 2.153944
3473 2.153642
3474 2.153339
3475 2.153035
3476 2.152732
3477 2.152427
3478 2.152123
3479 2.151818
3480 2.151512
3481 2.151207
3482 2.150900
3483 2.150594
3484 2.150286
3485 2.149979
3486 2.149671
3487 2.149362
3488 2.149053
3489 2.148744
3490 2.148434
3491 2.148124
3492 2.147814
3493 2.147503
3494 2.147191
3495 2.146879
3496 2.146567
3497 2.146254
3498 2.145941
3499 2.145627
3500 2.145313
3501 2.144998
3502 2.144683
3503 2.144368
3504 2.144052
3505 2.143736
3506 2.143419
3507 2.143102
3508 2.142784
3509 2.142466
3510 2.142147
3511 2.141828
3512 2.141509
3513 2.141189
3514 2.140868
3515 2.140547
3516 2.140226
3517 2.139904
3518 2.139582
3519 2.139259
3520 2.138936
3521 2.138612
3522 2.138288
3523 2.137964
3524 2.137639
3525 2.137313
3526 2.136987
3527 2.136661
3528 2.136334
3529 2.136007
3530 2.135679
3531 2.135351
3532 2.135022
3533 2.134693
3534 2.134363
3535 2.134033
3536 2.133702
3537 2.133371
3538 2.133039
3539 2.132707
3540 2.132375
3541 2.132042
3542 2.131708
3543 2.131374
3544 2.131040
3545 2.130705
3546 2.130369
3547 2.130033
3548 2.129697
3549 2.129360
3550 2.129022
3551 2.128684
3552 2.128346
3553 2.128007
3554 2.127668
3555 2.127328
3556 2.126987
3557 2.126647
3558 2.126305
3559 2.125963
3560 2.125621
3561 2.125278
3562 2.124935
3563 2.124591
3564 2.124246
3565 2.123901
3566 2.123556
3567 2.123210
3568 2.122864
3569 2.122517
3570 2.122169
3571 2.121821
3572 2.121473
3573 2.121124
3574 2.120774
3575 2.120424
3576 2.120074
3577 2.119723
3578 2.119371
3579 2.119019
3580 2.118666
3581 2.118313
3582 2.117959
3583 2.117605
3584 2.117250
3585 2.116895
3586 2.116539
3587 2.116183
3588 2.115826
3589 2.115469
3590 2.115111
3591 2.114752
3592 2.114393
3593 2.114033
3594 2.113673
3595 2.113313
3596 2.112951
3597 2.112590
3598 2.112227
3599 2.111864
3600 2.111501
3601 2.111137
3602 2.110773
3603 2.110407
3604 2.110042
3605 2.109676
3606 2.109309
3607 2.108942
3608 2.108574
3609 2.108205
3610 2.107836
3611 2.107467
3612 2.107096
3613 2.106726
3614 2.106354
3615 2.105982
3616 2.105610
3617 2.105237
3618 2.104863
3619 2.104489
3620 2.104114
3621 2.103739
3622 2.103363
3623 2.102987
3624 2.102609
3625 2.102232
3626 2.101853
3627 2.101474
3628 2.101095
3629 2.100715
3630 2.100334
3631 2.099953
3632 2.099571
3633 2.099188
3634 2.098805
3635 2.098421
3636 2.098037
3637 2.097652
3638 2.097267
3639 2.096880
3640 2.096494
3641 2.096106
3642 2.095718
3643 2.095329
3644 2.094940
3645 2.094550
3646 2.094159
3647 2.093768
3648 2.093376
3649 2.092984
3650 2.092591
3651 2.092197
3652 2.091803
3653 2.091407
3654 2.091012
3655 2.090615
3656 2.090218
3657 2.089821
3658 2.089422
3659 2.089023
3660 2.088624
3661 2.088223
3662 2.087822
3663 2.087420
3664 2.087018
3665 2.086615
3666 2.086211
3667 2.085807
3668 2.085402
3669 2.084996
3670 2.084590
3671 2.084182
3672 2.083775
3673 2.083366
3674 2.082957
3675 2.082547
3676 2.082136
3677 2.081725
3678 2.081313
3679 2.080900
3680 2.080486
3681 2.080072
3682 2.079657
3683 2.079241
3684 2.078825
3685 2.078408
3686 2.077990
3687 2.077571
3688 2.077152
3689 2.076732
3690 2.076311
3691 2.075889
3692 2.075467
3693 2.075044
3694 2.074620
3695 2.074195
3696 2.073770
3697 2.073343
3698 2.072916
3699 2.072489
3700 2.072060
3701 2.071631
3702 2.071201
3703 2.070770
3704 2.070338
3705 2.069905
3706 2.069472
3707 2.069038
3708 2.068603
3709 2.068167
3710 2.067731
3711 2.067293
3712 2.066855
3713 2.066416
3714 2.065976
3715 2.065535
3716 2.065093
3717 2.064651
3718 2.064208
3719 2.063763
3720 2.063318
3721 2.062872
3722 2.062426
3723 2.061978
3724 2.061529
3725 2.061080
3726 2.060630
3727 2.060178
3728 2.059726
3729 2.059273
3730 2.058819
3731 2.058364
3732 2.057909
3733 2.057452
3734 2.056994
3735 2.056536
3736 2.056076
3737 2.055616
3738 2.055154
3739 2.054692
3740 2.054228
3741 2.053764
3742 2.053299
3743 2.052832
3744 2.052365
3745 2.051897
3746 2.051428
3747 2.050957
3748 2.050486
3749 2.050014
3750 2.049540
3751 2.049066
3752 2.048591
3753 2.048114
3754 2.047637
3755 2.047158
3756 2.046679
3757 2.046198
3758 2.045716
3759 2.045233
3760 2.044750
3761 2.044265
3762 2.043778
3763 2.043291
3764 2.042803
3765 2.042314
3766 2.041823
3767 2.041331
3768 2.040838
3769 2.040344
3770 2.039849
3771 2.039353
3772 2.038855
3773 2.038357
3774 2.037857
3775 2.037356
3776 2.036854
3777 2.036350
3778 2.035845
3779 2.035339
3780 2.034832
3781 2.034324
3782 2.033814
3783 2.033303
3784 2.032791
3785 2.032277
3786 2.031763
3787 2.031246
3788 2.030729
3789 2.030210
3790 2.029690
3791 2.029169
3792 2.028646
3793 2.028122
3794 2.027596
3795 2.027070
3796 2.026541
3797 2.026012
3798 2.025481
3799 2.024948
3800 2.024414
3801 2.023879
3802 2.023342
3803 2.022804
3804 2.022264
3805 2.021723
3806 2.021180
3807 2.020636
3808 2.020091
3809 2.019543
3810 2.018995
3811 2.018444
3812 2.017892
3813 2.017339
3814 2.016784
3815 2.016227
3816 2.015669
3817 2.015109
3818 2.014548
3819 2.013984
3820 2.013420
3821 2.012853
3822 2.012285
3823 2.011715
3824 2.011143
3825 2.010570
3826 2.009995
3827 2.009418
3828 2.008840
3829 2.008259
3830 2.007677
3831 2.007093
3832 2.006507
3833 2.005920
3834 2.005330
3835 2.004739
3836 2.004146
3837 2.003550
3838 2.002953
3839 2.002354
3840 2.001753
3841 2.001150
3842 2.000545
3843 1.999939
3844 1.999330
3845 1.998719
3846 1.998106
3847 1.997490
3848 1.996873
3849 1.996254
3850 1.995633
3851 1.995009
3852 1.994383
3853 1.993755
3854 1.993125
3855 1.992493
3856 1.991858
3857 1.991222
3858 1.990583
3859 1.989941
3860 1.989298
3861 1.988651
3862 1.988003
3863 1.987352
3864 1.986699
3865 1.986044
3866 1.985386
3867 1.984725
3868 1.984062
3869 1.983397
3870 1.982728
3871 1.982058
3872 1.981385
3873 1.980709
3874 1.980030
3875 1.979349
3876 1.978666
3877 1.977979
3878 1.977290
3879 1.976598
3880 1.975903
3881 1.975205
3882 1.974505
3883 1.973802
3884 1.973095
3885 1.972386
3886 1.971674
3887 1.970959
3888 1.970241
3889 1.969520
3890 1.968795
3891 1.968068
3892 1.967337
3893 1.966604
3894 1.965867
3895 1.965126
3896 1.964383
3897 1.963636
3898 1.962886
3899 1.962132
3900 1.961375
3901 1.960615
3902 1.959850
3903 1.959083
3904 1.958312
3905 1.957537
3906 1.956758
3907 1.955976
3908 1.955190
3909 1.954400
3910 1.953606
3911 1.952809
3912 1.952007
3913 1.951201
3914 1.950392
3915 1.949578
3916 1.948760
3917 1.947938
3918 1.947111
3919 1.946280
3920 1.945445
3921 1.944606
3922 1.943762
3923 1.942913
3924 1.942060
3925 1.941202
3926 1.940339
3927 1.939471
3928 1.938599
3929 1.937722
3930 1.936839
3931 1.935952
3932 1.935059
3933 1.934161
3934 1.933258
3935 1.932350
3936 1.931436
3937 1.930516
3938 1.929591
3939 1.928660
3940 1.927723
3941 1.926781
3942 1.925832
3943 1.924878
3944 1.923917
3945 1.922950
3946 1.921977
3947 1.920997
3948 1.920011
3949 1.919018
3950 1.918018
3951 1.917012
3952 1.915999
3953 1.914978
3954 1.913951
3955 1.912916
3956 1.911874
3957 1.910824
3958 1.909767
3959 1.908702
3960 1.907629
3961 1.906549
3962 1.905460
3963 1.904363
3964 1.903258
3965 1.902145
3966 1.901023
3967 1.899893
3968 1.898753
3969 1.897605
3970 1.896449
3971 1.895283
3972 1.894108
3973 1.892923
3974 1.891730
3975 1.890526
3976 1.889314
3977 1.888092
3978 1.886860
3979 1.885618
3980 1.884367
3981 1.883105
3982 1.881834
3983 1.880553
3984 1.879261
3985 1.877960
3986 1.876648
3987 1.875327
3988 1.873996
3989 1.872654
3990 1.871303
3991 1.869942
3992 1.868571
3993 1.867191
3994 1.865801
3995 1.864402
3996 1.862994
3997 1.861577
3998 1.860151
3999 1.858717
4000 1.857276
4001 1.855826
4002 1.854370
4003 1.852907
4004 1.851437
4005 1.849962
4006 1.848482
4007 1.846997
4008 1.845509
4009 1.844017
4010 1.842523
4011 1.841028
4012 1.839532
4013 1.838036
4014 1.836540
4015 1.835047
4016 1.833557
4017 1.832071
4018 1.830589
4019 1.829114
4020 1.827645
4021 1.826184
4022 1.824733
4023 1.823291
4024 1.821861
4025 1.820442
4026 1.819037
4027 1.817645
4028 1.816268
4029 1.814906
4030 1.813561
4031 1.812232
4032 1.810921
4033 1.809628
4034 1.808354
4035 1.807098
4036 1.805862
4037 1.804645
4038 1.803449
4039 1.802272
4040 1.801115
4041 1.799978
4042 1.798861
4043 1.797764
4044 1.796687
4045 1.795630
4046 1.794591
4047 1.793572
4048 1.792572
4049 1.791590
4050 1.790626
4051 1.789680
4052 1.788751
4053 1.787840
4054 1.786945
4055 1.786066
4056 1.785203
4057 1.784356
4058 1.783524
4059 1.782706
4060 1.781903
4061 1.781114
4062 1.780338
4063 1.779575
4064 1.778825
4065 1.778087
4066 1.777362
4067 1.776648
4068 1.775945
4069 1.775254
4070 1.774573
4071 1.773903
4072 1.773243
4073 1.772592
4074 1.771951
4075 1.771320
4076 1.770697
4077 1.770083
4078 1.769478
4079 1.768881
4080 1.768292
4081 1.767711
4082 1.767137
4083 1.766571
4084 1.766012
4085 1.765459
4086 1.764914
4087 1.764375
4088 1.763843
4089 1.763317
4090 1.762796
4091 1.762282
4092 1.761774
4093 1.761271
4094 1.760774
4095 1.760282
4096 1.759795
4097 1.759313
4098 1.758836
4099 1.758364
4100 1.757896
4101 1.757434
4102 1.756975
4103 1.756521
4104 1.756071
4105 1.755625
4106 1.755183
4107 1.754746
4108 1.754312
4109 1.753881
4110 1.753455
4111 1.753032
4112 1.752612
4113 1.752196
4114 1.751783
4115 1.751373
4116 1.750966
4117 1.750563
4118 1.750163
4119 1.749765
4120 1.749371
4121 1.748979
4122 1.748590
4123 1.748203
4124 1.747820
4125 1.747439
4126 1.747060
4127 1.746684
4128 1.746310
4129 1.745939
4130 1.745570
4131 1.745203
4132 1.744838
4133 1.744476
4134 1.744115
4135 1.743757
4136 1.743401
4137 1.743047
4138 1.742694
4139 1.742344
4140 1.741995
4141 1.741649
4142 1.741304
4143 1.740960
4144 1.740619
4145 1.740279
4146 1.739941
4147 1.739604
4148 1.739269
4149 1.738936
4150 1.738604
4151 1.738273
4152 1.737944
4153 1.737617
4154 1.737291
4155 1.736966
4156 1.736642
4157 1.736320
4158 1.735999
4159 1.735680
4160 1.735361
4161 1.735044
4162 1.734728
4163 1.734413
4164 1.734100
4165 1.733787
4166 1.733476
4167 1.733165
4168 1.732856
4169 1.732547
4170 1.732240
4171 1.731934
4172 1.731629
4173 1.731324
4174 1.731021
4175 1.730718
4176 1.730417
4177 1.730116
4178 1.729816
4179 1.729517
4180 1.729219
4181 1.728921
4182 1.728625
4183 1.728329
4184 1.728034
4185 1.727740
4186 1.727446
4187 1.727153
4188 1.726861
4189 1.726570
4190 1.726279
4191 1.725989
4192 1.725700
4193 1.725411
4194 1.725123
4195 1.724835
4196 1.724548
4197 1.724262
4198 1.723976
4199 1.723691
4200 1.723406
4201 1.723122
4202 1.722839
4203 1.722555
4204 1.722273
4205 1.721991
4206 1.721709
4207 1.721428
4208 1.721148
4209 1.720868
4210 1.720588
4211 1.720309
4212 1.720030
4213 1.719751
4214 1.719473
4215 1.719196
4216 1.718919
4217 1.718642
4218 1.718365
4219 1.718089
4220 1.717814
4221 1.717538
4222 1.717263
4223 1.716988
4224 1.716714
4225 1.716440
4226 1.716166
4227 1.715893
4228 1.715620
4229 1.715347
4230 1.715074
4231 1.714802
4232 1.714530
4233 1.714258
4234 1.713987
4235 1.713715
4236 1.713444
4237 1.713174
4238 1.712903
4239 1.712633
4240 1.712362
4241 1.712093
4242 1.711823
4243 1.711553
4244 1.711284
4245 1.711015
4246 1.710746
4247 1.710477
4248 1.710208
4249 1.709940
4250 1.709671
4251 1.709403
4252 1.709135
4253 1.708867
4254 1.708599
4255 1.708331
4256 1.708064
4257 1.707796
4258 1.707529
4259 1.707262
4260 1.706994
4261 1.706727
4262 1.706460
4263 1.706193
4264 1.705927
4265 1.705660
4266 1.705393
4267 1.705127
4268 1.704860
4269 1.704593
4270 1.704327
4271 1.704060
4272 1.703794
4273 1.703528
4274 1.703261
4275 1.702995
4276 1.702729
4277 1.702463
4278 1.702196
4279 1.701930
4280 1.701664
4281 1.701397
4282 1.701131
4283 1.700865
4284 1.700599
4285 1.700332
4286 1.700066
4287 1.699800
4288 1.699533
4289 1.699267
4290 1.699000
4291 1.698734
4292 1.698467
4293 1.698201
4294 1.697934
4295 1.697667
4296 1.697400
4297 1.697134
4298 1.696867
4299 1.696600
4300 1.696332
4301 1.696065
4302 1.695798
4303 1.695531
4304 1.695263
4305 1.694996
4306 1.694728
4307 1.694460
4308 1.694192
4309 1.693924
4310 1.693656
4311 1.693388
4312 1.693119
4313 1.692851
4314 1.692582
4315 1.692313
4316 1.692044
4317 1.691775
4318 1.691506
4319 1.691237
4320 1.690967
4321 1.690697
4322 1.690427
4323 1.690157
4324 1.689887
4325 1.689617
4326 1.689346
4327 1.689075
4328 1.688804
4329 1.688533
4330 1.688262
4331 1.687990
4332 1.687718
4333 1.687446
4334 1.687174
4335 1.686902
4336 1.686629
4337 1.686356
4338 1.686083
4339 1.685809
4340 1.685536
4341 1.685262
4342 1.684988
4343 1.684713
4344 1.684439
4345 1.684164
4346 1.683889
4347 1.683613
4348 1.683337
4349 1.683061
4350 1.682785
4351 1.682509
4352 1.682232
4353 1.681955
4354 1.681677
4355 1.681399
4356 1.681121
4357 1.680843
4358 1.680564
4359 1.680285
4360 1.680006
4361 1.679726
4362 1.679446
4363 1.679166
4364 1.678885
4365 1.678604
4366 1.678322
4367 1.678040
4368 1.677758
4369 1.677476
4370 1.677193
4371 1.676909
4372 1.676626
4373 1.676342
4374 1.676057
4375 1.675772
4376 1.675487
4377 1.675201
4378 1.674915
4379 1.674628
4380 1.674341
4381 1.674054
4382 1.673766
4383 1.673477
4384 1.673189
4385 1.672899
4386 1.672609
4387 1.672319
4388 1.672029
4389 1.671737
4390 1.671446
4391 1.671154
4392 1.670861
4393 1.670568
4394 1.670274
4395 1.669980
4396 1.669685
4397 1.669390
4398 1.669094
4399 1.668797
4400 1.668501
4401 1.668203
4402 1.667905
4403 1.667606
4404 1.667307
4405 1.667007
4406 1.666707
4407 1.666406
4408 1.666104
4409 1.665802
4410 1.665499
4411 1.665196
4412 1.664892
4413 1.664587
4414 1.664281
4415 1.663975
4416 1.663668
4417 1.663361
4418 1.663053
4419 1.662744
4420 1.662435
4421 1.662124
4422 1.661813
4423 1.661502
4424 1.661189
4425 1.660876
4426 1.660562
4427 1.660248
4428 1.659932
4429 1.659616
4430 1.659299
4431 1.658981
4432 1.658663
4433 1.658343
4434 1.658023
4435 1.657702
4436 1.657380
4437 1.657058
4438 1.656734
4439 1.656410
4440 1.656084
4441 1.655758
4442 1.655431
4443 1.655103
4444 1.654774
4445 1.654445
4446 1.654114
4447 1.653782
4448 1.653450
4449 1.653116
4450 1.652782
4451 1.652446
4452 1.652110
4453 1.651772
4454 1.651434
4455 1.651094
4456 1.650754
4457 1.650412
4458 1.650069
4459 1.649726
4460 1.649381
4461 1.649035
4462 1.648688
4463 1.648340
4464 1.647991
4465 1.647641
4466 1.647289
4467 1.646937
4468 1.646583
4469 1.646228
4470 1.645872
4471 1.645515
4472 1.645157
4473 1.644797
4474 1.644437
4475 1.644075
4476 1.643711
4477 1.643347
4478 1.642981
4479 1.642614
4480 1.642246
4481 1.641876
4482 1.641506
4483 1.641134
4484 1.640760
4485 1.640385
4486 1.640009
4487 1.639632
4488 1.639253
4489 1.638873
4490 1.638491
4491 1.638108
4492 1.637724
4493 1.637338
4494 1.636951
4495 1.636563
4496 1.636173
4497 1.635781
4498 1.635389
4499 1.634994
4500 1.634598
4501 1.634201
4502 1.633802
4503 1.633402
4504 1.633001
4505 1.632597
4506 1.632193
4507 1.631786
4508 1.631378
4509 1.630969
4510 1.630558
4511 1.630146
4512 1.629732
4513 1.629316
4514 1.628899
4515 1.628480
4516 1.628060
4517 1.627638
4518 1.627215
4519 1.626789
4520 1.626363
4521 1.625934
4522 1.625504
4523 1.625073
4524 1.624640
4525 1.624205
4526 1.623768
4527 1.623330
4528 1.622890
4529 1.622449
4530 1.622005
4531 1.621561
4532 1.621114
4533 1.620666
4534 1.620216
4535 1.619765
4536 1.619311
4537 1.618857
4538 1.618400
4539 1.617942
4540 1.617482
4541 1.617020
4542 1.616557
4543 1.616092
4544 1.615625
4545 1.615157
4546 1.614687
4547 1.614215
4548 1.613742
4549 1.613267
4550 1.612790
4551 1.612311
4552 1.611831
4553 1.611349
4554 1.610866
4555 1.610381
4556 1.609894
4557 1.609405
4558 1.608915
4559 1.608423
4560 1.607930
4561 1.607435
4562 1.606938
4563 1.606440
4564 1.605939
4565 1.605438
4566 1.604934
4567 1.604430
4568 1.603923
4569 1.603415
4570 1.602905
4571 1.602394
4572 1.601881
4573 1.601366
4574 1.600850
4575 1.600333
4576 1.599814
4577 1.599293
4578 1.598771
4579 1.598247
4580 1.597722
4581 1.597195
4582 1.596667
4583 1.596137
4584 1.595606
4585 1.595073
4586 1.594539
4587 1.594003
4588 1.593467
4589 1.592928
4590 1.592388
4591 1.591847
4592 1.591305
4593 1.590761
4594 1.590216
4595 1.589669
4596 1.589121
4597 1.588572
4598 1.588021
4599 1.587470
4600 1.586916
4601 1.586362
4602 1.585807
4603 1.585250
4604 1.584692
4605 1.584133
4606 1.583572
4607 1.583011
4608 1.582448
4609 1.581885
4610 1.581320
4611 1.580754
4612 1.580187
4613 1.579619
4614 1.579049
4615 1.578479
4616 1.577908
4617 1.577336
4618 1.576763
4619 1.576189
4620 1.575614
4621 1.575038
4622 1.574461
4623 1.573883
4624 1.573304
4625 1.572725
4626 1.572145
4627 1.571564
4628 1.570982
4629 1.570399
4630 1.569815
4631 1.569231
4632 1.568646
4633 1.568061
4634 1.567474
4635 1.566888
4636 1.566300
4637 1.565712
4638 1.565123
4639 1.564533
4640 1.563943
4641 1.563353
4642 1.562762
4643 1.562170
4644 1.561578
4645 1.560985
4646 1.560392
4647 1.559799
4648 1.559205
4649 1.558610
4650 1.558015
4651 1.557420
4652 1.556825
4653 1.556229
4654 1.555633
4655 1.555036
4656 1.554439
4657 1.553842
4658 1.553245
4659 1.552647
4660 1.552049
4661 1.551451
4662 1.550853
4663 1.550254
4664 1.549655
4665 1.549056
4666 1.548457
4667 1.547858
4668 1.547259
4669 1.546659
4670 1.546059
4671 1.545460
4672 1.544860
4673 1.544260
4674 1.543660
4675 1.543060
4676 1.542460
4677 1.541859
4678 1.541259
4679 1.540659
4680 1.540058
4681 1.539458
4682 1.538857
4683 1.538257
4684 1.537656
4685 1.537055
4686 1.536455
4687 1.535854
4688 1.535253
4689 1.534652
4690 1.534051
4691 1.533450
4692 1.532849
4693 1.532247
4694 1.531646
4695 1.531044
4696 1.530442
4697 1.529841
4698 1.529238
4699 1.528636
4700 1.528033
4701 1.527431
4702 1.526827
4703 1.526224
4704 1.525620
4705 1.525016
4706 1.524411
4707 1.523806
4708 1.523200
4709 1.522594
4710 1.521987
4711 1.521380
4712 1.520772
4713 1.520163
4714 1.519553
4715 1.518942
4716 1.518330
4717 1.517718
4718 1.517104
4719 1.516489
4720 1.515872
4721 1.515255
4722 1.514636
4723 1.514015
4724 1.513392
4725 1.512768
4726 1.512142
4727 1.511514
4728 1.510883
4729 1.510251
4730 1.509616
4731 1.508978
4732 1.508338
4733 1.507694
4734 1.507048
4735 1.506398
4736 1.505744
4737 1.505087
4738 1.504426
4739 1.503761
4740 1.503092
4741 1.502418
4742 1.501739
4743 1.501054
4744 1.500365
4745 1.499669
4746 1.498968
4747 1.498260
4748 1.497545
4749 1.496823
4750 1.496093
4751 1.495356
4752 1.494610
4753 1.493855
4754 1.493090
4755 1.492316
4756 1.491532
4757 1.490736
4758 1.489929
4759 1.489110
4760 1.488278
4761 1.487433
4762 1.486573
4763 1.485699
4764 1.484808
4765 1.483902
4766 1.482977
4767 1.482035
4768 1.481073
4769 1.480092
4770 1.479088
4771 1.478063
4772 1.477014
4773 1.475941
4774 1.474842
4775 1.473715
4776 1.472561
4777 1.471377
4778 1.470162
4779 1.468914
4780 1.467633
4781 1.466316
4782 1.464963
4783 1.463571
4784 1.462141
4785 1.460669
4786 1.459155
4787 1.457599
4788 1.455998
4789 1.454352
4790 1.452661
4791 1.450925
4792 1.449143
4793 1.447316
4794 1.445445
4795 1.443532
4796 1.441579
4797 1.439588
4798 1.437564
4799 1.435511
4800 1.433433
4801 1.431336
4802 1.429226
4803 1.427109
4804 1.424993
4805 1.422883
4806 1.420787
4807 1.418710
4808 1.416658
4809 1.414636
4810 1.412648
4811 1.410697
4812 1.408787
4813 1.406918
4814 1.405092
4815 1.403308
4816 1.401566
4817 1.399866
4818 1.398205
4819 1.396582
4820 1.394994
4821 1.393440
4822 1.391918
4823 1.390424
4824 1.388956
4825 1.387513
4826 1.386091
4827 1.384687
4828 1.383301
4829 1.381930
4830 1.380570
4831 1.379222
4832 1.377881
4833 1.376547
4834 1.375218
4835 1.373892
4836 1.372567
4837 1.371241
4838 1.369913
4839 1.368582
4840 1.367246
4841 1.365904
4842 1.364554
4843 1.363195
4844 1.361825
4845 1.360444
4846 1.359051
4847 1.357643
4848 1.356221
4849 1.354783
4850 1.353327
4851 1.351855
4852 1.350363
4853 1.348852
4854 1.347320
4855 1.345768
4856 1.344195
4857 1.342599
4858 1.340981
4859 1.339340
4860 1.337675
4861 1.335987
4862 1.334276
4863 1.332540
4864 1.330781
4865 1.328998
4866 1.327190
4867 1.325359
4868 1.323504
4869 1.321625
4870 1.319722
4871 1.317797
4872 1.315849
4873 1.313879
4874 1.311887
4875 1.309875
4876 1.307843
4877 1.305793
4878 1.303725
4879 1.301641
4880 1.299542
4881 1.297431
4882 1.295308
4883 1.293175
4884 1.291035
4885 1.288889
4886 1.286739
4887 1.284586
4888 1.282434
4889 1.280282
4890 1.278135
4891 1.275992
4892 1.273856
4893 1.271728
4894 1.269609
4895 1.267502
4896 1.265407
4897 1.263325
4898 1.261257
4899 1.259205
4900 1.257168
4901 1.255149
4902 1.253146
4903 1.251162
4904 1.249197
4905 1.247250
4906 1.245323
4907 1.243416
4908 1.241528
4909 1.239661
4910 1.237814
4911 1.235987
4912 1.234180
4913 1.232394
4914 1.230629
4915 1.228884
4916 1.227160
4917 1.225455
4918 1.223772
4919 1.222108
4920 1.220464
4921 1.218841
4922 1.217237
4923 1.215653
4924 1.214088
4925 1.212542
4926 1.211016
4927 1.209508
4928 1.208019
4929 1.206549
4930 1.205097
4931 1.203663
4932 1.202247
4933 1.200849
4934 1.199468
4935 1.198104
4936 1.196757
4937 1.195427
4938 1.194113
4939 1.192816
4940 1.191535
4941 1.190269
4942 1.189020
4943 1.187785
4944 1.186566
4945 1.185362
4946 1.184173
4947 1.182998
4948 1.181837
4949 1.180691
4950 1.179558
4951 1.178439
4952 1.177333
4953 1.176241
4954 1.175162
4955 1.174096
4956 1.173042
4957 1.172001
4958 1.170972
4959 1.169955
4960 1.168950
4961 1.167956
4962 1.166974
4963 1.166004
4964 1.165045
4965 1.164096
4966 1.163159
4967 1.162232
4968 1.161316
4969 1.160409
4970 1.159513
4971 1.158628
4972 1.157751
4973 1.156885
4974 1.156028
4975 1.155181
4976 1.154343
4977 1.153513
4978 1.152693
4979 1.151882
4980 1.151079
4981 1.150285
4982 1.149499
4983 1.148722
4984 1.147953
4985 1.147192
4986 1.146439
4987 1.145693
4988 1.144955
4989 1.144225
4990 1.143502
4991 1.142787
4992 1.142079
4993 1.141378
4994 1.140684
4995 1.139997
4996 1.139317
4997 1.138643
4998 1.137976
4999 1.137316
