0 29.230963
1 28.818426
2 29.213032
3 29.384052
4 29.466336
5 29.520049
6 29.561371
7 29.592389
8 29.608356
9 29.598659
10 29.549512
11 29.444345
12 29.258168
13 28.953603
14 28.461900
15 27.696600
16 26.607094
17 25.243012
18 23.755844
19 22.267516
20 20.833843
21 19.487431
22 18.248688
23 17.108883
24 16.045973
25 15.049076
26 14.117634
27 13.253489
28 12.456192
29 11.721563
30 11.042649
31 10.411468
32 9.820395
33 9.262959
34 8.734176
35 8.230586
36 7.750079
37 7.291589
38 6.854749
39 6.439631
40 6.046570
41 5.675978
42 5.328104
43 5.002854
44 4.699774
45 4.418142
46 4.157079
47 3.915621
48 3.692770
49 3.487520
50 3.298853
51 3.125746
52 2.967177
53 2.822138
54 2.689645
55 2.568740
56 2.458490
57 2.357987
58 2.266350
59 2.182723
60 2.106287
61 2.036266
62 1.971938
63 1.912640
64 1.857773
65 1.806810
66 1.759285
67 1.714799
68 1.673011
69 1.633630
70 1.596413
71 1.561154
72 1.527681
73 1.495847
74 1.465530
75 1.436624
76 1.409041
77 1.382701
78 1.357537
79 1.333487
80 1.310496
81 1.288516
82 1.267499
83 1.247404
84 1.228190
85 1.209818
86 1.192253
87 1.175460
88 1.159404
89 1.144055
90 1.129379
91 1.115348
92 1.101932
93 1.089103
94 1.076835
95 1.065100
96 1.053875
97 1.043135
98 1.032858
99 1.023023
100 1.013608
101 1.004596
102 0.995966
103 0.987703
104 0.979789
105 0.972210
106 0.964952
107 0.958000
108 0.951343
109 0.944969
110 0.938867
111 0.933027
112 0.927439
113 0.922094
114 0.916984
115 0.912101
116 0.907438
117 0.902989
118 0.898745
119 0.894703
120 0.890855
121 0.887197
122 0.883723
123 0.880428
124 0.877309
125 0.874359
126 0.871576
127 0.868955
128 0.866492
129 0.864184
130 0.862026
131 0.860015
132 0.858148
133 0.856421
134 0.854831
135 0.853375
136 0.852050
137 0.850852
138 0.849778
139 0.848826
140 0.847993
141 0.847275
142 0.846670
143 0.846176
144 0.845788
145 0.845505
146 0.845324
147 0.845242
148 0.845257
149 0.845366
150 0.845566
151 0.845856
152 0.846233
153 0.846694
154 0.847237
155 0.847860
156 0.848560
157 0.849336
158 0.850186
159 0.851106
160 0.852096
161 0.853153
162 0.854276
163 0.855461
164 0.856709
165 0.858016
166 0.859381
167 0.860803
168 0.862280
169 0.863810
170 0.865391
171 0.867023
172 0.868703
173 0.870431
174 0.872204
175 0.874022
176 0.875883
177 0.877787
178 0.879731
179 0.881714
180 0.883736
181 0.885795
182 0.887890
183 0.890020
184 0.892184
185 0.894380
186 0.896608
187 0.898867
188 0.901155
189 0.903472
190 0.905816
191 0.908186
192 0.910582
193 0.913001
194 0.915444
195 0.917909
196 0.920395
197 0.922900
198 0.925424
199 0.927966
200 0.930523
201 0.933095
202 0.935681
203 0.938280
204 0.940889
205 0.943508
206 0.946134
207 0.948768
208 0.951406
209 0.954048
210 0.956691
211 0.959334
212 0.961975
213 0.964613
214 0.967245
215 0.969869
216 0.972483
217 0.975086
218 0.977674
219 0.980247
220 0.982801
221 0.985334
222 0.987844
223 0.990328
224 0.992785
225 0.995212
226 0.997606
227 0.999967
228 1.002290
229 1.004576
230 1.006822
231 1.009028
232 1.011192
233 1.013314
234 1.015396
235 1.017436
236 1.019439
237 1.021406
238 1.023340
239 1.025247
240 1.027131
241 1.028999
242 1.030856
243 1.032709
244 1.034566
245 1.036432
246 1.038314
247 1.040216
248 1.042143
249 1.044099
250 1.046085
251 1.048104
252 1.050155
253 1.052240
254 1.054356
255 1.056503
256 1.058679
257 1.060882
258 1.063110
259 1.065360
260 1.067628
261 1.069913
262 1.072210
263 1.074515
264 1.076824
265 1.079132
266 1.081432
267 1.083720
268 1.085986
269 1.088225
270 1.090427
271 1.092585
272 1.094688
273 1.096729
274 1.098698
275 1.100587
276 1.102387
277 1.104090
278 1.105690
279 1.107179
280 1.108552
281 1.109804
282 1.110931
283 1.111930
284 1.112798
285 1.113534
286 1.114138
287 1.114610
288 1.114950
289 1.115161
290 1.115245
291 1.115205
292 1.115045
293 1.114769
294 1.114382
295 1.113888
296 1.113294
297 1.112604
298 1.111826
299 1.110964
300 1.110025
301 1.109016
302 1.107942
303 1.106810
304 1.105626
305 1.104396
306 1.103127
307 1.101823
308 1.100490
309 1.099135
310 1.097760
311 1.096373
312 1.094976
313 1.093575
314 1.092173
315 1.090774
316 1.089381
317 1.087998
318 1.086627
319 1.085270
320 1.083931
321 1.082610
322 1.081310
323 1.080032
324 1.078777
325 1.077547
326 1.076343
327 1.075165
328 1.074013
329 1.072889
330 1.071792
331 1.070723
332 1.069681
333 1.068668
334 1.067681
335 1.066722
336 1.065790
337 1.064884
338 1.064005
339 1.063151
340 1.062323
341 1.061519
342 1.060740
343 1.059984
344 1.059251
345 1.058541
346 1.057852
347 1.057184
348 1.056537
349 1.055910
350 1.055302
351 1.054713
352 1.054142
353 1.053588
354 1.053051
355 1.052531
356 1.052026
357 1.051537
358 1.051062
359 1.050601
360 1.050153
361 1.049719
362 1.049298
363 1.048888
364 1.048491
365 1.048104
366 1.047728
367 1.047363
368 1.047008
369 1.046662
370 1.046326
371 1.045998
372 1.045679
373 1.045369
374 1.045066
375 1.044771
376 1.044483
377 1.044202
378 1.043928
379 1.043661
380 1.043400
381 1.043145
382 1.042896
383 1.042653
384 1.042415
385 1.042182
386 1.041954
387 1.041731
388 1.041513
389 1.041300
390 1.041091
391 1.040886
392 1.040686
393 1.040489
394 1.040296
395 1.040107
396 1.039922
397 1.039740
398 1.039562
399 1.039387
400 1.039216
401 1.039047
402 1.038882
403 1.038720
404 1.038560
405 1.038404
406 1.038250
407 1.038099
408 1.037951
409 1.037805
410 1.037662
411 1.037522
412 1.037384
413 1.037248
414 1.037115
415 1.036984
416 1.036856
417 1.036729
418 1.036605
419 1.036483
420 1.036364
421 1.036246
422 1.036131
423 1.036017
424 1.035906
425 1.035797
426 1.035689
427 1.035584
428 1.035481
429 1.035379
430 1.035280
431 1.035182
432 1.035086
433 1.034992
434 1.034900
435 1.034810
436 1.034721
437 1.034634
438 1.034549
439 1.034466
440 1.034384
441 1.034305
442 1.034226
443 1.034150
444 1.034075
445 1.034002
446 1.033930
447 1.033860
448 1.033792
449 1.033725
450 1.033660
451 1.033597
452 1.033535
453 1.033474
454 1.033415
455 1.033358
456 1.033302
457 1.033247
458 1.033194
459 1.033143
460 1.033093
461 1.033044
462 1.032997
463 1.032951
464 1.032907
465 1.032864
466 1.032823
467 1.032782
468 1.032744
469 1.032706
470 1.032670
471 1.032635
472 1.032602
473 1.032570
474 1.032539
475 1.032509
476 1.032481
477 1.032454
478 1.032428
479 1.032404
480 1.032380
481 1.032358
482 1.032337
483 1.032318
484 1.032299
485 1.032282
486 1.032266
487 1.032250
488 1.032237
489 1.032224
490 1.032212
491 1.032202
492 1.032192
493 1.032184
494 1.032176
495 1.032170
496 1.032165
497 1.032161
498 1.032158
499 1.032156
500 1.032155
501 1.032155
502 1.032155
503 1.032157
504 1.032160
505 1.032164
506 1.032169
507 1.032175
508 1.032181
509 1.032189
510 1.032197
511 1.032207
512 1.032217
513 1.032228
514 1.032240
515 1.032253
516 1.032267
517 1.032281
518 1.032297
519 1.032313
520 1.032330
521 1.032348
522 1.032367
523 1.032386
524 1.032406
525 1.032427
526 1.032449
527 1.032472
528 1.032495
529 1.032519
530 1.032544
531 1.032569
532 1.032596
533 1.032622
534 1.032650
535 1.032678
536 1.032707
537 1.032737
538 1.032768
539 1.032799
540 1.032830
541 1.032863
542 1.032896
543 1.032929
544 1.032963
545 1.032998
546 1.033034
547 1.033070
548 1.033107
549 1.033144
550 1.033182
551 1.033220
552 1.033259
553 1.033299
554 1.033339
555 1.033380
556 1.033421
557 1.033463
558 1.033506
559 1.033549
560 1.033592
561 1.033636
562 1.033681
563 1.033726
564 1.033772
565 1.033818
566 1.033865
567 1.033912
568 1.033960
569 1.034008
570 1.034056
571 1.034106
572 1.034155
573 1.034206
574 1.034256
575 1.034307
576 1.034359
577 1.034411
578 1.034464
579 1.034517
580 1.034570
581 1.034624
582 1.034679
583 1.034734
584 1.034789
585 1.034845
586 1.034901
587 1.034958
588 1.035015
589 1.035073
590 1.035131
591 1.035189
592 1.035248
593 1.035308
594 1.035368
595 1.035428
596 1.035489
597 1.035550
598 1.035611
599 1.035674
600 1.035736
601 1.035799
602 1.035862
603 1.035926
604 1.035991
605 1.036055
606 1.036120
607 1.036186
608 1.036252
609 1.036319
610 1.036386
611 1.036453
612 1.036521
613 1.036589
614 1.036658
615 1.036727
616 1.036797
617 1.036867
618 1.036937
619 1.037008
620 1.037080
621 1.037152
622 1.037224
623 1.037297
624 1.037370
625 1.037444
626 1.037518
627 1.037593
628 1.037668
629 1.037744
630 1.037820
631 1.037897
632 1.037974
633 1.038052
634 1.038130
635 1.038208
636 1.038287
637 1.038367
638 1.038447
639 1.038528
640 1.038609
641 1.038691
642 1.038773
643 1.038856
644 1.038939
645 1.039023
646 1.039107
647 1.039192
648 1.039277
649 1.039363
650 1.039450
651 1.039537
652 1.039625
653 1.039713
654 1.039802
655 1.039891
656 1.039981
657 1.040072
658 1.040163
659 1.040254
660 1.040347
661 1.040440
662 1.040533
663 1.040628
664 1.040722
665 1.040818
666 1.040914
667 1.041011
668 1.041108
669 1.041206
670 1.041305
671 1.041404
672 1.041504
673 1.041605
674 1.041707
675 1.041809
676 1.041912
677 1.042015
678 1.042119
679 1.042224
680 1.042330
681 1.042437
682 1.042544
683 1.042652
684 1.042760
685 1.042870
686 1.042980
687 1.043091
688 1.043203
689 1.043315
690 1.043429
691 1.043543
692 1.043658
693 1.043773
694 1.043890
695 1.044008
696 1.044126
697 1.044245
698 1.044365
699 1.044486
700 1.044607
701 1.044730
702 1.044854
703 1.044978
704 1.045103
705 1.045229
706 1.045357
707 1.045485
708 1.045614
709 1.045744
710 1.045874
711 1.046006
712 1.046139
713 1.046273
714 1.046408
715 1.046543
716 1.046680
717 1.046818
718 1.046957
719 1.047097
720 1.047238
721 1.047380
722 1.047523
723 1.047667
724 1.047812
725 1.047958
726 1.048105
727 1.048254
728 1.048404
729 1.048554
730 1.048706
731 1.048859
732 1.049013
733 1.049169
734 1.049325
735 1.049483
736 1.049642
737 1.049802
738 1.049963
739 1.050126
740 1.050290
741 1.050455
742 1.050621
743 1.050788
744 1.050957
745 1.051128
746 1.051299
747 1.051472
748 1.051646
749 1.051822
750 1.051998
751 1.052177
752 1.052356
753 1.052537
754 1.052720
755 1.052903
756 1.053089
757 1.053275
758 1.053464
759 1.053653
760 1.053844
761 1.054037
762 1.054231
763 1.054427
764 1.054624
765 1.054823
766 1.055023
767 1.055225
768 1.055429
769 1.055634
770 1.055841
771 1.056049
772 1.056259
773 1.056471
774 1.056685
775 1.056900
776 1.057117
777 1.057336
778 1.057556
779 1.057779
780 1.058001
781 1.058230
782 1.058452
783 1.058694
784 1.058899
785 1.059189
786 1.059300
787 1.059814
788 1.059428
789 1.061095
790 1.057996
791 1.065950
792 1.046947
793 1.086891
794 0.983653
795 0.984292
796 1.014351
797 1.122942
798 0.990432
799 1.060170
800 1.130615
801 1.007928
802 1.119029
803 0.998560
804 1.098098
805 1.030498
806 1.180466
807 1.142110
808 0.996697
809 1.055572
810 1.125402
811 0.968428
812 0.961821
813 0.975440
814 1.062580
815 1.194282
816 1.163979
817 1.120583
818 0.976279
819 1.005887
820 1.145810
821 1.064025
822 1.140052
823 1.025056
824 1.175002
825 1.135672
826 0.959818
827 0.909791
828 0.890762
829 0.967929
830 1.107638
831 1.135021
832 1.150496
833 1.190189
834 1.242376
835 0.860659
836 1.087938
837 1.132304
838 1.084662
839 1.133508
840 1.073201
841 1.177523
842 1.225418
843 0.862211
844 1.050678
845 1.272412
846 0.904752
847 0.886267
848 0.974236
849 1.158795
850 1.307654
851 1.208453
852 1.089052
853 1.091114
854 1.082089
855 1.124908
856 1.011325
857 1.210518
858 1.034734
859 1.244938
860 0.811379
861 1.471990
862 1.451006
863 1.474315
864 0.969087
865 0.739994
866 1.526933
867 0.804699
868 1.458067
869 1.281539
870 0.708590
871 1.509806
872 0.726859
873 1.505516
874 0.707417
875 1.505041
876 0.705843
877 1.503501
878 0.706487
879 1.501940
880 0.712031
881 1.499357
882 0.726019
883 1.495382
884 0.745928
885 1.490288
886 0.755393
887 1.485482
888 0.757412
889 1.484377
890 0.758625
891 1.483968
892 0.759364
893 1.484052
894 0.759728
895 1.484605
896 0.759835
897 1.485567
898 0.759799
899 1.486871
900 0.759719
901 1.488451
902 0.759650
903 1.490263
904 0.759593
905 1.492304
906 0.759485
907 1.494613
908 0.759196
909 1.497271
910 0.758525
911 1.500366
912 0.757217
913 1.503921
914 0.755062
915 1.507745
916 0.752141
917 1.511342
918 0.749085
919 1.514160
920 0.746763
921 1.516083
922 0.745479
923 1.517396
924 0.745133
925 1.518333
926 0.745805
927 1.518931
928 0.747656
929 1.519070
930 0.750910
931 1.518391
932 0.755624
933 1.516247
934 0.761114
935 1.512258
936 0.765805
937 1.507824
938 0.768922
939 1.505004
940 0.770532
941 1.504778
942 0.770988
943 1.506842
944 0.772801
945 1.506229
946 0.773352
947 1.508272
948 0.777038
949 1.503277
950 0.769809
951 1.521649
952 0.797578
953 1.498790
954 0.828502
955 0.683381
956 1.532636
957 0.755119
958 1.550357
959 0.798328
960 1.497163
961 1.171551
962 0.789034
963 1.466652
964 0.774180
965 1.524278
966 0.762156
967 1.562795
968 0.765383
969 1.556758
970 0.760147
971 1.568999
972 0.755423
973 1.577517
974 0.751562
975 1.584000
976 0.748281
977 1.589297
978 0.745446
979 1.593863
980 0.742998
981 1.597954
982 0.740906
983 1.601735
984 0.739147
985 1.605317
986 0.737704
987 1.608782
988 0.736559
989 1.612185
990 0.735693
991 1.615567
992 0.735086
993 1.618955
994 0.734714
995 1.622365
996 0.734548
997 1.625806
998 0.734552
999 1.629279
1000 0.734689
1001 1.632781
1002 0.734914
1003 1.636307
1004 0.735184
1005 1.639849
1006 0.735456
1007 1.643401
1008 0.735693
1009 1.646956
1010 0.735861
1011 1.650507
1012 0.735932
1013 1.654048
1014 0.735886
1015 1.657571
1016 0.735706
1017 1.661069
1018 0.735378
1019 1.664531
1020 0.734892
1021 1.667950
1022 0.734238
1023 1.671313
1024 0.733406
1025 1.674610
1026 0.732389
1027 1.677827
1028 0.731176
1029 1.680950
1030 0.729761
1031 1.683961
1032 0.728137
1033 1.686843
1034 0.726298
1035 1.689574
1036 0.724240
1037 1.692132
1038 0.721961
1039 1.694494
1040 0.719463
1041 1.696639
1042 0.716745
1043 1.698544
1044 0.713810
1045 1.700192
1046 0.710663
1047 1.701564
1048 0.707305
1049 1.702647
1050 0.703739
1051 1.703432
1052 0.699968
1053 1.703910
1054 0.695989
1055 1.704075
1056 0.691799
1057 1.703925
1058 0.687389
1059 1.703456
1060 0.682749
1061 1.702664
1062 0.677857
1063 1.701546
1064 0.672689
1065 1.700096
1066 0.667210
1067 1.698307
1068 0.661379
1069 1.696175
1070 0.655148
1071 1.693707
1072 0.648479
1073 1.690931
1074 0.641363
1075 1.687933
1076 0.633877
1077 1.684894
1078 0.626261
1079 1.682127
1080 0.618968
1081 1.680055
1082 0.612592
1083 1.679051
1084 0.607596
1085 1.679249
1086 0.604054
1087 1.680487
1088 0.601667
1089 1.682441
1090 0.599981
1091 1.684782
1092 0.598574
1093 1.687252
1094 0.597139
1095 1.689686
1096 0.595495
1097 1.691997
1098 0.593573
1099 1.694161
1100 0.591375
1101 1.696189
1102 0.588946
1103 1.698108
1104 0.586338
1105 1.699942
1106 0.583599
1107 1.701709
1108 0.580761
1109 1.703418
1110 0.577847
1111 1.705069
1112 0.574871
1113 1.706657
1114 0.571844
1115 1.708174
1116 0.568772
1117 1.709607
1118 0.565664
1119 1.710942
1120 0.562526
1121 1.712160
1122 0.559365
1123 1.713243
1124 0.556192
1125 1.714169
1126 0.553017
1127 1.714911
1128 0.549853
1129 1.715445
1130 0.546715
1131 1.715741
1132 0.543622
1133 1.715771
1134 0.540596
1135 1.715506
1136 0.537664
1137 1.714920
1138 0.534859
1139 1.713987
1140 0.532216
1141 1.712692
1142 0.529774
1143 1.711027
1144 0.527573
1145 1.708995
1146 0.525644
1147 1.706613
1148 0.523997
1149 1.703907
1150 0.522611
1151 1.700906
1152 0.521410
1153 1.697636
1154 0.520265
1155 1.694103
1156 0.518991
1157 1.690287
1158 0.517389
1159 1.686131
1160 0.515300
1161 1.681529
1162 0.512726
1163 1.676348
1164 0.510064
1165 1.670617
1166 0.508496
1167 1.665261
1168 0.509339
1169 1.662615
1170 0.510209
1171 1.661827
1172 0.509684
1173 1.660582
1174 0.509564
1175 1.659797
1176 0.508928
1177 1.658727
1178 0.508505
1179 1.657942
1180 0.507708
1181 1.656866
1182 0.507102
1183 1.656037
1184 0.506176
1185 1.654903
1186 0.505419
1187 1.653987
1188 0.504422
1189 1.652835
1190 0.503519
1191 1.651835
1192 0.502515
1193 1.650834
1194 0.501554
1195 1.650074
1196 0.500651
1197 1.649770
1198 0.499906
1199 1.650285
1200 0.499438
1201 1.652115
1202 0.499507
1203 1.656384
1204 0.501604
1205 1.668305
1206 0.527636
1207 1.719418
1208 0.650156
1209 0.965624
1210 0.527596
1211 1.731633
1212 0.705099
1213 0.695092
1214 1.735895
1215 0.774805
1216 0.914781
1217 0.839960
1218 0.623415
1219 1.784429
1220 1.201231
1221 0.824984
1222 0.603511
1223 1.819909
1224 1.066885
1225 1.363703
1226 0.690578
1227 1.808054
1228 1.375154
1229 0.706384
1230 1.800877
1231 1.650480
1232 0.703613
1233 1.772770
1234 1.697776
1235 0.703647
1236 1.677297
1237 1.214898
1238 1.169223
1239 1.711681
1240 0.683514
1241 1.730068
1242 1.741111
1243 0.633528
1244 1.731766
1245 1.750367
1246 0.613481
1247 1.718564
1248 1.742819
1249 0.620105
1250 1.718439
1251 1.757775
1252 0.591494
1253 1.693322
1254 1.629128
1255 0.675405
1256 1.750233
1257 1.782631
1258 0.670211
1259 1.722368
1260 1.806683
1261 0.548218
1262 1.612459
1263 1.154946
1264 1.807616
1265 0.547605
1266 1.661871
1267 1.756893
1268 0.573073
1269 1.658550
1270 1.818267
1271 0.551338
1272 1.700570
1273 1.822868
1274 0.541107
1275 1.603021
1276 1.541122
1277 0.990201
1278 1.719143
1279 0.621540
1280 1.783523
1281 0.653284
1282 1.684974
1283 1.833191
1284 0.596619
1285 1.684559
1286 1.834115
1287 0.651924
1288 1.332852
1289 1.657700
1290 0.677779
1291 1.707630
1292 1.792851
1293 0.652445
1294 1.669258
1295 1.576133
1296 0.541694
1297 1.699245
1298 1.694290
1299 0.668296
1300 1.764149
1301 1.567236
1302 1.575328
1303 1.544946
1304 1.854511
1305 0.851003
1306 0.668041
1307 0.664483
1308 1.923940
1309 0.664812
1310 0.774659
1311 0.580496
1312 1.509238
1313 0.585477
1314 1.695060
1315 0.561197
1316 1.661935
1317 1.687758
1318 1.709988
1319 1.662521
1320 1.655461
1321 1.607493
1322 1.567967
1323 1.644541
1324 1.843097
1325 0.546910
1326 1.010621
1327 1.683227
1328 1.689873
1329 0.679513
1330 1.640287
1331 1.567540
1332 1.620504
1333 0.555142
1334 1.203194
1335 1.558858
1336 1.675720
1337 1.894820
1338 1.330565
1339 0.797355
1340 0.585274
1341 0.878787
1342 0.581251
1343 1.944557
1344 0.982755
1345 1.683651
1346 1.631777
1347 1.694013
1348 1.690148
1349 1.590175
1350 1.681342
1351 1.575867
1352 1.568573
1353 1.650135
1354 1.676815
1355 0.788391
1356 0.553248
1357 0.551876
1358 0.572803
1359 1.195963
1360 1.668573
1361 1.579138
1362 1.678980
1363 1.636491
1364 1.656311
1365 1.625446
1366 1.658249
1367 1.653671
1368 1.636589
1369 1.623215
1370 1.599112
1371 1.595166
1372 1.891010
1373 1.890850
1374 0.483395
1375 0.889260
1376 0.833659
1377 0.731169
1378 0.658460
1379 0.625264
1380 0.583820
1381 0.568922
1382 0.702981
1383 1.302866
1384 2.237911
1385 2.116914
1386 1.801549
1387 1.566358
1388 1.628087
1389 1.576781
1390 1.586479
1391 1.554857
1392 1.556561
1393 1.530798
1394 1.531986
1395 1.506935
1396 1.511524
1397 1.482572
1398 1.496223
1399 1.454144
1400 1.491727
1401 1.408627
1402 1.518816
1403 1.300606
1404 1.598983
1405 1.147262
1406 1.334283
1407 1.569215
1408 1.106962
1409 1.305768
1410 1.549807
1411 1.045848
1412 1.270445
1413 1.554240
1414 1.003611
1415 1.212113
1416 1.450736
1417 1.217579
1418 1.583668
1419 0.912985
1420 1.116465
1421 1.194455
1422 1.329477
1423 1.498571
1424 0.985998
1425 1.207670
1426 1.402358
1427 1.268971
1428 1.515145
1429 0.736642
1430 0.605833
1431 0.611003
1432 0.621037
1433 0.624045
1434 0.618040
1435 0.610592
1436 0.602888
1437 0.593697
1438 0.584698
1439 0.583885
1440 0.620822
1441 0.894850
1442 1.715829
1443 1.741925
1444 1.318374
1445 1.859393
1446 1.750923
1447 1.530839
1448 1.539613
1449 1.531697
1450 1.527617
1451 1.524816
1452 1.522273
1453 1.519587
1454 1.516562
1455 1.513083
1456 1.509082
1457 1.504545
1458 1.499506
1459 1.494040
1460 1.488241
1461 1.482210
1462 1.476036
1463 1.469792
1464 1.463535
1465 1.457305
1466 1.451128
1467 1.445022
1468 1.438997
1469 1.433059
1470 1.427208
1471 1.421443
1472 1.415761
1473 1.410158
1474 1.404628
1475 1.399164
1476 1.393761
1477 1.388412
1478 1.383108
1479 1.377842
1480 1.372607
1481 1.367393
1482 1.362193
1483 1.356998
1484 1.351799
1485 1.346587
1486 1.341352
1487 1.336087
1488 1.330781
1489 1.325422
1490 1.319997
1491 1.314486
1492 1.308860
1493 1.303068
1494 1.297016
1495 1.290507
1496 1.283055
1497 1.273120
1498 1.253794
1499 1.193483
1500 0.944192
1501 1.270029
1502 1.274069
1503 1.258662
1504 1.203808
1505 1.258718
1506 1.227801
1507 1.043979
1508 1.219673
1509 1.062642
1510 1.203422
1511 1.192340
1512 1.194350
1513 1.208113
1514 1.063455
1515 1.186273
1516 0.418896
1517 0.989041
1518 0.894237
1519 0.658343
1520 0.625717
1521 0.582377
1522 0.584098
1523 0.595196
1524 0.595344
1525 0.587089
1526 0.579646
1527 0.574432
1528 0.569400
1529 0.564417
1530 0.561632
1531 0.564485
1532 0.577717
1533 0.612739
1534 0.715112
1535 0.810786
1536 1.380907
1537 1.853080
1538 1.581862
1539 1.422894
1540 1.337235
1541 1.296637
1542 1.279853
1543 1.270243
1544 1.262314
1545 1.254830
1546 1.247551
1547 1.240438
1548 1.233488
1549 1.226704
1550 1.220087
1551 1.213639
1552 1.207359
1553 1.201245
1554 1.195294
1555 1.189503
1556 1.183868
1557 1.178383
1558 1.173046
1559 1.167849
1560 1.162789
1561 1.157859
1562 1.153056
1563 1.148373
1564 1.143805
1565 1.139348
1566 1.134997
1567 1.130746
1568 1.126592
1569 1.122531
1570 1.118557
1571 1.114667
1572 1.110857
1573 1.107124
1574 1.103465
1575 1.099875
1576 1.096352
1577 1.092893
1578 1.089495
1579 1.086156
1580 1.082873
1581 1.079644
1582 1.076466
1583 1.073338
1584 1.070258
1585 1.067224
1586 1.064234
1587 1.061287
1588 1.058381
1589 1.055514
1590 1.052687
1591 1.049896
1592 1.047142
1593 1.044423
1594 1.041737
1595 1.039085
1596 1.036466
1597 1.033877
1598 1.031320
1599 1.028792
1600 1.026293
1601 1.023824
1602 1.021382
1603 1.018967
1604 1.016580
1605 1.014219
1606 1.011884
1607 1.009574
1608 1.007289
1609 1.005030
1610 1.002794
1611 1.000582
1612 0.998394
1613 0.996228
1614 0.994086
1615 0.991966
1616 0.989869
1617 0.987793
1618 0.985739
1619 0.983706
1620 0.981694
1621 0.979703
1622 0.977733
1623 0.975782
1624 0.973852
1625 0.971941
1626 0.970050
1627 0.968178
1628 0.966326
1629 0.964491
1630 0.962676
1631 0.960878
1632 0.959099
1633 0.957337
1634 0.955593
1635 0.953866
1636 0.952157
1637 0.950464
1638 0.948787
1639 0.947127
1640 0.945484
1641 0.943856
1642 0.942244
1643 0.940647
1644 0.939065
1645 0.937499
1646 0.935947
1647 0.934410
1648 0.932887
1649 0.931379
1650 0.929884
1651 0.928403
1652 0.926935
1653 0.925481
1654 0.924040
1655 0.922612
1656 0.921196
1657 0.919793
1658 0.918402
1659 0.917024
1660 0.915657
1661 0.914301
1662 0.912958
1663 0.911625
1664 0.910304
1665 0.908993
1666 0.907694
1667 0.906405
1668 0.905126
1669 0.903857
1670 0.902599
1671 0.901350
1672 0.900112
1673 0.898882
1674 0.897662
1675 0.896452
1676 0.895250
1677 0.894057
1678 0.892873
1679 0.891698
1680 0.890531
1681 0.889373
1682 0.888223
1683 0.887080
1684 0.885946
1685 0.884819
1686 0.883700
1687 0.882589
1688 0.881485
1689 0.880388
1690 0.879299
1691 0.878216
1692 0.877141
1693 0.876072
1694 0.875010
1695 0.873955
1696 0.872906
1697 0.871863
1698 0.870827
1699 0.869797
1700 0.868772
1701 0.867754
1702 0.866742
1703 0.865736
1704 0.864735
1705 0.863740
1706 0.862750
1707 0.861766
1708 0.860787
1709 0.859813
1710 0.858845
1711 0.857882
1712 0.856923
1713 0.855970
1714 0.855022
1715 0.854078
1716 0.853139
1717 0.852205
1718 0.851275
1719 0.850350
1720 0.849429
1721 0.848513
1722 0.847601
1723 0.846693
1724 0.845790
1725 0.844890
1726 0.843995
1727 0.843104
1728 0.842217
1729 0.841333
1730 0.840454
1731 0.839578
1732 0.838706
1733 0.837838
1734 0.836974
1735 0.836113
1736 0.835256
1737 0.834402
1738 0.833552
1739 0.832705
1740 0.831861
1741 0.831021
1742 0.830184
1743 0.829351
1744 0.828520
1745 0.827693
1746 0.826869
1747 0.826048
1748 0.825230
1749 0.824415
1750 0.823603
1751 0.822795
1752 0.821989
1753 0.821185
1754 0.820385
1755 0.819588
1756 0.818793
1757 0.818001
1758 0.817212
1759 0.816425
1760 0.815641
1761 0.814860
1762 0.814081
1763 0.813305
1764 0.812532
1765 0.811761
1766 0.810992
1767 0.810226
1768 0.809462
1769 0.808701
1770 0.807942
1771 0.807185
1772 0.806431
1773 0.805679
1774 0.804929
1775 0.804182
1776 0.803437
1777 0.802694
1778 0.801953
1779 0.801214
1780 0.800478
1781 0.799744
1782 0.799011
1783 0.798281
1784 0.797553
1785 0.796827
1786 0.796103
1787 0.795381
1788 0.794661
1789 0.793943
1790 0.793226
1791 0.792512
1792 0.791800
1793 0.791090
1794 0.790381
1795 0.789674
1796 0.788969
1797 0.788266
1798 0.787565
1799 0.786866
1800 0.786168
1801 0.785472
1802 0.784778
1803 0.784086
1804 0.783395
1805 0.782706
1806 0.782019
1807 0.781334
1808 0.780650
1809 0.779968
1810 0.779287
1811 0.778608
1812 0.777931
1813 0.777255
1814 0.776581
1815 0.775909
1816 0.775238
1817 0.774568
1818 0.773900
1819 0.773234
1820 0.772570
1821 0.771906
1822 0.771245
1823 0.770584
1824 0.769926
1825 0.769269
1826 0.768613
1827 0.767959
1828 0.767306
1829 0.766654
1830 0.766005
1831 0.765356
1832 0.764709
1833 0.764064
1834 0.763419
1835 0.762777
1836 0.762135
1837 0.761495
1838 0.760857
1839 0.760219
1840 0.759584
1841 0.758949
1842 0.758316
1843 0.757684
1844 0.757054
1845 0.756425
1846 0.755797
1847 0.755171
1848 0.754546
1849 0.753922
1850 0.753299
1851 0.752678
1852 0.752059
1853 0.751440
1854 0.750823
1855 0.750207
1856 0.749592
1857 0.748979
1858 0.748367
1859 0.747757
1860 0.747147
1861 0.746539
1862 0.745932
1863 0.745327
1864 0.744722
1865 0.744119
1866 0.743517
1867 0.742917
1868 0.742318
1869 0.741720
1870 0.741123
1871 0.740527
1872 0.739933
1873 0.739340
1874 0.738749
1875 0.738158
1876 0.737569
1877 0.736981
1878 0.736394
1879 0.735809
1880 0.735224
1881 0.734641
1882 0.734060
1883 0.733479
1884 0.732900
1885 0.732322
1886 0.731745
1887 0.731170
1888 0.730595
1889 0.730022
1890 0.729450
1891 0.728880
1892 0.728310
1893 0.727742
1894 0.727175
1895 0.726610
1896 0.726045
1897 0.725482
1898 0.724920
1899 0.724359
1900 0.723800
1901 0.723242
1902 0.722685
1903 0.722129
1904 0.721574
1905 0.721021
1906 0.720469
1907 0.719918
1908 0.719369
1909 0.718820
1910 0.718273
1911 0.717727
1912 0.717183
1913 0.716639
1914 0.716097
1915 0.715556
1916 0.715016
1917 0.714478
1918 0.713941
1919 0.713405
1920 0.712870
1921 0.712337
1922 0.711805
1923 0.711274
1924 0.710744
1925 0.710215
1926 0.709688
1927 0.709162
1928 0.708638
1929 0.708114
1930 0.707592
1931 0.707071
1932 0.706551
1933 0.706033
1934 0.705515
1935 0.704999
1936 0.704485
1937 0.703971
1938 0.703459
1939 0.702948
1940 0.702438
1941 0.701930
1942 0.701423
1943 0.700917
1944 0.700412
1945 0.699908
1946 0.699406
1947 0.698905
1948 0.698406
1949 0.697907
1950 0.697410
1951 0.696914
1952 0.696419
1953 0.695926
1954 0.695434
1955 0.694943
1956 0.694453
1957 0.693965
1958 0.693477
1959 0.692991
1960 0.692507
1961 0.692023
1962 0.691541
1963 0.691060
1964 0.690580
1965 0.690102
1966 0.689625
1967 0.689149
1968 0.688674
1969 0.688201
1970 0.687728
1971 0.687257
1972 0.686788
1973 0.686319
1974 0.685852
1975 0.685386
1976 0.684921
1977 0.684457
1978 0.683995
1979 0.683534
1980 0.683074
1981 0.682615
1982 0.682158
1983 0.681702
1984 0.681247
1985 0.680793
1986 0.680341
1987 0.679889
1988 0.679439
1989 0.678990
1990 0.678543
1991 0.678096
1992 0.677651
1993 0.677207
1994 0.676764
1995 0.676323
1996 0.675882
1997 0.675443
1998 0.675005
1999 0.674569
2000 0.674133
2001 0.673699
2002 0.673265
2003 0.672833
2004 0.672403
2005 0.671973
2006 0.671545
2007 0.671117
2008 0.670691
2009 0.670266
2010 0.669843
2011 0.669420
2012 0.668999
2013 0.668578
2014 0.668159
2015 0.667742
2016 0.667325
2017 0.666909
2018 0.666495
2019 0.666082
2020 0.665669
2021 0.665259
2022 0.664849
2023 0.664440
2024 0.664032
2025 0.663626
2026 0.663221
2027 0.662817
2028 0.662414
2029 0.662012
2030 0.661611
2031 0.661211
2032 0.660813
2033 0.660415
2034 0.660019
2035 0.659624
2036 0.659230
2037 0.658837
2038 0.658445
2039 0.658054
2040 0.657664
2041 0.657276
2042 0.656888
2043 0.656502
2044 0.656116
2045 0.655732
2046 0.655349
2047 0.654967
2048 0.654586
2049 0.654206
2050 0.653827
2051 0.653449
2052 0.653072
2053 0.652696
2054 0.652321
2055 0.651948
2056 0.651575
2057 0.651203
2058 0.650833
2059 0.650463
2060 0.650095
2061 0.649727
2062 0.649361
2063 0.648995
2064 0.648631
2065 0.648268
2066 0.647905
2067 0.647544
2068 0.647183
2069 0.646824
2070 0.646466
2071 0.646108
2072 0.645752
2073 0.645396
2074 0.645042
2075 0.644689
2076 0.644336
2077 0.643985
2078 0.643634
2079 0.643285
2080 0.642936
2081 0.642588
2082 0.642242
2083 0.641896
2084 0.641551
2085 0.641208
2086 0.640865
2087 0.640523
2088 0.640182
2089 0.639842
2090 0.639503
2091 0.639165
2092 0.638828
2093 0.638492
2094 0.638156
2095 0.637822
2096 0.637489
2097 0.637156
2098 0.636824
2099 0.636494
2100 0.636164
2101 0.635835
2102 0.635507
2103 0.635180
2104 0.634854
2105 0.634529
2106 0.634204
2107 0.633881
2108 0.633558
2109 0.633237
2110 0.632916
2111 0.632596
2112 0.632277
2113 0.631959
2114 0.631642
2115 0.631325
2116 0.631010
2117 0.630695
2118 0.630381
2119 0.630068
2120 0.629756
2121 0.629445
2122 0.629135
2123 0.628825
2124 0.628517
2125 0.628209
2126 0.627902
2127 0.627596
2128 0.627291
2129 0.626987
2130 0.626683
2131 0.626380
2132 0.626078
2133 0.625777
2134 0.625477
2135 0.625178
2136 0.624879
2137 0.624582
2138 0.624285
2139 0.623989
2140 0.623694
2141 0.623399
2142 0.623106
2143 0.622813
2144 0.622521
2145 0.622230
2146 0.621940
2147 0.621650
2148 0.621362
2149 0.621074
2150 0.620787
2151 0.620500
2152 0.620215
2153 0.619930
2154 0.619647
2155 0.619364
2156 0.619081
2157 0.618800
2158 0.618519
2159 0.618239
2160 0.617960
2161 0.617682
2162 0.617405
2163 0.617128
2164 0.616852
2165 0.616577
2166 0.616303
2167 0.616029
2168 0.615756
2169 0.615484
2170 0.615213
2171 0.614943
2172 0.614673
2173 0.614404
2174 0.614136
2175 0.613869
2176 0.613603
2177 0.613337
2178 0.613072
2179 0.612808
2180 0.612544
2181 0.612282
2182 0.612020
2183 0.611759
2184 0.611498
2185 0.611239
2186 0.610980
2187 0.610722
2188 0.610465
2189 0.610208
2190 0.609953
2191 0.609698
2192 0.609444
2193 0.609190
2194 0.608937
2195 0.608686
2196 0.608434
2197 0.608184
2198 0.607934
2199 0.607686
2200 0.607438
2201 0.607190
2202 0.606944
2203 0.606698
2204 0.606453
2205 0.606208
2206 0.605965
2207 0.605722
2208 0.605480
2209 0.605239
2210 0.604998
2211 0.604758
2212 0.604519
2213 0.604281
2214 0.604044
2215 0.603807
2216 0.603571
2217 0.603336
2218 0.603101
2219 0.602867
2220 0.602634
2221 0.602402
2222 0.602171
2223 0.601940
2224 0.601710
2225 0.601481
2226 0.601252
2227 0.601025
2228 0.600798
2229 0.600571
2230 0.600346
2231 0.600121
2232 0.599897
2233 0.599674
2234 0.599451
2235 0.599230
2236 0.599009
2237 0.598788
2238 0.598569
2239 0.598350
2240 0.598132
2241 0.597915
2242 0.597698
2243 0.597482
2244 0.597267
2245 0.597053
2246 0.596840
2247 0.596627
2248 0.596415
2249 0.596203
2250 0.595993
2251 0.595783
2252 0.595574
2253 0.595366
2254 0.595158
2255 0.594951
2256 0.594745
2257 0.594540
2258 0.594335
2259 0.594131
2260 0.593928
2261 0.593726
2262 0.593524
2263 0.593323
2264 0.593123
2265 0.592923
2266 0.592725
2267 0.592527
2268 0.592330
2269 0.592133
2270 0.591937
2271 0.591742
2272 0.591548
2273 0.591355
2274 0.591162
2275 0.590970
2276 0.590778
2277 0.590588
2278 0.590398
2279 0.590209
2280 0.590020
2281 0.589833
2282 0.589646
2283 0.589460
2284 0.589274
2285 0.589090
2286 0.588906
2287 0.588722
2288 0.588540
2289 0.588358
2290 0.588177
2291 0.587997
2292 0.587817
2293 0.587638
2294 0.587460
2295 0.587282
2296 0.587106
2297 0.586930
2298 0.586754
2299 0.586580
2300 0.586406
2301 0.586233
2302 0.586060
2303 0.585889
2304 0.585718
2305 0.585548
2306 0.585378
2307 0.585209
2308 0.585041
2309 0.584874
2310 0.584707
2311 0.584541
2312 0.584376
2313 0.584211
2314 0.584047
2315 0.583884
2316 0.583722
2317 0.583560
2318 0.583399
2319 0.583239
2320 0.583079
2321 0.582920
2322 0.582762
2323 0.582605
2324 0.582448
2325 0.582292
2326 0.582136
2327 0.581981
2328 0.581827
2329 0.581674
2330 0.581521
2331 0.581369
2332 0.581218
2333 0.581067
2334 0.580917
2335 0.580768
2336 0.580619
2337 0.580472
2338 0.580324
2339 0.580178
2340 0.580032
2341 0.579887
2342 0.579742
2343 0.579598
2344 0.579455
2345 0.579312
2346 0.579170
2347 0.579029
2348 0.578889
2349 0.578749
2350 0.578609
2351 0.578471
2352 0.578333
2353 0.578196
2354 0.578059
2355 0.577923
2356 0.577788
2357 0.577653
2358 0.577519
2359 0.577385
2360 0.577252
2361 0.577120
2362 0.576989
2363 0.576858
2364 0.576728
2365 0.576598
2366 0.576469
2367 0.576340
2368 0.576213
2369 0.576085
2370 0.575959
2371 0.575833
2372 0.575708
2373 0.575583
2374 0.575459
2375 0.575335
2376 0.575212
2377 0.575090
2378 0.574968
2379 0.574847
2380 0.574727
2381 0.574607
2382 0.574487
2383 0.574369
2384 0.574250
2385 0.574133
2386 0.574016
2387 0.573899
2388 0.573783
2389 0.573668
2390 0.573553
2391 0.573439
2392 0.573326
2393 0.573213
2394 0.573100
2395 0.572988
2396 0.572877
2397 0.572766
2398 0.572656
2399 0.572546
2400 0.572437
2401 0.572328
2402 0.572220
2403 0.572113
2404 0.572006
2405 0.571899
2406 0.571793
2407 0.571688
2408 0.571583
2409 0.571479
2410 0.571375
2411 0.571271
2412 0.571169
2413 0.571066
2414 0.570964
2415 0.570863
2416 0.570762
2417 0.570662
2418 0.570562
2419 0.570463
2420 0.570364
2421 0.570266
2422 0.570168
2423 0.570071
2424 0.569974
2425 0.569877
2426 0.569782
2427 0.569686
2428 0.569591
2429 0.569497
2430 0.569403
2431 0.569309
2432 0.569216
2433 0.569123
2434 0.569031
2435 0.568940
2436 0.568848
2437 0.568758
2438 0.568667
2439 0.568577
2440 0.568488
2441 0.568399
2442 0.568310
2443 0.568222
2444 0.568134
2445 0.568047
2446 0.567960
2447 0.567874
2448 0.567788
2449 0.567702
2450 0.567617
2451 0.567532
2452 0.567448
2453 0.567364
2454 0.567280
2455 0.567197
2456 0.567115
2457 0.567032
2458 0.566950
2459 0.566869
2460 0.566788
2461 0.566707
2462 0.566626
2463 0.566547
2464 0.566467
2465 0.566388
2466 0.566309
2467 0.566230
2468 0.566152
2469 0.566075
2470 0.565997
2471 0.565920
2472 0.565844
2473 0.565767
2474 0.565692
2475 0.565616
2476 0.565541
2477 0.565466
2478 0.565392
2479 0.565317
2480 0.565244
2481 0.565170
2482 0.565097
2483 0.565024
2484 0.564952
2485 0.564880
2486 0.564808
2487 0.564737
2488 0.564666
2489 0.564595
2490 0.564524
2491 0.564454
2492 0.564385
2493 0.564315
2494 0.564246
2495 0.564177
2496 0.564109
2497 0.564040
2498 0.563972
2499 0.563905
2500 0.563838
2501 0.563771
2502 0.563704
2503 0.563637
2504 0.563571
2505 0.563506
2506 0.563440
2507 0.563375
2508 0.563310
2509 0.563245
2510 0.563181
2511 0.563117
2512 0.563053
2513 0.562990
2514 0.562926
2515 0.562863
2516 0.562801
2517 0.562738
2518 0.562676
2519 0.562614
2520 0.562553
2521 0.562491
2522 0.562430
2523 0.562370
2524 0.562309
2525 0.562249
2526 0.562189
2527 0.562129
2528 0.562070
2529 0.562010
2530 0.561951
2531 0.561893
2532 0.561834
2533 0.561776
2534 0.561718
2535 0.561660
2536 0.561602
2537 0.561545
2538 0.561488
2539 0.561431
2540 0.561375
2541 0.561318
2542 0.561262
2543 0.561206
2544 0.561151
2545 0.561095
2546 0.561040
2547 0.560985
2548 0.560931
2549 0.560876
2550 0.560822
2551 0.560768
2552 0.560714
2553 0.560660
2554 0.560607
2555 0.560554
2556 0.560501
2557 0.560448
2558 0.560395
2559 0.560343
2560 0.560291
2561 0.560239
2562 0.560187
2563 0.560136
2564 0.560085
2565 0.560033
2566 0.559983
2567 0.559932
2568 0.559881
2569 0.559831
2570 0.559781
2571 0.559731
2572 0.559681
2573 0.559632
2574 0.559583
2575 0.559533
2576 0.559485
2577 0.559436
2578 0.559387
2579 0.559339
2580 0.559291
2581 0.559243
2582 0.559195
2583 0.559147
2584 0.559100
2585 0.559053
2586 0.559006
2587 0.558959
2588 0.558912
2589 0.558865
2590 0.558819
2591 0.558773
2592 0.558727
2593 0.558681
2594 0.558635
2595 0.558590
2596 0.558545
2597 0.558499
2598 0.558454
2599 0.558410
2600 0.558365
2601 0.558321
2602 0.558276
2603 0.558232
2604 0.558188
2605 0.558144
2606 0.558101
2607 0.558057
2608 0.558014
2609 0.557971
2610 0.557928
2611 0.557885
2612 0.557842
2613 0.557800
2614 0.557757
2615 0.557715
2616 0.557673
2617 0.557631
2618 0.557589
2619 0.557548
2620 0.557506
2621 0.557465
2622 0.557424
2623 0.557383
2624 0.557342
2625 0.557302
2626 0.557261
2627 0.557221
2628 0.557180
2629 0.557140
2630 0.557100
2631 0.557061
2632 0.557021
2633 0.556981
2634 0.556942
2635 0.556903
2636 0.556864
2637 0.556825
2638 0.556786
2639 0.556747
2640 0.556709
2641 0.556670
2642 0.556632
2643 0.556594
2644 0.556556
2645 0.556518
2646 0.556481
2647 0.556443
2648 0.556406
2649 0.556368
2650 0.556331
2651 0.556294
2652 0.556257
2653 0.556220
2654 0.556184
2655 0.556147
2656 0.556111
2657 0.556075
2658 0.556039
2659 0.556003
2660 0.555967
2661 0.555931
2662 0.555895
2663 0.555860
2664 0.555825
2665 0.555789
2666 0.555754
2667 0.555719
2668 0.555684
2669 0.555650
2670 0.555615
2671 0.555581
2672 0.555546
2673 0.555512
2674 0.555478
2675 0.555444
2676 0.555410
2677 0.555376
2678 0.555343
2679 0.555309
2680 0.555276
2681 0.555243
2682 0.555209
2683 0.555176
2684 0.555144
2685 0.555111
2686 0.555078
2687 0.555046
2688 0.555013
2689 0.554981
2690 0.554949
2691 0.554916
2692 0.554884
2693 0.554853
2694 0.554821
2695 0.554789
2696 0.554758
2697 0.554726
2698 0.554695
2699 0.554664
2700 0.554633
2701 0.554602
2702 0.554571
2703 0.554540
2704 0.554509
2705 0.554479
2706 0.554448
2707 0.554418
2708 0.554388
2709 0.554358
2710 0.554328
2711 0.554298
2712 0.554268
2713 0.554238
2714 0.554209
2715 0.554179
2716 0.554150
2717 0.554121
2718 0.554092
2719 0.554063
2720 0.554034
2721 0.554005
2722 0.553976
2723 0.553947
2724 0.553919
2725 0.553891
2726 0.553862
2727 0.553834
2728 0.553806
2729 0.553778
2730 0.553750
2731 0.553722
2732 0.553694
2733 0.553667
2734 0.553639
2735 0.553612
2736 0.553585
2737 0.553557
2738 0.553530
2739 0.553503
2740 0.553476
2741 0.553450
2742 0.553423
2743 0.553396
2744 0.553370
2745 0.553343
2746 0.553317
2747 0.553291
2748 0.553265
2749 0.553239
2750 0.553213
2751 0.553187
2752 0.553161
2753 0.553135
2754 0.553110
2755 0.553084
2756 0.553059
2757 0.553034
2758 0.553008
2759 0.552983
2760 0.552958
2761 0.552933
2762 0.552909
2763 0.552884
2764 0.552859
2765 0.552835
2766 0.552810
2767 0.552786
2768 0.552762
2769 0.552737
2770 0.552713
2771 0.552689
2772 0.552665
2773 0.552642
2774 0.552618
2775 0.552594
2776 0.552571
2777 0.552547
2778 0.552524
2779 0.552501
2780 0.552477
2781 0.552454
2782 0.552431
2783 0.552408
2784 0.552386
2785 0.552363
2786 0.552340
2787 0.552318
2788 0.552295
2789 0.552273
2790 0.552250
2791 0.552228
2792 0.552206
2793 0.552184
2794 0.552162
2795 0.552140
2796 0.552118
2797 0.552097
2798 0.552075
2799 0.552053
2800 0.552032
2801 0.552011
2802 0.551989
2803 0.551968
2804 0.551947
2805 0.551926
2806 0.551905
2807 0.551884
2808 0.551863
2809 0.551842
2810 0.551822
2811 0.551801
2812 0.551781
2813 0.551760
2814 0.551740
2815 0.551720
2816 0.551700
2817 0.551680
2818 0.551660
2819 0.551640
2820 0.551620
2821 0.551600
2822 0.551581
2823 0.551561
2824 0.551542
2825 0.551522
2826 0.551503
2827 0.551483
2828 0.551464
2829 0.551445
2830 0.551426
2831 0.551407
2832 0.551388
2833 0.551370
2834 0.551351
2835 0.551332
2836 0.551314
2837 0.551295
2838 0.551277
2839 0.551259
2840 0.551240
2841 0.551222
2842 0.551204
2843 0.551186
2844 0.551168
2845 0.551150
2846 0.551132
2847 0.551115
2848 0.551097
2849 0.551080
2850 0.551062
2851 0.551045
2852 0.551027
2853 0.551010
2854 0.550993
2855 0.550976
2856 0.550959
2857 0.550942
2858 0.550925
2859 0.550908
2860 0.550891
2861 0.550875
2862 0.550858
2863 0.550842
2864 0.550825
2865 0.550809
2866 0.550793
2867 0.550776
2868 0.550760
2869 0.550744
2870 0.550728
2871 0.550712
2872 0.550697
2873 0.550681
2874 0.550665
2875 0.550649
2876 0.550634
2877 0.550618
2878 0.550603
2879 0.550588
2880 0.550572
2881 0.550557
2882 0.550542
2883 0.550527
2884 0.550512
2885 0.550497
2886 0.550482
2887 0.550468
2888 0.550453
2889 0.550438
2890 0.550424
2891 0.550409
2892 0.550395
2893 0.550380
2894 0.550366
2895 0.550352
2896 0.550338
2897 0.550324
2898 0.550310
2899 0.550296
2900 0.550282
2901 0.550268
2902 0.550254
2903 0.550241
2904 0.550227
2905 0.550214
2906 0.550200
2907 0.550187
2908 0.550174
2909 0.550160
2910 0.550147
2911 0.550134
2912 0.550121
2913 0.550108
2914 0.550095
2915 0.550082
2916 0.550070
2917 0.550058
2918 0.550044
2919 0.550030
2920 0.550020
2921 0.550010
2922 0.549994
2923 0.549978
2924 0.549970
2925 0.549965
2926 0.549948
2927 0.549922
2928 0.549915
2929 0.549928
2930 0.549914
2931 0.549862
2932 0.549841
2933 0.549895
2934 0.549918
2935 0.549805
2936 0.549706
2937 0.549841
2938 0.550023
2939 0.549820
2940 0.549418
2941 0.549615
2942 0.550345
2943 0.550200
2944 0.548867
2945 0.548643
2946 0.550917
2947 0.551917
2948 0.548348
2949 0.545106
2950 0.550642
2951 0.557516
2952 0.550528
2953 0.534940
2954 0.540781
2955 0.572509
2956 0.561729
2957 0.520058
2958 0.488726
2959 0.581228
2960 0.514971
2961 0.614361
2962 0.530910
2963 0.488976
2964 0.548955
2965 0.578025
2966 0.560747
2967 0.591277
2968 0.553013
2969 0.441040
2970 0.298968
2971 0.630194
2972 0.314386
2973 0.333634
2974 0.880072
2975 0.562843
2976 0.490122
2977 1.506271
2978 0.791893
2979 0.308124
2980 1.001838
2981 0.400269
2982 1.684800
2983 0.423668
2984 1.723070
2985 1.112229
2986 0.468845
2987 1.412894
2988 0.472995
2989 1.854798
2990 0.340055
2991 1.123087
2992 0.389651
2993 0.996553
2994 2.015407
2995 0.699675
2996 1.431283
2997 0.837766
2998 0.353989
2999 0.615501
3000 1.178935
3001 0.495420
3002 0.597008
3003 2.125199
3004 0.600099
3005 1.754511
3006 0.623953
3007 1.397848
3008 0.717209
3009 0.341872
3010 0.351086
3011 1.102850
3012 0.515577
3013 0.521001
3014 1.877321
3015 0.825742
3016 0.487478
3017 0.619129
3018 1.150361
3019 0.556368
3020 0.377506
3021 0.388339
3022 0.366181
3023 1.089154
3024 0.602851
3025 0.357264
3026 0.725503
3027 0.903259
3028 0.622644
3029 0.355545
3030 0.467209
3031 0.383216
3032 1.066752
3033 0.788754
3034 0.605800
3035 0.355151
3036 0.863334
3037 0.772930
3038 0.632247
3039 0.383647
3040 0.423373
3041 1.018271
3042 0.830787
3043 0.698789
3044 0.520199
3045 0.508041
3046 1.065930
3047 0.736436
3048 0.725507
3049 0.699755
3050 0.609782
3051 0.382315
3052 0.368362
3053 0.984127
3054 0.678285
3055 0.479474
3056 1.489784
3057 0.972459
3058 0.687314
3059 0.501292
3060 0.564048
3061 0.997685
3062 0.893328
3063 0.769013
3064 0.767733
3065 0.750954
3066 0.734065
3067 0.723174
3068 0.716131
3069 0.710947
3070 0.706612
3071 0.702668
3072 0.698910
3073 0.695250
3074 0.691643
3075 0.688071
3076 0.684521
3077 0.680986
3078 0.677461
3079 0.673940
3080 0.670419
3081 0.666893
3082 0.663358
3083 0.659810
3084 0.656244
3085 0.652657
3086 0.649044
3087 0.645403
3088 0.641734
3089 0.638038
3090 0.634320
3091 0.630590
3092 0.626865
3093 0.623172
3094 0.619547
3095 0.616040
3096 0.612708
3097 0.609610
3098 0.606799
3099 0.604299
3100 0.602097
3101 0.600133
3102 0.598315
3103 0.596536
3104 0.594707
3105 0.592770
3106 0.590702
3107 0.588511
3108 0.586220
3109 0.583858
3110 0.581451
3111 0.579022
3112 0.576587
3113 0.574155
3114 0.571732
3115 0.569320
3116 0.566922
3117 0.564539
3118 0.562169
3119 0.559815
3120 0.557476
3121 0.555153
3122 0.552849
3123 0.550563
3124 0.548297
3125 0.546052
3126 0.543830
3127 0.541632
3128 0.539460
3129 0.537316
3130 0.535201
3131 0.533117
3132 0.531068
3133 0.529055
3134 0.527081
3135 0.525149
3136 0.523262
3137 0.521425
3138 0.519640
3139 0.517912
3140 0.516246
3141 0.514647
3142 0.513119
3143 0.511667
3144 0.510298
3145 0.509016
3146 0.507825
3147 0.506728
3148 0.505728
3149 0.504826
3150 0.504019
3151 0.503303
3152 0.502671
3153 0.502114
3154 0.501619
3155 0.501172
3156 0.500758
3157 0.500356
3158 0.499943
3159 0.499488
3160 0.498945
3161 0.498244
3162 0.497270
3163 0.495835
3164 0.493623
3165 0.490136
3166 0.484739
3167 0.477217
3168 0.469670
3169 0.468490
3170 0.488225
3171 0.581672
3172 1.472116
3173 0.926757
3174 0.478827
3175 0.481987
3176 1.068701
3177 0.450040
3178 0.460702
3179 0.491474
3180 0.516813
3181 0.517065
3182 0.514450
3183 0.513208
3184 0.512508
3185 0.512041
3186 0.511690
3187 0.511406
3188 0.511163
3189 0.510935
3190 0.510696
3191 0.510404
3192 0.509991
3193 0.509338
3194 0.508238
3195 0.506332
3196 0.503063
3197 0.497893
3198 0.491821
3199 0.492093
3200 0.520825
3201 0.726844
3202 2.076028
3203 0.470777
3204 1.033008
3205 0.429683
3206 0.426033
3207 0.437154
3208 0.485550
3209 0.528436
3210 0.516211
3211 0.522561
3212 0.518428
3213 0.521446
3214 0.518654
3215 0.521415
3216 0.517298
3217 0.522130
3218 0.509211
3219 0.532891
3220 0.442108
3221 0.766655
3222 0.281218
3223 0.599023
3224 0.442053
3225 0.586298
3226 0.464600
3227 0.576571
3228 0.473000
3229 0.570673
3230 0.473424
3231 0.572987
3232 0.461466
3233 0.582609
3234 0.439174
3235 0.581024
3236 0.436637
3237 0.583159
3238 0.428538
3239 0.577114
3240 0.433169
3241 0.594079
3242 0.406852
3243 0.495888
3244 0.569076
3245 0.424490
3246 0.643066
3247 0.383829
3248 0.420645
3249 0.714816
3250 0.307893
3251 0.670655
3252 0.401937
3253 0.302937
3254 0.463761
3255 0.582318
3256 0.519033
3257 0.553634
3258 0.529463
3259 0.539819
3260 0.531657
3261 0.535396
3262 0.532271
3263 0.534703
3264 0.533116
3265 0.535760
3266 0.534148
3267 0.538286
3268 0.533562
3269 0.545044
3270 0.515507
3271 0.619966
3272 0.364748
3273 0.413272
3274 0.611507
3275 0.434118
3276 0.656790
3277 0.416568
3278 0.419425
3279 0.457002
3280 0.591224
3281 0.493500
3282 0.584011
3283 0.495953
3284 0.583408
3285 0.490251
3286 0.591996
3287 0.471511
3288 0.603444
3289 0.450340
3290 0.590263
3291 0.466488
3292 0.605721
3293 0.439147
3294 0.577557
3295 0.479919
3296 0.619693
3297 0.413857
3298 0.437919
3299 0.581192
3300 0.472416
3301 0.631413
3302 0.407598
3303 0.319519
3304 0.368688
3305 0.406442
3306 0.689848
3307 0.399676
3308 0.513006
3309 0.925703
3310 0.410917
3311 0.354984
3312 0.288950
3313 0.624308
3314 0.530703
3315 0.554958
3316 0.544490
3317 0.543051
3318 0.541955
3319 0.541820
3320 0.542050
3321 0.542557
3322 0.543267
3323 0.544169
3324 0.545265
3325 0.546572
3326 0.548115
3327 0.549931
3328 0.552070
3329 0.554597
3330 0.557594
3331 0.561173
3332 0.565499
3333 0.571082
3334 0.581458
3335 0.633700
3336 1.293134
3337 0.615856
3338 1.860207
3339 0.697648
3340 0.438086
3341 0.432227
3342 0.416761
3343 0.281548
3344 0.569860
3345 0.550488
3346 0.559589
3347 0.553545
3348 0.557873
3349 0.556197
3350 0.559744
3351 0.559739
3352 0.563846
3353 0.564542
3354 0.570466
3355 0.570709
3356 0.582132
3357 0.575656
3358 0.616377
3359 0.525243
3360 0.948051
3361 0.407779
3362 0.278011
3363 0.523917
3364 0.537366
3365 0.543469
3366 0.547207
3367 0.550474
3368 0.553477
3369 0.556535
3370 0.559740
3371 0.563259
3372 0.567190
3373 0.571738
3374 0.577099
3375 0.583730
3376 0.592226
3377 0.604434
3378 0.624754
3379 0.689974
3380 1.431030
3381 0.604112
3382 0.933955
3383 0.422836
3384 0.294582
3385 0.558194
3386 0.549272
3387 0.540463
3388 0.536017
3389 0.534323
3390 0.534374
3391 0.535504
3392 0.537293
3393 0.539493
3394 0.541972
3395 0.544662
3396 0.547537
3397 0.550590
3398 0.553836
3399 0.557300
3400 0.561023
3401 0.565061
3402 0.569495
3403 0.574437
3404 0.580049
3405 0.586588
3406 0.594472
3407 0.604458
3408 0.618098
3409 0.639289
3410 0.682113
3411 0.855541
3412 1.926506
3413 0.595499
3414 0.788992
3415 0.437577
3416 0.309972
3417 0.522159
3418 0.528850
3419 0.526857
3420 0.523955
3421 0.522204
3422 0.521961
3423 0.523306
3424 0.526249
3425 0.530683
3426 0.536320
3427 0.542710
3428 0.549391
3429 0.556059
3430 0.562635
3431 0.569188
3432 0.575853
3433 0.582805
3434 0.590264
3435 0.598529
3436 0.608050
3437 0.619587
3438 0.634596
3439 0.656345
3440 0.694113
3441 0.787440
3442 1.472242
3443 0.619971
3444 0.828767
3445 0.460864
3446 0.389949
3447 0.624920
3448 0.563612
3449 0.544405
3450 0.524494
3451 0.504221
3452 0.477303
3453 0.441884
3454 0.422301
3455 0.667936
3456 0.525305
3457 0.514215
3458 0.494582
3459 0.464424
3460 0.388146
3461 0.404355
3462 0.629760
3463 0.549343
3464 0.539010
3465 0.525787
3466 0.512098
3467 0.495064
3468 0.469167
3469 0.430370
3470 0.440927
3471 0.664197
3472 0.532907
3473 0.535212
3474 0.528137
3475 0.520272
3476 0.511392
3477 0.499834
3478 0.482140
3479 0.452595
3480 0.322414
3481 0.337016
3482 0.266507
3483 0.329375
3484 0.260447
3485 0.327968
3486 0.257361
3487 0.319731
3488 0.255925
3489 0.306863
3490 0.258651
3491 0.285457
3492 0.263153
3493 0.266883
3494 0.262277
3495 0.260506
3496 0.258556
3497 0.256680
3498 0.254808
3499 0.252925
3500 0.251023
3501 0.249104
3502 0.247171
3503 0.245228
3504 0.243282
3505 0.241337
3506 0.239401
3507 0.237477
3508 0.235572
3509 0.233689
3510 0.231832
3511 0.230005
3512 0.228210
3513 0.226448
3514 0.224723
3515 0.223034
3516 0.221383
3517 0.219770
3518 0.218196
3519 0.216660
3520 0.215162
3521 0.213702
3522 0.212279
3523 0.210892
3524 0.209541
3525 0.208225
3526 0.206943
3527 0.205694
3528 0.204477
3529 0.203292
3530 0.202137
3531 0.201011
3532 0.199915
3533 0.198846
3534 0.197804
3535 0.196787
3536 0.195797
3537 0.194830
3538 0.193887
3539 0.192968
3540 0.192070
3541 0.191193
3542 0.190338
3543 0.189503
3544 0.188687
3545 0.187889
3546 0.187111
3547 0.186350
3548 0.185606
3549 0.184878
3550 0.184167
3551 0.183471
3552 0.182791
3553 0.182125
3554 0.181473
3555 0.180835
3556 0.180211
3557 0.179599
3558 0.179001
3559 0.178414
3560 0.177839
3561 0.177276
3562 0.176724
3563 0.176183
3564 0.175653
3565 0.175132
3566 0.174622
3567 0.174122
3568 0.173631
3569 0.173149
3570 0.172676
3571 0.172212
3572 0.171756
3573 0.171309
3574 0.170869
3575 0.170437
3576 0.170013
3577 0.169597
3578 0.169187
3579 0.168785
3580 0.168389
3581 0.168000
3582 0.167618
3583 0.167241
3584 0.166871
3585 0.166508
3586 0.166149
3587 0.165797
3588 0.165450
3589 0.165109
3590 0.164773
3591 0.164442
3592 0.164116
3593 0.163795
3594 0.163479
3595 0.163168
3596 0.162861
3597 0.162559
3598 0.162261
3599 0.161967
3600 0.161678
3601 0.161393
3602 0.161111
3603 0.160834
3604 0.160560
3605 0.160290
3606 0.160024
3607 0.159761
3608 0.159502
3609 0.159246
3610 0.158994
3611 0.158744
3612 0.158498
3613 0.158255
3614 0.158015
3615 0.157779
3616 0.157545
3617 0.157313
3618 0.157085
3619 0.156859
3620 0.156637
3621 0.156416
3622 0.156199
3623 0.155983
3624 0.155771
3625 0.155560
3626 0.155352
3627 0.155147
3628 0.154943
3629 0.154742
3630 0.154543
3631 0.154346
3632 0.154152
3633 0.153959
3634 0.153768
3635 0.153580
3636 0.153393
3637 0.153208
3638 0.153025
3639 0.152844
3640 0.152664
3641 0.152487
3642 0.152311
3643 0.152137
3644 0.151964
3645 0.151793
3646 0.151624
3647 0.151456
3648 0.151290
3649 0.151125
3650 0.150962
3651 0.150800
3652 0.150639
3653 0.150480
3654 0.150323
3655 0.150166
3656 0.150011
3657 0.149858
3658 0.149705
3659 0.149554
3660 0.149405
3661 0.149256
3662 0.149108
3663 0.148962
3664 0.148817
3665 0.148673
3666 0.148530
3667 0.148388
3668 0.148248
3669 0.148108
3670 0.147969
3671 0.147832
3672 0.147695
3673 0.147559
3674 0.147425
3675 0.147291
3676 0.147158
3677 0.147026
3678 0.146896
3679 0.146766
3680 0.146636
3681 0.146508
3682 0.146381
3683 0.146254
3684 0.146128
3685 0.146003
3686 0.145879
3687 0.145756
3688 0.145633
3689 0.145511
3690 0.145390
3691 0.145270
3692 0.145150
3693 0.145032
3694 0.144913
3695 0.144796
3696 0.144679
3697 0.144563
3698 0.144448
3699 0.144333
3700 0.144219
3701 0.144105
3702 0.143992
3703 0.143880
3704 0.143768
3705 0.143657
3706 0.143547
3707 0.143437
3708 0.143328
3709 0.143219
3710 0.143111
3711 0.143003
3712 0.142896
3713 0.142790
3714 0.142684
3715 0.142578
3716 0.142473
3717 0.142369
3718 0.142265
3719 0.142162
3720 0.142059
3721 0.141956
3722 0.141854
3723 0.141753
3724 0.141652
3725 0.141551
3726 0.141451
3727 0.141351
3728 0.141252
3729 0.141153
3730 0.141055
3731 0.140957
3732 0.140859
3733 0.140762
3734 0.140666
3735 0.140569
3736 0.140473
3737 0.140378
3738 0.140283
3739 0.140188
3740 0.140094
3741 0.140000
3742 0.139906
3743 0.139813
3744 0.139720
3745 0.139628
3746 0.139536
3747 0.139444
3748 0.139352
3749 0.139261
3750 0.139171
3751 0.139080
3752 0.138990
3753 0.138900
3754 0.138811
3755 0.138722
3756 0.138633
3757 0.138545
3758 0.138457
3759 0.138369
3760 0.138281
3761 0.138194
3762 0.138107
3763 0.138020
3764 0.137934
3765 0.137848
3766 0.137762
3767 0.137677
3768 0.137592
3769 0.137507
3770 0.137422
3771 0.137338
3772 0.137254
3773 0.137170
3774 0.137086
3775 0.137003
3776 0.136920
3777 0.136837
3778 0.136755
3779 0.136672
3780 0.136590
3781 0.136509
3782 0.136427
3783 0.136346
3784 0.136265
3785 0.136184
3786 0.136104
3787 0.136023
3788 0.135943
3789 0.135863
3790 0.135784
3791 0.135704
3792 0.135625
3793 0.135546
3794 0.135468
3795 0.135389
3796 0.135311
3797 0.135233
3798 0.135155
3799 0.135077
3800 0.135000
3801 0.134923
3802 0.134846
3803 0.134769
3804 0.134692
3805 0.134616
3806 0.134540
3807 0.134464
3808 0.134388
3809 0.134312
3810 0.134237
3811 0.134162
3812 0.134087
3813 0.134012
3814 0.133937
3815 0.133863
3816 0.133788
3817 0.133714
3818 0.133641
3819 0.133567
3820 0.133493
3821 0.133420
3822 0.133347
3823 0.133274
3824 0.133201
3825 0.133128
3826 0.133056
3827 0.132983
3828 0.132911
3829 0.132839
3830 0.132768
3831 0.132696
3832 0.132625
3833 0.132553
3834 0.132482
3835 0.132411
3836 0.132340
3837 0.132270
3838 0.132199
3839 0.132129
3840 0.132059
3841 0.131989
3842 0.131919
3843 0.131849
3844 0.131780
3845 0.131710
3846 0.131641
3847 0.131572
3848 0.131503
3849 0.131434
3850 0.131365
3851 0.131297
3852 0.131229
3853 0.131160
3854 0.131092
3855 0.131024
3856 0.130957
3857 0.130889
3858 0.130821
3859 0.130754
3860 0.130687
3861 0.130620
3862 0.130553
3863 0.130486
3864 0.130419
3865 0.130353
3866 0.130286
3867 0.130220
3868 0.130154
3869 0.130088
3870 0.130022
3871 0.129956
3872 0.129891
3873 0.129825
3874 0.129760
3875 0.129695
3876 0.129630
3877 0.129565
3878 0.129500
3879 0.129435
3880 0.129371
3881 0.129306
3882 0.129242
3883 0.129177
3884 0.129113
3885 0.129049
3886 0.128986
3887 0.128922
3888 0.128858
3889 0.128795
3890 0.128731
3891 0.128668
3892 0.128605
3893 0.128542
3894 0.128479
3895 0.128416
3896 0.128353
3897 0.128291
3898 0.128228
3899 0.128166
3900 0.128104
3901 0.128042
3902 0.127980
3903 0.127918
3904 0.127856
3905 0.127794
3906 0.127733
3907 0.127671
3908 0.127610
3909 0.127549
3910 0.127488
3911 0.127427
3912 0.127366
3913 0.127305
3914 0.127244
3915 0.127183
3916 0.127123
3917 0.127063
3918 0.127002
3919 0.126942
3920 0.126882
3921 0.126822
3922 0.126762
3923 0.126702
3924 0.126643
3925 0.126583
3926 0.126524
3927 0.126464
3928 0.126405
3929 0.126346
3930 0.126287
3931 0.126228
3932 0.126169
3933 0.126110
3934 0.126051
3935 0.125993
3936 0.125934
3937 0.125876
3938 0.125817
3939 0.125759
3940 0.125701
3941 0.125643
3942 0.125585
3943 0.125527
3944 0.125470
3945 0.125412
3946 0.125354
3947 0.125297
3948 0.125239
3949 0.125182
3950 0.125125
3951 0.125068
3952 0.125011
3953 0.124954
3954 0.124897
3955 0.124840
3956 0.124784
3957 0.124727
3958 0.124671
3959 0.124614
3960 0.124558
3961 0.124502
3962 0.124445
3963 0.124389
3964 0.124333
3965 0.124278
3966 0.124222
3967 0.124166
3968 0.124110
3969 0.124055
3970 0.123999
3971 0.123944
3972 0.123889
3973 0.123833
3974 0.123778
3975 0.123723
3976 0.123668
3977 0.123613
3978 0.123559
3979 0.123504
3980 0.123449
3981 0.123395
3982 0.123340
3983 0.123286
3984 0.123232
3985 0.123177
3986 0.123123
3987 0.123069
3988 0.123015
3989 0.122961
3990 0.122907
3991 0.122853
3992 0.122800
3993 0.122746
3994 0.122693
3995 0.122639
3996 0.122586
3997 0.122532
3998 0.122479
3999 0.122426
4000 0.122373
4001 0.122320
4002 0.122267
4003 0.122214
4004 0.122161
4005 0.122109
4006 0.122056
4007 0.122004
4008 0.121951
4009 0.121899
4010 0.121846
4011 0.121794
4012 0.121742
4013 0.121690
4014 0.121638
4015 0.121586
4016 0.121534
4017 0.121482
4018 0.121430
4019 0.121378
4020 0.121327
4021 0.121275
4022 0.121224
4023 0.121172
4024 0.121121
4025 0.121070
4026 0.121019
4027 0.120967
4028 0.120916
4029 0.120865
4030 0.120814
4031 0.120764
4032 0.120713
4033 0.120662
4034 0.120611
4035 0.120561
4036 0.120510
4037 0.120460
4038 0.120409
4039 0.120359
4040 0.120309
4041 0.120259
4042 0.120208
4043 0.120158
4044 0.120108
4045 0.120059
4046 0.120009
4047 0.119959
4048 0.119909
4049 0.119859
4050 0.119810
4051 0.119760
4052 0.119711
4053 0.119661
4054 0.119612
4055 0.119563
4056 0.119514
4057 0.119464
4058 0.119415
4059 0.119366
4060 0.119317
4061 0.119268
4062 0.119219
4063 0.119171
4064 0.119122
4065 0.119073
4066 0.119025
4067 0.118976
4068 0.118928
4069 0.118879
4070 0.118831
4071 0.118783
4072 0.118734
4073 0.118686
4074 0.118638
4075 0.118590
4076 0.118542
4077 0.118494
4078 0.118446
4079 0.118398
4080 0.118351
4081 0.118303
4082 0.118255
4083 0.118208
4084 0.118160
4085 0.118113
4086 0.118065
4087 0.118018
4088 0.117971
4089 0.117923
4090 0.117876
4091 0.117829
4092 0.117782
4093 0.117735
4094 0.117688
4095 0.117641
4096 0.117594
4097 0.117547
4098 0.117501
4099 0.117454
4100 0.117407
4101 0.117361
4102 0.117314
4103 0.117268
4104 0.117221
4105 0.117175
4106 0.117129
4107 0.117083
4108 0.117036
4109 0.116990
4110 0.116944
4111 0.116898
4112 0.116852
4113 0.116806
4114 0.116760
4115 0.116715
4116 0.116669
4117 0.116623
4118 0.116578
4119 0.116532
4120 0.116486
4121 0.116441
4122 0.116395
4123 0.116350
4124 0.116305
4125 0.116259
4126 0.116214
4127 0.116169
4128 0.116124
4129 0.116079
4130 0.116034
4131 0.115989
4132 0.115944
4133 0.115899
4134 0.115854
4135 0.115810
4136 0.115765
4137 0.115720
4138 0.115676
4139 0.115631
4140 0.115586
4141 0.115542
4142 0.115498
4143 0.115453
4144 0.115409
4145 0.115365
4146 0.115320
4147 0.115276
4148 0.115232
4149 0.115188
4150 0.115144
4151 0.115100
4152 0.115056
4153 0.115012
4154 0.114968
4155 0.114925
4156 0.114881
4157 0.114837
4158 0.114794
4159 0.114750
4160 0.114706
4161 0.114663
4162 0.114620
4163 0.114576
4164 0.114533
4165 0.114489
4166 0.114446
4167 0.114403
4168 0.114360
4169 0.114317
4170 0.114274
4171 0.114231
4172 0.114188
4173 0.114145
4174 0.114102
4175 0.114059
4176 0.114016
4177 0.113973
4178 0.113931
4179 0.113888
4180 0.113845
4181 0.113803
4182 0.113760
4183 0.113718
4184 0.113675
4185 0.113633
4186 0.113591
4187 0.113548
4188 0.113506
4189 0.113464
4190 0.113422
4191 0.113380
4192 0.113338
4193 0.113295
4194 0.113253
4195 0.113212
4196 0.113170
4197 0.113128
4198 0.113086
4199 0.113044
4200 0.113002
4201 0.112961
4202 0.112919
4203 0.112877
4204 0.112836
4205 0.112794
4206 0.112753
4207 0.112711
4208 0.112670
4209 0.112629
4210 0.112587
4211 0.112546
4212 0.112505
4213 0.112464
4214 0.112423
4215 0.112382
4216 0.112340
4217 0.112299
4218 0.112258
4219 0.112218
4220 0.112177
4221 0.112136
4222 0.112095
4223 0.112054
4224 0.112013
4225 0.111973
4226 0.111932
4227 0.111891
4228 0.111851
4229 0.111810
4230 0.111770
4231 0.111729
4232 0.111689
4233 0.111649
4234 0.111608
4235 0.111568
4236 0.111528
4237 0.111488
4238 0.111447
4239 0.111407
4240 0.111367
4241 0.111327
4242 0.111287
4243 0.111247
4244 0.111207
4245 0.111167
4246 0.111127
4247 0.111088
4248 0.111048
4249 0.111008
4250 0.110968
4251 0.110929
4252 0.110889
4253 0.110849
4254 0.110810
4255 0.110770
4256 0.110731
4257 0.110691
4258 0.110652
4259 0.110613
4260 0.110573
4261 0.110534
4262 0.110495
4263 0.110456
4264 0.110416
4265 0.110377
4266 0.110338
4267 0.110299
4268 0.110260
4269 0.110221
4270 0.110182
4271 0.110143
4272 0.110104
4273 0.110065
4274 0.110027
4275 0.109988
4276 0.109949
4277 0.109910
4278 0.109872
4279 0.109833
4280 0.109794
4281 0.109756
4282 0.109717
4283 0.109679
4284 0.109640
4285 0.109602
4286 0.109564
4287 0.109525
4288 0.109487
4289 0.109449
4290 0.109410
4291 0.109372
4292 0.109334
4293 0.109296
4294 0.109258
4295 0.109220
4296 0.109182
4297 0.109144
4298 0.109106
4299 0.109068
4300 0.109030
4301 0.108992
4302 0.108954
4303 0.108916
4304 0.108879
4305 0.108841
4306 0.108803
4307 0.108765
4308 0.108728
4309 0.108690
4310 0.108653
4311 0.108615
4312 0.108578
4313 0.108540
4314 0.108503
4315 0.108465
4316 0.108428
4317 0.108391
4318 0.108353
4319 0.108316
4320 0.108279
4321 0.108242
4322 0.108204
4323 0.108167
4324 0.108130
4325 0.108093
4326 0.108056
4327 0.108019
4328 0.107982
4329 0.107945
4330 0.107908
4331 0.107871
4332 0.107834
4333 0.107798
4334 0.107761
4335 0.107724
4336 0.107687
4337 0.107651
4338 0.107614
4339 0.107577
4340 0.107541
4341 0.107504
4342 0.107468
4343 0.107431
4344 0.107395
4345 0.107358
4346 0.107322
4347 0.107285
4348 0.107249
4349 0.107213
4350 0.107176
4351 0.107140
4352 0.107104
4353 0.107068
4354 0.107032
4355 0.106995
4356 0.106959
4357 0.106923
4358 0.106887
4359 0.106851
4360 0.106815
4361 0.106779
4362 0.106743
4363 0.106707
4364 0.106672
4365 0.106636
4366 0.106600
4367 0.106564
4368 0.106528
4369 0.106493
4370 0.106457
4371 0.106421
4372 0.106386
4373 0.106350
4374 0.106314
4375 0.106279
4376 0.106243
4377 0.106208
4378 0.106172
4379 0.106137
4380 0.106102
4381 0.106066
4382 0.106031
4383 0.105995
4384 0.105960
4385 0.105925
4386 0.105890
4387 0.105854
4388 0.105819
4389 0.105784
4390 0.105749
4391 0.105714
4392 0.105679
4393 0.105644
4394 0.105609
4395 0.105574
4396 0.105539
4397 0.105504
4398 0.105469
4399 0.105434
4400 0.105399
4401 0.105365
4402 0.105330
4403 0.105295
4404 0.105260
4405 0.105225
4406 0.105191
4407 0.105156
4408 0.105122
4409 0.105087
4410 0.105052
4411 0.105018
4412 0.104983
4413 0.104949
4414 0.104914
4415 0.104880
4416 0.104845
4417 0.104811
4418 0.104777
4419 0.104742
4420 0.104708
4421 0.104674
4422 0.104639
4423 0.104605
4424 0.104571
4425 0.104537
4426 0.104503
4427 0.104469
4428 0.104434
4429 0.104400
4430 0.104366
4431 0.104332
4432 0.104298
4433 0.104264
4434 0.104230
4435 0.104196
4436 0.104163
4437 0.104129
4438 0.104095
4439 0.104061
4440 0.104027
4441 0.103993
4442 0.103960
4443 0.103926
4444 0.103892
4445 0.103859
4446 0.103825
4447 0.103791
4448 0.103758
4449 0.103724
4450 0.103691
4451 0.103657
4452 0.103623
4453 0.103590
4454 0.103557
4455 0.103523
4456 0.103490
4457 0.103456
4458 0.103423
4459 0.103390
4460 0.103356
4461 0.103323
4462 0.103290
4463 0.103257
4464 0.103223
4465 0.103190
4466 0.103157
4467 0.103124
4468 0.103091
4469 0.103058
4470 0.103025
4471 0.102991
4472 0.102958
4473 0.102925
4474 0.102892
4475 0.102860
4476 0.102827
4477 0.102794
4478 0.102761
4479 0.102728
4480 0.102695
4481 0.102662
4482 0.102629
4483 0.102597
4484 0.102564
4485 0.102531
4486 0.102499
4487 0.102466
4488 0.102433
4489 0.102401
4490 0.102368
4491 0.102335
4492 0.102303
4493 0.102270
4494 0.102238
4495 0.102205
4496 0.102173
4497 0.102140
4498 0.102108
4499 0.102075
4500 0.102043
4501 0.102011
4502 0.101978
4503 0.101946
4504 0.101914
4505 0.101881
4506 0.101849
4507 0.101817
4508 0.101785
4509 0.101752
4510 0.101720
4511 0.101688
4512 0.101656
4513 0.101624
4514 0.101592
4515 0.101560
4516 0.101528
4517 0.101496
4518 0.101464
4519 0.101432
4520 0.101400
4521 0.101368
4522 0.101336
4523 0.101304
4524 0.101272
4525 0.101240
4526 0.101208
4527 0.101177
4528 0.101145
4529 0.101113
4530 0.101081
4531 0.101049
4532 0.101018
4533 0.100986
4534 0.100954
4535 0.100923
4536 0.100891
4537 0.100860
4538 0.100828
4539 0.100796
4540 0.100765
4541 0.100733
4542 0.100702
4543 0.100670
4544 0.100639
4545 0.100607
4546 0.100576
4547 0.100544
4548 0.100513
4549 0.100482
4550 0.100450
4551 0.100419
4552 0.100388
4553 0.100356
4554 0.100325
4555 0.100294
4556 0.100263
4557 0.100231
4558 0.100200
4559 0.100169
4560 0.100138
4561 0.100107
4562 0.100076
4563 0.100045
4564 0.100013
4565 0.099982
4566 0.099951
4567 0.099920
4568 0.099889
4569 0.099858
4570 0.099827
4571 0.099796
4572 0.099766
4573 0.099735
4574 0.099704
4575 0.099673
4576 0.099642
4577 0.099611
4578 0.099580
4579 0.099550
4580 0.099519
4581 0.099488
4582 0.099457
4583 0.099427
4584 0.099396
4585 0.099365
4586 0.099334
4587 0.099304
4588 0.099273
4589 0.099243
4590 0.099212
4591 0.099181
4592 0.099151
4593 0.099120
4594 0.099090
4595 0.099059
4596 0.099029
4597 0.098998
4598 0.098968
4599 0.098937
4600 0.098907
4601 0.098877
4602 0.098846
4603 0.098816
4604 0.098785
4605 0.098755
4606 0.098725
4607 0.098695
4608 0.098664
4609 0.098634
4610 0.098604
4611 0.098574
4612 0.098543
4613 0.098513
4614 0.098483
4615 0.098453
4616 0.098423
4617 0.098392
4618 0.098362
4619 0.098332
4620 0.098302
4621 0.098272
4622 0.098242
4623 0.098212
4624 0.098182
4625 0.098152
4626 0.098122
4627 0.098092
4628 0.098062
4629 0.098032
4630 0.098002
4631 0.097972
4632 0.097943
4633 0.097913
4634 0.097883
4635 0.097853
4636 0.097823
4637 0.097793
4638 0.097764
4639 0.097734
4640 0.097704
4641 0.097674
4642 0.097645
4643 0.097615
4644 0.097585
4645 0.097556
4646 0.097526
4647 0.097496
4648 0.097467
4649 0.097437
4650 0.097408
4651 0.097378
4652 0.097349
4653 0.097319
4654 0.097289
4655 0.097260
4656 0.097230
4657 0.097201
4658 0.097172
4659 0.097142
4660 0.097113
4661 0.097083
4662 0.097054
4663 0.097024
4664 0.096995
4665 0.096966
4666 0.096936
4667 0.096907
4668 0.096878
4669 0.096848
4670 0.096819
4671 0.096790
4672 0.096761
4673 0.096731
4674 0.096702
4675 0.096673
4676 0.096644
4677 0.096615
4678 0.096586
4679 0.096556
4680 0.096527
4681 0.096498
4682 0.096469
4683 0.096440
4684 0.096411
4685 0.096382
4686 0.096353
4687 0.096324
4688 0.096295
4689 0.096266
4690 0.096237
4691 0.096208
4692 0.096179
4693 0.096150
4694 0.096121
4695 0.096092
4696 0.096063
4697 0.096034
4698 0.096005
4699 0.095977
4700 0.095948
4701 0.095919
4702 0.095890
4703 0.095861
4704 0.095833
4705 0.095804
4706 0.095775
4707 0.095746
4708 0.095718
4709 0.095689
4710 0.095660
4711 0.095631
4712 0.095603
4713 0.095574
4714 0.095545
4715 0.095517
4716 0.095488
4717 0.095460
4718 0.095431
4719 0.095402
4720 0.095374
4721 0.095345
4722 0.095317
4723 0.095288
4724 0.095260
4725 0.095231
4726 0.095203
4727 0.095174
4728 0.095146
4729 0.095117
4730 0.095089
4731 0.095061
4732 0.095032
4733 0.095004
4734 0.094975
4735 0.094947
4736 0.094919
4737 0.094890
4738 0.094862
4739 0.094834
4740 0.094805
4741 0.094777
4742 0.094749
4743 0.094721
4744 0.094692
4745 0.094664
4746 0.094636
4747 0.094608
4748 0.094580
4749 0.094551
4750 0.094523
4751 0.094495
4752 0.094467
4753 0.094439
4754 0.094411
4755 0.094383
4756 0.094354
4757 0.094326
4758 0.094298
4759 0.094270
4760 0.094242
4761 0.094214
4762 0.094186
4763 0.094158
4764 0.094130
4765 0.094102
4766 0.094074
4767 0.094046
4768 0.094018
4769 0.093990
4770 0.093962
4771 0.093935
4772 0.093907
4773 0.093879
4774 0.093851
4775 0.093823
4776 0.093795
4777 0.093767
4778 0.093739
4779 0.093712
4780 0.093684
4781 0.093656
4782 0.093628
4783 0.093601
4784 0.093573
4785 0.093545
4786 0.093517
4787 0.093490
4788 0.093462
4789 0.093434
4790 0.093407
4791 0.093379
4792 0.093351
4793 0.093324
4794 0.093296
4795 0.093268
4796 0.093241
4797 0.093213
4798 0.093185
4799 0.093158
4800 0.093130
4801 0.093103
4802 0.093075
4803 0.093048
4804 0.093020
4805 0.092993
4806 0.092965
4807 0.092938
4808 0.092910
4809 0.092883
4810 0.092855
4811 0.092828
4812 0.092800
4813 0.092773
4814 0.092746
4815 0.092718
4816 0.092691
4817 0.092663
4818 0.092636
4819 0.092609
4820 0.092581
4821 0.092554
4822 0.092527
4823 0.092499
4824 0.092472
4825 0.092445
4826 0.092417
4827 0.092390
4828 0.092363
4829 0.092336
4830 0.092308
4831 0.092281
4832 0.092254
4833 0.092227
4834 0.092200
4835 0.092172
4836 0.092145
4837 0.092118
4838 0.092091
4839 0.092064
4840 0.092037
4841 0.092010
4842 0.091982
4843 0.091955
4844 0.091928
4845 0.091901
4846 0.091874
4847 0.091847
4848 0.091820
4849 0.091793
4850 0.091766
4851 0.091739
4852 0.091712
4853 0.091685
4854 0.091658
4855 0.091631
4856 0.091604
4857 0.091577
4858 0.091550
4859 0.091523
4860 0.091496
4861 0.091469
4862 0.091442
4863 0.091415
4864 0.091389
4865 0.091362
4866 0.091335
4867 0.091308
4868 0.091281
4869 0.091254
4870 0.091227
4871 0.091201
4872 0.091174
4873 0.091147
4874 0.091120
4875 0.091094
4876 0.091067
4877 0.091040
4878 0.091013
4879 0.090986
4880 0.090960
4881 0.090933
4882 0.090906
4883 0.090880
4884 0.090853
4885 0.090826
4886 0.090800
4887 0.090773
4888 0.090746
4889 0.090720
4890 0.090693
4891 0.090666
4892 0.090640
4893 0.090613
4894 0.090587
4895 0.090560
4896 0.090533
4897 0.090507
4898 0.090480
4899 0.090454
4900 0.090427
4901 0.090401
4902 0.090374
4903 0.090348
4904 0.090321
4905 0.090295
4906 0.090268
4907 0.090242
4908 0.090215
4909 0.090189
4910 0.090162
4911 0.090136
4912 0.090109
4913 0.090083
4914 0.090057
4915 0.090030
4916 0.090004
4917 0.089977
4918 0.089951
4919 0.089925
4920 0.089898
4921 0.089872
4922 0.089846
4923 0.089819
4924 0.089793
4925 0.089767
4926 0.089740
4927 0.089714
4928 0.089688
4929 0.089662
4930 0.089635
4931 0.089609
4932 0.089583
4933 0.089556
4934 0.089530
4935 0.089504
4936 0.089478
4937 0.089452
4938 0.089425
4939 0.089399
4940 0.089373
4941 0.089347
4942 0.089321
4943 0.089295
4944 0.089268
4945 0.089242
4946 0.089216
4947 0.089190
4948 0.089164
4949 0.089138
4950 0.089112
4951 0.089086
4952 0.089060
4953 0.089033
4954 0.089007
4955 0.088981
4956 0.088955
4957 0.088929
4958 0.088903
4959 0.088877
4960 0.088851
4961 0.088825
4962 0.088799
4963 0.088773
4964 0.088747
4965 0.088721
4966 0.088695
4967 0.088669
4968 0.088643
4969 0.088617
4970 0.088592
4971 0.088566
4972 0.088540
4973 0.088514
4974 0.088488
4975 0.088462
4976 0.088436
4977 0.088410
4978 0.088384
4979 0.088359
4980 0.088333
4981 0.088307
4982 0.088281
4983 0.088255
4984 0.088229
4985 0.088204
4986 0.088178
4987 0.088152
4988 0.088126
4989 0.088100
4990 0.088075
4991 0.088049
4992 0.088023
4993 0.087997
4994 0.087972
4995 0.087946
4996 0.087920
4997 0.087894
4998 0.087869
4999 0.087843
