0 25.379387
1 24.593445
2 24.779838
3 24.902093
4 24.961506
5 24.994900
6 25.016852
7 25.032222
8 25.042104
9 25.045461
10 25.038816
11 25.014794
12 24.959896
13 24.852546
14 24.666712
15 24.385731
16 23.997621
17 23.457733
18 22.699048
19 21.691479
20 20.475962
21 19.161754
22 17.878862
23 16.722317
24 15.730800
25 14.898953
26 14.202552
27 13.614160
28 13.107828
29 12.659589
30 12.247514
31 11.852519
32 11.459425
33 11.057481
34 10.640496
35 10.206720
36 9.758227
37 9.299748
38 8.837283
39 8.376877
40 7.923838
41 7.482435
42 7.055913
43 6.646640
44 6.256281
45 5.885943
46 5.536279
47 5.207546
48 4.899652
49 4.612204
50 4.344586
51 4.096022
52 3.865635
53 3.652492
54 3.455630
55 3.274082
56 3.106894
57 2.953131
58 2.811884
59 2.682272
60 2.563433
61 2.454529
62 2.354743
63 2.263286
64 2.179396
65 2.102350
66 2.031468
67 1.966117
68 1.905716
69 1.849737
70 1.797708
71 1.749206
72 1.703860
73 1.661344
74 1.621374
75 1.583706
76 1.548125
77 1.514450
78 1.482520
79 1.452200
80 1.423370
81 1.395927
82 1.369781
83 1.344851
84 1.321067
85 1.298365
86 1.276687
87 1.255983
88 1.236204
89 1.217305
90 1.199246
91 1.181988
92 1.165494
93 1.149731
94 1.134665
95 1.120265
96 1.106502
97 1.093347
98 1.080773
99 1.068753
100 1.057264
101 1.046280
102 1.035779
103 1.025740
104 1.016140
105 1.006961
106 0.998184
107 0.989789
108 0.981761
109 0.974083
110 0.966739
111 0.959715
112 0.952997
113 0.946572
114 0.940427
115 0.934552
116 0.928934
117 0.923564
118 0.918431
119 0.913527
120 0.908844
121 0.904372
122 0.900104
123 0.896033
124 0.892153
125 0.888457
126 0.884938
127 0.881591
128 0.878411
129 0.875392
130 0.872530
131 0.869821
132 0.867259
133 0.864840
134 0.862561
135 0.860418
136 0.858406
137 0.856524
138 0.854766
139 0.853130
140 0.851613
141 0.850212
142 0.848923
143 0.847745
144 0.846673
145 0.845706
146 0.844840
147 0.844074
148 0.843404
149 0.842829
150 0.842345
151 0.841951
152 0.841643
153 0.841421
154 0.841281
155 0.841221
156 0.841240
157 0.841334
158 0.841503
159 0.841743
160 0.842053
161 0.842431
162 0.842875
163 0.843384
164 0.843954
165 0.844584
166 0.845273
167 0.846019
168 0.846820
169 0.847674
170 0.848579
171 0.849534
172 0.850538
173 0.851587
174 0.852682
175 0.853821
176 0.855001
177 0.856222
178 0.857482
179 0.858779
180 0.860112
181 0.861480
182 0.862881
183 0.864315
184 0.865779
185 0.867272
186 0.868793
187 0.870341
188 0.871914
189 0.873511
190 0.875132
191 0.876774
192 0.878437
193 0.880119
194 0.881819
195 0.883536
196 0.885270
197 0.887017
198 0.888778
199 0.890552
200 0.892337
201 0.894131
202 0.895935
203 0.897747
204 0.899565
205 0.901389
206 0.903217
207 0.905048
208 0.906882
209 0.908716
210 0.910551
211 0.912384
212 0.914215
213 0.916043
214 0.917866
215 0.919683
216 0.921494
217 0.923298
218 0.925092
219 0.926877
220 0.928650
221 0.930412
222 0.932161
223 0.933896
224 0.935617
225 0.937322
226 0.939010
227 0.940680
228 0.942333
229 0.943967
230 0.945580
231 0.947174
232 0.948746
233 0.950297
234 0.951826
235 0.953332
236 0.954815
237 0.956275
238 0.957712
239 0.959124
240 0.960512
241 0.961876
242 0.963216
243 0.964531
244 0.965822
245 0.967088
246 0.968330
247 0.969547
248 0.970741
249 0.971909
250 0.973053
251 0.974173
252 0.975268
253 0.976339
254 0.977384
255 0.978404
256 0.979399
257 0.980367
258 0.981309
259 0.982224
260 0.983111
261 0.983969
262 0.984797
263 0.985596
264 0.986363
265 0.987098
266 0.987800
267 0.988468
268 0.989102
269 0.989700
270 0.990262
271 0.990787
272 0.991274
273 0.991724
274 0.992136
275 0.992509
276 0.992844
277 0.993141
278 0.993399
279 0.993619
280 0.993801
281 0.993947
282 0.994055
283 0.994128
284 0.994164
285 0.994167
286 0.994135
287 0.994070
288 0.993972
289 0.993843
290 0.993684
291 0.993495
292 0.993277
293 0.993032
294 0.992759
295 0.992462
296 0.992139
297 0.991793
298 0.991425
299 0.991035
300 0.990626
301 0.990197
302 0.989750
303 0.989286
304 0.988807
305 0.988314
306 0.987807
307 0.987289
308 0.986759
309 0.986220
310 0.985672
311 0.985116
312 0.984554
313 0.983986
314 0.983414
315 0.982838
316 0.982260
317 0.981680
318 0.981099
319 0.980519
320 0.979939
321 0.979360
322 0.978784
323 0.978210
324 0.977640
325 0.977074
326 0.976512
327 0.975956
328 0.975405
329 0.974860
330 0.974321
331 0.973788
332 0.973263
333 0.972745
334 0.972234
335 0.971732
336 0.971237
337 0.970750
338 0.970271
339 0.969801
340 0.969339
341 0.968886
342 0.968442
343 0.968006
344 0.967579
345 0.967161
346 0.966751
347 0.966351
348 0.965959
349 0.965575
350 0.965201
351 0.964835
352 0.964478
353 0.964129
354 0.963789
355 0.963457
356 0.963133
357 0.962818
358 0.962510
359 0.962211
360 0.961919
361 0.961636
362 0.961360
363 0.961091
364 0.960831
365 0.960577
366 0.960331
367 0.960091
368 0.959859
369 0.959634
370 0.959415
371 0.959203
372 0.958998
373 0.958799
374 0.958606
375 0.958420
376 0.958239
377 0.958065
378 0.957896
379 0.957733
380 0.957575
381 0.957423
382 0.957277
383 0.957135
384 0.956999
385 0.956867
386 0.956741
387 0.956619
388 0.956502
389 0.956390
390 0.956282
391 0.956178
392 0.956079
393 0.955983
394 0.955892
395 0.955805
396 0.955722
397 0.955642
398 0.955566
399 0.955494
400 0.955425
401 0.955360
402 0.955297
403 0.955239
404 0.955183
405 0.955130
406 0.955080
407 0.955033
408 0.954989
409 0.954948
410 0.954909
411 0.954873
412 0.954839
413 0.954808
414 0.954779
415 0.954752
416 0.954727
417 0.954705
418 0.954684
419 0.954666
420 0.954649
421 0.954634
422 0.954621
423 0.954610
424 0.954600
425 0.954592
426 0.954586
427 0.954580
428 0.954577
429 0.954574
430 0.954573
431 0.954573
432 0.954574
433 0.954576
434 0.954580
435 0.954584
436 0.954589
437 0.954595
438 0.954602
439 0.954609
440 0.954618
441 0.954627
442 0.954636
443 0.954646
444 0.954657
445 0.954668
446 0.954680
447 0.954692
448 0.954704
449 0.954717
450 0.954730
451 0.954743
452 0.954756
453 0.954769
454 0.954783
455 0.954796
456 0.954810
457 0.954823
458 0.954837
459 0.954850
460 0.954863
461 0.954876
462 0.954889
463 0.954901
464 0.954914
465 0.954926
466 0.954937
467 0.954949
468 0.954959
469 0.954970
470 0.954980
471 0.954989
472 0.954998
473 0.955007
474 0.955015
475 0.955022
476 0.955029
477 0.955035
478 0.955040
479 0.955045
480 0.955048
481 0.955052
482 0.955054
483 0.955056
484 0.955057
485 0.955057
486 0.955056
487 0.955054
488 0.955052
489 0.955048
490 0.955044
491 0.955039
492 0.955032
493 0.955025
494 0.955017
495 0.955008
496 0.954998
497 0.954987
498 0.954974
499 0.954961
500 0.954947
501 0.954931
502 0.954915
503 0.954897
504 0.954879
505 0.954859
506 0.954838
507 0.954816
508 0.954793
509 0.954768
510 0.954743
511 0.954716
512 0.954688
513 0.954659
514 0.954629
515 0.954597
516 0.954565
517 0.954531
518 0.954495
519 0.954459
520 0.954421
521 0.954383
522 0.954342
523 0.954301
524 0.954258
525 0.954214
526 0.954169
527 0.954123
528 0.954075
529 0.954026
530 0.953976
531 0.953924
532 0.953871
533 0.953817
534 0.953761
535 0.953704
536 0.953646
537 0.953586
538 0.953525
539 0.953463
540 0.953400
541 0.953335
542 0.953268
543 0.953201
544 0.953132
545 0.953061
546 0.952990
547 0.952916
548 0.952842
549 0.952766
550 0.952689
551 0.952610
552 0.952530
553 0.952448
554 0.952365
555 0.952281
556 0.952195
557 0.952107
558 0.952019
559 0.951928
560 0.951837
561 0.951743
562 0.951649
563 0.951552
564 0.951455
565 0.951355
566 0.951254
567 0.951152
568 0.951048
569 0.950942
570 0.950835
571 0.950727
572 0.950616
573 0.950504
574 0.950391
575 0.950275
576 0.950158
577 0.950040
578 0.949919
579 0.949797
580 0.949674
581 0.949548
582 0.949421
583 0.949292
584 0.949161
585 0.949028
586 0.948894
587 0.948757
588 0.948619
589 0.948479
590 0.948337
591 0.948193
592 0.948047
593 0.947899
594 0.947749
595 0.947597
596 0.947443
597 0.947287
598 0.947129
599 0.946969
600 0.946807
601 0.946642
602 0.946476
603 0.946307
604 0.946136
605 0.945963
606 0.945788
607 0.945610
608 0.945431
609 0.945249
610 0.945064
611 0.944878
612 0.944689
613 0.944498
614 0.944304
615 0.944108
616 0.943910
617 0.943709
618 0.943506
619 0.943300
620 0.943093
621 0.942882
622 0.942669
623 0.942454
624 0.942237
625 0.942017
626 0.941794
627 0.941569
628 0.941342
629 0.941112
630 0.940880
631 0.940646
632 0.940409
633 0.940169
634 0.939927
635 0.939683
636 0.939437
637 0.939188
638 0.938936
639 0.938683
640 0.938427
641 0.938169
642 0.937908
643 0.937645
644 0.937380
645 0.937113
646 0.936843
647 0.936571
648 0.936298
649 0.936022
650 0.935743
651 0.935463
652 0.935181
653 0.934897
654 0.934610
655 0.934322
656 0.934032
657 0.933739
658 0.933445
659 0.933149
660 0.932851
661 0.932552
662 0.932250
663 0.931947
664 0.931642
665 0.931335
666 0.931027
667 0.930717
668 0.930405
669 0.930092
670 0.929777
671 0.929461
672 0.929143
673 0.928823
674 0.928502
675 0.928180
676 0.927856
677 0.927530
678 0.927204
679 0.926876
680 0.926546
681 0.926215
682 0.925883
683 0.925550
684 0.925215
685 0.924879
686 0.924542
687 0.924204
688 0.923864
689 0.923523
690 0.923181
691 0.922838
692 0.922494
693 0.922148
694 0.921802
695 0.921454
696 0.921106
697 0.920756
698 0.920405
699 0.920054
700 0.919701
701 0.919347
702 0.918992
703 0.918637
704 0.918280
705 0.917923
706 0.917564
707 0.917205
708 0.916845
709 0.916483
710 0.916121
711 0.915759
712 0.915395
713 0.915031
714 0.914665
715 0.914299
716 0.913932
717 0.913565
718 0.913197
719 0.912828
720 0.912458
721 0.912087
722 0.911716
723 0.911344
724 0.910972
725 0.910599
726 0.910225
727 0.909850
728 0.909475
729 0.909100
730 0.908724
731 0.908347
732 0.907969
733 0.907591
734 0.907213
735 0.906834
736 0.906455
737 0.906075
738 0.905694
739 0.905313
740 0.904932
741 0.904550
742 0.904168
743 0.903785
744 0.903402
745 0.903018
746 0.902634
747 0.902250
748 0.901865
749 0.901480
750 0.901094
751 0.900709
752 0.900323
753 0.899936
754 0.899549
755 0.899162
756 0.898775
757 0.898387
758 0.897999
759 0.897611
760 0.897222
761 0.896834
762 0.896445
763 0.896055
764 0.895666
765 0.895276
766 0.894886
767 0.894496
768 0.894106
769 0.893715
770 0.893325
771 0.892934
772 0.892543
773 0.892152
774 0.891760
775 0.891369
776 0.890977
777 0.890585
778 0.890193
779 0.889801
780 0.889409
781 0.889017
782 0.888624
783 0.888232
784 0.887839
785 0.887447
786 0.887054
787 0.886661
788 0.886268
789 0.885875
790 0.885482
791 0.885089
792 0.884696
793 0.884303
794 0.883909
795 0.883516
796 0.883122
797 0.882729
798 0.882336
799 0.881942
800 0.881548
801 0.881155
802 0.880761
803 0.880368
804 0.879974
805 0.879580
806 0.879187
807 0.878793
808 0.878399
809 0.878005
810 0.877612
811 0.877218
812 0.876824
813 0.876430
814 0.876037
815 0.875643
816 0.875249
817 0.874855
818 0.874462
819 0.874068
820 0.873674
821 0.873280
822 0.872887
823 0.872493
824 0.872099
825 0.871706
826 0.871312
827 0.870918
828 0.870525
829 0.870131
830 0.869738
831 0.869344
832 0.868950
833 0.868557
834 0.868163
835 0.867770
836 0.867376
837 0.866983
838 0.866590
839 0.866196
840 0.865803
841 0.865409
842 0.865016
843 0.864623
844 0.864229
845 0.863836
846 0.863443
847 0.863050
848 0.862656
849 0.862263
850 0.861870
851 0.861477
852 0.861084
853 0.860691
854 0.860298
855 0.859905
856 0.859512
857 0.859119
858 0.858726
859 0.858333
860 0.857940
861 0.857547
862 0.857154
863 0.856761
864 0.856368
865 0.855975
866 0.855582
867 0.855190
868 0.854797
869 0.854404
870 0.854011
871 0.853619
872 0.853226
873 0.852833
874 0.852441
875 0.852048
876 0.851655
877 0.851263
878 0.850870
879 0.850478
880 0.850085
881 0.849692
882 0.849300
883 0.848907
884 0.848515
885 0.848123
886 0.847730
887 0.847338
888 0.846945
889 0.846553
890 0.846161
891 0.845768
892 0.845376
893 0.844984
894 0.844591
895 0.844199
896 0.843807
897 0.843415
898 0.843023
899 0.842630
900 0.842238
901 0.841846
902 0.841454
903 0.841062
904 0.840670
905 0.840278
906 0.839886
907 0.839494
908 0.839102
909 0.838710
910 0.838318
911 0.837926
912 0.837534
913 0.837142
914 0.836751
915 0.836359
916 0.835967
917 0.835575
918 0.835184
919 0.834792
920 0.834400
921 0.834009
922 0.833617
923 0.833225
924 0.832834
925 0.832442
926 0.832051
927 0.831660
928 0.831268
929 0.830877
930 0.830486
931 0.830094
932 0.829703
933 0.829312
934 0.828921
935 0.828530
936 0.828139
937 0.827748
938 0.827357
939 0.826966
940 0.826575
941 0.826184
942 0.825793
943 0.825402
944 0.825012
945 0.824621
946 0.824231
947 0.823840
948 0.823450
949 0.823059
950 0.822669
951 0.822279
952 0.821888
953 0.821498
954 0.821108
955 0.820718
956 0.820328
957 0.819938
958 0.819548
959 0.819158
960 0.818769
961 0.818379
962 0.817989
963 0.817600
964 0.817211
965 0.816821
966 0.816432
967 0.816043
968 0.815654
969 0.815265
970 0.814876
971 0.814487
972 0.814098
973 0.813709
974 0.813321
975 0.812932
976 0.812544
977 0.812156
978 0.811767
979 0.811379
980 0.810991
981 0.810603
982 0.810215
983 0.809828
984 0.809440
985 0.809053
986 0.808665
987 0.808278
988 0.807891
989 0.807504
990 0.807117
991 0.806730
992 0.806343
993 0.805956
994 0.805570
995 0.805184
996 0.804797
997 0.804411
998 0.804025
999 0.803639
1000 0.803253
1001 0.802868
1002 0.802482
1003 0.802097
1004 0.801712
1005 0.801327
1006 0.800942
1007 0.800557
1008 0.800172
1009 0.799788
1010 0.799403
1011 0.799019
1012 0.798635
1013 0.798251
1014 0.797867
1015 0.797484
1016 0.797100
1017 0.796717
1018 0.796334
1019 0.795951
1020 0.795568
1021 0.795185
1022 0.794803
1023 0.794420
1024 0.794038
1025 0.793656
1026 0.793274
1027 0.792892
1028 0.792511
1029 0.792130
1030 0.791748
1031 0.791368
1032 0.790987
1033 0.790606
1034 0.790226
1035 0.789845
1036 0.789465
1037 0.789085
1038 0.788706
1039 0.788326
1040 0.787947
1041 0.787568
1042 0.787189
1043 0.786810
1044 0.786432
1045 0.786053
1046 0.785675
1047 0.785297
1048 0.784920
1049 0.784542
1050 0.784165
1051 0.783788
1052 0.783411
1053 0.783034
1054 0.782658
1055 0.782281
1056 0.781905
1057 0.781529
1058 0.781154
1059 0.780779
1060 0.780403
1061 0.780028
1062 0.779654
1063 0.779279
1064 0.778905
1065 0.778531
1066 0.778157
1067 0.777784
1068 0.777410
1069 0.777037
1070 0.776664
1071 0.776292
1072 0.775919
1073 0.775547
1074 0.775175
1075 0.774804
1076 0.774432
1077 0.774061
1078 0.773690
1079 0.773320
1080 0.772949
1081 0.772579
1082 0.772209
1083 0.771839
1084 0.771470
1085 0.771101
1086 0.770732
1087 0.770363
1088 0.769995
1089 0.769627
1090 0.769259
1091 0.768892
1092 0.768524
1093 0.768157
1094 0.767790
1095 0.767424
1096 0.767058
1097 0.766692
1098 0.766326
1099 0.765961
1100 0.765596
1101 0.765231
1102 0.764866
1103 0.764502
1104 0.764138
1105 0.763774
1106 0.763411
1107 0.763047
1108 0.762685
1109 0.762322
1110 0.761960
1111 0.761598
1112 0.761236
1113 0.760874
1114 0.760513
1115 0.760152
1116 0.759792
1117 0.759432
1118 0.759072
1119 0.758712
1120 0.758353
1121 0.757994
1122 0.757635
1123 0.757276
1124 0.756918
1125 0.756560
1126 0.756203
1127 0.755845
1128 0.755489
1129 0.755132
1130 0.754776
1131 0.754420
1132 0.754064
1133 0.753708
1134 0.753353
1135 0.752999
1136 0.752644
1137 0.752290
1138 0.751936
1139 0.751583
1140 0.751229
1141 0.750877
1142 0.750524
1143 0.750172
1144 0.749820
1145 0.749468
1146 0.749117
1147 0.748766
1148 0.748416
1149 0.748065
1150 0.747715
1151 0.747366
1152 0.747016
1153 0.746668
1154 0.746319
1155 0.745971
1156 0.745623
1157 0.745275
1158 0.744928
1159 0.744581
1160 0.744234
1161 0.743888
1162 0.743542
1163 0.743196
1164 0.742851
1165 0.742506
1166 0.742161
1167 0.741817
1168 0.741473
1169 0.741130
1170 0.740787
1171 0.740444
1172 0.740101
1173 0.739759
1174 0.739417
1175 0.739076
1176 0.738734
1177 0.738394
1178 0.738053
1179 0.737713
1180 0.737373
1181 0.737034
1182 0.736695
1183 0.736356
1184 0.736018
1185 0.735680
1186 0.735342
1187 0.735005
1188 0.734668
1189 0.734332
1190 0.733995
1191 0.733660
1192 0.733324
1193 0.732989
1194 0.732654
1195 0.732320
1196 0.731986
1197 0.731652
1198 0.731319
1199 0.730986
1200 0.730653
1201 0.730321
1202 0.729989
1203 0.729658
1204 0.729326
1205 0.728996
1206 0.728665
1207 0.728335
1208 0.728006
1209 0.727676
1210 0.727347
1211 0.727019
1212 0.726691
1213 0.726363
1214 0.726035
1215 0.725708
1216 0.725382
1217 0.725055
1218 0.724729
1219 0.724404
1220 0.724078
1221 0.723754
1222 0.723429
1223 0.723105
1224 0.722781
1225 0.722458
1226 0.722135
1227 0.721812
1228 0.721490
1229 0.721168
1230 0.720847
1231 0.720526
1232 0.720205
1233 0.719885
1234 0.719565
1235 0.719245
1236 0.718926
1237 0.718607
1238 0.718289
1239 0.717971
1240 0.717653
1241 0.717336
1242 0.717019
1243 0.716703
1244 0.716386
1245 0.716071
1246 0.715755
1247 0.715440
1248 0.715126
1249 0.714812
1250 0.714498
1251 0.714184
1252 0.713871
1253 0.713559
1254 0.713246
1255 0.712935
1256 0.712623
1257 0.712312
1258 0.712001
1259 0.711691
1260 0.711381
1261 0.711071
1262 0.710762
1263 0.710454
1264 0.710145
1265 0.709837
1266 0.709530
1267 0.709222
1268 0.708916
1269 0.708609
1270 0.708303
1271 0.707998
1272 0.707692
1273 0.707387
1274 0.707083
1275 0.706779
1276 0.706475
1277 0.706172
1278 0.705869
1279 0.705567
1280 0.705265
1281 0.704963
1282 0.704662
1283 0.704361
1284 0.704060
1285 0.703760
1286 0.703460
1287 0.703161
1288 0.702862
1289 0.702564
1290 0.702265
1291 0.701968
1292 0.701670
1293 0.701373
1294 0.701077
1295 0.700781
1296 0.700485
1297 0.700190
1298 0.699895
1299 0.699600
1300 0.699306
1301 0.699012
1302 0.698719
1303 0.698426
1304 0.698133
1305 0.697841
1306 0.697549
1307 0.697258
1308 0.696967
1309 0.696677
1310 0.696386
1311 0.696097
1312 0.695807
1313 0.695518
1314 0.695230
1315 0.694942
1316 0.694654
1317 0.694367
1318 0.694080
1319 0.693793
1320 0.693507
1321 0.693221
1322 0.692936
1323 0.692651
1324 0.692367
1325 0.692082
1326 0.691799
1327 0.691515
1328 0.691232
1329 0.690950
1330 0.690668
1331 0.690386
1332 0.690105
1333 0.689824
1334 0.689543
1335 0.689263
1336 0.688984
1337 0.688704
1338 0.688426
1339 0.688147
1340 0.687869
1341 0.687591
1342 0.687314
1343 0.687037
1344 0.686761
1345 0.686485
1346 0.686209
1347 0.685934
1348 0.685659
1349 0.685385
1350 0.685111
1351 0.684837
1352 0.684564
1353 0.684291
1354 0.684019
1355 0.683747
1356 0.683475
1357 0.683204
1358 0.682933
1359 0.682663
1360 0.682393
1361 0.682123
1362 0.681854
1363 0.681585
1364 0.681317
1365 0.681049
1366 0.680782
1367 0.680515
1368 0.680248
1369 0.679982
1370 0.679716
1371 0.679450
1372 0.679185
1373 0.678920
1374 0.678656
1375 0.678392
1376 0.678129
1377 0.677866
1378 0.677603
1379 0.677341
1380 0.677079
1381 0.676818
1382 0.676557
1383 0.676296
1384 0.676036
1385 0.675776
1386 0.675517
1387 0.675258
1388 0.674999
1389 0.674741
1390 0.674483
1391 0.674226
1392 0.673969
1393 0.673713
1394 0.673456
1395 0.673201
1396 0.672945
1397 0.672690
1398 0.672436
1399 0.672182
1400 0.671928
1401 0.671675
1402 0.671422
1403 0.671170
1404 0.670918
1405 0.670666
1406 0.670415
1407 0.670164
1408 0.669913
1409 0.669663
1410 0.669414
1411 0.669165
1412 0.668916
1413 0.668667
1414 0.668419
1415 0.668172
1416 0.667925
1417 0.667678
1418 0.667431
1419 0.667185
1420 0.666940
1421 0.666695
1422 0.666450
1423 0.666206
1424 0.665962
1425 0.665718
1426 0.665475
1427 0.665232
1428 0.664990
1429 0.664748
1430 0.664507
1431 0.664266
1432 0.664025
1433 0.663785
1434 0.663545
1435 0.663305
1436 0.663066
1437 0.662828
1438 0.662589
1439 0.662351
1440 0.662114
1441 0.661877
1442 0.661640
1443 0.661404
1444 0.661168
1445 0.660933
1446 0.660698
1447 0.660463
1448 0.660229
1449 0.659995
1450 0.659762
1451 0.659529
1452 0.659296
1453 0.659064
1454 0.658832
1455 0.658601
1456 0.658370
1457 0.658139
1458 0.657909
1459 0.657679
1460 0.657450
1461 0.657221
1462 0.656993
1463 0.656764
1464 0.656537
1465 0.656309
1466 0.656082
1467 0.655856
1468 0.655630
1469 0.655404
1470 0.655178
1471 0.654954
1472 0.654729
1473 0.654505
1474 0.654281
1475 0.654058
1476 0.653835
1477 0.653612
1478 0.653390
1479 0.653168
1480 0.652947
1481 0.652726
1482 0.652506
1483 0.652285
1484 0.652066
1485 0.651846
1486 0.651627
1487 0.651409
1488 0.651191
1489 0.650973
1490 0.650756
1491 0.650539
1492 0.650322
1493 0.650106
1494 0.649890
1495 0.649675
1496 0.649460
1497 0.649245
1498 0.649031
1499 0.648817
1500 0.648604
1501 0.648391
1502 0.648178
1503 0.647966
1504 0.647755
1505 0.647543
1506 0.647332
1507 0.647122
1508 0.646911
1509 0.646701
1510 0.646492
1511 0.646283
1512 0.646074
1513 0.645866
1514 0.645658
1515 0.645451
1516 0.645244
1517 0.645037
1518 0.644831
1519 0.644625
1520 0.644420
1521 0.644214
1522 0.644010
1523 0.643805
1524 0.643602
1525 0.643398
1526 0.643195
1527 0.642992
1528 0.642790
1529 0.642588
1530 0.642386
1531 0.642185
1532 0.641984
1533 0.641784
1534 0.641584
1535 0.641384
1536 0.641185
1537 0.640986
1538 0.640788
1539 0.640590
1540 0.640392
1541 0.640195
1542 0.639998
1543 0.639801
1544 0.639605
1545 0.639409
1546 0.639214
1547 0.639019
1548 0.638824
1549 0.638630
1550 0.638436
1551 0.638243
1552 0.638050
1553 0.637857
1554 0.637665
1555 0.637473
1556 0.637282
1557 0.637090
1558 0.636900
1559 0.636709
1560 0.636519
1561 0.636330
1562 0.636140
1563 0.635952
1564 0.635763
1565 0.635575
1566 0.635387
1567 0.635200
1568 0.635013
1569 0.634827
1570 0.634640
1571 0.634455
1572 0.634269
1573 0.634084
1574 0.633899
1575 0.633715
1576 0.633531
1577 0.633348
1578 0.633165
1579 0.632982
1580 0.632799
1581 0.632617
1582 0.632436
1583 0.632254
1584 0.632073
1585 0.631893
1586 0.631713
1587 0.631533
1588 0.631354
1589 0.631175
1590 0.630996
1591 0.630818
1592 0.630640
1593 0.630462
1594 0.630285
1595 0.630108
1596 0.629932
1597 0.629756
1598 0.629580
1599 0.629405
1600 0.629230
1601 0.629055
1602 0.628881
1603 0.628707
1604 0.628533
1605 0.628360
1606 0.628188
1607 0.628015
1608 0.627843
1609 0.627671
1610 0.627500
1611 0.627329
1612 0.627159
1613 0.626989
1614 0.626819
1615 0.626649
1616 0.626480
1617 0.626311
1618 0.626143
1619 0.625975
1620 0.625807
1621 0.625640
1622 0.625473
1623 0.625306
1624 0.625140
1625 0.624974
1626 0.624809
1627 0.624644
1628 0.624479
1629 0.624315
1630 0.624151
1631 0.623987
1632 0.623823
1633 0.623660
1634 0.623498
1635 0.623336
1636 0.623174
1637 0.623012
1638 0.622851
1639 0.622690
1640 0.622529
1641 0.622369
1642 0.622209
1643 0.622050
1644 0.621891
1645 0.621732
1646 0.621574
1647 0.621416
1648 0.621258
1649 0.621101
1650 0.620944
1651 0.620787
1652 0.620631
1653 0.620475
1654 0.620319
1655 0.620164
1656 0.620009
1657 0.619854
1658 0.619700
1659 0.619546
1660 0.619393
1661 0.619240
1662 0.619087
1663 0.618934
1664 0.618782
1665 0.618630
1666 0.618479
1667 0.618328
1668 0.618177
1669 0.618026
1670 0.617876
1671 0.617727
1672 0.617577
1673 0.617428
1674 0.617279
1675 0.617131
1676 0.616983
1677 0.616835
1678 0.616688
1679 0.616541
1680 0.616394
1681 0.616248
1682 0.616102
1683 0.615956
1684 0.615810
1685 0.615665
1686 0.615521
1687 0.615376
1688 0.615232
1689 0.615088
1690 0.614945
1691 0.614802
1692 0.614659
1693 0.614517
1694 0.614375
1695 0.614233
1696 0.614092
1697 0.613951
1698 0.613810
1699 0.613669
1700 0.613529
1701 0.613389
1702 0.613250
1703 0.613111
1704 0.612972
1705 0.612834
1706 0.612695
1707 0.612558
1708 0.612420
1709 0.612283
1710 0.612146
1711 0.612009
1712 0.611873
1713 0.611737
1714 0.611602
1715 0.611467
1716 0.611332
1717 0.611197
1718 0.611063
1719 0.610929
1720 0.610795
1721 0.610662
1722 0.610529
1723 0.610396
1724 0.610263
1725 0.610131
1726 0.609999
1727 0.609868
1728 0.609737
1729 0.609606
1730 0.609475
1731 0.609345
1732 0.609215
1733 0.609086
1734 0.608956
1735 0.608827
1736 0.608699
1737 0.608570
1738 0.608442
1739 0.608315
1740 0.608187
1741 0.608060
1742 0.607933
1743 0.607807
1744 0.607680
1745 0.607555
1746 0.607429
1747 0.607304
1748 0.607179
1749 0.607054
1750 0.606929
1751 0.606805
1752 0.606682
1753 0.606558
1754 0.606435
1755 0.606312
1756 0.606189
1757 0.606067
1758 0.605945
1759 0.605823
1760 0.605702
1761 0.605581
1762 0.605460
1763 0.605339
1764 0.605219
1765 0.605099
1766 0.604980
1767 0.604860
1768 0.604741
1769 0.604622
1770 0.604504
1771 0.604386
1772 0.604268
1773 0.604150
1774 0.604033
1775 0.603916
1776 0.603799
1777 0.603683
1778 0.603567
1779 0.603451
1780 0.603335
1781 0.603220
1782 0.603105
1783 0.602990
1784 0.602876
1785 0.602762
1786 0.602648
1787 0.602534
1788 0.602421
1789 0.602308
1790 0.602195
1791 0.602083
1792 0.601970
1793 0.601858
1794 0.601747
1795 0.601635
1796 0.601524
1797 0.601414
1798 0.601303
1799 0.601193
1800 0.601083
1801 0.600973
1802 0.600864
1803 0.600755
1804 0.600646
1805 0.600537
1806 0.600429
1807 0.600321
1808 0.600213
1809 0.600106
1810 0.599998
1811 0.599891
1812 0.599785
1813 0.599678
1814 0.599572
1815 0.599466
1816 0.599361
1817 0.599255
1818 0.599150
1819 0.599045
1820 0.598941
1821 0.598837
1822 0.598733
1823 0.598629
1824 0.598525
1825 0.598422
1826 0.598319
1827 0.598217
1828 0.598114
1829 0.598012
1830 0.597910
1831 0.597808
1832 0.597707
1833 0.597606
1834 0.597505
1835 0.597405
1836 0.597304
1837 0.597204
1838 0.597104
1839 0.597005
1840 0.596905
1841 0.596806
1842 0.596707
1843 0.596609
1844 0.596511
1845 0.596413
1846 0.596315
1847 0.596217
1848 0.596120
1849 0.596023
1850 0.595926
1851 0.595830
1852 0.595733
1853 0.595637
1854 0.595542
1855 0.595446
1856 0.595351
1857 0.595256
1858 0.595161
1859 0.595066
1860 0.594972
1861 0.594878
1862 0.594784
1863 0.594691
1864 0.594597
1865 0.594504
1866 0.594411
1867 0.594319
1868 0.594226
1869 0.594134
1870 0.594043
1871 0.593951
1872 0.593860
1873 0.593768
1874 0.593678
1875 0.593587
1876 0.593496
1877 0.593406
1878 0.593316
1879 0.593227
1880 0.593137
1881 0.593048
1882 0.592959
1883 0.592870
1884 0.592782
1885 0.592693
1886 0.592605
1887 0.592517
1888 0.592430
1889 0.592342
1890 0.592255
1891 0.592168
1892 0.592082
1893 0.591995
1894 0.591909
1895 0.591823
1896 0.591737
1897 0.591652
1898 0.591567
1899 0.591481
1900 0.591397
1901 0.591312
1902 0.591228
1903 0.591143
1904 0.591060
1905 0.590976
1906 0.590892
1907 0.590809
1908 0.590726
1909 0.590643
1910 0.590561
1911 0.590478
1912 0.590396
1913 0.590314
1914 0.590232
1915 0.590151
1916 0.590070
1917 0.589989
1918 0.589908
1919 0.589827
1920 0.589747
1921 0.589667
1922 0.589587
1923 0.589507
1924 0.589427
1925 0.589348
1926 0.589269
1927 0.589190
1928 0.589112
1929 0.589033
1930 0.588955
1931 0.588877
1932 0.588799
1933 0.588721
1934 0.588644
1935 0.588567
1936 0.588490
1937 0.588413
1938 0.588337
1939 0.588260
1940 0.588184
1941 0.588108
1942 0.588032
1943 0.587957
1944 0.587882
1945 0.587807
1946 0.587732
1947 0.587657
1948 0.587583
1949 0.587508
1950 0.587434
1951 0.587360
1952 0.587287
1953 0.587213
1954 0.587140
1955 0.587067
1956 0.586994
1957 0.586921
1958 0.586849
1959 0.586777
1960 0.586705
1961 0.586633
1962 0.586561
1963 0.586490
1964 0.586419
1965 0.586347
1966 0.586277
1967 0.586206
1968 0.586135
1969 0.586065
1970 0.585995
1971 0.585925
1972 0.585856
1973 0.585786
1974 0.585717
1975 0.585648
1976 0.585579
1977 0.585510
1978 0.585442
1979 0.585373
1980 0.585305
1981 0.585237
1982 0.585170
1983 0.585102
1984 0.585035
1985 0.584967
1986 0.584900
1987 0.584834
1988 0.584767
1989 0.584701
1990 0.584634
1991 0.584568
1992 0.584503
1993 0.584437
1994 0.584371
1995 0.584306
1996 0.584241
1997 0.584176
1998 0.584111
1999 0.584047
2000 0.583982
2001 0.583918
2002 0.583854
2003 0.583790
2004 0.583727
2005 0.583663
2006 0.583600
2007 0.583537
2008 0.583474
2009 0.583411
2010 0.583349
2011 0.583286
2012 0.583224
2013 0.583162
2014 0.583100
2015 0.583038
2016 0.582977
2017 0.582916
2018 0.582855
2019 0.582794
2020 0.582733
2021 0.582672
2022 0.582612
2023 0.582551
2024 0.582491
2025 0.582431
2026 0.582372
2027 0.582312
2028 0.582253
2029 0.582194
2030 0.582134
2031 0.582076
2032 0.582017
2033 0.581958
2034 0.581900
2035 0.581842
2036 0.581784
2037 0.581726
2038 0.581668
2039 0.581611
2040 0.581553
2041 0.581496
2042 0.581439
2043 0.581382
2044 0.581326
2045 0.581269
2046 0.581213
2047 0.581157
2048 0.581101
2049 0.581045
2050 0.580989
2051 0.580934
2052 0.580878
2053 0.580823
2054 0.580768
2055 0.580713
2056 0.580658
2057 0.580604
2058 0.580549
2059 0.580495
2060 0.580441
2061 0.580387
2062 0.580334
2063 0.580280
2064 0.580227
2065 0.580173
2066 0.580120
2067 0.580067
2068 0.580014
2069 0.579962
2070 0.579909
2071 0.579857
2072 0.579805
2073 0.579753
2074 0.579701
2075 0.579649
2076 0.579598
2077 0.579546
2078 0.579495
2079 0.579444
2080 0.579393
2081 0.579342
2082 0.579292
2083 0.579241
2084 0.579191
2085 0.579141
2086 0.579091
2087 0.579041
2088 0.578991
2089 0.578942
2090 0.578892
2091 0.578843
2092 0.578794
2093 0.578745
2094 0.578696
2095 0.578648
2096 0.578599
2097 0.578551
2098 0.578503
2099 0.578455
2100 0.578407
2101 0.578359
2102 0.578311
2103 0.578264
2104 0.578217
2105 0.578169
2106 0.578122
2107 0.578075
2108 0.578029
2109 0.577982
2110 0.577936
2111 0.577889
2112 0.577843
2113 0.577797
2114 0.577751
2115 0.577706
2116 0.577660
2117 0.577614
2118 0.577569
2119 0.577524
2120 0.577479
2121 0.577434
2122 0.577389
2123 0.577345
2124 0.577300
2125 0.577256
2126 0.577212
2127 0.577168
2128 0.577124
2129 0.577080
2130 0.577036
2131 0.576993
2132 0.576949
2133 0.576906
2134 0.576863
2135 0.576820
2136 0.576777
2137 0.576735
2138 0.576692
2139 0.576650
2140 0.576607
2141 0.576565
2142 0.576523
2143 0.576481
2144 0.576439
2145 0.576398
2146 0.576356
2147 0.576315
2148 0.576274
2149 0.576233
2150 0.576192
2151 0.576151
2152 0.576110
2153 0.576070
2154 0.576029
2155 0.575989
2156 0.575949
2157 0.575909
2158 0.575869
2159 0.575829
2160 0.575789
2161 0.575750
2162 0.575710
2163 0.575671
2164 0.575632
2165 0.575593
2166 0.575554
2167 0.575515
2168 0.575476
2169 0.575438
2170 0.575399
2171 0.575361
2172 0.575323
2173 0.575285
2174 0.575247
2175 0.575209
2176 0.575171
2177 0.575134
2178 0.575096
2179 0.575059
2180 0.575022
2181 0.574985
2182 0.574948
2183 0.574911
2184 0.574874
2185 0.574838
2186 0.574801
2187 0.574765
2188 0.574729
2189 0.574693
2190 0.574657
2191 0.574621
2192 0.574585
2193 0.574549
2194 0.574514
2195 0.574479
2196 0.574443
2197 0.574408
2198 0.574373
2199 0.574338
2200 0.574303
2201 0.574269
2202 0.574234
2203 0.574200
2204 0.574165
2205 0.574131
2206 0.574097
2207 0.574063
2208 0.574029
2209 0.573995
2210 0.573961
2211 0.573928
2212 0.573894
2213 0.573861
2214 0.573828
2215 0.573795
2216 0.573762
2217 0.573729
2218 0.573696
2219 0.573663
2220 0.573631
2221 0.573598
2222 0.573566
2223 0.573534
2224 0.573502
2225 0.573470
2226 0.573438
2227 0.573406
2228 0.573374
2229 0.573343
2230 0.573311
2231 0.573280
2232 0.573248
2233 0.573217
2234 0.573186
2235 0.573155
2236 0.573124
2237 0.573094
2238 0.573063
2239 0.573032
2240 0.573002
2241 0.572972
2242 0.572941
2243 0.572911
2244 0.572881
2245 0.572851
2246 0.572822
2247 0.572792
2248 0.572762
2249 0.572733
2250 0.572703
2251 0.572674
2252 0.572645
2253 0.572616
2254 0.572587
2255 0.572558
2256 0.572529
2257 0.572500
2258 0.572472
2259 0.572443
2260 0.572415
2261 0.572386
2262 0.572358
2263 0.572330
2264 0.572302
2265 0.572274
2266 0.572246
2267 0.572218
2268 0.572191
2269 0.572163
2270 0.572136
2271 0.572108
2272 0.572081
2273 0.572054
2274 0.572027
2275 0.572000
2276 0.571973
2277 0.571946
2278 0.571919
2279 0.571892
2280 0.571866
2281 0.571839
2282 0.571813
2283 0.571787
2284 0.571761
2285 0.571735
2286 0.571709
2287 0.571683
2288 0.571657
2289 0.571631
2290 0.571605
2291 0.571580
2292 0.571554
2293 0.571529
2294 0.571504
2295 0.571478
2296 0.571453
2297 0.571428
2298 0.571403
2299 0.571378
2300 0.571354
2301 0.571329
2302 0.571304
2303 0.571280
2304 0.571255
2305 0.571231
2306 0.571207
2307 0.571182
2308 0.571158
2309 0.571134
2310 0.571110
2311 0.571086
2312 0.571063
2313 0.571039
2314 0.571015
2315 0.570992
2316 0.570968
2317 0.570945
2318 0.570921
2319 0.570898
2320 0.570875
2321 0.570852
2322 0.570829
2323 0.570806
2324 0.570783
2325 0.570760
2326 0.570738
2327 0.570715
2328 0.570692
2329 0.570670
2330 0.570647
2331 0.570625
2332 0.570603
2333 0.570581
2334 0.570559
2335 0.570537
2336 0.570515
2337 0.570493
2338 0.570471
2339 0.570449
2340 0.570427
2341 0.570406
2342 0.570384
2343 0.570363
2344 0.570341
2345 0.570320
2346 0.570299
2347 0.570278
2348 0.570256
2349 0.570235
2350 0.570214
2351 0.570193
2352 0.570173
2353 0.570152
2354 0.570131
2355 0.570110
2356 0.570090
2357 0.570069
2358 0.570049
2359 0.570028
2360 0.570008
2361 0.569988
2362 0.569967
2363 0.569947
2364 0.569927
2365 0.569907
2366 0.569887
2367 0.569867
2368 0.569847
2369 0.569828
2370 0.569808
2371 0.569788
2372 0.569768
2373 0.569749
2374 0.569729
2375 0.569710
2376 0.569690
2377 0.569671
2378 0.569652
2379 0.569632
2380 0.569613
2381 0.569594
2382 0.569575
2383 0.569556
2384 0.569536
2385 0.569517
2386 0.569498
2387 0.569479
2388 0.569460
2389 0.569441
2390 0.569421
2391 0.569402
2392 0.569382
2393 0.569362
2394 0.569342
2395 0.569322
2396 0.569300
2397 0.569279
2398 0.569256
2399 0.569231
2400 0.569206
2401 0.569177
2402 0.569146
2403 0.569111
2404 0.569070
2405 0.569022
2406 0.568965
2407 0.568894
2408 0.568804
2409 0.568689
2410 0.568537
2411 0.568332
2412 0.568047
2413 0.567642
2414 0.567047
2415 0.566139
2416 0.564694
2417 0.562273
2418 0.557957
2419 0.549687
2420 0.532608
2421 0.496315
2422 0.436855
2423 0.426455
2424 0.365303
2425 0.463130
2426 0.521434
2427 0.560876
2428 0.581092
2429 0.296603
2430 0.523731
2431 0.573300
2432 0.514269
2433 0.290415
2434 0.497240
2435 0.562250
2436 0.587653
2437 0.294758
2438 0.520203
2439 0.582343
2440 0.412269
2441 0.399226
2442 0.430749
2443 0.356681
2444 0.542138
2445 0.547721
2446 0.588884
2447 0.531340
2448 0.292680
2449 0.501976
2450 0.582975
2451 0.596277
2452 0.298091
2453 0.531162
2454 0.602474
2455 0.382941
2456 0.564269
2457 0.310685
2458 0.470960
2459 0.573903
2460 0.629758
2461 0.300733
2462 0.574709
2463 0.633884
2464 0.298764
2465 0.576488
2466 0.639034
2467 0.295366
2468 0.573293
2469 0.641721
2470 0.294921
2471 0.571966
2472 0.644839
2473 0.295960
2474 0.577236
2475 0.649828
2476 0.298671
2477 0.587995
2478 0.655751
2479 0.301783
2480 0.598771
2481 0.660101
2482 0.305140
2483 0.608708
2484 0.663702
2485 0.311316
2486 0.621616
2487 0.667462
2488 0.322321
2489 0.637124
2490 0.667876
2491 0.336765
2492 0.648491
2493 0.664595
2494 0.352113
2495 0.652559
2496 0.661233
2497 0.366687
2498 0.651573
2499 0.658646
2500 0.379404
2501 0.648309
2502 0.659650
2503 0.396067
2504 0.645693
2505 0.635849
2506 0.377921
2507 0.637576
2508 0.696790
2509 0.601610
2510 0.569933
2511 0.583739
2512 0.534727
2513 0.537838
2514 0.417093
2515 0.546055
2516 0.672752
2517 0.731116
2518 0.723975
2519 0.699620
2520 0.571940
2521 0.515533
2522 0.543630
2523 0.557059
2524 0.546512
2525 0.543436
2526 0.546533
2527 0.546826
2528 0.545612
2529 0.545409
2530 0.545574
2531 0.545431
2532 0.545230
2533 0.545145
2534 0.545088
2535 0.545016
2536 0.544957
2537 0.544920
2538 0.544897
2539 0.544886
2540 0.544888
2541 0.544904
2542 0.544933
2543 0.544975
2544 0.545031
2545 0.545099
2546 0.545180
2547 0.545275
2548 0.545382
2549 0.545503
2550 0.545636
2551 0.545783
2552 0.545942
2553 0.546115
2554 0.546302
2555 0.546501
2556 0.546714
2557 0.546940
2558 0.547179
2559 0.547430
2560 0.547693
2561 0.547966
2562 0.548247
2563 0.548533
2564 0.548817
2565 0.549092
2566 0.549340
2567 0.549536
2568 0.549632
2569 0.549542
2570 0.549096
2571 0.547942
2572 0.545289
2573 0.539190
2574 0.524402
2575 0.486969
2576 0.413567
2577 0.428123
2578 0.253815
2579 0.556889
2580 0.302801
2581 0.528183
2582 0.337596
2583 0.487777
2584 0.293663
2585 0.472360
2586 0.315374
2587 0.452672
2588 0.287437
2589 0.452305
2590 0.291009
2591 0.486635
2592 0.612301
2593 0.523766
2594 0.283030
2595 0.528345
2596 0.306457
2597 0.491973
2598 0.285316
2599 0.473883
2600 0.282630
2601 0.448975
2602 0.596634
2603 0.676816
2604 0.273349
2605 0.593891
2606 0.298347
2607 0.596919
2608 0.691534
2609 0.276834
2610 0.614635
2611 0.296513
2612 0.605806
2613 0.694826
2614 0.272931
2615 0.619186
2616 0.272881
2617 0.575441
2618 0.350718
2619 0.619681
2620 0.695592
2621 0.330243
2622 0.682358
2623 0.568298
2624 0.268679
2625 0.584143
2626 0.269076
2627 0.553533
2628 0.274075
2629 0.513567
2630 0.619597
2631 0.304851
2632 0.522403
2633 0.284809
2634 0.486470
2635 0.491496
2636 0.326704
2637 0.589561
2638 0.674768
2639 0.741031
2640 0.596119
2641 0.524493
2642 0.583647
2643 0.338587
2644 0.686436
2645 0.761341
2646 0.682088
2647 0.718323
2648 0.646814
2649 0.496827
2650 0.511735
2651 0.566323
2652 0.549823
2653 0.529030
2654 0.539326
2655 0.546372
2656 0.540257
2657 0.538032
2658 0.540818
2659 0.541146
2660 0.539736
2661 0.539676
2662 0.540176
2663 0.540051
2664 0.539803
2665 0.539852
2666 0.539937
2667 0.539921
2668 0.539922
2669 0.539983
2670 0.540052
2671 0.540118
2672 0.540201
2673 0.540304
2674 0.540419
2675 0.540546
2676 0.540688
2677 0.540843
2678 0.541013
2679 0.541197
2680 0.541395
2681 0.541607
2682 0.541834
2683 0.542075
2684 0.542330
2685 0.542600
2686 0.542884
2687 0.543181
2688 0.543489
2689 0.543807
2690 0.544130
2691 0.544453
2692 0.544763
2693 0.545043
2694 0.545259
2695 0.545350
2696 0.545198
2697 0.544568
2698 0.542941
2699 0.539093
2700 0.529837
2701 0.506400
2702 0.450461
2703 0.401580
2704 0.395277
2705 0.298087
2706 0.602605
2707 0.230160
2708 0.390411
2709 0.290477
2710 0.362635
2711 0.288507
2712 0.425844
2713 0.329422
2714 0.407732
2715 0.312308
2716 0.427373
2717 0.311206
2718 0.426318
2719 0.312882
2720 0.430298
2721 0.309330
2722 0.436932
2723 0.306267
2724 0.441688
2725 0.304611
2726 0.445494
2727 0.302233
2728 0.450603
2729 0.298162
2730 0.456908
2731 0.300847
2732 0.444902
2733 0.647068
2734 0.728621
2735 0.266806
2736 0.656625
2737 0.250996
2738 0.541231
2739 0.285219
2740 0.455766
2741 0.302679
2742 0.443770
2743 0.314389
2744 0.446045
2745 0.393229
2746 0.659941
2747 0.663604
2748 0.748471
2749 0.475661
2750 0.726517
2751 0.467862
2752 0.756923
2753 0.616376
2754 0.724046
2755 0.682784
2756 0.505227
2757 0.485033
2758 0.563768
2759 0.563696
2760 0.519023
2761 0.527003
2762 0.550176
2763 0.540925
2764 0.529851
2765 0.536486
2766 0.541366
2767 0.536830
2768 0.534853
2769 0.537486
2770 0.538139
2771 0.536687
2772 0.536558
2773 0.537356
2774 0.537410
2775 0.537115
2776 0.537235
2777 0.537504
2778 0.537593
2779 0.537651
2780 0.537811
2781 0.537999
2782 0.538167
2783 0.538346
2784 0.538553
2785 0.538776
2786 0.539011
2787 0.539260
2788 0.539526
2789 0.539807
2790 0.540101
2791 0.540409
2792 0.540727
2793 0.541053
2794 0.541379
2795 0.541695
2796 0.541984
2797 0.542211
2798 0.542318
2799 0.542190
2800 0.541594
2801 0.540029
2802 0.536315
2803 0.527439
2804 0.505376
2805 0.454517
2806 0.411973
2807 0.382877
2808 0.456025
2809 0.253979
2810 0.238600
2811 0.570144
2812 0.511016
2813 0.305597
2814 0.256741
2815 0.556398
2816 0.618890
2817 0.345079
2818 0.290278
2819 0.581262
2820 0.297670
2821 0.283018
2822 0.541547
2823 0.650129
2824 0.320473
2825 0.288121
2826 0.562879
2827 0.430494
2828 0.418932
2829 0.548868
2830 0.355880
2831 0.618292
2832 0.689558
2833 0.276934
2834 0.639968
2835 0.251095
2836 0.262715
2837 0.619092
2838 0.728350
2839 0.232502
2840 0.289073
2841 0.642998
2842 0.268258
2843 0.609342
2844 0.284206
2845 0.267915
2846 0.603457
2847 0.724044
2848 0.259587
2849 0.622958
2850 0.264323
2851 0.262996
2852 0.634259
2853 0.739618
2854 0.236772
2855 0.396281
2856 0.263230
2857 0.523575
2858 0.327851
2859 0.312380
2860 0.534633
2861 0.679318
2862 0.752157
2863 0.254709
2864 0.565326
2865 0.257209
2866 0.257130
2867 0.661869
2868 0.762177
2869 0.307351
2870 0.716419
2871 0.261121
2872 0.614283
2873 0.247677
2874 0.252793
2875 0.679613
2876 0.768143
2877 0.289521
2878 0.715581
2879 0.260160
2880 0.596711
2881 0.246562
2882 0.249178
2883 0.687267
2884 0.774194
2885 0.315082
2886 0.745626
2887 0.318849
2888 0.754479
2889 0.338782
2890 0.793236
2891 0.436281
2892 0.834225
2893 0.675631
2894 0.653107
2895 0.488183
2896 0.468443
2897 0.576524
2898 0.574008
2899 0.500410
2900 0.509748
2901 0.563629
2902 0.545838
2903 0.513232
2904 0.528152
2905 0.549874
2906 0.536302
2907 0.524216
2908 0.534016
2909 0.541107
2910 0.534536
2911 0.531067
2912 0.535297
2913 0.537276
2914 0.535215
2915 0.534578
2916 0.535905
2917 0.536521
2918 0.536320
2919 0.536446
2920 0.536895
2921 0.537255
2922 0.537539
2923 0.537858
2924 0.538201
2925 0.538539
2926 0.538856
2927 0.539129
2928 0.539309
2929 0.539304
2930 0.538930
2931 0.537798
2932 0.535022
2933 0.528423
2934 0.512377
2935 0.474662
2936 0.423766
2937 0.433595
2938 0.223000
2939 0.222194
2940 0.670607
2941 0.290280
2942 0.136599
2943 0.340309
2944 0.269241
2945 0.461331
2946 0.343846
2947 0.220565
2948 0.569126
2949 0.718765
2950 0.295757
2951 0.142310
2952 0.403528
2953 0.270488
2954 0.164804
2955 0.568899
2956 0.356648
2957 0.187335
2958 0.542156
2959 0.287295
2960 0.612252
2961 0.297327
2962 0.143260
2963 0.442019
2964 0.309836
2965 0.198428
2966 0.543853
2967 0.737318
2968 0.262688
2969 0.135139
2970 0.340095
2971 0.404236
2972 0.602269
2973 0.246252
2974 0.154588
2975 0.550038
2976 0.352824
2977 0.203224
2978 0.554985
2979 0.742903
2980 0.222854
2981 0.128171
2982 0.276114
2983 0.665258
2984 0.223547
2985 0.150252
2986 0.501821
2987 0.334331
2988 0.180705
2989 0.542657
2990 0.302095
2991 0.590742
2992 0.236948
2993 0.191056
2994 0.610178
2995 0.233893
2996 0.125989
2997 0.269218
2998 0.646351
2999 0.489257
3000 0.247355
3001 0.138454
3002 0.396977
3003 0.277340
3004 0.190223
3005 0.544065
3006 0.751540
3007 0.256582
3008 0.122192
3009 0.232756
3010 0.671771
3011 0.352751
3012 0.719961
3013 0.215611
3014 0.119333
3015 0.204836
3016 0.646676
3017 0.222682
3018 0.115117
3019 0.183596
3020 0.655924
3021 0.305521
3022 0.124177
3023 0.242091
3024 0.671372
3025 0.483823
3026 0.243235
3027 0.127442
3028 0.266437
3029 0.659523
3030 0.634958
3031 0.313749
3032 0.126368
3033 0.258943
3034 0.673984
3035 0.679454
3036 0.287903
3037 0.118339
3038 0.199408
3039 0.622954
3040 0.232415
3041 0.146664
3042 0.448825
3043 0.302843
3044 0.159774
3045 0.583459
3046 0.358036
3047 0.186794
3048 0.540371
3049 0.767291
3050 0.252151
3051 0.110900
3052 0.160712
3053 0.606060
3054 0.326388
3055 0.140638
3056 0.415892
3057 0.294355
3058 0.193627
3059 0.547670
3060 0.789507
3061 0.216172
3062 0.107986
3063 0.145344
3064 0.404585
3065 0.261786
3066 0.140487
3067 0.401020
3068 0.291742
3069 0.218331
3070 0.623527
3071 0.816417
3072 0.213439
3073 0.104377
3074 0.130971
3075 0.237693
3076 0.727503
3077 0.218973
3078 0.108012
3079 0.133871
3080 0.263564
3081 0.718865
3082 0.226818
3083 0.122698
3084 0.177225
3085 0.697618
3086 0.297867
3087 0.105514
3088 0.127784
3089 0.212796
3090 0.664730
3091 0.219905
3092 0.099482
3093 0.110777
3094 0.128305
3095 0.197573
3096 0.683410
3097 0.297439
3098 0.097446
3099 0.107470
3100 0.119450
3101 0.149206
3102 0.412832
3103 0.283060
3104 0.123745
3105 0.182960
3106 0.658336
3107 0.345470
3108 0.110516
3109 0.130286
3110 0.212760
3111 0.666688
3112 0.220379
3113 0.088505
3114 0.093659
3115 0.095923
3116 0.096759
3117 0.096554
3118 0.095466
3119 0.093658
3120 0.091377
3121 0.088931
3122 0.086592
3123 0.084507
3124 0.082707
3125 0.081151
3126 0.079785
3127 0.078561
3128 0.077443
3129 0.076408
3130 0.075438
3131 0.074524
3132 0.073656
3133 0.072827
3134 0.072034
3135 0.071272
3136 0.070538
3137 0.069830
3138 0.069145
3139 0.068481
3140 0.067838
3141 0.067213
3142 0.066606
3143 0.066015
3144 0.065439
3145 0.064879
3146 0.064332
3147 0.063798
3148 0.063277
3149 0.062767
3150 0.062269
3151 0.061782
3152 0.061306
3153 0.060839
3154 0.060382
3155 0.059935
3156 0.059496
3157 0.059066
3158 0.058644
3159 0.058230
3160 0.057823
3161 0.057425
3162 0.057033
3163 0.056649
3164 0.056271
3165 0.055900
3166 0.055535
3167 0.055176
3168 0.054823
3169 0.054476
3170 0.054135
3171 0.053799
3172 0.053469
3173 0.053144
3174 0.052824
3175 0.052509
3176 0.052198
3177 0.051893
3178 0.051592
3179 0.051295
3180 0.051003
3181 0.050715
3182 0.050431
3183 0.050151
3184 0.049875
3185 0.049603
3186 0.049335
3187 0.049070
3188 0.048809
3189 0.048552
3190 0.048298
3191 0.048047
3192 0.047800
3193 0.047556
3194 0.047315
3195 0.047077
3196 0.046843
3197 0.046611
3198 0.046382
3199 0.046156
3200 0.045933
3201 0.045713
3202 0.045495
3203 0.045280
3204 0.045067
3205 0.044857
3206 0.044650
3207 0.044445
3208 0.044242
3209 0.044042
3210 0.043844
3211 0.043648
3212 0.043455
3213 0.043264
3214 0.043074
3215 0.042887
3216 0.042703
3217 0.042520
3218 0.042339
3219 0.042160
3220 0.041983
3221 0.041808
3222 0.041635
3223 0.041464
3224 0.041294
3225 0.041126
3226 0.040960
3227 0.040796
3228 0.040634
3229 0.040473
3230 0.040313
3231 0.040156
3232 0.040000
3233 0.039845
3234 0.039693
3235 0.039541
3236 0.039391
3237 0.039243
3238 0.039096
3239 0.038950
3240 0.038806
3241 0.038664
3242 0.038522
3243 0.038382
3244 0.038244
3245 0.038106
3246 0.037970
3247 0.037835
3248 0.037702
3249 0.037569
3250 0.037438
3251 0.037308
3252 0.037180
3253 0.037052
3254 0.036926
3255 0.036801
3256 0.036676
3257 0.036553
3258 0.036431
3259 0.036311
3260 0.036191
3261 0.036072
3262 0.035954
3263 0.035838
3264 0.035722
3265 0.035607
3266 0.035493
3267 0.035381
3268 0.035269
3269 0.035158
3270 0.035048
3271 0.034939
3272 0.034831
3273 0.034724
3274 0.034617
3275 0.034512
3276 0.034407
3277 0.034303
3278 0.034200
3279 0.034098
3280 0.033997
3281 0.033897
3282 0.033797
3283 0.033698
3284 0.033600
3285 0.033503
3286 0.033406
3287 0.033310
3288 0.033215
3289 0.033121
3290 0.033027
3291 0.032935
3292 0.032842
3293 0.032751
3294 0.032660
3295 0.032570
3296 0.032481
3297 0.032392
3298 0.032304
3299 0.032217
3300 0.032130
3301 0.032044
3302 0.031958
3303 0.031873
3304 0.031789
3305 0.031706
3306 0.031623
3307 0.031540
3308 0.031458
3309 0.031377
3310 0.031297
3311 0.031216
3312 0.031137
3313 0.031058
3314 0.030980
3315 0.030902
3316 0.030825
3317 0.030748
3318 0.030672
3319 0.030596
3320 0.030521
3321 0.030446
3322 0.030372
3323 0.030298
3324 0.030225
3325 0.030153
3326 0.030080
3327 0.030009
3328 0.029938
3329 0.029867
3330 0.029797
3331 0.029727
3332 0.029658
3333 0.029589
3334 0.029520
3335 0.029453
3336 0.029385
3337 0.029318
3338 0.029251
3339 0.029185
3340 0.029119
3341 0.029054
3342 0.028989
3343 0.028925
3344 0.028861
3345 0.028797
3346 0.028734
3347 0.028671
3348 0.028608
3349 0.028546
3350 0.028485
3351 0.028423
3352 0.028362
3353 0.028302
3354 0.028242
3355 0.028182
3356 0.028122
3357 0.028063
3358 0.028005
3359 0.027946
3360 0.027888
3361 0.027831
3362 0.027773
3363 0.027716
3364 0.027660
3365 0.027603
3366 0.027547
3367 0.027492
3368 0.027437
3369 0.027382
3370 0.027327
3371 0.027273
3372 0.027219
3373 0.027165
3374 0.027112
3375 0.027059
3376 0.027006
3377 0.026953
3378 0.026901
3379 0.026850
3380 0.026798
3381 0.026747
3382 0.026696
3383 0.026645
3384 0.026595
3385 0.026545
3386 0.026495
3387 0.026445
3388 0.026396
3389 0.026347
3390 0.026298
3391 0.026250
3392 0.026202
3393 0.026154
3394 0.026106
3395 0.026059
3396 0.026012
3397 0.025965
3398 0.025918
3399 0.025872
3400 0.025826
3401 0.025780
3402 0.025734
3403 0.025689
3404 0.025644
3405 0.025599
3406 0.025554
3407 0.025510
3408 0.025466
3409 0.025422
3410 0.025378
3411 0.025335
3412 0.025292
3413 0.025249
3414 0.025206
3415 0.025163
3416 0.025121
3417 0.025079
3418 0.025037
3419 0.024995
3420 0.024954
3421 0.024913
3422 0.024872
3423 0.024831
3424 0.024790
3425 0.024750
3426 0.024709
3427 0.024669
3428 0.024630
3429 0.024590
3430 0.024551
3431 0.024511
3432 0.024472
3433 0.024434
3434 0.024395
3435 0.024356
3436 0.024318
3437 0.024280
3438 0.024242
3439 0.024205
3440 0.024167
3441 0.024130
3442 0.024093
3443 0.024056
3444 0.024019
3445 0.023982
3446 0.023946
3447 0.023910
3448 0.023874
3449 0.023838
3450 0.023802
3451 0.023766
3452 0.023731
3453 0.023696
3454 0.023661
3455 0.023626
3456 0.023591
3457 0.023557
3458 0.023522
3459 0.023488
3460 0.023454
3461 0.023420
3462 0.023386
3463 0.023353
3464 0.023319
3465 0.023286
3466 0.023253
3467 0.023220
3468 0.023187
3469 0.023154
3470 0.023122
3471 0.023089
3472 0.023057
3473 0.023025
3474 0.022993
3475 0.022961
3476 0.022930
3477 0.022898
3478 0.022867
3479 0.022835
3480 0.022804
3481 0.022773
3482 0.022742
3483 0.022712
3484 0.022681
3485 0.022651
3486 0.022620
3487 0.022590
3488 0.022560
3489 0.022530
3490 0.022501
3491 0.022471
3492 0.022442
3493 0.022412
3494 0.022383
3495 0.022354
3496 0.022325
3497 0.022296
3498 0.022267
3499 0.022239
3500 0.022210
3501 0.022182
3502 0.022153
3503 0.022125
3504 0.022097
3505 0.022069
3506 0.022041
3507 0.022014
3508 0.021986
3509 0.021959
3510 0.021931
3511 0.021904
3512 0.021877
3513 0.021850
3514 0.021823
3515 0.021796
3516 0.021770
3517 0.021743
3518 0.021717
3519 0.021690
3520 0.021664
3521 0.021638
3522 0.021612
3523 0.021586
3524 0.021560
3525 0.021535
3526 0.021509
3527 0.021484
3528 0.021458
3529 0.021433
3530 0.021408
3531 0.021383
3532 0.021358
3533 0.021333
3534 0.021308
3535 0.021283
3536 0.021259
3537 0.021234
3538 0.021210
3539 0.021185
3540 0.021161
3541 0.021137
3542 0.021113
3543 0.021089
3544 0.021065
3545 0.021041
3546 0.021018
3547 0.020994
3548 0.020971
3549 0.020947
3550 0.020924
3551 0.020901
3552 0.020878
3553 0.020855
3554 0.020832
3555 0.020809
3556 0.020786
3557 0.020763
3558 0.020741
3559 0.020718
3560 0.020696
3561 0.020673
3562 0.020651
3563 0.020629
3564 0.020607
3565 0.020585
3566 0.020563
3567 0.020541
3568 0.020519
3569 0.020497
3570 0.020476
3571 0.020454
3572 0.020433
3573 0.020411
3574 0.020390
3575 0.020369
3576 0.020348
3577 0.020327
3578 0.020306
3579 0.020285
3580 0.020264
3581 0.020243
3582 0.020222
3583 0.020202
3584 0.020181
3585 0.020161
3586 0.020140
3587 0.020120
3588 0.020100
3589 0.020079
3590 0.020059
3591 0.020039
3592 0.020019
3593 0.019999
3594 0.019979
3595 0.019960
3596 0.019940
3597 0.019920
3598 0.019901
3599 0.019881
3600 0.019862
3601 0.019842
3602 0.019823
3603 0.019804
3604 0.019784
3605 0.019765
3606 0.019746
3607 0.019727
3608 0.019708
3609 0.019689
3610 0.019671
3611 0.019652
3612 0.019633
3613 0.019615
3614 0.019596
3615 0.019578
3616 0.019559
3617 0.019541
3618 0.019522
3619 0.019504
3620 0.019486
3621 0.019468
3622 0.019450
3623 0.019432
3624 0.019414
3625 0.019396
3626 0.019378
3627 0.019360
3628 0.019343
3629 0.019325
3630 0.019307
3631 0.019290
3632 0.019272
3633 0.019255
3634 0.019237
3635 0.019220
3636 0.019203
3637 0.019186
3638 0.019168
3639 0.019151
3640 0.019134
3641 0.019117
3642 0.019100
3643 0.019083
3644 0.019067
3645 0.019050
3646 0.019033
3647 0.019016
3648 0.019000
3649 0.018983
3650 0.018967
3651 0.018950
3652 0.018934
3653 0.018917
3654 0.018901
3655 0.018885
3656 0.018868
3657 0.018852
3658 0.018836
3659 0.018820
3660 0.018804
3661 0.018788
3662 0.018772
3663 0.018756
3664 0.018740
3665 0.018724
3666 0.018709
3667 0.018693
3668 0.018677
3669 0.018662
3670 0.018646
3671 0.018631
3672 0.018615
3673 0.018600
3674 0.018584
3675 0.018569
3676 0.018554
3677 0.018538
3678 0.018523
3679 0.018508
3680 0.018493
3681 0.018478
3682 0.018463
3683 0.018448
3684 0.018433
3685 0.018418
3686 0.018403
3687 0.018388
3688 0.018374
3689 0.018359
3690 0.018344
3691 0.018329
3692 0.018315
3693 0.018300
3694 0.018286
3695 0.018271
3696 0.018257
3697 0.018242
3698 0.018228
3699 0.018214
3700 0.018199
3701 0.018185
3702 0.018171
3703 0.018157
3704 0.018143
3705 0.018129
3706 0.018115
3707 0.018101
3708 0.018087
3709 0.018073
3710 0.018059
3711 0.018045
3712 0.018031
3713 0.018017
3714 0.018003
3715 0.017990
3716 0.017976
3717 0.017962
3718 0.017949
3719 0.017935
3720 0.017922
3721 0.017908
3722 0.017895
3723 0.017881
3724 0.017868
3725 0.017855
3726 0.017841
3727 0.017828
3728 0.017815
3729 0.017802
3730 0.017788
3731 0.017775
3732 0.017762
3733 0.017749
3734 0.017736
3735 0.017723
3736 0.017710
3737 0.017697
3738 0.017684
3739 0.017671
3740 0.017658
3741 0.017646
3742 0.017633
3743 0.017620
3744 0.017607
3745 0.017595
3746 0.017582
3747 0.017569
3748 0.017557
3749 0.017544
3750 0.017532
3751 0.017519
3752 0.017507
3753 0.017494
3754 0.017482
3755 0.017470
3756 0.017457
3757 0.017445
3758 0.017433
3759 0.017420
3760 0.017408
3761 0.017396
3762 0.017384
3763 0.017372
3764 0.017360
3765 0.017348
3766 0.017336
3767 0.017323
3768 0.017312
3769 0.017300
3770 0.017288
3771 0.017276
3772 0.017264
3773 0.017252
3774 0.017240
3775 0.017228
3776 0.017217
3777 0.017205
3778 0.017193
3779 0.017182
3780 0.017170
3781 0.017158
3782 0.017147
3783 0.017135
3784 0.017124
3785 0.017112
3786 0.017101
3787 0.017089
3788 0.017078
3789 0.017066
3790 0.017055
3791 0.017044
3792 0.017032
3793 0.017021
3794 0.017010
3795 0.016998
3796 0.016987
3797 0.016976
3798 0.016965
3799 0.016954
3800 0.016943
3801 0.016931
3802 0.016920
3803 0.016909
3804 0.016898
3805 0.016887
3806 0.016876
3807 0.016865
3808 0.016855
3809 0.016844
3810 0.016833
3811 0.016822
3812 0.016811
3813 0.016800
3814 0.016789
3815 0.016779
3816 0.016768
3817 0.016757
3818 0.016747
3819 0.016736
3820 0.016725
3821 0.016715
3822 0.016704
3823 0.016694
3824 0.016683
3825 0.016672
3826 0.016662
3827 0.016651
3828 0.016641
3829 0.016631
3830 0.016620
3831 0.016610
3832 0.016599
3833 0.016589
3834 0.016579
3835 0.016568
3836 0.016558
3837 0.016548
3838 0.016538
3839 0.016527
3840 0.016517
3841 0.016507
3842 0.016497
3843 0.016487
3844 0.016477
3845 0.016467
3846 0.016456
3847 0.016446
3848 0.016436
3849 0.016426
3850 0.016416
3851 0.016406
3852 0.016397
3853 0.016387
3854 0.016377
3855 0.016367
3856 0.016357
3857 0.016347
3858 0.016337
3859 0.016327
3860 0.016318
3861 0.016308
3862 0.016298
3863 0.016288
3864 0.016279
3865 0.016269
3866 0.016259
3867 0.016250
3868 0.016240
3869 0.016230
3870 0.016221
3871 0.016211
3872 0.016202
3873 0.016192
3874 0.016183
3875 0.016173
3876 0.016164
3877 0.016154
3878 0.016145
3879 0.016135
3880 0.016126
3881 0.016117
3882 0.016107
3883 0.016098
3884 0.016088
3885 0.016079
3886 0.016070
3887 0.016061
3888 0.016051
3889 0.016042
3890 0.016033
3891 0.016024
3892 0.016014
3893 0.016005
3894 0.015996
3895 0.015987
3896 0.015978
3897 0.015969
3898 0.015960
3899 0.015951
3900 0.015941
3901 0.015932
3902 0.015923
3903 0.015914
3904 0.015905
3905 0.015896
3906 0.015887
3907 0.015878
3908 0.015870
3909 0.015861
3910 0.015852
3911 0.015843
3912 0.015834
3913 0.015825
3914 0.015816
3915 0.015808
3916 0.015799
3917 0.015790
3918 0.015781
3919 0.015772
3920 0.015764
3921 0.015755
3922 0.015746
3923 0.015738
3924 0.015729
3925 0.015720
3926 0.015712
3927 0.015703
3928 0.015694
3929 0.015686
3930 0.015677
3931 0.015669
3932 0.015660
3933 0.015652
3934 0.015643
3935 0.015634
3936 0.015626
3937 0.015618
3938 0.015609
3939 0.015601
3940 0.015592
3941 0.015584
3942 0.015575
3943 0.015567
3944 0.015559
3945 0.015550
3946 0.015542
3947 0.015534
3948 0.015525
3949 0.015517
3950 0.015509
3951 0.015500
3952 0.015492
3953 0.015484
3954 0.015476
3955 0.015467
3956 0.015459
3957 0.015451
3958 0.015443
3959 0.015435
3960 0.015426
3961 0.015418
3962 0.015410
3963 0.015402
3964 0.015394
3965 0.015386
3966 0.015378
3967 0.015370
3968 0.015362
3969 0.015354
3970 0.015346
3971 0.015338
3972 0.015330
3973 0.015322
3974 0.015314
3975 0.015306
3976 0.015298
3977 0.015290
3978 0.015282
3979 0.015274
3980 0.015266
3981 0.015258
3982 0.015250
3983 0.015243
3984 0.015235
3985 0.015227
3986 0.015219
3987 0.015211
3988 0.015204
3989 0.015196
3990 0.015188
3991 0.015180
3992 0.015172
3993 0.015165
3994 0.015157
3995 0.015149
3996 0.015142
3997 0.015134
3998 0.015126
3999 0.015119
4000 0.015111
4001 0.015103
4002 0.015096
4003 0.015088
4004 0.015081
4005 0.015073
4006 0.015065
4007 0.015058
4008 0.015050
4009 0.015043
4010 0.015035
4011 0.015028
4012 0.015020
4013 0.015013
4014 0.015005
4015 0.014998
4016 0.014990
4017 0.014983
4018 0.014975
4019 0.014968
4020 0.014960
4021 0.014953
4022 0.014946
4023 0.014938
4024 0.014931
4025 0.014924
4026 0.014916
4027 0.014909
4028 0.014902
4029 0.014894
4030 0.014887
4031 0.014880
4032 0.014872
4033 0.014865
4034 0.014858
4035 0.014851
4036 0.014843
4037 0.014836
4038 0.014829
4039 0.014822
4040 0.014814
4041 0.014807
4042 0.014800
4043 0.014793
4044 0.014786
4045 0.014779
4046 0.014771
4047 0.014764
4048 0.014757
4049 0.014750
4050 0.014743
4051 0.014736
4052 0.014729
4053 0.014722
4054 0.014715
4055 0.014708
4056 0.014701
4057 0.014694
4058 0.014687
4059 0.014680
4060 0.014673
4061 0.014666
4062 0.014659
4063 0.014652
4064 0.014645
4065 0.014638
4066 0.014631
4067 0.014624
4068 0.014617
4069 0.014610
4070 0.014603
4071 0.014596
4072 0.014589
4073 0.014582
4074 0.014576
4075 0.014569
4076 0.014562
4077 0.014555
4078 0.014548
4079 0.014541
4080 0.014535
4081 0.014528
4082 0.014521
4083 0.014514
4084 0.014508
4085 0.014501
4086 0.014494
4087 0.014487
4088 0.014481
4089 0.014474
4090 0.014467
4091 0.014460
4092 0.014454
4093 0.014447
4094 0.014440
4095 0.014434
4096 0.014427
4097 0.014420
4098 0.014414
4099 0.014407
4100 0.014400
4101 0.014394
4102 0.014387
4103 0.014381
4104 0.014374
4105 0.014367
4106 0.014361
4107 0.014354
4108 0.014348
4109 0.014341
4110 0.014335
4111 0.014328
4112 0.014322
4113 0.014315
4114 0.014309
4115 0.014302
4116 0.014296
4117 0.014289
4118 0.014283
4119 0.014276
4120 0.014270
4121 0.014263
4122 0.014257
4123 0.014250
4124 0.014244
4125 0.014238
4126 0.014231
4127 0.014225
4128 0.014218
4129 0.014212
4130 0.014206
4131 0.014199
4132 0.014193
4133 0.014186
4134 0.014180
4135 0.014174
4136 0.014167
4137 0.014161
4138 0.014155
4139 0.014149
4140 0.014142
4141 0.014136
4142 0.014130
4143 0.014123
4144 0.014117
4145 0.014111
4146 0.014105
4147 0.014098
4148 0.014092
4149 0.014086
4150 0.014080
4151 0.014073
4152 0.014067
4153 0.014061
4154 0.014055
4155 0.014049
4156 0.014043
4157 0.014036
4158 0.014030
4159 0.014024
4160 0.014018
4161 0.014012
4162 0.014006
4163 0.014000
4164 0.013993
4165 0.013987
4166 0.013981
4167 0.013975
4168 0.013969
4169 0.013963
4170 0.013957
4171 0.013951
4172 0.013945
4173 0.013939
4174 0.013933
4175 0.013927
4176 0.013921
4177 0.013915
4178 0.013909
4179 0.013903
4180 0.013897
4181 0.013891
4182 0.013885
4183 0.013879
4184 0.013873
4185 0.013867
4186 0.013861
4187 0.013855
4188 0.013849
4189 0.013843
4190 0.013837
4191 0.013831
4192 0.013825
4193 0.013819
4194 0.013813
4195 0.013807
4196 0.013802
4197 0.013796
4198 0.013790
4199 0.013784
4200 0.013778
4201 0.013772
4202 0.013766
4203 0.013761
4204 0.013755
4205 0.013749
4206 0.013743
4207 0.013737
4208 0.013731
4209 0.013726
4210 0.013720
4211 0.013714
4212 0.013708
4213 0.013702
4214 0.013697
4215 0.013691
4216 0.013685
4217 0.013679
4218 0.013674
4219 0.013668
4220 0.013662
4221 0.013657
4222 0.013651
4223 0.013645
4224 0.013639
4225 0.013634
4226 0.013628
4227 0.013622
4228 0.013617
4229 0.013611
4230 0.013605
4231 0.013600
4232 0.013594
4233 0.013588
4234 0.013583
4235 0.013577
4236 0.013571
4237 0.013566
4238 0.013560
4239 0.013555
4240 0.013549
4241 0.013543
4242 0.013538
4243 0.013532
4244 0.013527
4245 0.013521
4246 0.013515
4247 0.013510
4248 0.013504
4249 0.013499
4250 0.013493
4251 0.013488
4252 0.013482
4253 0.013477
4254 0.013471
4255 0.013466
4256 0.013460
4257 0.013455
4258 0.013449
4259 0.013444
4260 0.013438
4261 0.013433
4262 0.013427
4263 0.013422
4264 0.013416
4265 0.013411
4266 0.013405
4267 0.013400
4268 0.013394
4269 0.013389
4270 0.013384
4271 0.013378
4272 0.013373
4273 0.013367
4274 0.013362
4275 0.013357
4276 0.013351
4277 0.013346
4278 0.013340
4279 0.013335
4280 0.013330
4281 0.013324
4282 0.013319
4283 0.013314
4284 0.013308
4285 0.013303
4286 0.013298
4287 0.013292
4288 0.013287
4289 0.013282
4290 0.013276
4291 0.013271
4292 0.013266
4293 0.013260
4294 0.013255
4295 0.013250
4296 0.013244
4297 0.013239
4298 0.013234
4299 0.013229
4300 0.013223
4301 0.013218
4302 0.013213
4303 0.013208
4304 0.013202
4305 0.013197
4306 0.013192
4307 0.013187
4308 0.013181
4309 0.013176
4310 0.013171
4311 0.013166
4312 0.013161
4313 0.013155
4314 0.013150
4315 0.013145
4316 0.013140
4317 0.013135
4318 0.013130
4319 0.013124
4320 0.013119
4321 0.013114
4322 0.013109
4323 0.013104
4324 0.013099
4325 0.013094
4326 0.013088
4327 0.013083
4328 0.013078
4329 0.013073
4330 0.013068
4331 0.013063
4332 0.013058
4333 0.013053
4334 0.013048
4335 0.013042
4336 0.013037
4337 0.013032
4338 0.013027
4339 0.013022
4340 0.013017
4341 0.013012
4342 0.013007
4343 0.013002
4344 0.012997
4345 0.012992
4346 0.012987
4347 0.012982
4348 0.012977
4349 0.012972
4350 0.012967
4351 0.012962
4352 0.012957
4353 0.012952
4354 0.012947
4355 0.012942
4356 0.012937
4357 0.012932
4358 0.012927
4359 0.012922
4360 0.012917
4361 0.012912
4362 0.012907
4363 0.012902
4364 0.012897
4365 0.012892
4366 0.012887
4367 0.012882
4368 0.012878
4369 0.012873
4370 0.012868
4371 0.012863
4372 0.012858
4373 0.012853
4374 0.012848
4375 0.012843
4376 0.012838
4377 0.012833
4378 0.012829
4379 0.012824
4380 0.012819
4381 0.012814
4382 0.012809
4383 0.012804
4384 0.012799
4385 0.012795
4386 0.012790
4387 0.012785
4388 0.012780
4389 0.012775
4390 0.012770
4391 0.012766
4392 0.012761
4393 0.012756
4394 0.012751
4395 0.012746
4396 0.012742
4397 0.012737
4398 0.012732
4399 0.012727
4400 0.012722
4401 0.012718
4402 0.012713
4403 0.012708
4404 0.012703
4405 0.012699
4406 0.012694
4407 0.012689
4408 0.012684
4409 0.012680
4410 0.012675
4411 0.012670
4412 0.012665
4413 0.012661
4414 0.012656
4415 0.012651
4416 0.012647
4417 0.012642
4418 0.012637
4419 0.012632
4420 0.012628
4421 0.012623
4422 0.012618
4423 0.012614
4424 0.012609
4425 0.012604
4426 0.012600
4427 0.012595
4428 0.012590
4429 0.012586
4430 0.012581
4431 0.012576
4432 0.012572
4433 0.012567
4434 0.012563
4435 0.012558
4436 0.012553
4437 0.012549
4438 0.012544
4439 0.012539
4440 0.012535
4441 0.012530
4442 0.012526
4443 0.012521
4444 0.012516
4445 0.012512
4446 0.012507
4447 0.012503
4448 0.012498
4449 0.012493
4450 0.012489
4451 0.012484
4452 0.012480
4453 0.012475
4454 0.012471
4455 0.012466
4456 0.012462
4457 0.012457
4458 0.012453
4459 0.012448
4460 0.012443
4461 0.012439
4462 0.012434
4463 0.012430
4464 0.012425
4465 0.012421
4466 0.012416
4467 0.012412
4468 0.012407
4469 0.012403
4470 0.012398
4471 0.012394
4472 0.012389
4473 0.012385
4474 0.012380
4475 0.012376
4476 0.012372
4477 0.012367
4478 0.012363
4479 0.012358
4480 0.012354
4481 0.012349
4482 0.012345
4483 0.012340
4484 0.012336
4485 0.012331
4486 0.012327
4487 0.012323
4488 0.012318
4489 0.012314
4490 0.012309
4491 0.012305
4492 0.012301
4493 0.012296
4494 0.012292
4495 0.012287
4496 0.012283
4497 0.012279
4498 0.012274
4499 0.012270
4500 0.012265
4501 0.012261
4502 0.012257
4503 0.012252
4504 0.012248
4505 0.012244
4506 0.012239
4507 0.012235
4508 0.012231
4509 0.012226
4510 0.012222
4511 0.012218
4512 0.012213
4513 0.012209
4514 0.012205
4515 0.012200
4516 0.012196
4517 0.012192
4518 0.012187
4519 0.012183
4520 0.012179
4521 0.012174
4522 0.012170
4523 0.012166
4524 0.012161
4525 0.012157
4526 0.012153
4527 0.012149
4528 0.012144
4529 0.012140
4530 0.012136
4531 0.012132
4532 0.012127
4533 0.012123
4534 0.012119
4535 0.012114
4536 0.012110
4537 0.012106
4538 0.012102
4539 0.012098
4540 0.012093
4541 0.012089
4542 0.012085
4543 0.012081
4544 0.012076
4545 0.012072
4546 0.012068
4547 0.012064
4548 0.012060
4549 0.012055
4550 0.012051
4551 0.012047
4552 0.012043
4553 0.012039
4554 0.012034
4555 0.012030
4556 0.012026
4557 0.012022
4558 0.012018
4559 0.012013
4560 0.012009
4561 0.012005
4562 0.012001
4563 0.011997
4564 0.011993
4565 0.011989
4566 0.011984
4567 0.011980
4568 0.011976
4569 0.011972
4570 0.011968
4571 0.011964
4572 0.011960
4573 0.011955
4574 0.011951
4575 0.011947
4576 0.011943
4577 0.011939
4578 0.011935
4579 0.011931
4580 0.011927
4581 0.011923
4582 0.011918
4583 0.011914
4584 0.011910
4585 0.011906
4586 0.011902
4587 0.011898
4588 0.011894
4589 0.011890
4590 0.011886
4591 0.011882
4592 0.011878
4593 0.011874
4594 0.011870
4595 0.011865
4596 0.011861
4597 0.011857
4598 0.011853
4599 0.011849
4600 0.011845
4601 0.011841
4602 0.011837
4603 0.011833
4604 0.011829
4605 0.011825
4606 0.011821
4607 0.011817
4608 0.011813
4609 0.011809
4610 0.011805
4611 0.011801
4612 0.011797
4613 0.011793
4614 0.011789
4615 0.011785
4616 0.011781
4617 0.011777
4618 0.011773
4619 0.011769
4620 0.011765
4621 0.011761
4622 0.011757
4623 0.011753
4624 0.011749
4625 0.011745
4626 0.011741
4627 0.011737
4628 0.011733
4629 0.011730
4630 0.011726
4631 0.011722
4632 0.011718
4633 0.011714
4634 0.011710
4635 0.011706
4636 0.011702
4637 0.011698
4638 0.011694
4639 0.011690
4640 0.011686
4641 0.011682
4642 0.011678
4643 0.011675
4644 0.011671
4645 0.011667
4646 0.011663
4647 0.011659
4648 0.011655
4649 0.011651
4650 0.011647
4651 0.011643
4652 0.011640
4653 0.011636
4654 0.011632
4655 0.011628
4656 0.011624
4657 0.011620
4658 0.011616
4659 0.011612
4660 0.011609
4661 0.011605
4662 0.011601
4663 0.011597
4664 0.011593
4665 0.011589
4666 0.011586
4667 0.011582
4668 0.011578
4669 0.011574
4670 0.011570
4671 0.011566
4672 0.011563
4673 0.011559
4674 0.011555
4675 0.011551
4676 0.011547
4677 0.011543
4678 0.011540
4679 0.011536
4680 0.011532
4681 0.011528
4682 0.011524
4683 0.011521
4684 0.011517
4685 0.011513
4686 0.011509
4687 0.011506
4688 0.011502
4689 0.011498
4690 0.011494
4691 0.011490
4692 0.011487
4693 0.011483
4694 0.011479
4695 0.011475
4696 0.011472
4697 0.011468
4698 0.011464
4699 0.011460
4700 0.011457
4701 0.011453
4702 0.011449
4703 0.011445
4704 0.011442
4705 0.011438
4706 0.011434
4707 0.011430
4708 0.011427
4709 0.011423
4710 0.011419
4711 0.011416
4712 0.011412
4713 0.011408
4714 0.011404
4715 0.011401
4716 0.011397
4717 0.011393
4718 0.011390
4719 0.011386
4720 0.011382
4721 0.011379
4722 0.011375
4723 0.011371
4724 0.011368
4725 0.011364
4726 0.011360
4727 0.011357
4728 0.011353
4729 0.011349
4730 0.011346
4731 0.011342
4732 0.011338
4733 0.011335
4734 0.011331
4735 0.011327
4736 0.011324
4737 0.011320
4738 0.011316
4739 0.011313
4740 0.011309
4741 0.011305
4742 0.011302
4743 0.011298
4744 0.011295
4745 0.011291
4746 0.011287
4747 0.011284
4748 0.011280
4749 0.011276
4750 0.011273
4751 0.011269
4752 0.011266
4753 0.011262
4754 0.011258
4755 0.011255
4756 0.011251
4757 0.011248
4758 0.011244
4759 0.011240
4760 0.011237
4761 0.011233
4762 0.011230
4763 0.011226
4764 0.011222
4765 0.011219
4766 0.011215
4767 0.011212
4768 0.011208
4769 0.011205
4770 0.011201
4771 0.011198
4772 0.011194
4773 0.011190
4774 0.011187
4775 0.011183
4776 0.011180
4777 0.011176
4778 0.011173
4779 0.011169
4780 0.011166
4781 0.011162
4782 0.011159
4783 0.011155
4784 0.011151
4785 0.011148
4786 0.011144
4787 0.011141
4788 0.011137
4789 0.011134
4790 0.011130
4791 0.011127
4792 0.011123
4793 0.011120
4794 0.011116
4795 0.011113
4796 0.011109
4797 0.011106
4798 0.011102
4799 0.011099
4800 0.011095
4801 0.011092
4802 0.011088
4803 0.011085
4804 0.011081
4805 0.011078
4806 0.011074
4807 0.011071
4808 0.011068
4809 0.011064
4810 0.011061
4811 0.011057
4812 0.011054
4813 0.011050
4814 0.011047
4815 0.011043
4816 0.011040
4817 0.011036
4818 0.011033
4819 0.011029
4820 0.011026
4821 0.011023
4822 0.011019
4823 0.011016
4824 0.011012
4825 0.011009
4826 0.011005
4827 0.011002
4828 0.010999
4829 0.010995
4830 0.010992
4831 0.010988
4832 0.010985
4833 0.010982
4834 0.010978
4835 0.010975
4836 0.010971
4837 0.010968
4838 0.010965
4839 0.010961
4840 0.010958
4841 0.010954
4842 0.010951
4843 0.010948
4844 0.010944
4845 0.010941
4846 0.010937
4847 0.010934
4848 0.010931
4849 0.010927
4850 0.010924
4851 0.010921
4852 0.010917
4853 0.010914
4854 0.010910
4855 0.010907
4856 0.010904
4857 0.010900
4858 0.010897
4859 0.010894
4860 0.010890
4861 0.010887
4862 0.010884
4863 0.010880
4864 0.010877
4865 0.010874
4866 0.010870
4867 0.010867
4868 0.010864
4869 0.010860
4870 0.010857
4871 0.010854
4872 0.010850
4873 0.010847
4874 0.010844
4875 0.010840
4876 0.010837
4877 0.010834
4878 0.010830
4879 0.010827
4880 0.010824
4881 0.010820
4882 0.010817
4883 0.010814
4884 0.010811
4885 0.010807
4886 0.010804
4887 0.010801
4888 0.010797
4889 0.010794
4890 0.010791
4891 0.010788
4892 0.010784
4893 0.010781
4894 0.010778
4895 0.010774
4896 0.010771
4897 0.010768
4898 0.010765
4899 0.010761
4900 0.010758
4901 0.010755
4902 0.010752
4903 0.010748
4904 0.010745
4905 0.010742
4906 0.010739
4907 0.010735
4908 0.010732
4909 0.010729
4910 0.010726
4911 0.010722
4912 0.010719
4913 0.010716
4914 0.010713
4915 0.010709
4916 0.010706
4917 0.010703
4918 0.010700
4919 0.010697
4920 0.010693
4921 0.010690
4922 0.010687
4923 0.010684
4924 0.010680
4925 0.010677
4926 0.010674
4927 0.010671
4928 0.010668
4929 0.010664
4930 0.010661
4931 0.010658
4932 0.010655
4933 0.010652
4934 0.010648
4935 0.010645
4936 0.010642
4937 0.010639
4938 0.010636
4939 0.010632
4940 0.010629
4941 0.010626
4942 0.010623
4943 0.010620
4944 0.010617
4945 0.010613
4946 0.010610
4947 0.010607
4948 0.010604
4949 0.010601
4950 0.010598
4951 0.010594
4952 0.010591
4953 0.010588
4954 0.010585
4955 0.010582
4956 0.010579
4957 0.010576
4958 0.010572
4959 0.010569
4960 0.010566
4961 0.010563
4962 0.010560
4963 0.010557
4964 0.010554
4965 0.010550
4966 0.010547
4967 0.010544
4968 0.010541
4969 0.010538
4970 0.010535
4971 0.010532
4972 0.010529
4973 0.010526
4974 0.010522
4975 0.010519
4976 0.010516
4977 0.010513
4978 0.010510
4979 0.010507
4980 0.010504
4981 0.010501
4982 0.010498
4983 0.010495
4984 0.010491
4985 0.010488
4986 0.010485
4987 0.010482
4988 0.010479
4989 0.010476
4990 0.010473
4991 0.010470
4992 0.010467
4993 0.010464
4994 0.010461
4995 0.010458
4996 0.010454
4997 0.010451
4998 0.010448
4999 0.010445
