0 38.053412
1 38.238669
2 38.922955
3 39.187069
4 39.354911
5 39.498426
6 39.626246
7 39.721468
8 39.734849
9 39.588565
10 39.154513
11 38.350316
12 37.253053
13 35.850260
14 34.189903
15 32.405291
16 30.549322
17 28.699803
18 26.946006
19 25.325732
20 23.814902
21 22.367261
22 20.944998
23 19.537213
24 18.162064
25 16.835621
26 15.562787
27 14.355375
28 13.230034
29 12.199180
30 11.267204
31 10.430731
32 9.681082
33 9.007110
34 8.397224
35 7.840555
36 7.327883
37 6.852572
38 6.410853
39 6.000977
40 5.622072
41 5.273357
42 4.953447
43 4.659967
44 4.390103
45 4.141579
46 3.912947
47 3.703195
48 3.511305
49 3.336083
50 3.176199
51 3.030328
52 2.897243
53 2.775859
54 2.665224
55 2.564488
56 2.472871
57 2.389636
58 2.314075
59 2.245503
60 2.183259
61 2.126707
62 2.075244
63 2.028306
64 1.985375
65 1.945979
66 1.909697
67 1.876157
68 1.845033
69 1.816042
70 1.788940
71 1.763518
72 1.739598
73 1.717026
74 1.695673
75 1.675428
76 1.656196
77 1.637896
78 1.620458
79 1.603823
80 1.587938
81 1.572756
82 1.558239
83 1.544348
84 1.531051
85 1.518319
86 1.506123
87 1.494437
88 1.483236
89 1.472499
90 1.462201
91 1.452322
92 1.442841
93 1.433739
94 1.424996
95 1.416593
96 1.408513
97 1.400739
98 1.393254
99 1.386041
100 1.379087
101 1.372376
102 1.365894
103 1.359628
104 1.353567
105 1.347698
106 1.342011
107 1.336495
108 1.331142
109 1.325942
110 1.320887
111 1.315971
112 1.311187
113 1.306529
114 1.301991
115 1.297568
116 1.293257
117 1.289054
118 1.284954
119 1.280955
120 1.277054
121 1.273248
122 1.269535
123 1.265912
124 1.262376
125 1.258926
126 1.255559
127 1.252271
128 1.249061
129 1.245925
130 1.242860
131 1.239862
132 1.236927
133 1.234051
134 1.231229
135 1.228457
136 1.225730
137 1.223041
138 1.220386
139 1.217758
140 1.215151
141 1.212558
142 1.209974
143 1.207392
144 1.204805
145 1.202205
146 1.199588
147 1.196946
148 1.194272
149 1.191560
150 1.188805
151 1.186000
152 1.183141
153 1.180222
154 1.177238
155 1.174186
156 1.171062
157 1.167863
158 1.164588
159 1.161234
160 1.157802
161 1.154291
162 1.150702
163 1.147037
164 1.143300
165 1.139492
166 1.135619
167 1.131686
168 1.127698
169 1.123663
170 1.119587
171 1.115479
172 1.111347
173 1.107199
174 1.103046
175 1.098895
176 1.094759
177 1.090645
178 1.086564
179 1.082526
180 1.078540
181 1.074616
182 1.070762
183 1.066988
184 1.063300
185 1.059707
186 1.056215
187 1.052830
188 1.049559
189 1.046407
190 1.043377
191 1.040473
192 1.037698
193 1.035056
194 1.032547
195 1.030174
196 1.027937
197 1.025837
198 1.023874
199 1.022048
200 1.020358
201 1.018804
202 1.017384
203 1.016098
204 1.014944
205 1.013919
206 1.013024
207 1.012255
208 1.011611
209 1.011090
210 1.010690
211 1.010409
212 1.010244
213 1.010194
214 1.010256
215 1.010428
216 1.010708
217 1.011092
218 1.011580
219 1.012169
220 1.012856
221 1.013639
222 1.014516
223 1.015484
224 1.016542
225 1.017685
226 1.018914
227 1.020224
228 1.021613
229 1.023080
230 1.024622
231 1.026236
232 1.027921
233 1.029673
234 1.031491
235 1.033372
236 1.035314
237 1.037314
238 1.039371
239 1.041482
240 1.043645
241 1.045857
242 1.048116
243 1.050421
244 1.052768
245 1.055157
246 1.057584
247 1.060049
248 1.062548
249 1.065081
250 1.067646
251 1.070240
252 1.072864
253 1.075514
254 1.078192
255 1.080895
256 1.083622
257 1.086375
258 1.089151
259 1.091952
260 1.094778
261 1.097630
262 1.100509
263 1.103417
264 1.106355
265 1.109326
266 1.112333
267 1.115380
268 1.118471
269 1.121611
270 1.124805
271 1.128059
272 1.131381
273 1.134780
274 1.138264
275 1.141844
276 1.145532
277 1.149342
278 1.153290
279 1.157393
280 1.161672
281 1.166149
282 1.170852
283 1.175811
284 1.181060
285 1.186639
286 1.192594
287 1.198976
288 1.205845
289 1.213268
290 1.221324
291 1.230104
292 1.239721
293 1.250317
294 1.262076
295 1.275250
296 1.290188
297 1.307395
298 1.327607
299 1.351817
300 1.381071
301 1.415861
302 1.455398
303 1.497366
304 1.538520
305 1.576269
306 1.610117
307 1.640373
308 1.666677
309 1.688934
310 1.707758
311 1.723934
312 1.738071
313 1.750592
314 1.761795
315 1.771911
316 1.781121
317 1.789577
318 1.797401
319 1.804691
320 1.811529
321 1.817977
322 1.824091
323 1.829912
324 1.835477
325 1.840816
326 1.845952
327 1.850907
328 1.855697
329 1.860337
330 1.864838
331 1.869209
332 1.873459
333 1.877592
334 1.881612
335 1.885524
336 1.889328
337 1.893026
338 1.896618
339 1.900103
340 1.903481
341 1.906751
342 1.909910
343 1.912957
344 1.915892
345 1.918712
346 1.921418
347 1.924008
348 1.926482
349 1.928842
350 1.931088
351 1.933223
352 1.935249
353 1.937169
354 1.938985
355 1.940702
356 1.942322
357 1.943847
358 1.945281
359 1.946621
360 1.947867
361 1.949012
362 1.950049
363 1.950965
364 1.951740
365 1.952350
366 1.952763
367 1.952943
368 1.952843
369 1.952414
370 1.951602
371 1.950355
372 1.948629
373 1.946393
374 1.943644
375 1.940411
376 1.936763
377 1.932811
378 1.928691
379 1.924548
380 1.920503
381 1.916635
382 1.912969
383 1.909489
384 1.906158
385 1.902926
386 1.899740
387 1.896546
388 1.893288
389 1.889913
390 1.886374
391 1.882639
392 1.878704
393 1.874619
394 1.870507
395 1.866570
396 1.863036
397 1.860073
398 1.857704
399 1.855804
400 1.854184
401 1.852672
402 1.851153
403 1.849576
404 1.847935
405 1.846250
406 1.844546
407 1.842843
408 1.841148
409 1.839462
410 1.837782
411 1.836105
412 1.834431
413 1.832757
414 1.831084
415 1.829410
416 1.827735
417 1.826059
418 1.824379
419 1.822694
420 1.821002
421 1.819300
422 1.817586
423 1.815854
424 1.814099
425 1.812314
426 1.810490
427 1.808614
428 1.806671
429 1.804639
430 1.802489
431 1.800180
432 1.797652
433 1.794813
434 1.791508
435 1.787457
436 1.782064
437 1.773766
438 1.756908
439 1.702825
440 1.549682
441 1.709146
442 1.615840
443 1.549634
444 1.743333
445 1.868071
446 1.872099
447 1.855180
448 1.793285
449 1.808286
450 1.743626
451 1.646106
452 1.516127
453 1.793457
454 1.828144
455 1.734364
456 1.655279
457 1.515382
458 1.764443
459 1.848787
460 1.827115
461 1.701612
462 1.529368
463 1.578994
464 1.513731
465 1.692961
466 1.636204
467 1.506335
468 1.734622
469 1.715850
470 1.769552
471 1.806924
472 1.795793
473 1.808860
474 1.737126
475 1.596266
476 1.561581
477 1.551250
478 1.535490
479 1.526608
480 1.523842
481 1.521126
482 1.520334
483 1.517794
484 1.519954
485 1.515296
486 1.523770
487 1.513972
488 1.528617
489 1.519208
490 1.526939
491 1.525489
492 1.524762
493 1.521276
494 1.515312
495 1.506978
496 1.496387
497 1.483521
498 1.468206
499 1.450075
500 1.428210
501 1.399942
502 1.357545
503 1.284568
504 1.304074
505 1.380774
506 1.314571
507 1.262722
508 1.263126
509 1.273555
510 1.294840
511 1.274851
512 1.293782
513 1.276850
514 1.291947
515 1.280134
516 1.292410
517 1.284157
518 1.293078
519 1.288402
520 1.294480
521 1.292119
522 1.296119
523 1.295039
524 1.297778
525 1.297401
526 1.299463
527 1.299606
528 1.301280
529 1.302063
530 1.303327
531 1.305248
532 1.305637
533 1.309838
534 1.308216
535 1.316484
536 1.311388
537 1.324170
538 1.316758
539 1.329654
540 1.326840
541 1.335487
542 1.340143
543 1.346338
544 1.351772
545 1.356349
546 1.360451
547 1.364405
548 1.368412
549 1.372729
550 1.377942
551 1.386361
552 1.424506
553 1.477447
554 1.605142
555 1.413163
556 1.595843
557 1.617791
558 1.717161
559 1.637807
560 1.556681
561 1.669796
562 1.503573
563 1.508308
564 1.577019
565 1.697817
566 1.530164
567 1.636709
568 1.543389
569 1.702281
570 1.575222
571 1.752194
572 1.555670
573 1.796116
574 1.593206
575 1.886767
576 1.706278
577 1.871804
578 1.719446
579 1.835210
580 1.803280
581 1.769542
582 1.724827
583 1.719791
584 1.746843
585 1.825926
586 1.881388
587 1.749232
588 1.838105
589 1.832470
590 1.893117
591 1.918713
592 1.955411
593 2.077156
594 2.170698
595 2.170496
596 2.168457
597 2.172606
598 2.182308
599 2.198237
600 2.212790
601 2.224041
602 2.234120
603 2.242646
604 2.248946
605 2.252731
606 2.253963
607 2.252664
608 2.248825
609 2.242392
610 2.233414
611 2.223377
612 2.217667
613 2.212765
614 2.206633
615 2.196203
616 2.179376
617 2.221616
618 2.052185
619 2.194220
620 2.169717
621 2.113583
622 2.082353
623 2.077138
624 2.057491
625 2.049877
626 2.056045
627 2.053728
628 2.086027
629 2.147021
630 2.079003
631 2.119925
632 2.204464
633 1.993474
634 2.153209
635 2.109870
636 2.078591
637 2.078128
638 2.081869
639 2.083130
640 2.088506
641 2.089553
642 2.097990
643 2.098831
644 2.105485
645 2.106444
646 2.107303
647 2.111342
648 2.116030
649 2.130077
650 2.154767
651 2.182460
652 1.840963
653 2.162979
654 2.003549
655 2.147421
656 2.179954
657 1.790787
658 1.869602
659 1.877673
660 1.904016
661 2.254661
662 2.226241
663 2.236238
664 2.235056
665 2.234841
666 2.235320
667 2.236412
668 2.238056
669 2.240119
670 2.242342
671 2.244399
672 2.246076
673 2.247380
674 2.248418
675 2.249255
676 2.249933
677 2.250475
678 2.250898
679 2.251214
680 2.251431
681 2.251549
682 2.251580
683 2.251511
684 2.251364
685 2.251101
686 2.250767
687 2.250306
688 2.249782
689 2.249331
690 2.249641
691 2.248356
692 2.249259
693 2.249915
694 2.250410
695 2.250860
696 2.251232
697 2.251587
698 2.251887
699 2.252181
700 2.252418
701 2.252658
702 2.252817
703 2.252986
704 2.253036
705 2.253094
706 2.252986
707 2.252847
708 2.252507
709 2.252039
710 2.251344
711 2.250412
712 2.249197
713 2.247645
714 2.245654
715 2.242979
716 2.238949
717 2.230814
718 2.209826
719 2.259420
720 2.253208
721 2.251299
722 2.247231
723 2.241866
724 2.232142
725 2.175919
726 2.222755
727 2.231852
728 2.238663
729 2.249051
730 2.246107
731 2.239892
732 2.229614
733 2.192259
734 2.231650
735 2.214787
736 2.223563
737 2.209452
738 2.228649
739 2.210279
740 2.222915
741 2.205248
742 2.219791
743 2.204874
744 2.213983
745 2.206077
746 2.205953
747 2.201250
748 2.196063
749 2.190027
750 2.185029
751 2.185514
752 2.185766
753 2.185230
754 2.184824
755 2.184875
756 2.189220
757 2.203576
758 2.072274
759 2.082134
760 1.889992
761 1.882577
762 2.232502
763 2.100403
764 2.392428
765 2.311158
766 2.279376
767 2.304100
768 2.322585
769 2.342557
770 2.359406
771 2.380600
772 2.394122
773 2.391679
774 2.377784
775 2.352077
776 2.327713
777 2.328164
778 2.328577
779 2.328206
780 2.327051
781 2.325224
782 2.322862
783 2.320077
784 2.316983
785 2.313787
786 2.310882
787 2.308887
788 2.308551
789 2.310248
790 2.313240
791 2.316089
792 2.317317
793 2.314866
794 2.306249
795 2.289566
796 2.265983
797 2.245225
798 2.232026
799 2.211043
800 2.183548
801 1.967564
802 2.260093
803 2.226156
804 2.198733
805 2.060550
806 2.023072
807 2.294253
808 2.253624
809 2.216083
810 2.139926
811 1.993282
812 2.319149
813 2.283963
814 2.240391
815 2.207894
816 1.973826
817 2.295345
818 2.251711
819 2.219959
820 2.018740
821 2.281157
822 2.244204
823 2.133043
824 2.253323
825 2.206832
826 1.965411
827 2.333313
828 2.303240
829 2.267632
830 2.210493
831 1.978221
832 2.340384
833 2.314885
834 2.280109
835 2.197886
836 1.985397
837 2.355218
838 2.337452
839 2.308182
840 2.251573
841 1.993026
842 2.358835
843 2.340607
844 2.304281
845 2.161224
846 2.061993
847 2.376106
848 2.361579
849 2.339292
850 2.264164
851 2.032871
852 2.359377
853 2.324851
854 2.133972
855 2.138077
856 2.433745
857 2.341300
858 2.168663
859 2.425395
860 2.256366
861 2.366298
862 2.206516
863 2.097974
864 2.283965
865 2.212345
866 2.285331
867 2.346259
868 2.167480
869 2.492600
870 2.168503
871 2.489347
872 2.199327
873 2.171219
874 2.486941
875 2.147416
876 2.215091
877 2.217381
878 2.209111
879 2.433157
880 2.184007
881 2.427877
882 2.385108
883 2.217872
884 2.454172
885 2.191507
886 2.408836
887 2.203761
888 2.407072
889 2.417168
890 2.486452
891 2.194275
892 2.477184
893 2.137360
894 2.196023
895 2.194948
896 2.481598
897 2.198502
898 2.466160
899 2.203382
900 2.465115
901 2.235884
902 2.440761
903 2.349329
904 2.493544
905 2.404988
906 2.448445
907 2.437593
908 2.452787
909 2.465251
910 2.470585
911 2.472784
912 2.472949
913 2.471123
914 2.467384
915 2.461981
916 2.455220
917 2.447203
918 2.437942
919 2.427600
920 2.416446
921 2.403994
922 2.385459
923 2.357891
924 2.356185
925 2.356062
926 2.342269
927 2.286334
928 2.068437
929 2.342477
930 2.288247
931 2.070870
932 2.305589
933 2.117081
934 2.262913
935 2.089189
936 2.262172
937 2.090584
938 2.269936
939 2.086072
940 2.260666
941 2.094144
942 2.251974
943 2.098460
944 2.243993
945 2.099763
946 2.236051
947 2.099094
948 2.229561
949 2.098515
950 2.223968
951 2.230786
952 2.141548
953 2.232052
954 2.165373
955 2.115081
956 2.173201
957 2.122560
958 2.176634
959 2.133825
960 2.205912
961 2.194615
962 2.168720
963 2.227554
964 2.297368
965 2.295011
966 2.294862
967 2.301228
968 2.313097
969 2.293926
970 2.311333
971 2.300778
972 2.313402
973 2.242050
974 2.296018
975 2.315499
976 2.245017
977 2.303759
978 2.315514
979 2.287544
980 2.360495
981 2.313924
982 2.306094
983 2.308896
984 2.306369
985 2.310438
986 2.332271
987 2.336042
988 2.342554
989 2.354326
990 2.381068
991 2.384254
992 2.381038
993 2.381274
994 2.381426
995 2.383323
996 2.393579
997 2.450308
998 2.390980
999 2.461463
1000 2.405578
1001 2.455092
1002 2.382539
1003 2.383061
1004 2.386172
1005 2.458483
1006 2.385175
1007 2.465832
1008 2.385257
1009 2.464059
1010 2.384907
1011 2.444793
1012 2.403140
1013 3.010270
1014 1.753970
1015 1.889648
1016 2.461925
1017 2.362016
1018 2.262393
1019 2.391174
1020 2.390957
1021 2.312253
1022 2.469053
1023 2.297518
1024 2.472940
1025 2.329953
1026 2.471909
1027 2.318469
1028 2.477816
1029 2.422138
1030 2.438447
1031 2.319007
1032 2.470961
1033 2.478895
1034 2.430150
1035 2.481920
1036 2.509666
1037 2.302332
1038 2.464174
1039 2.398714
1040 2.376897
1041 2.377090
1042 2.402718
1043 2.400455
1044 2.404209
1045 2.397965
1046 3.603830
1047 3.589606
1048 2.500392
1049 1.676102
1050 1.650300
1051 1.652337
1052 1.682713
1053 1.774526
1054 2.487225
1055 2.402782
1056 2.507414
1057 2.476018
1058 2.468293
1059 2.446663
1060 2.427432
1061 2.399973
1062 2.371652
1063 2.358285
1064 2.362387
1065 2.367509
1066 2.372559
1067 2.378032
1068 2.386808
1069 2.402490
1070 2.414641
1071 2.419044
1072 2.401723
1073 2.491822
1074 2.515655
1075 2.540767
1076 2.414284
1077 3.503074
1078 1.696501
1079 1.583752
1080 1.606799
1081 1.628564
1082 1.695097
1083 1.906712
1084 2.625075
1085 2.592096
1086 2.559714
1087 2.627587
1088 2.391212
1089 2.496673
1090 2.563134
1091 2.502390
1092 2.474162
1093 2.433494
1094 2.414735
1095 2.418216
1096 2.422609
1097 2.426801
1098 2.423760
1099 2.561717
1100 2.426804
1101 2.552956
1102 2.431954
1103 2.538143
1104 2.398410
1105 2.441910
1106 2.578775
1107 2.395633
1108 2.445501
1109 3.978347
1110 1.590135
1111 1.711484
1112 1.650392
1113 1.577176
1114 1.895349
1115 2.604892
1116 2.443342
1117 2.427706
1118 2.427903
1119 2.406209
1120 2.558002
1121 2.528715
1122 2.576909
1123 2.450555
1124 2.590241
1125 2.436195
1126 2.580431
1127 2.403875
1128 2.508237
1129 2.411523
1130 2.443076
1131 2.613249
1132 2.426642
1133 2.440156
1134 2.505174
1135 2.275242
1136 1.658155
1137 2.578695
1138 2.429824
1139 2.494149
1140 2.429606
1141 2.457180
1142 2.425175
1143 2.445075
1144 1.570272
1145 2.548825
1146 2.726315
1147 2.546326
1148 4.179279
1149 1.673588
1150 1.544369
1151 2.168577
1152 1.693863
1153 2.441821
1154 2.925223
1155 2.517173
1156 2.496160
1157 2.632792
1158 2.444059
1159 2.334602
1160 2.963766
1161 1.705310
1162 2.430518
1163 2.456830
1164 2.829872
1165 2.568912
1166 2.544747
1167 2.605193
1168 2.519138
1169 1.746059
1170 2.622891
1171 2.547226
1172 1.700596
1173 2.554288
1174 1.731526
1175 2.489523
1176 1.582625
1177 2.636044
1178 1.687721
1179 2.592497
1180 1.675613
1181 2.622169
1182 1.657414
1183 2.566919
1184 1.672261
1185 2.549885
1186 1.766599
1187 2.628692
1188 4.852651
1189 4.505359
1190 2.638194
1191 4.683850
1192 2.560785
1193 1.769740
1194 2.614938
1195 1.857090
1196 4.287965
1197 1.879918
1198 2.000197
1199 2.675522
1200 2.039388
1201 2.622485
1202 2.762509
1203 2.036995
1204 1.971862
1205 2.020491
1206 4.421424
1207 2.529644
1208 2.646987
1209 2.010057
1210 2.701163
1211 3.096529
1212 4.585360
1213 2.796088
1214 2.045672
1215 2.267159
1216 3.928459
1217 2.622629
1218 2.522763
1219 4.127240
1220 3.025390
1221 2.772301
1222 2.200859
1223 2.169430
1224 2.149251
1225 2.133905
1226 2.120912
1227 2.109255
1228 2.098396
1229 2.087963
1230 2.077654
1231 2.067225
1232 2.056554
1233 2.045700
1234 2.034914
1235 2.024539
1236 2.014878
1237 2.006098
1238 1.998230
1239 1.991214
1240 1.984950
1241 1.979334
1242 1.974266
1243 1.969663
1244 1.965455
1245 1.961583
1246 1.957996
1247 1.954656
1248 1.951527
1249 1.948583
1250 1.945801
1251 1.943163
1252 1.940654
1253 1.938264
1254 1.935983
1255 1.933805
1256 1.931725
1257 1.929739
1258 1.927846
1259 1.926043
1260 1.924328
1261 1.922702
1262 1.921161
1263 1.919707
1264 1.918336
1265 1.917047
1266 1.915840
1267 1.914712
1268 1.913660
1269 1.912683
1270 1.911777
1271 1.910941
1272 1.910171
1273 1.909465
1274 1.908819
1275 1.908230
1276 1.907696
1277 1.907213
1278 1.906778
1279 1.906389
1280 1.906043
1281 1.905736
1282 1.905467
1283 1.905233
1284 1.905030
1285 1.904858
1286 1.904713
1287 1.904594
1288 1.904499
1289 1.904425
1290 1.904371
1291 1.904336
1292 1.904317
1293 1.904314
1294 1.904325
1295 1.904348
1296 1.904383
1297 1.904428
1298 1.904482
1299 1.904545
1300 1.904616
1301 1.904693
1302 1.904776
1303 1.904864
1304 1.904958
1305 1.905055
1306 1.905155
1307 1.905259
1308 1.905366
1309 1.905474
1310 1.905585
1311 1.905696
1312 1.905809
1313 1.905923
1314 1.906038
1315 1.906153
1316 1.906268
1317 1.906383
1318 1.906498
1319 1.906612
1320 1.906726
1321 1.906840
1322 1.906953
1323 1.907065
1324 1.907176
1325 1.907286
1326 1.907395
1327 1.907503
1328 1.907610
1329 1.907716
1330 1.907820
1331 1.907924
1332 1.908026
1333 1.908126
1334 1.908226
1335 1.908324
1336 1.908421
1337 1.908516
1338 1.908610
1339 1.908703
1340 1.908794
1341 1.908884
1342 1.908973
1343 1.909060
1344 1.909146
1345 1.909231
1346 1.909315
1347 1.909397
1348 1.909477
1349 1.909557
1350 1.909635
1351 1.909712
1352 1.909788
1353 1.909863
1354 1.909936
1355 1.910009
1356 1.910080
1357 1.910150
1358 1.910218
1359 1.910286
1360 1.910353
1361 1.910418
1362 1.910482
1363 1.910546
1364 1.910608
1365 1.910669
1366 1.910729
1367 1.910789
1368 1.910847
1369 1.910904
1370 1.910960
1371 1.911015
1372 1.911070
1373 1.911123
1374 1.911175
1375 1.911227
1376 1.911277
1377 1.911327
1378 1.911376
1379 1.911424
1380 1.911471
1381 1.911517
1382 1.911563
1383 1.911607
1384 1.911651
1385 1.911694
1386 1.911736
1387 1.911777
1388 1.911818
1389 1.911858
1390 1.911897
1391 1.911935
1392 1.911972
1393 1.912009
1394 1.912045
1395 1.912080
1396 1.912115
1397 1.912148
1398 1.912181
1399 1.912214
1400 1.912245
1401 1.912276
1402 1.912307
1403 1.912336
1404 1.912365
1405 1.912393
1406 1.912421
1407 1.912447
1408 1.912474
1409 1.912499
1410 1.912524
1411 1.912548
1412 1.912572
1413 1.912595
1414 1.912617
1415 1.912638
1416 1.912659
1417 1.912680
1418 1.912700
1419 1.912719
1420 1.912737
1421 1.912755
1422 1.912772
1423 1.912789
1424 1.912805
1425 1.912821
1426 1.912836
1427 1.912850
1428 1.912864
1429 1.912877
1430 1.912889
1431 1.912901
1432 1.912913
1433 1.912924
1434 1.912934
1435 1.912944
1436 1.912953
1437 1.912962
1438 1.912970
1439 1.912977
1440 1.912984
1441 1.912990
1442 1.912996
1443 1.913002
1444 1.913007
1445 1.913011
1446 1.913015
1447 1.913018
1448 1.913021
1449 1.913023
1450 1.913025
1451 1.913026
1452 1.913026
1453 1.913027
1454 1.913026
1455 1.913026
1456 1.913024
1457 1.913023
1458 1.913020
1459 1.913018
1460 1.913015
1461 1.913011
1462 1.913007
1463 1.913002
1464 1.912997
1465 1.912992
1466 1.912986
1467 1.912980
1468 1.912973
1469 1.912966
1470 1.912958
1471 1.912950
1472 1.912942
1473 1.912933
1474 1.912924
1475 1.912915
1476 1.912905
1477 1.912894
1478 1.912884
1479 1.912873
1480 1.912861
1481 1.912849
1482 1.912837
1483 1.912825
1484 1.912812
1485 1.912799
1486 1.912786
1487 1.912772
1488 1.912758
1489 1.912744
1490 1.912729
1491 1.912714
1492 1.912699
1493 1.912684
1494 1.912668
1495 1.912653
1496 1.912637
1497 1.912620
1498 1.912604
1499 1.912587
1500 1.912570
1501 1.912553
1502 1.912536
1503 1.912519
1504 1.912501
1505 1.912484
1506 1.912466
1507 1.912448
1508 1.912430
1509 1.912412
1510 1.912394
1511 1.912376
1512 1.912358
1513 1.912339
1514 1.912321
1515 1.912303
1516 1.912285
1517 1.912266
1518 1.912248
1519 1.912230
1520 1.912212
1521 1.912194
1522 1.912176
1523 1.912158
1524 1.912141
1525 1.912123
1526 1.912106
1527 1.912089
1528 1.912072
1529 1.912055
1530 1.912038
1531 1.912022
1532 1.912006
1533 1.911990
1534 1.911974
1535 1.911959
1536 1.911944
1537 1.911930
1538 1.911916
1539 1.911902
1540 1.911889
1541 1.911876
1542 1.911863
1543 1.911852
1544 1.911840
1545 1.911829
1546 1.911819
1547 1.911809
1548 1.911800
1549 1.911791
1550 1.911783
1551 1.911775
1552 1.911769
1553 1.911763
1554 1.911757
1555 1.911753
1556 1.911749
1557 1.911746
1558 1.911744
1559 1.911743
1560 1.911742
1561 1.911743
1562 1.911744
1563 1.911746
1564 1.911750
1565 1.911754
1566 1.911759
1567 1.911766
1568 1.911773
1569 1.911782
1570 1.911792
1571 1.911803
1572 1.911815
1573 1.911828
1574 1.911843
1575 1.911859
1576 1.911877
1577 1.911896
1578 1.911916
1579 1.911938
1580 1.911961
1581 1.911986
1582 1.912012
1583 1.912040
1584 1.912069
1585 1.912101
1586 1.912134
1587 1.912168
1588 1.912205
1589 1.912243
1590 1.912284
1591 1.912326
1592 1.912370
1593 1.912417
1594 1.912465
1595 1.912516
1596 1.912569
1597 1.912624
1598 1.912681
1599 1.912741
1600 1.912803
1601 1.912867
1602 1.912935
1603 1.913004
1604 1.913077
1605 1.913152
1606 1.913230
1607 1.913310
1608 1.913394
1609 1.913481
1610 1.913571
1611 1.913664
1612 1.913760
1613 1.913859
1614 1.913962
1615 1.914069
1616 1.914179
1617 1.914292
1618 1.914410
1619 1.914531
1620 1.914656
1621 1.914786
1622 1.914919
1623 1.915057
1624 1.915199
1625 1.915346
1626 1.915497
1627 1.915654
1628 1.915815
1629 1.915981
1630 1.916152
1631 1.916329
1632 1.916511
1633 1.916699
1634 1.916893
1635 1.917092
1636 1.917298
1637 1.917511
1638 1.917729
1639 1.917955
1640 1.918187
1641 1.918427
1642 1.918674
1643 1.918929
1644 1.919192
1645 1.919462
1646 1.919741
1647 1.920029
1648 1.920326
1649 1.920632
1650 1.920948
1651 1.921273
1652 1.921609
1653 1.921955
1654 1.922312
1655 1.922681
1656 1.923061
1657 1.923454
1658 1.923859
1659 1.924278
1660 1.924709
1661 1.925155
1662 1.925616
1663 1.926092
1664 1.926584
1665 1.927092
1666 1.927617
1667 1.928160
1668 1.928721
1669 1.929302
1670 1.929902
1671 1.930524
1672 1.931167
1673 1.931833
1674 1.932522
1675 1.933236
1676 1.933976
1677 1.934743
1678 1.935538
1679 1.936362
1680 1.937217
1681 1.938105
1682 1.939026
1683 1.939982
1684 1.940975
1685 1.942007
1686 1.943079
1687 1.944194
1688 1.945354
1689 1.946560
1690 1.947816
1691 1.949124
1692 1.950486
1693 1.951905
1694 1.953385
1695 1.954928
1696 1.956538
1697 1.958218
1698 1.959973
1699 1.961807
1700 1.963723
1701 1.965728
1702 1.967825
1703 1.970021
1704 1.972322
1705 1.974735
1706 1.977266
1707 1.979925
1708 1.982721
1709 1.985663
1710 1.988764
1711 1.992037
1712 1.995499
1713 1.999168
1714 2.003065
1715 2.007218
1716 2.011658
1717 2.016422
1718 2.021558
1719 2.027122
1720 2.033185
1721 2.039837
1722 2.047217
1723 2.055620
1724 2.066066
1725 2.083698
1726 2.127652
1727 2.165901
1728 2.175304
1729 2.197502
1730 2.215372
1731 2.233849
1732 2.250775
1733 2.266125
1734 2.279795
1735 2.291964
1736 2.302841
1737 2.312535
1738 2.321043
1739 2.328298
1740 2.334225
1741 2.338770
1742 2.341911
1743 2.343658
1744 2.344064
1745 2.343229
1746 2.341313
1747 2.338540
1748 2.335185
1749 2.331544
1750 2.327886
1751 2.324409
1752 2.321228
1753 2.318376
1754 2.315822
1755 2.313482
1756 2.311241
1757 2.308971
1758 2.306555
1759 2.303900
1760 2.300949
1761 2.297675
1762 2.294077
1763 2.290181
1764 2.286032
1765 2.281693
1766 2.277248
1767 2.272794
1768 2.268436
1769 2.264268
1770 2.260364
1771 2.256763
1772 2.253476
1773 2.250485
1774 2.247763
1775 2.245276
1776 2.242991
1777 2.240882
1778 2.238923
1779 2.237095
1780 2.235382
1781 2.233770
1782 2.232248
1783 2.230806
1784 2.229436
1785 2.228133
1786 2.226890
1787 2.225704
1788 2.224568
1789 2.223481
1790 2.222440
1791 2.221441
1792 2.220483
1793 2.219563
1794 2.218680
1795 2.217832
1796 2.217018
1797 2.216237
1798 2.215488
1799 2.214769
1800 2.214080
1801 2.213420
1802 2.212789
1803 2.212184
1804 2.211607
1805 2.211056
1806 2.210531
1807 2.210032
1808 2.209556
1809 2.209106
1810 2.208678
1811 2.208274
1812 2.207893
1813 2.207533
1814 2.207196
1815 2.206880
1816 2.206584
1817 2.206309
1818 2.206053
1819 2.205817
1820 2.205600
1821 2.205401
1822 2.205220
1823 2.205056
1824 2.204910
1825 2.204780
1826 2.204666
1827 2.204567
1828 2.204484
1829 2.204415
1830 2.204361
1831 2.204320
1832 2.204293
1833 2.204279
1834 2.204277
1835 2.204288
1836 2.204310
1837 2.204344
1838 2.204388
1839 2.204444
1840 2.204509
1841 2.204584
1842 2.204669
1843 2.204763
1844 2.204866
1845 2.204978
1846 2.205098
1847 2.205226
1848 2.205361
1849 2.205504
1850 2.205654
1851 2.205811
1852 2.205974
1853 2.206144
1854 2.206320
1855 2.206501
1856 2.206689
1857 2.206881
1858 2.207079
1859 2.207282
1860 2.207490
1861 2.207703
1862 2.207919
1863 2.208141
1864 2.208366
1865 2.208595
1866 2.208828
1867 2.209065
1868 2.209305
1869 2.209548
1870 2.209795
1871 2.210044
1872 2.210297
1873 2.210553
1874 2.210811
1875 2.211071
1876 2.211335
1877 2.211600
1878 2.211868
1879 2.212139
1880 2.212411
1881 2.212685
1882 2.212961
1883 2.213240
1884 2.213519
1885 2.213801
1886 2.214084
1887 2.214369
1888 2.214655
1889 2.214943
1890 2.215232
1891 2.215522
1892 2.215814
1893 2.216107
1894 2.216401
1895 2.216696
1896 2.216992
1897 2.217289
1898 2.217587
1899 2.217886
1900 2.218186
1901 2.218487
1902 2.218788
1903 2.219090
1904 2.219393
1905 2.219697
1906 2.220001
1907 2.220306
1908 2.220612
1909 2.220918
1910 2.221225
1911 2.221532
1912 2.221840
1913 2.222148
1914 2.222457
1915 2.222766
1916 2.223076
1917 2.223386
1918 2.223696
1919 2.224007
1920 2.224318
1921 2.224629
1922 2.224941
1923 2.225252
1924 2.225565
1925 2.225877
1926 2.226190
1927 2.226503
1928 2.226816
1929 2.227129
1930 2.227443
1931 2.227756
1932 2.228070
1933 2.228384
1934 2.228698
1935 2.229013
1936 2.229327
1937 2.229642
1938 2.229956
1939 2.230271
1940 2.230586
1941 2.230901
1942 2.231216
1943 2.231531
1944 2.231846
1945 2.232161
1946 2.232477
1947 2.232792
1948 2.233107
1949 2.233423
1950 2.233738
1951 2.234054
1952 2.234369
1953 2.234685
1954 2.235000
1955 2.235316
1956 2.235631
1957 2.235946
1958 2.236262
1959 2.236577
1960 2.236893
1961 2.237208
1962 2.237524
1963 2.237839
1964 2.238154
1965 2.238470
1966 2.238785
1967 2.239100
1968 2.239415
1969 2.239730
1970 2.240046
1971 2.240361
1972 2.240676
1973 2.240990
1974 2.241305
1975 2.241620
1976 2.241935
1977 2.242250
1978 2.242564
1979 2.242879
1980 2.243193
1981 2.243508
1982 2.243822
1983 2.244136
1984 2.244450
1985 2.244765
1986 2.245079
1987 2.245393
1988 2.245706
1989 2.246020
1990 2.246334
1991 2.246648
1992 2.246961
1993 2.247274
1994 2.247588
1995 2.247901
1996 2.248214
1997 2.248527
1998 2.248840
1999 2.249153
2000 2.249466
2001 2.249779
2002 2.250091
2003 2.250404
2004 2.250716
2005 2.251029
2006 2.251341
2007 2.251653
2008 2.251965
2009 2.252277
2010 2.252589
2011 2.252900
2012 2.253212
2013 2.253523
2014 2.253835
2015 2.254146
2016 2.254457
2017 2.254768
2018 2.255079
2019 2.255390
2020 2.255700
2021 2.256011
2022 2.256321
2023 2.256631
2024 2.256941
2025 2.257251
2026 2.257561
2027 2.257870
2028 2.258180
2029 2.258489
2030 2.258798
2031 2.259107
2032 2.259415
2033 2.259723
2034 2.260031
2035 2.260339
2036 2.260647
2037 2.260954
2038 2.261261
2039 2.261568
2040 2.261874
2041 2.262180
2042 2.262486
2043 2.262791
2044 2.263095
2045 2.263400
2046 2.263703
2047 2.264007
2048 2.264309
2049 2.264611
2050 2.264913
2051 2.265213
2052 2.265513
2053 2.265812
2054 2.266111
2055 2.266408
2056 2.266705
2057 2.267000
2058 2.267294
2059 2.267587
2060 2.267879
2061 2.268170
2062 2.268459
2063 2.268747
2064 2.269034
2065 2.269318
2066 2.269601
2067 2.269882
2068 2.270162
2069 2.270439
2070 2.270715
2071 2.270988
2072 2.271259
2073 2.271527
2074 2.271793
2075 2.272057
2076 2.272318
2077 2.272577
2078 2.272832
2079 2.273085
2080 2.273335
2081 2.273583
2082 2.273827
2083 2.274068
2084 2.274306
2085 2.274541
2086 2.274773
2087 2.275001
2088 2.275226
2089 2.275449
2090 2.275667
2091 2.275883
2092 2.276095
2093 2.276304
2094 2.276510
2095 2.276712
2096 2.276911
2097 2.277107
2098 2.277300
2099 2.277489
2100 2.277675
2101 2.277857
2102 2.278036
2103 2.278212
2104 2.278384
2105 2.278553
2106 2.278718
2107 2.278880
2108 2.279039
2109 2.279193
2110 2.279345
2111 2.279492
2112 2.279636
2113 2.279776
2114 2.279912
2115 2.280044
2116 2.280172
2117 2.280297
2118 2.280417
2119 2.280532
2120 2.280644
2121 2.280751
2122 2.280853
2123 2.280951
2124 2.281044
2125 2.281133
2126 2.281216
2127 2.281294
2128 2.281367
2129 2.281435
2130 2.281497
2131 2.281554
2132 2.281605
2133 2.281649
2134 2.281688
2135 2.281720
2136 2.281746
2137 2.281765
2138 2.281778
2139 2.281783
2140 2.281781
2141 2.281772
2142 2.281755
2143 2.281730
2144 2.281698
2145 2.281657
2146 2.281608
2147 2.281550
2148 2.281483
2149 2.281407
2150 2.281322
2151 2.281228
2152 2.281124
2153 2.281010
2154 2.280886
2155 2.280752
2156 2.280607
2157 2.280453
2158 2.280287
2159 2.280111
2160 2.279924
2161 2.279726
2162 2.279518
2163 2.279298
2164 2.279067
2165 2.278825
2166 2.278573
2167 2.278309
2168 2.278035
2169 2.277750
2170 2.277455
2171 2.277150
2172 2.276834
2173 2.276509
2174 2.276175
2175 2.275831
2176 2.275479
2177 2.275119
2178 2.274752
2179 2.274377
2180 2.273995
2181 2.273608
2182 2.273215
2183 2.272817
2184 2.272415
2185 2.272009
2186 2.271600
2187 2.271190
2188 2.270778
2189 2.270365
2190 2.269952
2191 2.269539
2192 2.269128
2193 2.268719
2194 2.268313
2195 2.267910
2196 2.267511
2197 2.267116
2198 2.266727
2199 2.266344
2200 2.265966
2201 2.265596
2202 2.265232
2203 2.264877
2204 2.264529
2205 2.264190
2206 2.263859
2207 2.263537
2208 2.263225
2209 2.262922
2210 2.262629
2211 2.262345
2212 2.262071
2213 2.261808
2214 2.261554
2215 2.261311
2216 2.261077
2217 2.260854
2218 2.260640
2219 2.260437
2220 2.260244
2221 2.260060
2222 2.259886
2223 2.259722
2224 2.259567
2225 2.259422
2226 2.259285
2227 2.259158
2228 2.259040
2229 2.258930
2230 2.258828
2231 2.258735
2232 2.258650
2233 2.258573
2234 2.258504
2235 2.258442
2236 2.258388
2237 2.258341
2238 2.258300
2239 2.258267
2240 2.258240
2241 2.258219
2242 2.258205
2243 2.258197
2244 2.258194
2245 2.258197
2246 2.258206
2247 2.258220
2248 2.258239
2249 2.258263
2250 2.258292
2251 2.258326
2252 2.258364
2253 2.258407
2254 2.258453
2255 2.258504
2256 2.258559
2257 2.258618
2258 2.258680
2259 2.258746
2260 2.258816
2261 2.258888
2262 2.258964
2263 2.259043
2264 2.259125
2265 2.259210
2266 2.259298
2267 2.259388
2268 2.259481
2269 2.259577
2270 2.259675
2271 2.259775
2272 2.259877
2273 2.259982
2274 2.260089
2275 2.260197
2276 2.260308
2277 2.260420
2278 2.260535
2279 2.260651
2280 2.260768
2281 2.260888
2282 2.261009
2283 2.261131
2284 2.261255
2285 2.261380
2286 2.261506
2287 2.261634
2288 2.261763
2289 2.261893
2290 2.262025
2291 2.262157
2292 2.262291
2293 2.262425
2294 2.262561
2295 2.262697
2296 2.262834
2297 2.262973
2298 2.263112
2299 2.263252
2300 2.263392
2301 2.263533
2302 2.263676
2303 2.263818
2304 2.263962
2305 2.264106
2306 2.264250
2307 2.264396
2308 2.264541
2309 2.264688
2310 2.264835
2311 2.264982
2312 2.265130
2313 2.265278
2314 2.265427
2315 2.265576
2316 2.265725
2317 2.265875
2318 2.266025
2319 2.266176
2320 2.266327
2321 2.266478
2322 2.266630
2323 2.266781
2324 2.266933
2325 2.267086
2326 2.267238
2327 2.267391
2328 2.267544
2329 2.267697
2330 2.267850
2331 2.268004
2332 2.268158
2333 2.268312
2334 2.268466
2335 2.268620
2336 2.268774
2337 2.268929
2338 2.269083
2339 2.269238
2340 2.269392
2341 2.269547
2342 2.269702
2343 2.269857
2344 2.270012
2345 2.270167
2346 2.270322
2347 2.270477
2348 2.270632
2349 2.270788
2350 2.270943
2351 2.271098
2352 2.271253
2353 2.271408
2354 2.271563
2355 2.271718
2356 2.271874
2357 2.272029
2358 2.272184
2359 2.272339
2360 2.272494
2361 2.272648
2362 2.272803
2363 2.272958
2364 2.273113
2365 2.273267
2366 2.273422
2367 2.273576
2368 2.273730
2369 2.273885
2370 2.274039
2371 2.274193
2372 2.274347
2373 2.274500
2374 2.274654
2375 2.274808
2376 2.274961
2377 2.275114
2378 2.275267
2379 2.275420
2380 2.275573
2381 2.275726
2382 2.275878
2383 2.276031
2384 2.276183
2385 2.276335
2386 2.276487
2387 2.276638
2388 2.276790
2389 2.276941
2390 2.277092
2391 2.277243
2392 2.277393
2393 2.277544
2394 2.277694
2395 2.277844
2396 2.277994
2397 2.278143
2398 2.278293
2399 2.278442
2400 2.278591
2401 2.278739
2402 2.278888
2403 2.279036
2404 2.279184
2405 2.279332
2406 2.279479
2407 2.279626
2408 2.279773
2409 2.279920
2410 2.280066
2411 2.280212
2412 2.280358
2413 2.280503
2414 2.280649
2415 2.280793
2416 2.280938
2417 2.281082
2418 2.281226
2419 2.281370
2420 2.281514
2421 2.281657
2422 2.281800
2423 2.281942
2424 2.282084
2425 2.282226
2426 2.282367
2427 2.282509
2428 2.282649
2429 2.282790
2430 2.282930
2431 2.283070
2432 2.283209
2433 2.283348
2434 2.283487
2435 2.283625
2436 2.283763
2437 2.283901
2438 2.284038
2439 2.284175
2440 2.284312
2441 2.284448
2442 2.284584
2443 2.284719
2444 2.284854
2445 2.284988
2446 2.285123
2447 2.285256
2448 2.285390
2449 2.285523
2450 2.285655
2451 2.285787
2452 2.285919
2453 2.286050
2454 2.286181
2455 2.286312
2456 2.286441
2457 2.286571
2458 2.286700
2459 2.286829
2460 2.286957
2461 2.287085
2462 2.287212
2463 2.287339
2464 2.287465
2465 2.287591
2466 2.287717
2467 2.287842
2468 2.287966
2469 2.288090
2470 2.288214
2471 2.288337
2472 2.288459
2473 2.288582
2474 2.288703
2475 2.288824
2476 2.288945
2477 2.289065
2478 2.289185
2479 2.289304
2480 2.289422
2481 2.289540
2482 2.289658
2483 2.289775
2484 2.289892
2485 2.290008
2486 2.290123
2487 2.290238
2488 2.290352
2489 2.290466
2490 2.290580
2491 2.290692
2492 2.290805
2493 2.290916
2494 2.291027
2495 2.291138
2496 2.291248
2497 2.291358
2498 2.291467
2499 2.291575
2500 2.291683
2501 2.291790
2502 2.291897
2503 2.292003
2504 2.292108
2505 2.292213
2506 2.292317
2507 2.292421
2508 2.292524
2509 2.292627
2510 2.292729
2511 2.292830
2512 2.292931
2513 2.293031
2514 2.293131
2515 2.293230
2516 2.293328
2517 2.293426
2518 2.293523
2519 2.293620
2520 2.293716
2521 2.293811
2522 2.293906
2523 2.294000
2524 2.294094
2525 2.294187
2526 2.294279
2527 2.294371
2528 2.294462
2529 2.294552
2530 2.294642
2531 2.294731
2532 2.294819
2533 2.294907
2534 2.294994
2535 2.295081
2536 2.295167
2537 2.295252
2538 2.295337
2539 2.295421
2540 2.295504
2541 2.295587
2542 2.295669
2543 2.295750
2544 2.295831
2545 2.295911
2546 2.295991
2547 2.296070
2548 2.296148
2549 2.296225
2550 2.296302
2551 2.296378
2552 2.296454
2553 2.296529
2554 2.296603
2555 2.296677
2556 2.296749
2557 2.296822
2558 2.296893
2559 2.296964
2560 2.297034
2561 2.297104
2562 2.297173
2563 2.297241
2564 2.297309
2565 2.297376
2566 2.297442
2567 2.297507
2568 2.297572
2569 2.297637
2570 2.297700
2571 2.297763
2572 2.297825
2573 2.297887
2574 2.297948
2575 2.298008
2576 2.298068
2577 2.298127
2578 2.298185
2579 2.298242
2580 2.298299
2581 2.298355
2582 2.298411
2583 2.298466
2584 2.298520
2585 2.298574
2586 2.298627
2587 2.298679
2588 2.298730
2589 2.298781
2590 2.298832
2591 2.298881
2592 2.298930
2593 2.298978
2594 2.299026
2595 2.299073
2596 2.299119
2597 2.299165
2598 2.299210
2599 2.299254
2600 2.299298
2601 2.299341
2602 2.299383
2603 2.299425
2604 2.299466
2605 2.299506
2606 2.299546
2607 2.299585
2608 2.299623
2609 2.299661
2610 2.299698
2611 2.299735
2612 2.299771
2613 2.299806
2614 2.299840
2615 2.299874
2616 2.299908
2617 2.299940
2618 2.299972
2619 2.300004
2620 2.300034
2621 2.300064
2622 2.300094
2623 2.300123
2624 2.300151
2625 2.300179
2626 2.300205
2627 2.300232
2628 2.300258
2629 2.300283
2630 2.300307
2631 2.300331
2632 2.300354
2633 2.300377
2634 2.300399
2635 2.300420
2636 2.300441
2637 2.300461
2638 2.300481
2639 2.300500
2640 2.300518
2641 2.300536
2642 2.300553
2643 2.300570
2644 2.300586
2645 2.300601
2646 2.300616
2647 2.300630
2648 2.300644
2649 2.300657
2650 2.300670
2651 2.300681
2652 2.300693
2653 2.300704
2654 2.300714
2655 2.300723
2656 2.300732
2657 2.300741
2658 2.300749
2659 2.300756
2660 2.300763
2661 2.300769
2662 2.300775
2663 2.300780
2664 2.300784
2665 2.300788
2666 2.300792
2667 2.300794
2668 2.300797
2669 2.300798
2670 2.300800
2671 2.300800
2672 2.300801
2673 2.300800
2674 2.300799
2675 2.300798
2676 2.300796
2677 2.300793
2678 2.300790
2679 2.300787
2680 2.300783
2681 2.300778
2682 2.300773
2683 2.300767
2684 2.300761
2685 2.300754
2686 2.300747
2687 2.300739
2688 2.300731
2689 2.300722
2690 2.300713
2691 2.300703
2692 2.300693
2693 2.300683
2694 2.300671
2695 2.300660
2696 2.300647
2697 2.300635
2698 2.300622
2699 2.300608
2700 2.300594
2701 2.300579
2702 2.300564
2703 2.300548
2704 2.300532
2705 2.300516
2706 2.300499
2707 2.300481
2708 2.300463
2709 2.300445
2710 2.300426
2711 2.300407
2712 2.300387
2713 2.300367
2714 2.300346
2715 2.300325
2716 2.300303
2717 2.300281
2718 2.300259
2719 2.300236
2720 2.300212
2721 2.300189
2722 2.300164
2723 2.300140
2724 2.300114
2725 2.300089
2726 2.300063
2727 2.300036
2728 2.300010
2729 2.299982
2730 2.299954
2731 2.299926
2732 2.299898
2733 2.299869
2734 2.299839
2735 2.299809
2736 2.299779
2737 2.299748
2738 2.299717
2739 2.299686
2740 2.299654
2741 2.299622
2742 2.299589
2743 2.299556
2744 2.299522
2745 2.299488
2746 2.299454
2747 2.299419
2748 2.299384
2749 2.299349
2750 2.299313
2751 2.299276
2752 2.299240
2753 2.299203
2754 2.299165
2755 2.299127
2756 2.299089
2757 2.299050
2758 2.299011
2759 2.298972
2760 2.298932
2761 2.298892
2762 2.298852
2763 2.298811
2764 2.298770
2765 2.298728
2766 2.298686
2767 2.298644
2768 2.298601
2769 2.298558
2770 2.298514
2771 2.298471
2772 2.298426
2773 2.298382
2774 2.298337
2775 2.298292
2776 2.298246
2777 2.298200
2778 2.298154
2779 2.298107
2780 2.298060
2781 2.298013
2782 2.297965
2783 2.297917
2784 2.297869
2785 2.297820
2786 2.297771
2787 2.297722
2788 2.297672
2789 2.297622
2790 2.297571
2791 2.297521
2792 2.297469
2793 2.297418
2794 2.297366
2795 2.297314
2796 2.297262
2797 2.297209
2798 2.297156
2799 2.297103
2800 2.297049
2801 2.296995
2802 2.296941
2803 2.296886
2804 2.296831
2805 2.296776
2806 2.296720
2807 2.296664
2808 2.296608
2809 2.296551
2810 2.296494
2811 2.296437
2812 2.296380
2813 2.296322
2814 2.296264
2815 2.296205
2816 2.296146
2817 2.296087
2818 2.296028
2819 2.295968
2820 2.295908
2821 2.295848
2822 2.295788
2823 2.295727
2824 2.295666
2825 2.295604
2826 2.295543
2827 2.295480
2828 2.295418
2829 2.295356
2830 2.295293
2831 2.295229
2832 2.295166
2833 2.295102
2834 2.295038
2835 2.294974
2836 2.294909
2837 2.294844
2838 2.294779
2839 2.294713
2840 2.294648
2841 2.294582
2842 2.294515
2843 2.294449
2844 2.294382
2845 2.294315
2846 2.294247
2847 2.294179
2848 2.294111
2849 2.294043
2850 2.293975
2851 2.293906
2852 2.293837
2853 2.293767
2854 2.293698
2855 2.293628
2856 2.293558
2857 2.293487
2858 2.293416
2859 2.293345
2860 2.293274
2861 2.293203
2862 2.293131
2863 2.293059
2864 2.292987
2865 2.292914
2866 2.292841
2867 2.292768
2868 2.292695
2869 2.292621
2870 2.292547
2871 2.292473
2872 2.292399
2873 2.292324
2874 2.292249
2875 2.292174
2876 2.292099
2877 2.292023
2878 2.291947
2879 2.291871
2880 2.291795
2881 2.291718
2882 2.291641
2883 2.291564
2884 2.291487
2885 2.291409
2886 2.291331
2887 2.291253
2888 2.291175
2889 2.291096
2890 2.291018
2891 2.290939
2892 2.290859
2893 2.290780
2894 2.290700
2895 2.290620
2896 2.290540
2897 2.290459
2898 2.290378
2899 2.290297
2900 2.290216
2901 2.290135
2902 2.290053
2903 2.289971
2904 2.289889
2905 2.289806
2906 2.289724
2907 2.289641
2908 2.289558
2909 2.289474
2910 2.289391
2911 2.289307
2912 2.289223
2913 2.289139
2914 2.289054
2915 2.288970
2916 2.288885
2917 2.288800
2918 2.288714
2919 2.288629
2920 2.288543
2921 2.288457
2922 2.288370
2923 2.288284
2924 2.288197
2925 2.288110
2926 2.288023
2927 2.287936
2928 2.287848
2929 2.287760
2930 2.287672
2931 2.287584
2932 2.287495
2933 2.287407
2934 2.287318
2935 2.287229
2936 2.287139
2937 2.287050
2938 2.286960
2939 2.286870
2940 2.286780
2941 2.286689
2942 2.286599
2943 2.286508
2944 2.286417
2945 2.286325
2946 2.286234
2947 2.286142
2948 2.286050
2949 2.285958
2950 2.285866
2951 2.285773
2952 2.285680
2953 2.285588
2954 2.285494
2955 2.285401
2956 2.285307
2957 2.285214
2958 2.285120
2959 2.285025
2960 2.284931
2961 2.284836
2962 2.284742
2963 2.284647
2964 2.284551
2965 2.284456
2966 2.284360
2967 2.284264
2968 2.284168
2969 2.284072
2970 2.283976
2971 2.283879
2972 2.283782
2973 2.283685
2974 2.283588
2975 2.283490
2976 2.283393
2977 2.283295
2978 2.283197
2979 2.283099
2980 2.283000
2981 2.282901
2982 2.282803
2983 2.282704
2984 2.282604
2985 2.282505
2986 2.282405
2987 2.282305
2988 2.282205
2989 2.282105
2990 2.282005
2991 2.281904
2992 2.281803
2993 2.281702
2994 2.281601
2995 2.281500
2996 2.281398
2997 2.281296
2998 2.281194
2999 2.281092
3000 2.280990
3001 2.280887
3002 2.280785
3003 2.280682
3004 2.280579
3005 2.280475
3006 2.280372
3007 2.280268
3008 2.280164
3009 2.280060
3010 2.279956
3011 2.279851
3012 2.279747
3013 2.279642
3014 2.279537
3015 2.279432
3016 2.279326
3017 2.279221
3018 2.279115
3019 2.279009
3020 2.278903
3021 2.278796
3022 2.278690
3023 2.278583
3024 2.278476
3025 2.278369
3026 2.278262
3027 2.278154
3028 2.278046
3029 2.277939
3030 2.277831
3031 2.277722
3032 2.277614
3033 2.277505
3034 2.277397
3035 2.277288
3036 2.277178
3037 2.277069
3038 2.276960
3039 2.276850
3040 2.276740
3041 2.276630
3042 2.276520
3043 2.276409
3044 2.276298
3045 2.276188
3046 2.276077
3047 2.275965
3048 2.275854
3049 2.275742
3050 2.275631
3051 2.275519
3052 2.275407
3053 2.275294
3054 2.275182
3055 2.275069
3056 2.274956
3057 2.274843
3058 2.274730
3059 2.274617
3060 2.274503
3061 2.274389
3062 2.274275
3063 2.274161
3064 2.274047
3065 2.273932
3066 2.273817
3067 2.273703
3068 2.273587
3069 2.273472
3070 2.273357
3071 2.273241
3072 2.273125
3073 2.273009
3074 2.272893
3075 2.272777
3076 2.272660
3077 2.272543
3078 2.272426
3079 2.272309
3080 2.272192
3081 2.272075
3082 2.271957
3083 2.271839
3084 2.271721
3085 2.271603
3086 2.271484
3087 2.271366
3088 2.271247
3089 2.271128
3090 2.271009
3091 2.270889
3092 2.270770
3093 2.270650
3094 2.270530
3095 2.270410
3096 2.270290
3097 2.270169
3098 2.270049
3099 2.269928
3100 2.269807
3101 2.269686
3102 2.269564
3103 2.269443
3104 2.269321
3105 2.269199
3106 2.269077
3107 2.268954
3108 2.268832
3109 2.268709
3110 2.268586
3111 2.268463
3112 2.268340
3113 2.268216
3114 2.268092
3115 2.267969
3116 2.267844
3117 2.267720
3118 2.267596
3119 2.267471
3120 2.267346
3121 2.267221
3122 2.267096
3123 2.266970
3124 2.266845
3125 2.266719
3126 2.266593
3127 2.266467
3128 2.266340
3129 2.266214
3130 2.266087
3131 2.265960
3132 2.265833
3133 2.265705
3134 2.265578
3135 2.265450
3136 2.265322
3137 2.265194
3138 2.265065
3139 2.264937
3140 2.264808
3141 2.264679
3142 2.264549
3143 2.264420
3144 2.264290
3145 2.264161
3146 2.264031
3147 2.263900
3148 2.263770
3149 2.263639
3150 2.263508
3151 2.263377
3152 2.263246
3153 2.263115
3154 2.262983
3155 2.262851
3156 2.262719
3157 2.262587
3158 2.262454
3159 2.262321
3160 2.262188
3161 2.262055
3162 2.261922
3163 2.261788
3164 2.261654
3165 2.261520
3166 2.261386
3167 2.261252
3168 2.261117
3169 2.260982
3170 2.260847
3171 2.260712
3172 2.260576
3173 2.260441
3174 2.260305
3175 2.260169
3176 2.260032
3177 2.259896
3178 2.259759
3179 2.259622
3180 2.259485
3181 2.259347
3182 2.259209
3183 2.259072
3184 2.258933
3185 2.258795
3186 2.258657
3187 2.258518
3188 2.258379
3189 2.258240
3190 2.258100
3191 2.257960
3192 2.257821
3193 2.257680
3194 2.257540
3195 2.257400
3196 2.257259
3197 2.257118
3198 2.256977
3199 2.256835
3200 2.256694
3201 2.256552
3202 2.256410
3203 2.256267
3204 2.256125
3205 2.255982
3206 2.255839
3207 2.255696
3208 2.255552
3209 2.255409
3210 2.255265
3211 2.255121
3212 2.254977
3213 2.254832
3214 2.254687
3215 2.254542
3216 2.254397
3217 2.254252
3218 2.254106
3219 2.253960
3220 2.253814
3221 2.253668
3222 2.253522
3223 2.253375
3224 2.253228
3225 2.253081
3226 2.252933
3227 2.252786
3228 2.252638
3229 2.252490
3230 2.252342
3231 2.252194
3232 2.252045
3233 2.251896
3234 2.251747
3235 2.251598
3236 2.251449
3237 2.251299
3238 2.251149
3239 2.250999
3240 2.250849
3241 2.250699
3242 2.250548
3243 2.250397
3244 2.250246
3245 2.250095
3246 2.249944
3247 2.249792
3248 2.249640
3249 2.249489
3250 2.249336
3251 2.249184
3252 2.249032
3253 2.248879
3254 2.248726
3255 2.248573
3256 2.248420
3257 2.248267
3258 2.248113
3259 2.247960
3260 2.247806
3261 2.247652
3262 2.247498
3263 2.247343
3264 2.247189
3265 2.247034
3266 2.246879
3267 2.246725
3268 2.246569
3269 2.246414
3270 2.246259
3271 2.246103
3272 2.245948
3273 2.245792
3274 2.245636
3275 2.245480
3276 2.245324
3277 2.245168
3278 2.245012
3279 2.244855
3280 2.244699
3281 2.244542
3282 2.244385
3283 2.244228
3284 2.244071
3285 2.243914
3286 2.243757
3287 2.243600
3288 2.243442
3289 2.243285
3290 2.243127
3291 2.242970
3292 2.242812
3293 2.242655
3294 2.242497
3295 2.242339
3296 2.242181
3297 2.242023
3298 2.241865
3299 2.241707
3300 2.241549
3301 2.241391
3302 2.241233
3303 2.241075
3304 2.240917
3305 2.240759
3306 2.240601
3307 2.240443
3308 2.240284
3309 2.240126
3310 2.239968
3311 2.239810
3312 2.239652
3313 2.239494
3314 2.239336
3315 2.239178
3316 2.239020
3317 2.238862
3318 2.238704
3319 2.238546
3320 2.238389
3321 2.238231
3322 2.238073
3323 2.237916
3324 2.237758
3325 2.237601
3326 2.237444
3327 2.237287
3328 2.237130
3329 2.236973
3330 2.236816
3331 2.236659
3332 2.236503
3333 2.236346
3334 2.236190
3335 2.236034
3336 2.235878
3337 2.235722
3338 2.235566
3339 2.235411
3340 2.235256
3341 2.235100
3342 2.234945
3343 2.234791
3344 2.234636
3345 2.234482
3346 2.234328
3347 2.234174
3348 2.234020
3349 2.233867
3350 2.233714
3351 2.233561
3352 2.233408
3353 2.233256
3354 2.233104
3355 2.232952
3356 2.232801
3357 2.232649
3358 2.232498
3359 2.232348
3360 2.232198
3361 2.232048
3362 2.231898
3363 2.231749
3364 2.231600
3365 2.231451
3366 2.231303
3367 2.231155
3368 2.231008
3369 2.230861
3370 2.230714
3371 2.230568
3372 2.230422
3373 2.230277
3374 2.230132
3375 2.229987
3376 2.229843
3377 2.229700
3378 2.229556
3379 2.229414
3380 2.229271
3381 2.229130
3382 2.228989
3383 2.228848
3384 2.228708
3385 2.228568
3386 2.228429
3387 2.228290
3388 2.228152
3389 2.228015
3390 2.227878
3391 2.227741
3392 2.227606
3393 2.227471
3394 2.227336
3395 2.227202
3396 2.227069
3397 2.226936
3398 2.226804
3399 2.226673
3400 2.226542
3401 2.226412
3402 2.226283
3403 2.226154
3404 2.226026
3405 2.225899
3406 2.225773
3407 2.225647
3408 2.225522
3409 2.225398
3410 2.225274
3411 2.225152
3412 2.225030
3413 2.224909
3414 2.224788
3415 2.224669
3416 2.224550
3417 2.224432
3418 2.224315
3419 2.224199
3420 2.224084
3421 2.223970
3422 2.223856
3423 2.223744
3424 2.223632
3425 2.223521
3426 2.223412
3427 2.223303
3428 2.223195
3429 2.223088
3430 2.222983
3431 2.222878
3432 2.222774
3433 2.222671
3434 2.222569
3435 2.222469
3436 2.222369
3437 2.222270
3438 2.222173
3439 2.222076
3440 2.221981
3441 2.221887
3442 2.221794
3443 2.221702
3444 2.221611
3445 2.221522
3446 2.221433
3447 2.221346
3448 2.221260
3449 2.221176
3450 2.221092
3451 2.221010
3452 2.220929
3453 2.220850
3454 2.220771
3455 2.220694
3456 2.220619
3457 2.220544
3458 2.220471
3459 2.220400
3460 2.220329
3461 2.220261
3462 2.220193
3463 2.220127
3464 2.220063
3465 2.220000
3466 2.219938
3467 2.219878
3468 2.219819
3469 2.219762
3470 2.219707
3471 2.219653
3472 2.219600
3473 2.219550
3474 2.219501
3475 2.219453
3476 2.219407
3477 2.219363
3478 2.219320
3479 2.219280
3480 2.219240
3481 2.219203
3482 2.219167
3483 2.219134
3484 2.219102
3485 2.219071
3486 2.219043
3487 2.219016
3488 2.218992
3489 2.218969
3490 2.218948
3491 2.218929
3492 2.218912
3493 2.218897
3494 2.218884
3495 2.218873
3496 2.218865
3497 2.218858
3498 2.218853
3499 2.218850
3500 2.218850
3501 2.218852
3502 2.218855
3503 2.218862
3504 2.218870
3505 2.218881
3506 2.218893
3507 2.218909
3508 2.218926
3509 2.218946
3510 2.218969
3511 2.218994
3512 2.219021
3513 2.219051
3514 2.219083
3515 2.219118
3516 2.219155
3517 2.219196
3518 2.219238
3519 2.219284
3520 2.219332
3521 2.219383
3522 2.219437
3523 2.219494
3524 2.219553
3525 2.219616
3526 2.219681
3527 2.219749
3528 2.219821
3529 2.219895
3530 2.219973
3531 2.220054
3532 2.220138
3533 2.220226
3534 2.220316
3535 2.220411
3536 2.220508
3537 2.220609
3538 2.220714
3539 2.220822
3540 2.220934
3541 2.221050
3542 2.221169
3543 2.221293
3544 2.221420
3545 2.221552
3546 2.221687
3547 2.221826
3548 2.221970
3549 2.222118
3550 2.222271
3551 2.222428
3552 2.222590
3553 2.222756
3554 2.222927
3555 2.223103
3556 2.223284
3557 2.223471
3558 2.223662
3559 2.223859
3560 2.224061
3561 2.224269
3562 2.224483
3563 2.224703
3564 2.224929
3565 2.225161
3566 2.225400
3567 2.225645
3568 2.225898
3569 2.226157
3570 2.226424
3571 2.226698
3572 2.226980
3573 2.227271
3574 2.227569
3575 2.227877
3576 2.228194
3577 2.228520
3578 2.228856
3579 2.229203
3580 2.229560
3581 2.229929
3582 2.230310
3583 2.230703
3584 2.231110
3585 2.231531
3586 2.231968
3587 2.232420
3588 2.232890
3589 2.233378
3590 2.233887
3591 2.234417
3592 2.234972
3593 2.235553
3594 2.236163
3595 2.236806
3596 2.237486
3597 2.238209
3598 2.238981
3599 2.239811
3600 2.240711
3601 2.241698
3602 2.242795
3603 2.244039
3604 2.245487
3605 2.247237
3606 2.249481
3607 2.252628
3608 2.257744
3609 2.268339
3610 2.298323
3611 2.279761
3612 2.302987
3613 2.390930
3614 2.364987
3615 2.403370
3616 2.369882
3617 2.403878
3618 2.372685
3619 2.404312
3620 2.375749
3621 2.405195
3622 2.379233
3623 2.406641
3624 2.383211
3625 2.408722
3626 2.387733
3627 2.411482
3628 2.392834
3629 2.414938
3630 2.398527
3631 2.419088
3632 2.404810
3633 2.423914
3634 2.411662
3635 2.429382
3636 2.419051
3637 2.435448
3638 2.426932
3639 2.442062
3640 2.435250
3641 2.449168
3642 2.443948
3643 2.456711
3644 2.452965
3645 2.464635
3646 2.462242
3647 2.472890
3648 2.471723
3649 2.481431
3650 2.481362
3651 2.490218
3652 2.491120
3653 2.499223
3654 2.500969
3655 2.508422
3656 2.510891
3657 2.517797
3658 2.520877
3659 2.527340
3660 2.530928
3661 2.537044
3662 2.541049
3663 2.546906
3664 2.551249
3665 2.556923
3666 2.561539
3667 2.567092
3668 2.571925
3669 2.577406
3670 2.582408
3671 2.587850
3672 2.592981
3673 2.598403
3674 2.603626
3675 2.609034
3676 2.614311
3677 2.619698
3678 2.624992
3679 2.630339
3680 2.635609
3681 2.640888
3682 2.646093
3683 2.651269
3684 2.656364
3685 2.661399
3686 2.666338
3687 2.671191
3688 2.675934
3689 2.680568
3690 2.685077
3691 2.689459
3692 2.693703
3693 2.697808
3694 2.701765
3695 2.705574
3696 2.709230
3697 2.712734
3698 2.716083
3699 2.719278
3700 2.722321
3701 2.725213
3702 2.727955
3703 2.730551
3704 2.733004
3705 2.735317
3706 2.737493
3707 2.739536
3708 2.741450
3709 2.743238
3710 2.744905
3711 2.746454
3712 2.747889
3713 2.749213
3714 2.750430
3715 2.751544
3716 2.752558
3717 2.753475
3718 2.754299
3719 2.755031
3720 2.755676
3721 2.756235
3722 2.756711
3723 2.757107
3724 2.757424
3725 2.757666
3726 2.757833
3727 2.757928
3728 2.757953
3729 2.757909
3730 2.757797
3731 2.757620
3732 2.757378
3733 2.757072
3734 2.756705
3735 2.756276
3736 2.755786
3737 2.755237
3738 2.754629
3739 2.753963
3740 2.753239
3741 2.752458
3742 2.751619
3743 2.750724
3744 2.749772
3745 2.748764
3746 2.747700
3747 2.746578
3748 2.745400
3749 2.744165
3750 2.742873
3751 2.741523
3752 2.740114
3753 2.738647
3754 2.737120
3755 2.735533
3756 2.733884
3757 2.732172
3758 2.730398
3759 2.728558
3760 2.726653
3761 2.724679
3762 2.722637
3763 2.720524
3764 2.718339
3765 2.716079
3766 2.713742
3767 2.711327
3768 2.708831
3769 2.706251
3770 2.703584
3771 2.700829
3772 2.697982
3773 2.695040
3774 2.692000
3775 2.688858
3776 2.685612
3777 2.682258
3778 2.678791
3779 2.675209
3780 2.671507
3781 2.667682
3782 2.663730
3783 2.659648
3784 2.655432
3785 2.651078
3786 2.646584
3787 2.641947
3788 2.637165
3789 2.632237
3790 2.627161
3791 2.621939
3792 2.616571
3793 2.611062
3794 2.605415
3795 2.599637
3796 2.593737
3797 2.587727
3798 2.581620
3799 2.575432
3800 2.569185
3801 2.562900
3802 2.556603
3803 2.550322
3804 2.544086
3805 2.537924
3806 2.531867
3807 2.525943
3808 2.520177
3809 2.514593
3810 2.509207
3811 2.504032
3812 2.499074
3813 2.494336
3814 2.489813
3815 2.485498
3816 2.481380
3817 2.477444
3818 2.473674
3819 2.470053
3820 2.466565
3821 2.463193
3822 2.459920
3823 2.456732
3824 2.453616
3825 2.450560
3826 2.447554
3827 2.444590
3828 2.441661
3829 2.438760
3830 2.435882
3831 2.433026
3832 2.430187
3833 2.427363
3834 2.424555
3835 2.421760
3836 2.418980
3837 2.416213
3838 2.413461
3839 2.410725
3840 2.408004
3841 2.405301
3842 2.402615
3843 2.399949
3844 2.397303
3845 2.394678
3846 2.392076
3847 2.389498
3848 2.386943
3849 2.384414
3850 2.381912
3851 2.379435
3852 2.376987
3853 2.374566
3854 2.372175
3855 2.369812
3856 2.367478
3857 2.365174
3858 2.362900
3859 2.360656
3860 2.358442
3861 2.356258
3862 2.354104
3863 2.351979
3864 2.349884
3865 2.347819
3866 2.345783
3867 2.343775
3868 2.341796
3869 2.339846
3870 2.337923
3871 2.336027
3872 2.334158
3873 2.332316
3874 2.330499
3875 2.328708
3876 2.326942
3877 2.325200
3878 2.323481
3879 2.321787
3880 2.320114
3881 2.318464
3882 2.316836
3883 2.315229
3884 2.313642
3885 2.312075
3886 2.310528
3887 2.309000
3888 2.307490
3889 2.305998
3890 2.304523
3891 2.303065
3892 2.301624
3893 2.300199
3894 2.298789
3895 2.297393
3896 2.296013
3897 2.294646
3898 2.293293
3899 2.291954
3900 2.290627
3901 2.289312
3902 2.288010
3903 2.286719
3904 2.285440
3905 2.284171
3906 2.282913
3907 2.281665
3908 2.280427
3909 2.279198
3910 2.277979
3911 2.276769
3912 2.275567
3913 2.274374
3914 2.273189
3915 2.272012
3916 2.270843
3917 2.269681
3918 2.268526
3919 2.267379
3920 2.266238
3921 2.265103
3922 2.263975
3923 2.262853
3924 2.261737
3925 2.260627
3926 2.259523
3927 2.258424
3928 2.257330
3929 2.256241
3930 2.255158
3931 2.254079
3932 2.253006
3933 2.251936
3934 2.250872
3935 2.249812
3936 2.248756
3937 2.247704
3938 2.246656
3939 2.245613
3940 2.244573
3941 2.243537
3942 2.242505
3943 2.241476
3944 2.240451
3945 2.239430
3946 2.238412
3947 2.237397
3948 2.236385
3949 2.235377
3950 2.234371
3951 2.233369
3952 2.232370
3953 2.231373
3954 2.230380
3955 2.229389
3956 2.228401
3957 2.227416
3958 2.226433
3959 2.225453
3960 2.224475
3961 2.223500
3962 2.222527
3963 2.221557
3964 2.220588
3965 2.219623
3966 2.218659
3967 2.217697
3968 2.216738
3969 2.215781
3970 2.214825
3971 2.213872
3972 2.212920
3973 2.211971
3974 2.211023
3975 2.210077
3976 2.209132
3977 2.208190
3978 2.207249
3979 2.206309
3980 2.205371
3981 2.204435
3982 2.203500
3983 2.202566
3984 2.201634
3985 2.200703
3986 2.199773
3987 2.198845
3988 2.197917
3989 2.196991
3990 2.196066
3991 2.195142
3992 2.194219
3993 2.193297
3994 2.192376
3995 2.191456
3996 2.190536
3997 2.189618
3998 2.188700
3999 2.187783
4000 2.186866
4001 2.185950
4002 2.185035
4003 2.184120
4004 2.183206
4005 2.182293
4006 2.181379
4007 2.180467
4008 2.179554
4009 2.178642
4010 2.177731
4011 2.176819
4012 2.175908
4013 2.174997
4014 2.174087
4015 2.173176
4016 2.172266
4017 2.171356
4018 2.170445
4019 2.169535
4020 2.168625
4021 2.167715
4022 2.166805
4023 2.165895
4024 2.164985
4025 2.164075
4026 2.163164
4027 2.162254
4028 2.161343
4029 2.160432
4030 2.159522
4031 2.158610
4032 2.157699
4033 2.156787
4034 2.155875
4035 2.154963
4036 2.154051
4037 2.153138
4038 2.152225
4039 2.151312
4040 2.150398
4041 2.149484
4042 2.148570
4043 2.147655
4044 2.146740
4045 2.145824
4046 2.144908
4047 2.143992
4048 2.143075
4049 2.142158
4050 2.141240
4051 2.140322
4052 2.139404
4053 2.138485
4054 2.137566
4055 2.136646
4056 2.135726
4057 2.134805
4058 2.133884
4059 2.132963
4060 2.132041
4061 2.131118
4062 2.130195
4063 2.129272
4064 2.128348
4065 2.127424
4066 2.126500
4067 2.125574
4068 2.124649
4069 2.123723
4070 2.122796
4071 2.121869
4072 2.120942
4073 2.120014
4074 2.119086
4075 2.118157
4076 2.117228
4077 2.116299
4078 2.115368
4079 2.114438
4080 2.113507
4081 2.112576
4082 2.111644
4083 2.110712
4084 2.109779
4085 2.108846
4086 2.107912
4087 2.106978
4088 2.106043
4089 2.105108
4090 2.104173
4091 2.103236
4092 2.102300
4093 2.101363
4094 2.100425
4095 2.099487
4096 2.098549
4097 2.097609
4098 2.096670
4099 2.095729
4100 2.094789
4101 2.093847
4102 2.092905
4103 2.091962
4104 2.091019
4105 2.090075
4106 2.089130
4107 2.088184
4108 2.087238
4109 2.086291
4110 2.085343
4111 2.084394
4112 2.083444
4113 2.082494
4114 2.081542
4115 2.080590
4116 2.079636
4117 2.078682
4118 2.077726
4119 2.076769
4120 2.075811
4121 2.074852
4122 2.073892
4123 2.072930
4124 2.071967
4125 2.071003
4126 2.070037
4127 2.069069
4128 2.068100
4129 2.067130
4130 2.066157
4131 2.065183
4132 2.064208
4133 2.063230
4134 2.062250
4135 2.061269
4136 2.060285
4137 2.059299
4138 2.058312
4139 2.057321
4140 2.056329
4141 2.055334
4142 2.054337
4143 2.053337
4144 2.052334
4145 2.051329
4146 2.050321
4147 2.049310
4148 2.048297
4149 2.047280
4150 2.046260
4151 2.045237
4152 2.044211
4153 2.043181
4154 2.042148
4155 2.041111
4156 2.040071
4157 2.039027
4158 2.037979
4159 2.036928
4160 2.035872
4161 2.034812
4162 2.033748
4163 2.032680
4164 2.031607
4165 2.030529
4166 2.029448
4167 2.028361
4168 2.027269
4169 2.026173
4170 2.025071
4171 2.023965
4172 2.022853
4173 2.021736
4174 2.020613
4175 2.019484
4176 2.018350
4177 2.017210
4178 2.016063
4179 2.014911
4180 2.013752
4181 2.012587
4182 2.011416
4183 2.010237
4184 2.009052
4185 2.007860
4186 2.006661
4187 2.005454
4188 2.004240
4189 2.003018
4190 2.001789
4191 2.000552
4192 1.999306
4193 1.998053
4194 1.996790
4195 1.995520
4196 1.994240
4197 1.992951
4198 1.991653
4199 1.990346
4200 1.989029
4201 1.987702
4202 1.986365
4203 1.985018
4204 1.983660
4205 1.982291
4206 1.980911
4207 1.979520
4208 1.978117
4209 1.976702
4210 1.975275
4211 1.973836
4212 1.972383
4213 1.970918
4214 1.969438
4215 1.967945
4216 1.966438
4217 1.964915
4218 1.963378
4219 1.961825
4220 1.960256
4221 1.958670
4222 1.957068
4223 1.955447
4224 1.953809
4225 1.952151
4226 1.950475
4227 1.948778
4228 1.947060
4229 1.945321
4230 1.943559
4231 1.941774
4232 1.939965
4233 1.938131
4234 1.936270
4235 1.934382
4236 1.932466
4237 1.930519
4238 1.928542
4239 1.926531
4240 1.924486
4241 1.922405
4242 1.920286
4243 1.918126
4244 1.915923
4245 1.913675
4246 1.911379
4247 1.909031
4248 1.906629
4249 1.904168
4250 1.901644
4251 1.899051
4252 1.896385
4253 1.893639
4254 1.890806
4255 1.887877
4256 1.884843
4257 1.881693
4258 1.878413
4259 1.874988
4260 1.871399
4261 1.867626
4262 1.863639
4263 1.859408
4264 1.854890
4265 1.850037
4266 1.844783
4267 1.839048
4268 1.832728
4269 1.825689
4270 1.817756
4271 1.808708
4272 1.798265
4273 1.786099
4274 1.771864
4275 1.755314
4276 1.736521
4277 1.716220
4278 1.696042
4279 1.678227
4280 1.664627
4281 1.655709
4282 1.650564
4283 1.647795
4284 1.646278
4285 1.645347
4286 1.644674
4287 1.644105
4288 1.643574
4289 1.643050
4290 1.642518
4291 1.641974
4292 1.641414
4293 1.640837
4294 1.640243
4295 1.639631
4296 1.639002
4297 1.638357
4298 1.637694
4299 1.637016
4300 1.636321
4301 1.635612
4302 1.634886
4303 1.634147
4304 1.633392
4305 1.632624
4306 1.631842
4307 1.631046
4308 1.630237
4309 1.629416
4310 1.628582
4311 1.627736
4312 1.626879
4313 1.626010
4314 1.625129
4315 1.624238
4316 1.623337
4317 1.622425
4318 1.621503
4319 1.620572
4320 1.619631
4321 1.618682
4322 1.617723
4323 1.616755
4324 1.615779
4325 1.614795
4326 1.613803
4327 1.612804
4328 1.611797
4329 1.610782
4330 1.609760
4331 1.608732
4332 1.607697
4333 1.606655
4334 1.605606
4335 1.604552
4336 1.603491
4337 1.602425
4338 1.601352
4339 1.600275
4340 1.599191
4341 1.598103
4342 1.597009
4343 1.595910
4344 1.594806
4345 1.593697
4346 1.592583
4347 1.591465
4348 1.590342
4349 1.589215
4350 1.588084
4351 1.586948
4352 1.585808
4353 1.584664
4354 1.583516
4355 1.582365
4356 1.581209
4357 1.580050
4358 1.578887
4359 1.577721
4360 1.576551
4361 1.575377
4362 1.574200
4363 1.573020
4364 1.571837
4365 1.570651
4366 1.569461
4367 1.568269
4368 1.567073
4369 1.565874
4370 1.564673
4371 1.563469
4372 1.562262
4373 1.561052
4374 1.559839
4375 1.558624
4376 1.557406
4377 1.556186
4378 1.554963
4379 1.553738
4380 1.552510
4381 1.551280
4382 1.550048
4383 1.548813
4384 1.547576
4385 1.546337
4386 1.545096
4387 1.543852
4388 1.542607
4389 1.541359
4390 1.540110
4391 1.538858
4392 1.537604
4393 1.536349
4394 1.535092
4395 1.533833
4396 1.532572
4397 1.531309
4398 1.530045
4399 1.528779
4400 1.527511
4401 1.526242
4402 1.524971
4403 1.523698
4404 1.522425
4405 1.521149
4406 1.519873
4407 1.518595
4408 1.517315
4409 1.516035
4410 1.514753
4411 1.513470
4412 1.512186
4413 1.510901
4414 1.509615
4415 1.508328
4416 1.507040
4417 1.505751
4418 1.504461
4419 1.503171
4420 1.501879
4421 1.500588
4422 1.499295
4423 1.498002
4424 1.496709
4425 1.495415
4426 1.494121
4427 1.492827
4428 1.491532
4429 1.490238
4430 1.488943
4431 1.487649
4432 1.486354
4433 1.485060
4434 1.483766
4435 1.482472
4436 1.481179
4437 1.479887
4438 1.478595
4439 1.477304
4440 1.476013
4441 1.474724
4442 1.473436
4443 1.472148
4444 1.470863
4445 1.469578
4446 1.468295
4447 1.467014
4448 1.465734
4449 1.464456
4450 1.463180
4451 1.461907
4452 1.460635
4453 1.459366
4454 1.458100
4455 1.456836
4456 1.455574
4457 1.454316
4458 1.453061
4459 1.451809
4460 1.450560
4461 1.449315
4462 1.448073
4463 1.446836
4464 1.445602
4465 1.444372
4466 1.443147
4467 1.441926
4468 1.440709
4469 1.439498
4470 1.438291
4471 1.437089
4472 1.435892
4473 1.434701
4474 1.433516
4475 1.432336
4476 1.431161
4477 1.429993
4478 1.428831
4479 1.427676
4480 1.426526
4481 1.425384
4482 1.424248
4483 1.423119
4484 1.421997
4485 1.420882
4486 1.419774
4487 1.418674
4488 1.417582
4489 1.416497
4490 1.415420
4491 1.414352
4492 1.413291
4493 1.412238
4494 1.411194
4495 1.410158
4496 1.409131
4497 1.408112
4498 1.407102
4499 1.406101
4500 1.405109
4501 1.404125
4502 1.403151
4503 1.402186
4504 1.401230
4505 1.400283
4506 1.399346
4507 1.398418
4508 1.397499
4509 1.396590
4510 1.395690
4511 1.394800
4512 1.393920
4513 1.393048
4514 1.392187
4515 1.391335
4516 1.390493
4517 1.389660
4518 1.388838
4519 1.388024
4520 1.387221
4521 1.386427
4522 1.385642
4523 1.384867
4524 1.384102
4525 1.383346
4526 1.382600
4527 1.381864
4528 1.381136
4529 1.380419
4530 1.379710
4531 1.379011
4532 1.378322
4533 1.377641
4534 1.376970
4535 1.376308
4536 1.375655
4537 1.375011
4538 1.374376
4539 1.373751
4540 1.373134
4541 1.372526
4542 1.371926
4543 1.371336
4544 1.370754
4545 1.370181
4546 1.369616
4547 1.369059
4548 1.368511
4549 1.367972
4550 1.367441
4551 1.366917
4552 1.366402
4553 1.365895
4554 1.365396
4555 1.364905
4556 1.364422
4557 1.363947
4558 1.363479
4559 1.363019
4560 1.362566
4561 1.362121
4562 1.361684
4563 1.361253
4564 1.360830
4565 1.360414
4566 1.360006
4567 1.359604
4568 1.359209
4569 1.358822
4570 1.358441
4571 1.358066
4572 1.357699
4573 1.357338
4574 1.356984
4575 1.356636
4576 1.356295
4577 1.355960
4578 1.355631
4579 1.355309
4580 1.354992
4581 1.354682
4582 1.354378
4583 1.354080
4584 1.353787
4585 1.353501
4586 1.353220
4587 1.352945
4588 1.352675
4589 1.352411
4590 1.352152
4591 1.351899
4592 1.351651
4593 1.351409
4594 1.351172
4595 1.350939
4596 1.350712
4597 1.350490
4598 1.350273
4599 1.350061
4600 1.349854
4601 1.349651
4602 1.349453
4603 1.349260
4604 1.349071
4605 1.348887
4606 1.348707
4607 1.348532
4608 1.348361
4609 1.348194
4610 1.348031
4611 1.347872
4612 1.347718
4613 1.347567
4614 1.347421
4615 1.347278
4616 1.347139
4617 1.347004
4618 1.346872
4619 1.346744
4620 1.346620
4621 1.346499
4622 1.346381
4623 1.346267
4624 1.346155
4625 1.346047
4626 1.345943
4627 1.345841
4628 1.345742
4629 1.345646
4630 1.345553
4631 1.345463
4632 1.345375
4633 1.345290
4634 1.345207
4635 1.345127
4636 1.345049
4637 1.344974
4638 1.344901
4639 1.344830
4640 1.344761
4641 1.344694
4642 1.344629
4643 1.344566
4644 1.344504
4645 1.344444
4646 1.344386
4647 1.344330
4648 1.344274
4649 1.344221
4650 1.344168
4651 1.344117
4652 1.344066
4653 1.344017
4654 1.343969
4655 1.343921
4656 1.343875
4657 1.343829
4658 1.343783
4659 1.343739
4660 1.343694
4661 1.343650
4662 1.343606
4663 1.343563
4664 1.343519
4665 1.343475
4666 1.343432
4667 1.343388
4668 1.343344
4669 1.343300
4670 1.343255
4671 1.343210
4672 1.343164
4673 1.343117
4674 1.343070
4675 1.343022
4676 1.342973
4677 1.342923
4678 1.342872
4679 1.342820
4680 1.342767
4681 1.342713
4682 1.342657
4683 1.342600
4684 1.342542
4685 1.342482
4686 1.342420
4687 1.342357
4688 1.342292
4689 1.342226
4690 1.342157
4691 1.342087
4692 1.342015
4693 1.341942
4694 1.341866
4695 1.341788
4696 1.341708
4697 1.341627
4698 1.341543
4699 1.341457
4700 1.341369
4701 1.341278
4702 1.341186
4703 1.341091
4704 1.340994
4705 1.340895
4706 1.340794
4707 1.340690
4708 1.340584
4709 1.340476
4710 1.340366
4711 1.340253
4712 1.340138
4713 1.340020
4714 1.339900
4715 1.339778
4716 1.339654
4717 1.339527
4718 1.339398
4719 1.339266
4720 1.339132
4721 1.338996
4722 1.338857
4723 1.338716
4724 1.338573
4725 1.338427
4726 1.338279
4727 1.338129
4728 1.337976
4729 1.337821
4730 1.337664
4731 1.337504
4732 1.337342
4733 1.337178
4734 1.337011
4735 1.336842
4736 1.336671
4737 1.336497
4738 1.336321
4739 1.336143
4740 1.335962
4741 1.335780
4742 1.335595
4743 1.335407
4744 1.335218
4745 1.335026
4746 1.334832
4747 1.334635
4748 1.334436
4749 1.334236
4750 1.334032
4751 1.333827
4752 1.333619
4753 1.333410
4754 1.333198
4755 1.332983
4756 1.332767
4757 1.332548
4758 1.332327
4759 1.332104
4760 1.331879
4761 1.331652
4762 1.331422
4763 1.331190
4764 1.330957
4765 1.330721
4766 1.330483
4767 1.330242
4768 1.330000
4769 1.329756
4770 1.329509
4771 1.329260
4772 1.329010
4773 1.328757
4774 1.328502
4775 1.328245
4776 1.327986
4777 1.327726
4778 1.327463
4779 1.327198
4780 1.326931
4781 1.326662
4782 1.326391
4783 1.326119
4784 1.325844
4785 1.325567
4786 1.325289
4787 1.325008
4788 1.324726
4789 1.324442
4790 1.324156
4791 1.323868
4792 1.323579
4793 1.323287
4794 1.322994
4795 1.322699
4796 1.322402
4797 1.322104
4798 1.321804
4799 1.321502
4800 1.321198
4801 1.320893
4802 1.320586
4803 1.320278
4804 1.319968
4805 1.319656
4806 1.319343
4807 1.319028
4808 1.318712
4809 1.318394
4810 1.318074
4811 1.317754
4812 1.317431
4813 1.317108
4814 1.316783
4815 1.316456
4816 1.316129
4817 1.315799
4818 1.315469
4819 1.315137
4820 1.314804
4821 1.314470
4822 1.314134
4823 1.313798
4824 1.313460
4825 1.313121
4826 1.312781
4827 1.312440
4828 1.312097
4829 1.311754
4830 1.311409
4831 1.311064
4832 1.310718
4833 1.310370
4834 1.310022
4835 1.309673
4836 1.309323
4837 1.308972
4838 1.308620
4839 1.308268
4840 1.307914
4841 1.307560
4842 1.307206
4843 1.306850
4844 1.306494
4845 1.306137
4846 1.305780
4847 1.305422
4848 1.305063
4849 1.304704
4850 1.304345
4851 1.303985
4852 1.303624
4853 1.303263
4854 1.302902
4855 1.302540
4856 1.302178
4857 1.301816
4858 1.301453
4859 1.301090
4860 1.300727
4861 1.300363
4862 1.300000
4863 1.299636
4864 1.299272
4865 1.298908
4866 1.298544
4867 1.298180
4868 1.297816
4869 1.297452
4870 1.297088
4871 1.296724
4872 1.296360
4873 1.295996
4874 1.295633
4875 1.295269
4876 1.294906
4877 1.294543
4878 1.294180
4879 1.293817
4880 1.293455
4881 1.293093
4882 1.292731
4883 1.292369
4884 1.292008
4885 1.291648
4886 1.291288
4887 1.290928
4888 1.290569
4889 1.290210
4890 1.289852
4891 1.289494
4892 1.289137
4893 1.288780
4894 1.288424
4895 1.288069
4896 1.287714
4897 1.287360
4898 1.287007
4899 1.286654
4900 1.286302
4901 1.285951
4902 1.285600
4903 1.285251
4904 1.284902
4905 1.284553
4906 1.284206
4907 1.283860
4908 1.283514
4909 1.283169
4910 1.282825
4911 1.282482
4912 1.282140
4913 1.281799
4914 1.281459
4915 1.281120
4916 1.280781
4917 1.280444
4918 1.280107
4919 1.279772
4920 1.279438
4921 1.279104
4922 1.278772
4923 1.278440
4924 1.278110
4925 1.277781
4926 1.277453
4927 1.277125
4928 1.276799
4929 1.276474
4930 1.276150
4931 1.275827
4932 1.275505
4933 1.275185
4934 1.274865
4935 1.274546
4936 1.274229
4937 1.273912
4938 1.273597
4939 1.273283
4940 1.272970
4941 1.272658
4942 1.272347
4943 1.272037
4944 1.271728
4945 1.271420
4946 1.271114
4947 1.270808
4948 1.270504
4949 1.270200
4950 1.269898
4951 1.269597
4952 1.269297
4953 1.268997
4954 1.268699
4955 1.268402
4956 1.268106
4957 1.267811
4958 1.267517
4959 1.267224
4960 1.266932
4961 1.266641
4962 1.266351
4963 1.266062
4964 1.265774
4965 1.265487
4966 1.265200
4967 1.264915
4968 1.264631
4969 1.264347
4970 1.264064
4971 1.263783
4972 1.263502
4973 1.263222
4974 1.262942
4975 1.262664
4976 1.262386
4977 1.262109
4978 1.261833
4979 1.261558
4980 1.261283
4981 1.261009
4982 1.260736
4983 1.260464
4984 1.260192
4985 1.259920
4986 1.259650
4987 1.259380
4988 1.259110
4989 1.258842
4990 1.258573
4991 1.258305
4992 1.258038
4993 1.257771
4994 1.257505
4995 1.257239
4996 1.256974
4997 1.256708
4998 1.256444
4999 1.256179
