0 32.299273
1 33.486502
2 34.145670
3 34.413425
4 34.590532
5 34.728988
6 34.830942
7 34.881805
8 34.844309
9 34.631097
10 34.081514
11 33.183029
12 32.028611
13 30.395171
14 28.226119
15 25.871423
16 23.734707
17 21.988559
18 20.621817
19 19.554761
20 18.693411
21 17.937559
22 17.180628
23 16.331831
24 15.366490
25 14.469223
26 13.689152
27 12.983318
28 12.315051
29 11.651179
30 10.971337
31 10.282431
32 9.606419
33 8.958488
34 8.345294
35 7.769577
36 7.232484
37 6.734257
38 6.274359
39 5.851514
40 5.463690
41 5.108154
42 4.781933
43 4.482440
44 4.207687
45 3.956047
46 3.725954
47 3.515748
48 3.323712
49 3.148186
50 2.987683
51 2.840933
52 2.706865
53 2.584554
54 2.473170
55 2.371931
56 2.280080
57 2.196872
58 2.121573
59 2.053464
60 1.991855
61 1.936084
62 1.885529
63 1.839616
64 1.797815
65 1.759650
66 1.724696
67 1.692577
68 1.662964
69 1.635570
70 1.610149
71 1.586488
72 1.564404
73 1.543741
74 1.524365
75 1.506160
76 1.489027
77 1.472881
78 1.457646
79 1.443256
80 1.429652
81 1.416784
82 1.404603
83 1.393068
84 1.382138
85 1.371777
86 1.361951
87 1.352628
88 1.343778
89 1.335370
90 1.327379
91 1.319776
92 1.312538
93 1.305638
94 1.299054
95 1.292763
96 1.286744
97 1.280976
98 1.275439
99 1.270114
100 1.264984
101 1.260032
102 1.255243
103 1.250601
104 1.246094
105 1.241709
106 1.237435
107 1.233261
108 1.229180
109 1.225182
110 1.221262
111 1.217413
112 1.213632
113 1.209915
114 1.206260
115 1.202665
116 1.199130
117 1.195654
118 1.192240
119 1.188888
120 1.185600
121 1.182378
122 1.179225
123 1.176144
124 1.173136
125 1.170204
126 1.167350
127 1.164575
128 1.161880
129 1.159264
130 1.156727
131 1.154267
132 1.151881
133 1.149565
134 1.147316
135 1.145127
136 1.142992
137 1.140903
138 1.138853
139 1.136833
140 1.134833
141 1.132844
142 1.130856
143 1.128857
144 1.126837
145 1.124786
146 1.122691
147 1.120544
148 1.118331
149 1.116044
150 1.113671
151 1.111202
152 1.108627
153 1.105938
154 1.103124
155 1.100179
156 1.097095
157 1.093865
158 1.090484
159 1.086947
160 1.083252
161 1.079397
162 1.075381
163 1.071206
164 1.066875
165 1.062393
166 1.057767
167 1.053005
168 1.048117
169 1.043115
170 1.038012
171 1.032823
172 1.027564
173 1.022251
174 1.016903
175 1.011538
176 1.006175
177 1.000834
178 0.995531
179 0.990287
180 0.985119
181 0.980042
182 0.975074
183 0.970227
184 0.965515
185 0.960949
186 0.956539
187 0.952292
188 0.948215
189 0.944313
190 0.940591
191 0.937049
192 0.933691
193 0.930516
194 0.927524
195 0.924714
196 0.922085
197 0.919633
198 0.917357
199 0.915254
200 0.913321
201 0.911554
202 0.909951
203 0.908507
204 0.907219
205 0.906085
206 0.905099
207 0.904260
208 0.903563
209 0.903005
210 0.902582
211 0.902292
212 0.902131
213 0.902096
214 0.902184
215 0.902393
216 0.902718
217 0.903157
218 0.903708
219 0.904369
220 0.905135
221 0.906006
222 0.906978
223 0.908050
224 0.909220
225 0.910485
226 0.911844
227 0.913295
228 0.914837
229 0.916468
230 0.918187
231 0.919992
232 0.921883
233 0.923857
234 0.925915
235 0.928055
236 0.930276
237 0.932576
238 0.934955
239 0.937411
240 0.939944
241 0.942551
242 0.945230
243 0.947980
244 0.950799
245 0.953684
246 0.956632
247 0.959640
248 0.962705
249 0.965823
250 0.968989
251 0.972199
252 0.975448
253 0.978732
254 0.982044
255 0.985380
256 0.988733
257 0.992098
258 0.995470
259 0.998842
260 1.002209
261 1.005566
262 1.008908
263 1.012231
264 1.015529
265 1.018800
266 1.022039
267 1.025244
268 1.028412
269 1.031540
270 1.034628
271 1.037674
272 1.040678
273 1.043639
274 1.046558
275 1.049436
276 1.052273
277 1.055073
278 1.057837
279 1.060569
280 1.063272
281 1.065951
282 1.068612
283 1.071259
284 1.073901
285 1.076543
286 1.079196
287 1.081869
288 1.084574
289 1.087322
290 1.090128
291 1.093010
292 1.095985
293 1.099076
294 1.102310
295 1.105716
296 1.109333
297 1.113206
298 1.117392
299 1.121964
300 1.127019
301 1.132687
302 1.139147
303 1.146658
304 1.155595
305 1.166503
306 1.180116
307 1.197184
308 1.217862
309 1.241393
310 1.268093
311 1.301002
312 1.348121
313 1.418643
314 1.498896
315 1.569147
316 1.633848
317 1.681460
318 1.712281
319 1.733422
320 1.747141
321 1.755423
322 1.760975
323 1.766044
324 1.771382
325 1.776896
326 1.782427
327 1.787894
328 1.793265
329 1.798536
330 1.803716
331 1.808821
332 1.813869
333 1.818883
334 1.823882
335 1.828887
336 1.833916
337 1.838989
338 1.844122
339 1.849331
340 1.854633
341 1.860041
342 1.865566
343 1.871218
344 1.877004
345 1.882925
346 1.888978
347 1.895152
348 1.901432
349 1.907794
350 1.914212
351 1.920655
352 1.927092
353 1.933492
354 1.939822
355 1.946045
356 1.952118
357 1.957985
358 1.963579
359 1.968824
360 1.973633
361 1.977926
362 1.981641
363 1.984755
364 1.987291
365 1.989325
366 1.990956
367 1.992269
368 1.993287
369 1.993907
370 1.993803
371 1.992228
372 1.987498
373 1.975182
374 1.942521
375 1.886560
376 1.901476
377 1.876895
378 1.887692
379 1.875706
380 1.873288
381 1.867924
382 1.862290
383 1.857509
384 1.854830
385 1.854618
386 1.855962
387 1.857516
388 1.858106
389 1.856905
390 1.853672
391 1.849088
392 1.845041
393 1.843645
394 1.844872
395 1.847090
396 1.848917
397 1.849208
398 1.846784
399 1.841047
400 1.834402
401 1.832838
402 1.834924
403 1.836383
404 1.836750
405 1.835786
406 1.833691
407 1.831453
408 1.830065
409 1.829122
410 1.828029
411 1.826883
412 1.825724
413 1.824557
414 1.823390
415 1.822218
416 1.821051
417 1.819873
418 1.818721
419 1.817494
420 1.816490
421 1.814720
422 1.815824
423 1.805169
424 1.849712
425 1.786948
426 1.902696
427 1.550184
428 1.955472
429 1.435056
430 1.857934
431 1.422290
432 1.859095
433 1.415004
434 1.858282
435 1.411715
436 1.856448
437 1.411378
438 1.854211
439 1.413097
440 1.851776
441 1.416076
442 1.849153
443 1.419641
444 1.846286
445 1.423265
446 1.843092
447 1.426577
448 1.839442
449 1.429366
450 1.835149
451 1.431586
452 1.830001
453 1.433413
454 1.823959
455 1.435431
456 1.817790
457 1.438936
458 1.814283
459 1.444450
460 1.816412
461 1.447831
462 1.818329
463 1.452823
464 1.824673
465 1.452570
466 1.822369
467 1.470540
468 1.855207
469 1.440860
470 1.800124
471 1.906926
472 1.521225
473 1.538134
474 1.534818
475 1.460005
476 1.869690
477 1.525438
478 1.488120
479 1.498043
480 1.423996
481 1.438579
482 1.449544
483 1.421691
484 1.457147
485 1.359927
486 1.486994
487 1.740526
488 1.401469
489 1.511431
490 1.496308
491 1.466832
492 1.550453
493 1.783624
494 1.264132
495 1.457250
496 1.772567
497 1.264705
498 1.574532
499 1.446550
500 1.742465
501 1.306912
502 1.466446
503 1.458717
504 1.470076
505 1.449235
506 1.435064
507 1.565329
508 1.516879
509 1.498137
510 1.415055
511 1.230534
512 1.337804
513 1.475219
514 1.420095
515 1.417619
516 1.406419
517 1.424758
518 1.433742
519 1.201807
520 1.584593
521 1.524118
522 1.250391
523 1.419931
524 1.548074
525 1.518132
526 1.234916
527 1.261241
528 1.317799
529 1.379734
530 1.336625
531 1.368203
532 1.289157
533 1.272847
534 1.244494
535 1.240447
536 1.268141
537 1.253003
538 1.253827
539 1.259192
540 1.260166
541 1.262119
542 1.262631
543 1.263204
544 1.263366
545 1.263644
546 1.263764
547 1.264089
548 1.264290
549 1.264837
550 1.265147
551 1.266109
552 1.266582
553 1.268249
554 1.273233
555 1.284852
556 1.445630
557 1.621655
558 1.758633
559 1.381385
560 1.299471
561 1.310216
562 1.318216
563 1.451972
564 1.626666
565 1.779531
566 1.325092
567 1.333389
568 1.327698
569 1.327231
570 1.345122
571 1.356596
572 1.382873
573 1.555602
574 1.653829
575 1.811364
576 1.594008
577 1.849135
578 1.613467
579 1.844888
580 1.623088
581 1.839534
582 1.617516
583 1.829091
584 1.581737
585 1.821264
586 1.524883
587 1.755917
588 1.802150
589 1.786390
590 1.664475
591 1.799333
592 1.512353
593 1.871169
594 1.774332
595 1.863382
596 1.765200
597 2.082693
598 1.826421
599 2.180649
600 2.283954
601 2.300546
602 2.301551
603 2.265975
604 2.226170
605 2.004541
606 2.001233
607 1.825951
608 1.866697
609 1.847890
610 1.799805
611 1.747348
612 1.706045
613 1.695103
614 1.815307
615 2.036036
616 1.778483
617 1.933576
618 2.235955
619 1.944470
620 2.033864
621 2.044215
622 2.032109
623 2.032046
624 2.037699
625 2.079090
626 2.049139
627 2.049071
628 2.056462
629 2.046173
630 2.118755
631 2.232436
632 2.013877
633 2.169577
634 2.246215
635 2.257154
636 2.254760
637 2.251620
638 2.254447
639 2.257179
640 2.261788
641 2.272027
642 2.270858
643 2.294077
644 2.299105
645 2.308182
646 2.316069
647 2.320890
648 2.324386
649 2.326790
650 2.326617
651 2.321917
652 2.317128
653 2.311119
654 2.294066
655 2.289500
656 2.271364
657 2.279891
658 2.269256
659 2.260151
660 2.273643
661 2.258621
662 2.302475
663 2.234101
664 2.275405
665 2.282685
666 2.278674
667 2.319967
668 2.291956
669 2.315514
670 2.304883
671 2.306894
672 2.309104
673 2.328069
674 2.317348
675 2.333420
676 2.329365
677 2.333995
678 2.337757
679 2.341066
680 2.342504
681 2.345885
682 2.348154
683 2.348433
684 2.354797
685 2.353244
686 2.354983
687 2.357210
688 2.361871
689 2.360568
690 2.334140
691 2.294677
692 2.374424
693 2.297246
694 2.374183
695 2.298047
696 2.378376
697 2.309335
698 2.370107
699 2.301218
700 2.371055
701 2.327474
702 2.324018
703 2.304573
704 2.388471
705 2.313328
706 2.310652
707 2.300730
708 2.362927
709 2.242928
710 2.295768
711 2.337831
712 2.295072
713 2.385438
714 2.280177
715 2.317561
716 2.333779
717 2.338979
718 2.301870
719 2.315822
720 2.316417
721 2.308497
722 2.311463
723 2.340821
724 1.952472
725 2.146849
726 2.309663
727 2.326353
728 2.251914
729 2.117209
730 2.352801
731 2.255152
732 2.265275
733 2.261613
734 2.307159
735 2.268963
736 2.287014
737 2.300596
738 2.310475
739 2.319442
740 2.326049
741 2.327428
742 2.321350
743 2.310341
744 2.302709
745 2.300002
746 2.297993
747 2.295741
748 2.293356
749 2.291039
750 2.289050
751 2.287705
752 2.287257
753 2.287708
754 2.288705
755 2.289572
756 2.289144
757 2.285394
758 2.275204
759 2.254567
760 2.223955
761 2.220176
762 2.198292
763 2.175756
764 1.982174
765 2.250140
766 2.215454
767 2.194135
768 2.347805
769 2.179654
770 1.940606
771 2.302546
772 2.283636
773 2.246031
774 2.205450
775 2.214237
776 2.178900
777 1.931069
778 2.306271
779 2.280587
780 2.234530
781 2.199531
782 1.963801
783 2.267859
784 2.219503
785 2.212616
786 2.230437
787 2.203620
788 1.937967
789 2.296111
790 2.250012
791 2.215938
792 2.006962
793 2.268610
794 2.227614
795 2.433701
796 2.202752
797 1.967743
798 2.335832
799 2.321770
800 2.299711
801 2.258033
802 2.221542
803 1.947383
804 2.313544
805 2.280637
806 2.244522
807 2.058623
808 2.295800
809 2.257560
810 2.509829
811 2.055086
812 2.064994
813 2.371789
814 2.355739
815 2.341156
816 2.327161
817 2.304451
818 2.250516
819 1.972593
820 2.333376
821 2.313587
822 2.248091
823 2.076368
824 2.321233
825 2.270571
826 1.985637
827 2.335547
828 2.314996
829 2.517621
830 2.568625
831 2.385951
832 2.286255
833 2.063065
834 2.373119
835 2.355658
836 2.340001
837 2.325696
838 2.656285
839 2.081484
840 2.443890
841 2.343390
842 2.272756
843 2.407143
844 2.675860
845 2.295715
846 2.348843
847 2.239252
848 2.441892
849 2.671321
850 2.637169
851 2.456820
852 2.593531
853 2.381147
854 2.413252
855 2.494603
856 2.262466
857 2.456101
858 2.329301
859 2.376129
860 2.373022
861 2.446794
862 2.221370
863 2.848993
864 2.455953
865 2.476647
866 2.402083
867 2.403353
868 2.372341
869 2.379632
870 2.376380
871 2.381496
872 2.392026
873 2.400399
874 2.406771
875 2.414309
876 2.422780
877 2.432583
878 2.441446
879 2.447634
880 2.452706
881 2.457041
882 2.459749
883 2.481052
884 2.442501
885 2.454638
886 2.476563
887 2.444048
888 2.448925
889 2.454656
890 2.443606
891 2.439228
892 2.420127
893 2.403341
894 2.398528
895 2.391301
896 2.381365
897 2.363002
898 2.323531
899 2.296825
900 2.061103
901 2.345881
902 2.119625
903 2.258028
904 2.109540
905 2.379332
906 2.372056
907 2.332356
908 2.333198
909 2.246248
910 2.098062
911 2.625005
912 2.391703
913 2.591521
914 2.042443
915 2.322650
916 2.340616
917 2.104089
918 2.468922
919 2.050769
920 2.402607
921 2.424817
922 2.398677
923 2.315974
924 2.078951
925 2.243445
926 2.170975
927 2.223473
928 2.117720
929 2.075549
930 2.313188
931 2.117317
932 2.260980
933 2.441942
934 2.247525
935 2.102407
936 2.303959
937 2.150489
938 2.093511
939 2.183785
940 1.764190
941 2.157160
942 2.157707
943 2.083735
944 2.073717
945 2.075733
946 2.079074
947 2.084195
948 2.089137
949 2.093647
950 2.096430
951 2.097081
952 2.096246
953 2.095694
954 2.098132
955 2.105854
956 2.120411
957 2.166969
958 2.183103
959 2.245013
960 2.383354
961 2.165071
962 2.183500
963 2.301580
964 2.305143
965 2.309086
966 3.198430
967 1.733864
968 1.766653
969 1.719711
970 1.703181
971 1.714606
972 1.788404
973 2.378318
974 2.625480
975 2.477108
976 2.465644
977 2.307918
978 2.306102
979 2.299494
980 2.256511
981 2.362493
982 2.301441
983 2.299404
984 2.286179
985 2.171696
986 2.163765
987 2.174042
988 2.174532
989 2.192062
990 2.189749
991 2.198073
992 2.183422
993 3.722625
994 2.318937
995 3.489112
996 1.766328
997 1.678400
998 1.668578
999 1.719431
1000 3.035123
1001 2.354790
1002 1.700671
1003 1.774255
1004 2.401651
1005 2.814333
1006 2.854731
1007 2.822122
1008 2.617955
1009 2.762965
1010 2.740947
1011 2.556641
1012 2.409945
1013 2.452766
1014 2.576578
1015 2.281965
1016 2.507961
1017 2.365714
1018 2.238344
1019 2.264024
1020 2.258451
1021 2.334338
1022 2.282230
1023 2.304949
1024 2.302139
1025 2.297002
1026 2.289791
1027 2.279282
1028 2.263654
1029 2.927988
1030 1.732103
1031 1.688015
1032 1.659390
1033 1.634426
1034 1.626661
1035 1.650620
1036 1.713063
1037 2.072273
1038 2.063207
1039 2.322207
1040 2.531712
1041 2.623137
1042 2.390967
1043 2.732391
1044 2.863666
1045 2.404414
1046 2.307874
1047 3.112118
1048 3.501801
1049 3.203996
1050 2.714501
1051 3.347767
1052 2.520507
1053 1.986010
1054 2.301226
1055 2.382477
1056 2.572536
1057 2.656275
1058 3.155863
1059 2.846934
1060 2.788981
1061 2.936031
1062 2.763609
1063 2.707554
1064 3.459100
1065 4.031862
1066 1.768734
1067 2.486952
1068 2.613816
1069 2.014255
1070 3.080834
1071 2.531916
1072 2.560099
1073 2.598376
1074 2.773877
1075 2.641388
1076 2.450053
1077 2.448759
1078 2.527567
1079 2.187173
1080 2.657884
1081 2.599178
1082 2.239296
1083 2.443063
1084 2.372487
1085 2.606307
1086 2.465497
1087 2.438858
1088 2.368676
1089 2.259759
1090 2.617464
1091 2.338412
1092 2.272444
1093 3.120969
1094 3.027020
1095 3.088271
1096 2.904570
1097 2.429762
1098 2.607740
1099 2.152351
1100 3.585656
1101 2.568215
1102 2.532048
1103 3.912980
1104 2.634117
1105 2.854279
1106 3.044909
1107 2.651894
1108 2.868213
1109 2.521066
1110 2.518027
1111 2.454110
1112 2.515898
1113 2.265658
1114 3.428018
1115 2.447725
1116 2.228951
1117 2.667710
1118 2.542732
1119 2.317232
1120 2.249210
1121 2.921231
1122 3.147610
1123 2.558834
1124 2.150101
1125 3.067495
1126 2.312843
1127 4.136849
1128 2.572526
1129 1.964949
1130 4.397124
1131 3.237918
1132 2.544516
1133 1.973294
1134 2.499034
1135 1.969158
1136 2.012113
1137 4.090353
1138 2.528517
1139 4.542954
1140 2.446291
1141 1.976157
1142 1.973074
1143 2.448646
1144 1.969824
1145 2.014671
1146 4.184271
1147 4.034378
1148 2.403377
1149 2.009986
1150 4.082961
1151 2.563252
1152 2.025283
1153 2.520260
1154 2.018932
1155 2.558946
1156 2.023623
1157 2.591132
1158 2.025551
1159 2.548111
1160 2.024995
1161 2.593534
1162 2.023856
1163 2.576219
1164 2.021910
1165 2.602076
1166 2.022317
1167 2.618210
1168 2.022018
1169 2.617902
1170 2.017899
1171 2.902180
1172 2.016279
1173 3.150500
1174 2.602952
1175 1.986940
1176 2.512787
1177 2.811940
1178 1.979469
1179 2.617280
1180 3.532787
1181 4.230516
1182 2.022696
1183 2.638230
1184 1.995503
1185 2.606070
1186 1.984980
1187 2.517498
1188 2.589908
1189 2.582559
1190 4.385135
1191 2.547229
1192 3.654704
1193 2.592142
1194 4.104878
1195 4.383804
1196 2.886947
1197 4.275095
1198 1.966901
1199 1.985017
1200 2.300761
1201 1.983345
1202 4.528446
1203 1.988729
1204 2.849835
1205 3.151004
1206 4.393407
1207 2.813765
1208 1.991356
1209 2.605555
1210 1.975493
1211 3.106095
1212 1.981304
1213 2.539972
1214 2.762920
1215 3.853564
1216 2.082979
1217 2.810171
1218 2.736901
1219 1.971804
1220 4.725496
1221 2.579342
1222 3.740810
1223 1.999382
1224 4.393780
1225 2.844859
1226 4.500650
1227 2.892540
1228 4.234647
1229 2.615544
1230 1.970931
1231 2.676640
1232 2.271147
1233 1.980679
1234 2.602150
1235 2.577234
1236 1.967474
1237 2.827116
1238 2.599223
1239 2.594247
1240 1.979223
1241 2.445058
1242 2.758672
1243 4.500660
1244 2.764027
1245 2.663328
1246 4.507591
1247 2.678139
1248 2.633951
1249 2.794517
1250 1.966155
1251 2.743152
1252 3.830973
1253 4.456149
1254 2.713785
1255 3.531639
1256 4.211929
1257 1.975300
1258 2.221052
1259 1.977402
1260 2.637452
1261 2.626805
1262 3.510979
1263 2.791143
1264 1.963790
1265 3.385234
1266 2.647790
1267 4.642692
1268 1.988206
1269 2.663883
1270 2.661186
1271 4.653545
1272 1.990526
1273 2.675404
1274 3.467606
1275 2.789900
1276 1.976788
1277 1.945000
1278 1.979339
1279 2.096457
1280 2.419425
1281 3.654407
1282 2.571155
1283 2.547261
1284 2.547583
1285 2.541514
1286 2.529341
1287 2.512193
1288 2.491633
1289 2.469071
1290 2.445368
1291 2.420944
1292 2.396034
1293 2.370825
1294 2.345533
1295 2.320434
1296 2.295872
1297 2.272208
1298 2.249750
1299 2.228688
1300 2.209082
1301 2.190890
1302 2.174004
1303 2.158291
1304 2.143614
1305 2.129854
1306 2.116915
1307 2.104725
1308 2.093234
1309 2.082409
1310 2.072227
1311 2.062672
1312 2.053727
1313 2.045375
1314 2.037596
1315 2.030363
1316 2.023649
1317 2.017424
1318 2.011655
1319 2.006311
1320 2.001360
1321 1.996772
1322 1.992517
1323 1.988568
1324 1.984898
1325 1.981486
1326 1.978307
1327 1.975342
1328 1.972573
1329 1.969981
1330 1.967552
1331 1.965270
1332 1.963123
1333 1.961097
1334 1.959182
1335 1.957366
1336 1.955639
1337 1.953991
1338 1.952413
1339 1.950895
1340 1.949428
1341 1.948001
1342 1.946605
1343 1.945227
1344 1.943852
1345 1.942460
1346 1.941026
1347 1.939508
1348 1.937838
1349 1.935898
1350 1.933471
1351 1.930163
1352 1.925309
1353 1.917991
1354 1.907516
1355 1.894518
1356 1.881444
1357 1.870820
1358 1.863383
1359 1.858497
1360 1.855288
1361 1.853113
1362 1.851573
1363 1.850435
1364 1.849564
1365 1.848877
1366 1.848324
1367 1.847874
1368 1.847504
1369 1.847200
1370 1.846952
1371 1.846751
1372 1.846591
1373 1.846467
1374 1.846375
1375 1.846311
1376 1.846272
1377 1.846256
1378 1.846259
1379 1.846281
1380 1.846318
1381 1.846370
1382 1.846434
1383 1.846510
1384 1.846595
1385 1.846690
1386 1.846793
1387 1.846902
1388 1.847018
1389 1.847139
1390 1.847265
1391 1.847395
1392 1.847529
1393 1.847666
1394 1.847805
1395 1.847947
1396 1.848091
1397 1.848236
1398 1.848382
1399 1.848529
1400 1.848677
1401 1.848825
1402 1.848974
1403 1.849123
1404 1.849271
1405 1.849420
1406 1.849568
1407 1.849715
1408 1.849862
1409 1.850008
1410 1.850154
1411 1.850299
1412 1.850443
1413 1.850585
1414 1.850727
1415 1.850868
1416 1.851008
1417 1.851147
1418 1.851285
1419 1.851422
1420 1.851558
1421 1.851692
1422 1.851826
1423 1.851958
1424 1.852090
1425 1.852220
1426 1.852349
1427 1.852478
1428 1.852605
1429 1.852731
1430 1.852857
1431 1.852981
1432 1.853105
1433 1.853227
1434 1.853349
1435 1.853470
1436 1.853590
1437 1.853710
1438 1.853828
1439 1.853946
1440 1.854064
1441 1.854180
1442 1.854297
1443 1.854412
1444 1.854527
1445 1.854642
1446 1.854756
1447 1.854870
1448 1.854984
1449 1.855097
1450 1.855210
1451 1.855323
1452 1.855436
1453 1.855548
1454 1.855661
1455 1.855773
1456 1.855886
1457 1.855998
1458 1.856111
1459 1.856224
1460 1.856337
1461 1.856450
1462 1.856564
1463 1.856678
1464 1.856792
1465 1.856907
1466 1.857022
1467 1.857138
1468 1.857255
1469 1.857372
1470 1.857490
1471 1.857609
1472 1.857728
1473 1.857849
1474 1.857970
1475 1.858093
1476 1.858216
1477 1.858341
1478 1.858467
1479 1.858594
1480 1.858723
1481 1.858852
1482 1.858984
1483 1.859117
1484 1.859251
1485 1.859387
1486 1.859525
1487 1.859665
1488 1.859807
1489 1.859951
1490 1.860096
1491 1.860244
1492 1.860395
1493 1.860547
1494 1.860702
1495 1.860860
1496 1.861020
1497 1.861183
1498 1.861348
1499 1.861517
1500 1.861689
1501 1.861864
1502 1.862042
1503 1.862223
1504 1.862408
1505 1.862597
1506 1.862790
1507 1.862986
1508 1.863187
1509 1.863392
1510 1.863601
1511 1.863815
1512 1.864033
1513 1.864256
1514 1.864485
1515 1.864719
1516 1.864958
1517 1.865203
1518 1.865453
1519 1.865710
1520 1.865973
1521 1.866243
1522 1.866519
1523 1.866803
1524 1.867094
1525 1.867392
1526 1.867699
1527 1.868014
1528 1.868337
1529 1.868669
1530 1.869011
1531 1.869362
1532 1.869724
1533 1.870095
1534 1.870478
1535 1.870872
1536 1.871278
1537 1.871696
1538 1.872128
1539 1.872572
1540 1.873031
1541 1.873504
1542 1.873993
1543 1.874498
1544 1.875020
1545 1.875559
1546 1.876117
1547 1.876694
1548 1.877291
1549 1.877910
1550 1.878551
1551 1.879215
1552 1.879904
1553 1.880619
1554 1.881362
1555 1.882133
1556 1.882934
1557 1.883767
1558 1.884635
1559 1.885538
1560 1.886478
1561 1.887459
1562 1.888482
1563 1.889550
1564 1.890666
1565 1.891832
1566 1.893053
1567 1.894331
1568 1.895671
1569 1.897076
1570 1.898552
1571 1.900103
1572 1.901735
1573 1.903454
1574 1.905266
1575 1.907180
1576 1.909204
1577 1.911347
1578 1.913619
1579 1.916033
1580 1.918602
1581 1.921342
1582 1.924272
1583 1.927411
1584 1.930786
1585 1.934425
1586 1.938367
1587 1.942658
1588 1.947365
1589 1.952585
1590 1.958500
1591 1.965500
1592 1.974573
1593 1.987917
1594 2.006606
1595 2.023763
1596 2.039870
1597 2.059153
1598 2.080912
1599 2.106878
1600 2.137139
1601 2.170653
1602 2.203449
1603 2.230867
1604 2.251363
1605 2.265733
1606 2.274828
1607 2.279297
1608 2.279807
1609 2.277119
1610 2.272058
1611 2.265449
1612 2.258045
1613 2.250459
1614 2.243151
1615 2.236432
1616 2.230485
1617 2.225392
1618 2.221147
1619 2.217676
1620 2.214858
1621 2.212552
1622 2.210609
1623 2.208893
1624 2.207288
1625 2.205705
1626 2.204076
1627 2.202353
1628 2.200508
1629 2.198523
1630 2.196389
1631 2.194105
1632 2.191675
1633 2.189108
1634 2.186414
1635 2.183610
1636 2.180712
1637 2.177742
1638 2.174722
1639 2.171678
1640 2.168633
1641 2.165614
1642 2.162642
1643 2.159736
1644 2.156913
1645 2.154182
1646 2.151553
1647 2.149030
1648 2.146613
1649 2.144302
1650 2.142097
1651 2.139994
1652 2.137991
1653 2.136084
1654 2.134269
1655 2.132544
1656 2.130905
1657 2.129348
1658 2.127870
1659 2.126468
1660 2.125139
1661 2.123881
1662 2.122690
1663 2.121563
1664 2.120499
1665 2.119495
1666 2.118548
1667 2.117656
1668 2.116817
1669 2.116029
1670 2.115290
1671 2.114598
1672 2.113951
1673 2.113348
1674 2.112786
1675 2.112264
1676 2.111781
1677 2.111335
1678 2.110924
1679 2.110547
1680 2.110203
1681 2.109890
1682 2.109607
1683 2.109353
1684 2.109127
1685 2.108927
1686 2.108752
1687 2.108601
1688 2.108474
1689 2.108369
1690 2.108285
1691 2.108221
1692 2.108177
1693 2.108151
1694 2.108143
1695 2.108152
1696 2.108177
1697 2.108217
1698 2.108272
1699 2.108341
1700 2.108423
1701 2.108518
1702 2.108625
1703 2.108743
1704 2.108873
1705 2.109012
1706 2.109162
1707 2.109321
1708 2.109489
1709 2.109665
1710 2.109850
1711 2.110042
1712 2.110241
1713 2.110447
1714 2.110660
1715 2.110879
1716 2.111103
1717 2.111333
1718 2.111569
1719 2.111809
1720 2.112054
1721 2.112304
1722 2.112557
1723 2.112815
1724 2.113076
1725 2.113341
1726 2.113609
1727 2.113880
1728 2.114154
1729 2.114431
1730 2.114711
1731 2.114993
1732 2.115277
1733 2.115563
1734 2.115852
1735 2.116142
1736 2.116434
1737 2.116728
1738 2.117023
1739 2.117319
1740 2.117617
1741 2.117916
1742 2.118217
1743 2.118518
1744 2.118820
1745 2.119123
1746 2.119427
1747 2.119732
1748 2.120037
1749 2.120344
1750 2.120650
1751 2.120957
1752 2.121265
1753 2.121573
1754 2.121881
1755 2.122190
1756 2.122499
1757 2.122808
1758 2.123117
1759 2.123426
1760 2.123736
1761 2.124045
1762 2.124355
1763 2.124665
1764 2.124974
1765 2.125284
1766 2.125593
1767 2.125903
1768 2.126212
1769 2.126521
1770 2.126830
1771 2.127139
1772 2.127447
1773 2.127755
1774 2.128063
1775 2.128371
1776 2.128679
1777 2.128986
1778 2.129293
1779 2.129599
1780 2.129905
1781 2.130211
1782 2.130517
1783 2.130822
1784 2.131126
1785 2.131431
1786 2.131734
1787 2.132038
1788 2.132341
1789 2.132643
1790 2.132945
1791 2.133247
1792 2.133548
1793 2.133849
1794 2.134149
1795 2.134449
1796 2.134748
1797 2.135047
1798 2.135345
1799 2.135642
1800 2.135939
1801 2.136236
1802 2.136532
1803 2.136827
1804 2.137122
1805 2.137416
1806 2.137710
1807 2.138003
1808 2.138295
1809 2.138587
1810 2.138878
1811 2.139169
1812 2.139459
1813 2.139748
1814 2.140037
1815 2.140325
1816 2.140612
1817 2.140899
1818 2.141185
1819 2.141470
1820 2.141755
1821 2.142039
1822 2.142322
1823 2.142604
1824 2.142886
1825 2.143167
1826 2.143447
1827 2.143727
1828 2.144006
1829 2.144283
1830 2.144561
1831 2.144837
1832 2.145113
1833 2.145387
1834 2.145661
1835 2.145934
1836 2.146207
1837 2.146478
1838 2.146749
1839 2.147018
1840 2.147287
1841 2.147555
1842 2.147822
1843 2.148088
1844 2.148353
1845 2.148617
1846 2.148880
1847 2.149142
1848 2.149404
1849 2.149664
1850 2.149923
1851 2.150181
1852 2.150438
1853 2.150694
1854 2.150949
1855 2.151203
1856 2.151456
1857 2.151708
1858 2.151958
1859 2.152208
1860 2.152456
1861 2.152704
1862 2.152950
1863 2.153195
1864 2.153439
1865 2.153681
1866 2.153923
1867 2.154163
1868 2.154402
1869 2.154640
1870 2.154876
1871 2.155111
1872 2.155345
1873 2.155578
1874 2.155810
1875 2.156040
1876 2.156269
1877 2.156497
1878 2.156723
1879 2.156948
1880 2.157172
1881 2.157394
1882 2.157616
1883 2.157835
1884 2.158054
1885 2.158271
1886 2.158487
1887 2.158702
1888 2.158915
1889 2.159127
1890 2.159337
1891 2.159546
1892 2.159754
1893 2.159960
1894 2.160165
1895 2.160369
1896 2.160571
1897 2.160772
1898 2.160971
1899 2.161169
1900 2.161366
1901 2.161561
1902 2.161755
1903 2.161947
1904 2.162138
1905 2.162328
1906 2.162516
1907 2.162703
1908 2.162888
1909 2.163072
1910 2.163255
1911 2.163436
1912 2.163615
1913 2.163793
1914 2.163970
1915 2.164145
1916 2.164318
1917 2.164490
1918 2.164661
1919 2.164830
1920 2.164998
1921 2.165164
1922 2.165329
1923 2.165492
1924 2.165653
1925 2.165814
1926 2.165972
1927 2.166129
1928 2.166285
1929 2.166438
1930 2.166591
1931 2.166742
1932 2.166891
1933 2.167038
1934 2.167184
1935 2.167329
1936 2.167472
1937 2.167613
1938 2.167753
1939 2.167891
1940 2.168027
1941 2.168162
1942 2.168295
1943 2.168427
1944 2.168556
1945 2.168685
1946 2.168811
1947 2.168936
1948 2.169059
1949 2.169181
1950 2.169301
1951 2.169419
1952 2.169536
1953 2.169651
1954 2.169764
1955 2.169875
1956 2.169985
1957 2.170093
1958 2.170200
1959 2.170305
1960 2.170408
1961 2.170509
1962 2.170609
1963 2.170707
1964 2.170803
1965 2.170898
1966 2.170991
1967 2.171082
1968 2.171172
1969 2.171260
1970 2.171346
1971 2.171431
1972 2.171514
1973 2.171595
1974 2.171675
1975 2.171753
1976 2.171830
1977 2.171905
1978 2.171979
1979 2.172051
1980 2.172121
1981 2.172190
1982 2.172258
1983 2.172324
1984 2.172389
1985 2.172452
1986 2.172514
1987 2.172575
1988 2.172635
1989 2.172693
1990 2.172750
1991 2.172806
1992 2.172861
1993 2.172915
1994 2.172968
1995 2.173019
1996 2.173070
1997 2.173121
1998 2.173170
1999 2.173218
2000 2.173266
2001 2.173314
2002 2.173361
2003 2.173407
2004 2.173453
2005 2.173499
2006 2.173544
2007 2.173590
2008 2.173635
2009 2.173680
2010 2.173726
2011 2.173772
2012 2.173817
2013 2.173864
2014 2.173911
2015 2.173958
2016 2.174006
2017 2.174055
2018 2.174104
2019 2.174155
2020 2.174207
2021 2.174259
2022 2.174313
2023 2.174369
2024 2.174425
2025 2.174484
2026 2.174543
2027 2.174605
2028 2.174668
2029 2.174734
2030 2.174801
2031 2.174870
2032 2.174941
2033 2.175015
2034 2.175091
2035 2.175169
2036 2.175250
2037 2.175333
2038 2.175418
2039 2.175506
2040 2.175597
2041 2.175691
2042 2.175787
2043 2.175886
2044 2.175988
2045 2.176093
2046 2.176200
2047 2.176311
2048 2.176424
2049 2.176541
2050 2.176660
2051 2.176782
2052 2.176907
2053 2.177036
2054 2.177167
2055 2.177301
2056 2.177438
2057 2.177578
2058 2.177721
2059 2.177867
2060 2.178016
2061 2.178167
2062 2.178322
2063 2.178479
2064 2.178639
2065 2.178802
2066 2.178967
2067 2.179135
2068 2.179306
2069 2.179480
2070 2.179656
2071 2.179834
2072 2.180015
2073 2.180199
2074 2.180385
2075 2.180573
2076 2.180763
2077 2.180956
2078 2.181151
2079 2.181349
2080 2.181548
2081 2.181750
2082 2.181953
2083 2.182159
2084 2.182367
2085 2.182576
2086 2.182788
2087 2.183001
2088 2.183217
2089 2.183434
2090 2.183652
2091 2.183873
2092 2.184095
2093 2.184319
2094 2.184544
2095 2.184771
2096 2.184999
2097 2.185229
2098 2.185461
2099 2.185694
2100 2.185928
2101 2.186164
2102 2.186401
2103 2.186639
2104 2.186879
2105 2.187120
2106 2.187362
2107 2.187606
2108 2.187850
2109 2.188096
2110 2.188343
2111 2.188591
2112 2.188840
2113 2.189090
2114 2.189342
2115 2.189594
2116 2.189847
2117 2.190102
2118 2.190357
2119 2.190613
2120 2.190871
2121 2.191129
2122 2.191388
2123 2.191648
2124 2.191909
2125 2.192171
2126 2.192433
2127 2.192697
2128 2.192961
2129 2.193226
2130 2.193492
2131 2.193759
2132 2.194027
2133 2.194295
2134 2.194564
2135 2.194834
2136 2.195105
2137 2.195376
2138 2.195648
2139 2.195921
2140 2.196194
2141 2.196469
2142 2.196744
2143 2.197019
2144 2.197295
2145 2.197572
2146 2.197850
2147 2.198128
2148 2.198407
2149 2.198687
2150 2.198967
2151 2.199248
2152 2.199529
2153 2.199811
2154 2.200094
2155 2.200377
2156 2.200661
2157 2.200945
2158 2.201231
2159 2.201516
2160 2.201802
2161 2.202089
2162 2.202376
2163 2.202664
2164 2.202953
2165 2.203242
2166 2.203531
2167 2.203821
2168 2.204112
2169 2.204403
2170 2.204695
2171 2.204987
2172 2.205280
2173 2.205573
2174 2.205867
2175 2.206161
2176 2.206456
2177 2.206752
2178 2.207047
2179 2.207344
2180 2.207640
2181 2.207938
2182 2.208236
2183 2.208534
2184 2.208833
2185 2.209132
2186 2.209432
2187 2.209732
2188 2.210032
2189 2.210333
2190 2.210635
2191 2.210937
2192 2.211239
2193 2.211542
2194 2.211846
2195 2.212150
2196 2.212454
2197 2.212759
2198 2.213064
2199 2.213369
2200 2.213675
2201 2.213982
2202 2.214289
2203 2.214596
2204 2.214904
2205 2.215212
2206 2.215520
2207 2.215829
2208 2.216138
2209 2.216448
2210 2.216758
2211 2.217069
2212 2.217380
2213 2.217691
2214 2.218003
2215 2.218315
2216 2.218627
2217 2.218940
2218 2.219253
2219 2.219567
2220 2.219881
2221 2.220195
2222 2.220510
2223 2.220825
2224 2.221140
2225 2.221456
2226 2.221772
2227 2.222088
2228 2.222405
2229 2.222722
2230 2.223040
2231 2.223357
2232 2.223675
2233 2.223994
2234 2.224312
2235 2.224631
2236 2.224951
2237 2.225270
2238 2.225590
2239 2.225910
2240 2.226231
2241 2.226552
2242 2.226873
2243 2.227194
2244 2.227516
2245 2.227837
2246 2.228160
2247 2.228482
2248 2.228804
2249 2.229127
2250 2.229450
2251 2.229774
2252 2.230097
2253 2.230421
2254 2.230745
2255 2.231069
2256 2.231394
2257 2.231718
2258 2.232043
2259 2.232368
2260 2.232693
2261 2.233018
2262 2.233344
2263 2.233669
2264 2.233995
2265 2.234321
2266 2.234647
2267 2.234973
2268 2.235299
2269 2.235626
2270 2.235952
2271 2.236279
2272 2.236606
2273 2.236932
2274 2.237259
2275 2.237586
2276 2.237913
2277 2.238240
2278 2.238567
2279 2.238894
2280 2.239221
2281 2.239548
2282 2.239875
2283 2.240202
2284 2.240529
2285 2.240856
2286 2.241182
2287 2.241509
2288 2.241836
2289 2.242163
2290 2.242489
2291 2.242816
2292 2.243142
2293 2.243468
2294 2.243794
2295 2.244120
2296 2.244446
2297 2.244771
2298 2.245096
2299 2.245422
2300 2.245746
2301 2.246071
2302 2.246395
2303 2.246719
2304 2.247043
2305 2.247367
2306 2.247690
2307 2.248013
2308 2.248335
2309 2.248657
2310 2.248979
2311 2.249300
2312 2.249621
2313 2.249942
2314 2.250262
2315 2.250582
2316 2.250901
2317 2.251219
2318 2.251537
2319 2.251855
2320 2.252172
2321 2.252488
2322 2.252804
2323 2.253119
2324 2.253434
2325 2.253748
2326 2.254061
2327 2.254374
2328 2.254686
2329 2.254997
2330 2.255307
2331 2.255617
2332 2.255925
2333 2.256233
2334 2.256541
2335 2.256847
2336 2.257152
2337 2.257457
2338 2.257760
2339 2.258063
2340 2.258365
2341 2.258665
2342 2.258965
2343 2.259264
2344 2.259561
2345 2.259858
2346 2.260153
2347 2.260448
2348 2.260741
2349 2.261033
2350 2.261324
2351 2.261613
2352 2.261902
2353 2.262189
2354 2.262475
2355 2.262760
2356 2.263043
2357 2.263325
2358 2.263606
2359 2.263885
2360 2.264163
2361 2.264439
2362 2.264714
2363 2.264988
2364 2.265260
2365 2.265530
2366 2.265799
2367 2.266067
2368 2.266333
2369 2.266597
2370 2.266860
2371 2.267121
2372 2.267381
2373 2.267638
2374 2.267895
2375 2.268149
2376 2.268402
2377 2.268653
2378 2.268903
2379 2.269150
2380 2.269396
2381 2.269641
2382 2.269883
2383 2.270124
2384 2.270362
2385 2.270599
2386 2.270835
2387 2.271068
2388 2.271299
2389 2.271529
2390 2.271757
2391 2.271982
2392 2.272206
2393 2.272429
2394 2.272649
2395 2.272867
2396 2.273083
2397 2.273298
2398 2.273510
2399 2.273721
2400 2.273930
2401 2.274136
2402 2.274341
2403 2.274544
2404 2.274745
2405 2.274944
2406 2.275141
2407 2.275336
2408 2.275529
2409 2.275721
2410 2.275910
2411 2.276097
2412 2.276283
2413 2.276466
2414 2.276648
2415 2.276828
2416 2.277005
2417 2.277181
2418 2.277355
2419 2.277528
2420 2.277698
2421 2.277866
2422 2.278033
2423 2.278197
2424 2.278360
2425 2.278521
2426 2.278680
2427 2.278838
2428 2.278993
2429 2.279147
2430 2.279299
2431 2.279449
2432 2.279597
2433 2.279744
2434 2.279889
2435 2.280032
2436 2.280173
2437 2.280313
2438 2.280451
2439 2.280588
2440 2.280722
2441 2.280855
2442 2.280987
2443 2.281117
2444 2.281245
2445 2.281371
2446 2.281496
2447 2.281620
2448 2.281742
2449 2.281862
2450 2.281981
2451 2.282098
2452 2.282214
2453 2.282328
2454 2.282441
2455 2.282552
2456 2.282662
2457 2.282771
2458 2.282878
2459 2.282984
2460 2.283088
2461 2.283191
2462 2.283293
2463 2.283393
2464 2.283492
2465 2.283590
2466 2.283686
2467 2.283781
2468 2.283875
2469 2.283967
2470 2.284059
2471 2.284149
2472 2.284237
2473 2.284325
2474 2.284411
2475 2.284497
2476 2.284581
2477 2.284664
2478 2.284745
2479 2.284826
2480 2.284906
2481 2.284984
2482 2.285061
2483 2.285138
2484 2.285213
2485 2.285287
2486 2.285360
2487 2.285432
2488 2.285503
2489 2.285573
2490 2.285642
2491 2.285710
2492 2.285777
2493 2.285843
2494 2.285908
2495 2.285973
2496 2.286036
2497 2.286098
2498 2.286159
2499 2.286220
2500 2.286279
2501 2.286338
2502 2.286396
2503 2.286453
2504 2.286509
2505 2.286564
2506 2.286618
2507 2.286672
2508 2.286724
2509 2.286776
2510 2.286827
2511 2.286877
2512 2.286926
2513 2.286975
2514 2.287023
2515 2.287070
2516 2.287116
2517 2.287161
2518 2.287206
2519 2.287250
2520 2.287293
2521 2.287336
2522 2.287377
2523 2.287418
2524 2.287459
2525 2.287498
2526 2.287537
2527 2.287575
2528 2.287613
2529 2.287649
2530 2.287686
2531 2.287721
2532 2.287756
2533 2.287790
2534 2.287823
2535 2.287856
2536 2.287888
2537 2.287919
2538 2.287950
2539 2.287980
2540 2.288010
2541 2.288038
2542 2.288067
2543 2.288094
2544 2.288121
2545 2.288148
2546 2.288173
2547 2.288198
2548 2.288223
2549 2.288247
2550 2.288270
2551 2.288293
2552 2.288315
2553 2.288337
2554 2.288358
2555 2.288378
2556 2.288398
2557 2.288417
2558 2.288436
2559 2.288454
2560 2.288472
2561 2.288489
2562 2.288505
2563 2.288521
2564 2.288537
2565 2.288552
2566 2.288566
2567 2.288580
2568 2.288593
2569 2.288606
2570 2.288618
2571 2.288629
2572 2.288641
2573 2.288651
2574 2.288661
2575 2.288671
2576 2.288680
2577 2.288688
2578 2.288696
2579 2.288704
2580 2.288711
2581 2.288717
2582 2.288723
2583 2.288729
2584 2.288734
2585 2.288739
2586 2.288743
2587 2.288746
2588 2.288749
2589 2.288752
2590 2.288754
2591 2.288755
2592 2.288757
2593 2.288757
2594 2.288757
2595 2.288757
2596 2.288756
2597 2.288755
2598 2.288753
2599 2.288751
2600 2.288748
2601 2.288745
2602 2.288742
2603 2.288738
2604 2.288733
2605 2.288728
2606 2.288723
2607 2.288717
2608 2.288711
2609 2.288704
2610 2.288697
2611 2.288689
2612 2.288681
2613 2.288672
2614 2.288663
2615 2.288654
2616 2.288644
2617 2.288633
2618 2.288623
2619 2.288612
2620 2.288600
2621 2.288588
2622 2.288575
2623 2.288562
2624 2.288549
2625 2.288535
2626 2.288521
2627 2.288506
2628 2.288491
2629 2.288476
2630 2.288460
2631 2.288443
2632 2.288427
2633 2.288409
2634 2.288392
2635 2.288374
2636 2.288355
2637 2.288336
2638 2.288317
2639 2.288297
2640 2.288277
2641 2.288257
2642 2.288236
2643 2.288215
2644 2.288193
2645 2.288171
2646 2.288148
2647 2.288125
2648 2.288102
2649 2.288078
2650 2.288054
2651 2.288029
2652 2.288004
2653 2.287979
2654 2.287953
2655 2.287927
2656 2.287901
2657 2.287874
2658 2.287846
2659 2.287819
2660 2.287791
2661 2.287762
2662 2.287733
2663 2.287704
2664 2.287674
2665 2.287644
2666 2.287614
2667 2.287583
2668 2.287552
2669 2.287520
2670 2.287488
2671 2.287456
2672 2.287423
2673 2.287390
2674 2.287357
2675 2.287323
2676 2.287289
2677 2.287254
2678 2.287219
2679 2.287184
2680 2.287148
2681 2.287112
2682 2.287075
2683 2.287039
2684 2.287001
2685 2.286964
2686 2.286926
2687 2.286888
2688 2.286849
2689 2.286810
2690 2.286771
2691 2.286731
2692 2.286691
2693 2.286650
2694 2.286610
2695 2.286569
2696 2.286527
2697 2.286485
2698 2.286443
2699 2.286400
2700 2.286357
2701 2.286314
2702 2.286271
2703 2.286227
2704 2.286182
2705 2.286138
2706 2.286093
2707 2.286047
2708 2.286002
2709 2.285955
2710 2.285909
2711 2.285862
2712 2.285815
2713 2.285768
2714 2.285720
2715 2.285672
2716 2.285624
2717 2.285575
2718 2.285526
2719 2.285477
2720 2.285427
2721 2.285377
2722 2.285326
2723 2.285276
2724 2.285225
2725 2.285173
2726 2.285122
2727 2.285070
2728 2.285017
2729 2.284965
2730 2.284912
2731 2.284858
2732 2.284805
2733 2.284751
2734 2.284697
2735 2.284642
2736 2.284587
2737 2.284532
2738 2.284477
2739 2.284421
2740 2.284365
2741 2.284308
2742 2.284252
2743 2.284195
2744 2.284137
2745 2.284080
2746 2.284022
2747 2.283964
2748 2.283905
2749 2.283846
2750 2.283787
2751 2.283728
2752 2.283668
2753 2.283608
2754 2.283548
2755 2.283488
2756 2.283427
2757 2.283366
2758 2.283304
2759 2.283243
2760 2.283181
2761 2.283118
2762 2.283056
2763 2.282993
2764 2.282930
2765 2.282867
2766 2.282803
2767 2.282739
2768 2.282675
2769 2.282611
2770 2.282546
2771 2.282481
2772 2.282416
2773 2.282351
2774 2.282285
2775 2.282219
2776 2.282153
2777 2.282086
2778 2.282020
2779 2.281953
2780 2.281885
2781 2.281818
2782 2.281750
2783 2.281682
2784 2.281614
2785 2.281546
2786 2.281477
2787 2.281408
2788 2.281339
2789 2.281269
2790 2.281200
2791 2.281130
2792 2.281060
2793 2.280990
2794 2.280919
2795 2.280848
2796 2.280777
2797 2.280706
2798 2.280635
2799 2.280563
2800 2.280491
2801 2.280419
2802 2.280347
2803 2.280274
2804 2.280202
2805 2.280129
2806 2.280056
2807 2.279982
2808 2.279909
2809 2.279835
2810 2.279761
2811 2.279687
2812 2.279613
2813 2.279539
2814 2.279464
2815 2.279389
2816 2.279314
2817 2.279239
2818 2.279163
2819 2.279088
2820 2.279012
2821 2.278936
2822 2.278860
2823 2.278784
2824 2.278708
2825 2.278631
2826 2.278554
2827 2.278477
2828 2.278400
2829 2.278323
2830 2.278246
2831 2.278168
2832 2.278091
2833 2.278013
2834 2.277935
2835 2.277857
2836 2.277779
2837 2.277700
2838 2.277622
2839 2.277543
2840 2.277465
2841 2.277386
2842 2.277307
2843 2.277228
2844 2.277148
2845 2.277069
2846 2.276990
2847 2.276910
2848 2.276830
2849 2.276751
2850 2.276671
2851 2.276591
2852 2.276511
2853 2.276430
2854 2.276350
2855 2.276270
2856 2.276189
2857 2.276109
2858 2.276028
2859 2.275947
2860 2.275866
2861 2.275786
2862 2.275705
2863 2.275624
2864 2.275542
2865 2.275461
2866 2.275380
2867 2.275299
2868 2.275217
2869 2.275136
2870 2.275055
2871 2.274973
2872 2.274891
2873 2.274810
2874 2.274728
2875 2.274646
2876 2.274565
2877 2.274483
2878 2.274401
2879 2.274319
2880 2.274238
2881 2.274156
2882 2.274074
2883 2.273992
2884 2.273910
2885 2.273828
2886 2.273746
2887 2.273664
2888 2.273582
2889 2.273500
2890 2.273418
2891 2.273336
2892 2.273255
2893 2.273173
2894 2.273091
2895 2.273009
2896 2.272927
2897 2.272845
2898 2.272763
2899 2.272682
2900 2.272600
2901 2.272518
2902 2.272436
2903 2.272355
2904 2.272273
2905 2.272192
2906 2.272110
2907 2.272029
2908 2.271947
2909 2.271866
2910 2.271785
2911 2.271704
2912 2.271622
2913 2.271541
2914 2.271460
2915 2.271380
2916 2.271299
2917 2.271218
2918 2.271137
2919 2.271057
2920 2.270976
2921 2.270896
2922 2.270816
2923 2.270735
2924 2.270655
2925 2.270575
2926 2.270496
2927 2.270416
2928 2.270336
2929 2.270257
2930 2.270177
2931 2.270098
2932 2.270019
2933 2.269940
2934 2.269861
2935 2.269782
2936 2.269704
2937 2.269625
2938 2.269547
2939 2.269469
2940 2.269391
2941 2.269313
2942 2.269235
2943 2.269158
2944 2.269081
2945 2.269003
2946 2.268926
2947 2.268850
2948 2.268773
2949 2.268696
2950 2.268620
2951 2.268544
2952 2.268468
2953 2.268392
2954 2.268317
2955 2.268242
2956 2.268166
2957 2.268091
2958 2.268017
2959 2.267942
2960 2.267868
2961 2.267794
2962 2.267720
2963 2.267646
2964 2.267573
2965 2.267500
2966 2.267427
2967 2.267354
2968 2.267281
2969 2.267209
2970 2.267137
2971 2.267065
2972 2.266994
2973 2.266922
2974 2.266851
2975 2.266781
2976 2.266710
2977 2.266640
2978 2.266570
2979 2.266500
2980 2.266430
2981 2.266361
2982 2.266292
2983 2.266223
2984 2.266155
2985 2.266086
2986 2.266018
2987 2.265951
2988 2.265883
2989 2.265816
2990 2.265749
2991 2.265683
2992 2.265617
2993 2.265551
2994 2.265485
2995 2.265419
2996 2.265354
2997 2.265289
2998 2.265225
2999 2.265160
3000 2.265096
3001 2.265033
3002 2.264969
3003 2.264906
3004 2.264843
3005 2.264781
3006 2.264718
3007 2.264656
3008 2.264594
3009 2.264533
3010 2.264472
3011 2.264411
3012 2.264350
3013 2.264290
3014 2.264230
3015 2.264170
3016 2.264111
3017 2.264051
3018 2.263992
3019 2.263934
3020 2.263875
3021 2.263817
3022 2.263759
3023 2.263702
3024 2.263644
3025 2.263587
3026 2.263530
3027 2.263473
3028 2.263417
3029 2.263361
3030 2.263305
3031 2.263249
3032 2.263193
3033 2.263138
3034 2.263083
3035 2.263028
3036 2.262973
3037 2.262918
3038 2.262864
3039 2.262809
3040 2.262755
3041 2.262701
3042 2.262647
3043 2.262593
3044 2.262539
3045 2.262485
3046 2.262432
3047 2.262378
3048 2.262324
3049 2.262271
3050 2.262217
3051 2.262164
3052 2.262110
3053 2.262056
3054 2.262003
3055 2.261949
3056 2.261895
3057 2.261841
3058 2.261786
3059 2.261732
3060 2.261677
3061 2.261622
3062 2.261567
3063 2.261511
3064 2.261456
3065 2.261399
3066 2.261343
3067 2.261286
3068 2.261228
3069 2.261170
3070 2.261112
3071 2.261052
3072 2.260993
3073 2.260932
3074 2.260871
3075 2.260809
3076 2.260746
3077 2.260683
3078 2.260618
3079 2.260552
3080 2.260486
3081 2.260418
3082 2.260349
3083 2.260279
3084 2.260207
3085 2.260135
3086 2.260060
3087 2.259985
3088 2.259907
3089 2.259828
3090 2.259747
3091 2.259664
3092 2.259580
3093 2.259493
3094 2.259404
3095 2.259313
3096 2.259219
3097 2.259123
3098 2.259025
3099 2.258924
3100 2.258820
3101 2.258713
3102 2.258603
3103 2.258490
3104 2.258374
3105 2.258254
3106 2.258130
3107 2.258003
3108 2.257873
3109 2.257738
3110 2.257599
3111 2.257456
3112 2.257309
3113 2.257157
3114 2.257000
3115 2.256839
3116 2.256672
3117 2.256501
3118 2.256325
3119 2.256143
3120 2.255956
3121 2.255763
3122 2.255565
3123 2.255361
3124 2.255151
3125 2.254935
3126 2.254714
3127 2.254486
3128 2.254253
3129 2.254014
3130 2.253768
3131 2.253517
3132 2.253260
3133 2.252998
3134 2.252729
3135 2.252456
3136 2.252176
3137 2.251892
3138 2.251603
3139 2.251310
3140 2.251012
3141 2.250710
3142 2.250404
3143 2.250096
3144 2.249784
3145 2.249470
3146 2.249154
3147 2.248837
3148 2.248519
3149 2.248201
3150 2.247883
3151 2.247565
3152 2.247250
3153 2.246936
3154 2.246625
3155 2.246318
3156 2.246014
3157 2.245716
3158 2.245423
3159 2.245136
3160 2.244856
3161 2.244583
3162 2.244319
3163 2.244064
3164 2.243818
3165 2.243583
3166 2.243359
3167 2.243146
3168 2.242947
3169 2.242760
3170 2.242588
3171 2.242431
3172 2.242289
3173 2.242164
3174 2.242056
3175 2.241966
3176 2.241893
3177 2.241848
3178 2.241801
3179 2.241841
3180 2.241713
3181 2.242175
3182 2.240952
3183 2.245007
3184 2.232797
3185 2.271648
3186 2.171974
3187 2.392814
3188 2.154873
3189 2.354170
3190 2.159436
3191 2.344593
3192 2.164710
3193 2.335276
3194 2.170710
3195 2.330188
3196 2.177254
3197 2.329596
3198 2.184297
3199 2.330422
3200 2.191847
3201 2.332895
3202 2.199942
3203 2.336241
3204 2.208600
3205 2.340446
3206 2.217853
3207 2.344980
3208 2.227711
3209 2.349411
3210 2.238190
3211 2.353114
3212 2.249300
3213 2.355491
3214 2.261053
3215 2.356085
3216 2.273464
3217 2.354756
3218 2.286551
3219 2.351833
3220 2.300355
3221 2.348315
3222 2.314945
3223 2.346126
3224 2.330255
3225 2.347981
3226 2.345636
3227 2.355565
3228 2.360142
3229 2.367348
3230 2.373835
3231 2.380559
3232 2.387185
3233 2.393695
3234 2.400037
3235 2.406173
3236 2.412085
3237 2.417769
3238 2.423235
3239 2.428500
3240 2.433586
3241 2.438513
3242 2.443299
3243 2.447961
3244 2.452507
3245 2.456948
3246 2.461287
3247 2.465529
3248 2.469675
3249 2.473726
3250 2.477684
3251 2.481549
3252 2.485321
3253 2.488999
3254 2.492582
3255 2.496070
3256 2.499460
3257 2.502752
3258 2.505943
3259 2.509031
3260 2.512013
3261 2.514887
3262 2.517650
3263 2.520299
3264 2.522830
3265 2.525240
3266 2.527524
3267 2.529675
3268 2.531689
3269 2.533559
3270 2.535275
3271 2.536830
3272 2.538215
3273 2.539423
3274 2.540447
3275 2.541280
3276 2.541921
3277 2.542370
3278 2.542629
3279 2.542704
3280 2.542601
3281 2.542328
3282 2.541889
3283 2.541289
3284 2.540526
3285 2.539597
3286 2.538497
3287 2.537218
3288 2.535752
3289 2.534092
3290 2.532233
3291 2.530175
3292 2.527923
3293 2.525493
3294 2.522907
3295 2.520196
3296 2.517401
3297 2.514566
3298 2.511738
3299 2.508960
3300 2.506268
3301 2.503688
3302 2.501236
3303 2.498918
3304 2.496733
3305 2.494674
3306 2.492731
3307 2.490894
3308 2.489151
3309 2.487492
3310 2.485907
3311 2.484386
3312 2.482921
3313 2.481504
3314 2.480128
3315 2.478789
3316 2.477479
3317 2.476195
3318 2.474932
3319 2.473687
3320 2.472456
3321 2.471235
3322 2.470023
3323 2.468817
3324 2.467614
3325 2.466413
3326 2.465212
3327 2.464009
3328 2.462804
3329 2.461593
3330 2.460378
3331 2.459155
3332 2.457925
3333 2.456687
3334 2.455440
3335 2.454182
3336 2.452915
3337 2.451636
3338 2.450346
3339 2.449044
3340 2.447730
3341 2.446403
3342 2.445064
3343 2.443711
3344 2.442346
3345 2.440967
3346 2.439576
3347 2.438171
3348 2.436754
3349 2.435323
3350 2.433880
3351 2.432425
3352 2.430958
3353 2.429479
3354 2.427990
3355 2.426490
3356 2.424980
3357 2.423462
3358 2.421935
3359 2.420402
3360 2.418862
3361 2.417317
3362 2.415768
3363 2.414217
3364 2.412665
3365 2.411113
3366 2.409564
3367 2.408018
3368 2.406477
3369 2.404944
3370 2.403419
3371 2.401906
3372 2.400405
3373 2.398918
3374 2.397448
3375 2.395996
3376 2.394563
3377 2.393152
3378 2.391764
3379 2.390400
3380 2.389062
3381 2.387751
3382 2.386467
3383 2.385212
3384 2.383985
3385 2.382789
3386 2.381623
3387 2.380487
3388 2.379382
3389 2.378307
3390 2.377263
3391 2.376249
3392 2.375264
3393 2.374309
3394 2.373383
3395 2.372485
3396 2.371614
3397 2.370771
3398 2.369955
3399 2.369164
3400 2.368398
3401 2.367656
3402 2.366939
3403 2.366244
3404 2.365571
3405 2.364920
3406 2.364289
3407 2.363679
3408 2.363089
3409 2.362517
3410 2.361963
3411 2.361427
3412 2.360908
3413 2.360406
3414 2.359920
3415 2.359448
3416 2.358992
3417 2.358551
3418 2.358123
3419 2.357709
3420 2.357308
3421 2.356919
3422 2.356543
3423 2.356179
3424 2.355826
3425 2.355484
3426 2.355153
3427 2.354833
3428 2.354523
3429 2.354223
3430 2.353932
3431 2.353651
3432 2.353379
3433 2.353116
3434 2.352862
3435 2.352615
3436 2.352378
3437 2.352148
3438 2.351925
3439 2.351711
3440 2.351504
3441 2.351304
3442 2.351111
3443 2.350925
3444 2.350746
3445 2.350573
3446 2.350407
3447 2.350247
3448 2.350094
3449 2.349946
3450 2.349805
3451 2.349669
3452 2.349539
3453 2.349415
3454 2.349296
3455 2.349183
3456 2.349075
3457 2.348972
3458 2.348875
3459 2.348782
3460 2.348695
3461 2.348613
3462 2.348535
3463 2.348462
3464 2.348394
3465 2.348331
3466 2.348272
3467 2.348218
3468 2.348169
3469 2.348124
3470 2.348083
3471 2.348047
3472 2.348015
3473 2.347987
3474 2.347964
3475 2.347944
3476 2.347929
3477 2.347918
3478 2.347911
3479 2.347909
3480 2.347910
3481 2.347915
3482 2.347924
3483 2.347938
3484 2.347955
3485 2.347976
3486 2.348001
3487 2.348030
3488 2.348062
3489 2.348099
3490 2.348139
3491 2.348184
3492 2.348231
3493 2.348283
3494 2.348339
3495 2.348398
3496 2.348461
3497 2.348528
3498 2.348598
3499 2.348673
3500 2.348751
3501 2.348832
3502 2.348918
3503 2.349007
3504 2.349100
3505 2.349197
3506 2.349297
3507 2.349401
3508 2.349509
3509 2.349620
3510 2.349735
3511 2.349854
3512 2.349977
3513 2.350103
3514 2.350233
3515 2.350367
3516 2.350505
3517 2.350646
3518 2.350792
3519 2.350941
3520 2.351093
3521 2.351250
3522 2.351410
3523 2.351574
3524 2.351742
3525 2.351914
3526 2.352090
3527 2.352269
3528 2.352453
3529 2.352640
3530 2.352831
3531 2.353026
3532 2.353225
3533 2.353428
3534 2.353635
3535 2.353845
3536 2.354060
3537 2.354279
3538 2.354501
3539 2.354728
3540 2.354958
3541 2.355193
3542 2.355431
3543 2.355673
3544 2.355920
3545 2.356170
3546 2.356425
3547 2.356683
3548 2.356945
3549 2.357212
3550 2.357482
3551 2.357756
3552 2.358034
3553 2.358316
3554 2.358602
3555 2.358892
3556 2.359186
3557 2.359483
3558 2.359784
3559 2.360089
3560 2.360398
3561 2.360711
3562 2.361026
3563 2.361346
3564 2.361669
3565 2.361995
3566 2.362325
3567 2.362658
3568 2.362993
3569 2.363332
3570 2.363674
3571 2.364019
3572 2.364366
3573 2.364715
3574 2.365067
3575 2.365421
3576 2.365777
3577 2.366134
3578 2.366493
3579 2.366853
3580 2.367215
3581 2.367577
3582 2.367939
3583 2.368302
3584 2.368664
3585 2.369026
3586 2.369387
3587 2.369747
3588 2.370106
3589 2.370462
3590 2.370816
3591 2.371167
3592 2.371515
3593 2.371860
3594 2.372200
3595 2.372535
3596 2.372865
3597 2.373190
3598 2.373508
3599 2.373819
3600 2.374124
3601 2.374420
3602 2.374709
3603 2.374988
3604 2.375259
3605 2.375519
3606 2.375769
3607 2.376009
3608 2.376237
3609 2.376453
3610 2.376658
3611 2.376850
3612 2.377029
3613 2.377194
3614 2.377347
3615 2.377485
3616 2.377609
3617 2.377719
3618 2.377814
3619 2.377894
3620 2.377959
3621 2.378010
3622 2.378045
3623 2.378065
3624 2.378070
3625 2.378059
3626 2.378034
3627 2.377994
3628 2.377939
3629 2.377870
3630 2.377786
3631 2.377688
3632 2.377576
3633 2.377451
3634 2.377313
3635 2.377163
3636 2.377000
3637 2.376826
3638 2.376641
3639 2.376445
3640 2.376239
3641 2.376025
3642 2.375801
3643 2.375571
3644 2.375333
3645 2.375088
3646 2.374839
3647 2.374584
3648 2.374326
3649 2.374064
3650 2.373801
3651 2.373536
3652 2.373270
3653 2.373005
3654 2.372740
3655 2.372477
3656 2.372217
3657 2.371959
3658 2.371705
3659 2.371456
3660 2.371212
3661 2.370973
3662 2.370740
3663 2.370514
3664 2.370295
3665 2.370083
3666 2.369878
3667 2.369681
3668 2.369493
3669 2.369312
3670 2.369141
3671 2.368977
3672 2.368823
3673 2.368677
3674 2.368540
3675 2.368412
3676 2.368292
3677 2.368181
3678 2.368079
3679 2.367985
3680 2.367899
3681 2.367822
3682 2.367752
3683 2.367691
3684 2.367637
3685 2.367591
3686 2.367552
3687 2.367520
3688 2.367495
3689 2.367476
3690 2.367464
3691 2.367458
3692 2.367458
3693 2.367463
3694 2.367474
3695 2.367489
3696 2.367510
3697 2.367535
3698 2.367565
3699 2.367598
3700 2.367635
3701 2.367676
3702 2.367720
3703 2.367767
3704 2.367816
3705 2.367868
3706 2.367922
3707 2.367978
3708 2.368035
3709 2.368094
3710 2.368154
3711 2.368214
3712 2.368276
3713 2.368337
3714 2.368399
3715 2.368461
3716 2.368522
3717 2.368583
3718 2.368644
3719 2.368703
3720 2.368761
3721 2.368818
3722 2.368874
3723 2.368928
3724 2.368980
3725 2.369030
3726 2.369079
3727 2.369125
3728 2.369169
3729 2.369210
3730 2.369249
3731 2.369286
3732 2.369319
3733 2.369350
3734 2.369378
3735 2.369403
3736 2.369426
3737 2.369445
3738 2.369461
3739 2.369474
3740 2.369484
3741 2.369491
3742 2.369495
3743 2.369495
3744 2.369493
3745 2.369487
3746 2.369479
3747 2.369467
3748 2.369452
3749 2.369434
3750 2.369412
3751 2.369388
3752 2.369361
3753 2.369331
3754 2.369298
3755 2.369262
3756 2.369224
3757 2.369182
3758 2.369138
3759 2.369092
3760 2.369042
3761 2.368990
3762 2.368936
3763 2.368879
3764 2.368820
3765 2.368759
3766 2.368695
3767 2.368629
3768 2.368561
3769 2.368491
3770 2.368419
3771 2.368345
3772 2.368269
3773 2.368192
3774 2.368113
3775 2.368032
3776 2.367949
3777 2.367865
3778 2.367780
3779 2.367693
3780 2.367605
3781 2.367515
3782 2.367425
3783 2.367333
3784 2.367240
3785 2.367146
3786 2.367051
3787 2.366955
3788 2.366858
3789 2.366760
3790 2.366662
3791 2.366563
3792 2.366463
3793 2.366363
3794 2.366261
3795 2.366160
3796 2.366058
3797 2.365955
3798 2.365852
3799 2.365748
3800 2.365644
3801 2.365540
3802 2.365435
3803 2.365331
3804 2.365225
3805 2.365120
3806 2.365014
3807 2.364909
3808 2.364803
3809 2.364696
3810 2.364590
3811 2.364484
3812 2.364377
3813 2.364271
3814 2.364164
3815 2.364057
3816 2.363950
3817 2.363843
3818 2.363736
3819 2.363629
3820 2.363522
3821 2.363414
3822 2.363307
3823 2.363199
3824 2.363092
3825 2.362984
3826 2.362877
3827 2.362769
3828 2.362661
3829 2.362553
3830 2.362445
3831 2.362337
3832 2.362228
3833 2.362120
3834 2.362011
3835 2.361902
3836 2.361793
3837 2.361684
3838 2.361574
3839 2.361464
3840 2.361354
3841 2.361244
3842 2.361134
3843 2.361023
3844 2.360912
3845 2.360800
3846 2.360688
3847 2.360576
3848 2.360464
3849 2.360351
3850 2.360237
3851 2.360123
3852 2.360009
3853 2.359894
3854 2.359779
3855 2.359664
3856 2.359547
3857 2.359431
3858 2.359313
3859 2.359195
3860 2.359077
3861 2.358958
3862 2.358838
3863 2.358718
3864 2.358597
3865 2.358476
3866 2.358353
3867 2.358230
3868 2.358107
3869 2.357982
3870 2.357857
3871 2.357731
3872 2.357605
3873 2.357477
3874 2.357349
3875 2.357220
3876 2.357091
3877 2.356960
3878 2.356829
3879 2.356696
3880 2.356563
3881 2.356429
3882 2.356294
3883 2.356159
3884 2.356022
3885 2.355885
3886 2.355746
3887 2.355607
3888 2.355466
3889 2.355325
3890 2.355183
3891 2.355040
3892 2.354896
3893 2.354751
3894 2.354605
3895 2.354458
3896 2.354310
3897 2.354160
3898 2.354010
3899 2.353859
3900 2.353707
3901 2.353554
3902 2.353400
3903 2.353245
3904 2.353089
3905 2.352931
3906 2.352773
3907 2.352613
3908 2.352453
3909 2.352291
3910 2.352129
3911 2.351965
3912 2.351800
3913 2.351634
3914 2.351468
3915 2.351299
3916 2.351130
3917 2.350960
3918 2.350789
3919 2.350616
3920 2.350443
3921 2.350268
3922 2.350092
3923 2.349915
3924 2.349737
3925 2.349558
3926 2.349378
3927 2.349196
3928 2.349014
3929 2.348830
3930 2.348645
3931 2.348459
3932 2.348272
3933 2.348084
3934 2.347894
3935 2.347704
3936 2.347512
3937 2.347319
3938 2.347125
3939 2.346930
3940 2.346733
3941 2.346536
3942 2.346337
3943 2.346137
3944 2.345936
3945 2.345734
3946 2.345531
3947 2.345326
3948 2.345121
3949 2.344914
3950 2.344706
3951 2.344497
3952 2.344287
3953 2.344075
3954 2.343863
3955 2.343649
3956 2.343434
3957 2.343218
3958 2.343000
3959 2.342782
3960 2.342562
3961 2.342341
3962 2.342119
3963 2.341896
3964 2.341672
3965 2.341447
3966 2.341220
3967 2.340992
3968 2.340763
3969 2.340533
3970 2.340302
3971 2.340070
3972 2.339836
3973 2.339601
3974 2.339366
3975 2.339129
3976 2.338890
3977 2.338651
3978 2.338411
3979 2.338169
3980 2.337927
3981 2.337683
3982 2.337438
3983 2.337192
3984 2.336945
3985 2.336696
3986 2.336447
3987 2.336196
3988 2.335945
3989 2.335692
3990 2.335438
3991 2.335183
3992 2.334928
3993 2.334670
3994 2.334412
3995 2.334153
3996 2.333893
3997 2.333632
3998 2.333369
3999 2.333106
4000 2.332841
4001 2.332576
4002 2.332309
4003 2.332042
4004 2.331773
4005 2.331504
4006 2.331233
4007 2.330962
4008 2.330689
4009 2.330416
4010 2.330141
4011 2.329866
4012 2.329589
4013 2.329312
4014 2.329034
4015 2.328755
4016 2.328474
4017 2.328193
4018 2.327912
4019 2.327629
4020 2.327345
4021 2.327061
4022 2.326776
4023 2.326489
4024 2.326202
4025 2.325915
4026 2.325626
4027 2.325337
4028 2.325047
4029 2.324756
4030 2.324464
4031 2.324172
4032 2.323879
4033 2.323585
4034 2.323291
4035 2.322996
4036 2.322700
4037 2.322403
4038 2.322106
4039 2.321809
4040 2.321511
4041 2.321212
4042 2.320913
4043 2.320613
4044 2.320313
4045 2.320012
4046 2.319710
4047 2.319409
4048 2.319107
4049 2.318804
4050 2.318501
4051 2.318198
4052 2.317894
4053 2.317590
4054 2.317286
4055 2.316981
4056 2.316676
4057 2.316371
4058 2.316066
4059 2.315760
4060 2.315455
4061 2.315149
4062 2.314843
4063 2.314537
4064 2.314231
4065 2.313925
4066 2.313619
4067 2.313313
4068 2.313008
4069 2.312702
4070 2.312396
4071 2.312090
4072 2.311785
4073 2.311480
4074 2.311175
4075 2.310870
4076 2.310566
4077 2.310262
4078 2.309958
4079 2.309655
4080 2.309352
4081 2.309050
4082 2.308748
4083 2.308447
4084 2.308146
4085 2.307846
4086 2.307546
4087 2.307247
4088 2.306949
4089 2.306652
4090 2.306355
4091 2.306060
4092 2.305765
4093 2.305471
4094 2.305178
4095 2.304886
4096 2.304595
4097 2.304305
4098 2.304016
4099 2.303728
4100 2.303441
4101 2.303156
4102 2.302872
4103 2.302589
4104 2.302307
4105 2.302027
4106 2.301748
4107 2.301471
4108 2.301195
4109 2.300921
4110 2.300648
4111 2.300377
4112 2.300108
4113 2.299840
4114 2.299574
4115 2.299310
4116 2.299047
4117 2.298787
4118 2.298528
4119 2.298271
4120 2.298016
4121 2.297764
4122 2.297513
4123 2.297264
4124 2.297018
4125 2.296773
4126 2.296531
4127 2.296291
4128 2.296054
4129 2.295818
4130 2.295585
4131 2.295355
4132 2.295126
4133 2.294901
4134 2.294677
4135 2.294457
4136 2.294238
4137 2.294023
4138 2.293809
4139 2.293599
4140 2.293391
4141 2.293186
4142 2.292984
4143 2.292784
4144 2.292587
4145 2.292393
4146 2.292201
4147 2.292013
4148 2.291827
4149 2.291644
4150 2.291464
4151 2.291287
4152 2.291113
4153 2.290942
4154 2.290773
4155 2.290608
4156 2.290445
4157 2.290286
4158 2.290129
4159 2.289976
4160 2.289825
4161 2.289678
4162 2.289533
4163 2.289392
4164 2.289253
4165 2.289118
4166 2.288985
4167 2.288856
4168 2.288730
4169 2.288606
4170 2.288486
4171 2.288368
4172 2.288253
4173 2.288142
4174 2.288033
4175 2.287928
4176 2.287825
4177 2.287725
4178 2.287628
4179 2.287534
4180 2.287443
4181 2.287354
4182 2.287269
4183 2.287186
4184 2.287106
4185 2.287029
4186 2.286954
4187 2.286883
4188 2.286814
4189 2.286747
4190 2.286684
4191 2.286622
4192 2.286564
4193 2.286508
4194 2.286455
4195 2.286404
4196 2.286355
4197 2.286309
4198 2.286266
4199 2.286224
4200 2.286185
4201 2.286149
4202 2.286115
4203 2.286083
4204 2.286053
4205 2.286025
4206 2.286000
4207 2.285976
4208 2.285955
4209 2.285936
4210 2.285918
4211 2.285903
4212 2.285890
4213 2.285878
4214 2.285869
4215 2.285861
4216 2.285855
4217 2.285851
4218 2.285848
4219 2.285848
4220 2.285848
4221 2.285851
4222 2.285855
4223 2.285861
4224 2.285868
4225 2.285877
4226 2.285887
4227 2.285898
4228 2.285911
4229 2.285925
4230 2.285941
4231 2.285957
4232 2.285976
4233 2.285995
4234 2.286015
4235 2.286037
4236 2.286060
4237 2.286083
4238 2.286108
4239 2.286134
4240 2.286161
4241 2.286189
4242 2.286217
4243 2.286247
4244 2.286277
4245 2.286309
4246 2.286341
4247 2.286374
4248 2.286408
4249 2.286442
4250 2.286477
4251 2.286513
4252 2.286549
4253 2.286586
4254 2.286624
4255 2.286662
4256 2.286701
4257 2.286740
4258 2.286780
4259 2.286820
4260 2.286861
4261 2.286902
4262 2.286943
4263 2.286985
4264 2.287027
4265 2.287070
4266 2.287113
4267 2.287156
4268 2.287199
4269 2.287243
4270 2.287287
4271 2.287331
4272 2.287375
4273 2.287419
4274 2.287464
4275 2.287509
4276 2.287553
4277 2.287598
4278 2.287643
4279 2.287688
4280 2.287733
4281 2.287778
4282 2.287823
4283 2.287868
4284 2.287912
4285 2.287957
4286 2.288002
4287 2.288047
4288 2.288091
4289 2.288136
4290 2.288180
4291 2.288224
4292 2.288268
4293 2.288312
4294 2.288355
4295 2.288399
4296 2.288442
4297 2.288485
4298 2.288527
4299 2.288569
4300 2.288612
4301 2.288653
4302 2.288695
4303 2.288736
4304 2.288777
4305 2.288817
4306 2.288857
4307 2.288897
4308 2.288936
4309 2.288975
4310 2.289014
4311 2.289052
4312 2.289090
4313 2.289127
4314 2.289164
4315 2.289200
4316 2.289236
4317 2.289271
4318 2.289306
4319 2.289341
4320 2.289375
4321 2.289408
4322 2.289441
4323 2.289473
4324 2.289505
4325 2.289536
4326 2.289567
4327 2.289597
4328 2.289626
4329 2.289655
4330 2.289683
4331 2.289711
4332 2.289738
4333 2.289765
4334 2.289790
4335 2.289816
4336 2.289840
4337 2.289864
4338 2.289887
4339 2.289910
4340 2.289932
4341 2.289953
4342 2.289973
4343 2.289993
4344 2.290012
4345 2.290031
4346 2.290048
4347 2.290065
4348 2.290082
4349 2.290097
4350 2.290112
4351 2.290126
4352 2.290139
4353 2.290152
4354 2.290163
4355 2.290174
4356 2.290185
4357 2.290194
4358 2.290203
4359 2.290211
4360 2.290218
4361 2.290224
4362 2.290229
4363 2.290234
4364 2.290238
4365 2.290241
4366 2.290243
4367 2.290245
4368 2.290245
4369 2.290245
4370 2.290244
4371 2.290242
4372 2.290239
4373 2.290236
4374 2.290231
4375 2.290226
4376 2.290220
4377 2.290213
4378 2.290205
4379 2.290196
4380 2.290187
4381 2.290176
4382 2.290165
4383 2.290153
4384 2.290140
4385 2.290126
4386 2.290111
4387 2.290095
4388 2.290079
4389 2.290061
4390 2.290043
4391 2.290023
4392 2.290003
4393 2.289982
4394 2.289960
4395 2.289937
4396 2.289914
4397 2.289889
4398 2.289863
4399 2.289837
4400 2.289809
4401 2.289781
4402 2.289752
4403 2.289722
4404 2.289691
4405 2.289659
4406 2.289626
4407 2.289592
4408 2.289558
4409 2.289522
4410 2.289486
4411 2.289448
4412 2.289410
4413 2.289371
4414 2.289331
4415 2.289290
4416 2.289248
4417 2.289205
4418 2.289161
4419 2.289116
4420 2.289071
4421 2.289024
4422 2.288977
4423 2.288929
4424 2.288879
4425 2.288829
4426 2.288778
4427 2.288726
4428 2.288673
4429 2.288620
4430 2.288565
4431 2.288509
4432 2.288453
4433 2.288395
4434 2.288337
4435 2.288278
4436 2.288218
4437 2.288157
4438 2.288095
4439 2.288032
4440 2.287968
4441 2.287904
4442 2.287838
4443 2.287772
4444 2.287705
4445 2.287637
4446 2.287568
4447 2.287498
4448 2.287427
4449 2.287355
4450 2.287283
4451 2.287209
4452 2.287135
4453 2.287060
4454 2.286984
4455 2.286907
4456 2.286829
4457 2.286751
4458 2.286671
4459 2.286591
4460 2.286510
4461 2.286428
4462 2.286345
4463 2.286262
4464 2.286177
4465 2.286092
4466 2.286005
4467 2.285918
4468 2.285831
4469 2.285742
4470 2.285652
4471 2.285562
4472 2.285471
4473 2.285379
4474 2.285286
4475 2.285192
4476 2.285098
4477 2.285003
4478 2.284907
4479 2.284810
4480 2.284712
4481 2.284614
4482 2.284515
4483 2.284415
4484 2.284314
4485 2.284212
4486 2.284110
4487 2.284007
4488 2.283903
4489 2.283798
4490 2.283693
4491 2.283587
4492 2.283480
4493 2.283372
4494 2.283264
4495 2.283155
4496 2.283045
4497 2.282934
4498 2.282823
4499 2.282710
4500 2.282598
4501 2.282484
4502 2.282370
4503 2.282255
4504 2.282139
4505 2.282022
4506 2.281905
4507 2.281787
4508 2.281669
4509 2.281550
4510 2.281430
4511 2.281309
4512 2.281187
4513 2.281065
4514 2.280943
4515 2.280819
4516 2.280695
4517 2.280570
4518 2.280445
4519 2.280319
4520 2.280192
4521 2.280065
4522 2.279937
4523 2.279808
4524 2.279679
4525 2.279549
4526 2.279418
4527 2.279287
4528 2.279155
4529 2.279022
4530 2.278889
4531 2.278755
4532 2.278621
4533 2.278486
4534 2.278350
4535 2.278214
4536 2.278077
4537 2.277939
4538 2.277801
4539 2.277662
4540 2.277523
4541 2.277383
4542 2.277243
4543 2.277102
4544 2.276960
4545 2.276818
4546 2.276675
4547 2.276532
4548 2.276388
4549 2.276243
4550 2.276098
4551 2.275952
4552 2.275806
4553 2.275659
4554 2.275512
4555 2.275364
4556 2.275216
4557 2.275067
4558 2.274917
4559 2.274767
4560 2.274617
4561 2.274466
4562 2.274314
4563 2.274162
4564 2.274009
4565 2.273856
4566 2.273702
4567 2.273548
4568 2.273393
4569 2.273238
4570 2.273082
4571 2.272926
4572 2.272769
4573 2.272612
4574 2.272454
4575 2.272296
4576 2.272137
4577 2.271978
4578 2.271818
4579 2.271658
4580 2.271497
4581 2.271336
4582 2.271174
4583 2.271012
4584 2.270850
4585 2.270687
4586 2.270523
4587 2.270359
4588 2.270194
4589 2.270030
4590 2.269864
4591 2.269698
4592 2.269532
4593 2.269365
4594 2.269198
4595 2.269030
4596 2.268862
4597 2.268693
4598 2.268524
4599 2.268355
4600 2.268185
4601 2.268015
4602 2.267844
4603 2.267673
4604 2.267501
4605 2.267329
4606 2.267156
4607 2.266983
4608 2.266810
4609 2.266636
4610 2.266462
4611 2.266287
4612 2.266112
4613 2.265937
4614 2.265761
4615 2.265584
4616 2.265408
4617 2.265231
4618 2.265053
4619 2.264875
4620 2.264697
4621 2.264518
4622 2.264339
4623 2.264159
4624 2.263979
4625 2.263799
4626 2.263618
4627 2.263437
4628 2.263255
4629 2.263073
4630 2.262891
4631 2.262708
4632 2.262525
4633 2.262341
4634 2.262157
4635 2.261973
4636 2.261788
4637 2.261603
4638 2.261417
4639 2.261231
4640 2.261045
4641 2.260858
4642 2.260671
4643 2.260484
4644 2.260296
4645 2.260108
4646 2.259919
4647 2.259730
4648 2.259541
4649 2.259351
4650 2.259161
4651 2.258970
4652 2.258779
4653 2.258588
4654 2.258396
4655 2.258204
4656 2.258012
4657 2.257819
4658 2.257626
4659 2.257433
4660 2.257239
4661 2.257045
4662 2.256850
4663 2.256655
4664 2.256460
4665 2.256264
4666 2.256068
4667 2.255872
4668 2.255675
4669 2.255478
4670 2.255280
4671 2.255082
4672 2.254884
4673 2.254685
4674 2.254486
4675 2.254287
4676 2.254087
4677 2.253887
4678 2.253687
4679 2.253486
4680 2.253285
4681 2.253084
4682 2.252882
4683 2.252680
4684 2.252477
4685 2.252274
4686 2.252071
4687 2.251867
4688 2.251663
4689 2.251459
4690 2.251254
4691 2.251049
4692 2.250844
4693 2.250638
4694 2.250432
4695 2.250225
4696 2.250019
4697 2.249811
4698 2.249604
4699 2.249396
4700 2.249188
4701 2.248979
4702 2.248770
4703 2.248561
4704 2.248352
4705 2.248142
4706 2.247931
4707 2.247721
4708 2.247510
4709 2.247298
4710 2.247087
4711 2.246874
4712 2.246662
4713 2.246449
4714 2.246236
4715 2.246023
4716 2.245809
4717 2.245595
4718 2.245380
4719 2.245166
4720 2.244950
4721 2.244735
4722 2.244519
4723 2.244303
4724 2.244086
4725 2.243870
4726 2.243652
4727 2.243435
4728 2.243217
4729 2.242999
4730 2.242780
4731 2.242561
4732 2.242342
4733 2.242122
4734 2.241902
4735 2.241682
4736 2.241461
4737 2.241240
4738 2.241019
4739 2.240797
4740 2.240576
4741 2.240353
4742 2.240131
4743 2.239908
4744 2.239684
4745 2.239461
4746 2.239237
4747 2.239012
4748 2.238788
4749 2.238563
4750 2.238337
4751 2.238112
4752 2.237886
4753 2.237659
4754 2.237433
4755 2.237206
4756 2.236978
4757 2.236751
4758 2.236523
4759 2.236294
4760 2.236066
4761 2.235837
4762 2.235608
4763 2.235378
4764 2.235148
4765 2.234918
4766 2.234687
4767 2.234456
4768 2.234225
4769 2.233993
4770 2.233761
4771 2.233529
4772 2.233297
4773 2.233064
4774 2.232830
4775 2.232597
4776 2.232363
4777 2.232129
4778 2.231894
4779 2.231660
4780 2.231424
4781 2.231189
4782 2.230953
4783 2.230717
4784 2.230481
4785 2.230244
4786 2.230007
4787 2.229770
4788 2.229532
4789 2.229294
4790 2.229056
4791 2.228817
4792 2.228578
4793 2.228339
4794 2.228099
4795 2.227860
4796 2.227619
4797 2.227379
4798 2.227138
4799 2.226897
4800 2.226656
4801 2.226414
4802 2.226172
4803 2.225930
4804 2.225687
4805 2.225444
4806 2.225201
4807 2.224957
4808 2.224713
4809 2.224469
4810 2.224225
4811 2.223980
4812 2.223735
4813 2.223490
4814 2.223244
4815 2.222998
4816 2.222752
4817 2.222506
4818 2.222259
4819 2.222012
4820 2.221764
4821 2.221517
4822 2.221269
4823 2.221020
4824 2.220772
4825 2.220523
4826 2.220274
4827 2.220024
4828 2.219775
4829 2.219525
4830 2.219274
4831 2.219024
4832 2.218773
4833 2.218522
4834 2.218271
4835 2.218019
4836 2.217767
4837 2.217515
4838 2.217262
4839 2.217009
4840 2.216756
4841 2.216503
4842 2.216250
4843 2.215996
4844 2.215742
4845 2.215487
4846 2.215232
4847 2.214978
4848 2.214722
4849 2.214467
4850 2.214211
4851 2.213955
4852 2.213699
4853 2.213442
4854 2.213186
4855 2.212928
4856 2.212671
4857 2.212414
4858 2.212156
4859 2.211898
4860 2.211639
4861 2.211381
4862 2.211122
4863 2.210863
4864 2.210604
4865 2.210344
4866 2.210084
4867 2.209824
4868 2.209564
4869 2.209303
4870 2.209043
4871 2.208782
4872 2.208520
4873 2.208259
4874 2.207997
4875 2.207735
4876 2.207473
4877 2.207211
4878 2.206948
4879 2.206685
4880 2.206422
4881 2.206159
4882 2.205895
4883 2.205631
4884 2.205367
4885 2.205103
4886 2.204839
4887 2.204574
4888 2.204309
4889 2.204044
4890 2.203779
4891 2.203513
4892 2.203247
4893 2.202981
4894 2.202715
4895 2.202449
4896 2.202182
4897 2.201915
4898 2.201648
4899 2.201381
4900 2.201114
4901 2.200846
4902 2.200579
4903 2.200311
4904 2.200042
4905 2.199774
4906 2.199506
4907 2.199237
4908 2.198968
4909 2.198699
4910 2.198430
4911 2.198160
4912 2.197890
4913 2.197621
4914 2.197351
4915 2.197080
4916 2.196810
4917 2.196540
4918 2.196269
4919 2.195998
4920 2.195727
4921 2.195456
4922 2.195185
4923 2.194913
4924 2.194641
4925 2.194370
4926 2.194098
4927 2.193825
4928 2.193553
4929 2.193281
4930 2.193008
4931 2.192736
4932 2.192463
4933 2.192190
4934 2.191917
4935 2.191643
4936 2.191370
4937 2.191096
4938 2.190823
4939 2.190549
4940 2.190275
4941 2.190001
4942 2.189727
4943 2.189452
4944 2.189178
4945 2.188903
4946 2.188629
4947 2.188354
4948 2.188079
4949 2.187804
4950 2.187529
4951 2.187254
4952 2.186979
4953 2.186703
4954 2.186428
4955 2.186152
4956 2.185876
4957 2.185601
4958 2.185325
4959 2.185049
4960 2.184773
4961 2.184497
4962 2.184221
4963 2.183944
4964 2.183668
4965 2.183392
4966 2.183115
4967 2.182839
4968 2.182562
4969 2.182285
4970 2.182009
4971 2.181732
4972 2.181455
4973 2.181178
4974 2.180901
4975 2.180624
4976 2.180347
4977 2.180070
4978 2.179793
4979 2.179516
4980 2.179239
4981 2.178962
4982 2.178685
4983 2.178408
4984 2.178130
4985 2.177853
4986 2.177576
4987 2.177299
4988 2.177021
4989 2.176744
4990 2.176467
4991 2.176189
4992 2.175912
4993 2.175635
4994 2.175358
4995 2.175080
4996 2.174803
4997 2.174526
4998 2.174249
4999 2.173972
