0 36.050761
1 37.872725
2 38.692242
3 39.051623
4 39.320250
5 39.542520
6 39.706899
7 39.783694
8 39.713163
9 39.337723
10 38.371711
11 36.856243
12 34.831989
13 32.103220
14 29.192415
15 26.679754
16 24.668189
17 23.070485
18 21.763522
19 20.606617
20 19.515976
21 18.460231
22 17.422555
23 16.393522
24 15.372166
25 14.364145
26 13.380242
27 12.433716
28 11.536496
29 10.696864
30 9.919064
31 9.204045
32 8.550469
33 7.955430
34 7.414870
35 6.923939
36 6.477448
37 6.070352
38 5.698107
39 5.356816
40 5.043228
41 4.754646
42 4.488822
43 4.243857
44 4.018102
45 3.810088
46 3.618483
47 3.442064
48 3.279703
49 3.130351
50 2.993035
51 2.866838
52 2.750897
53 2.644396
54 2.546567
55 2.456689
56 2.374090
57 2.298146
58 2.228284
59 2.163975
60 2.104734
61 2.050119
62 1.999724
63 1.953180
64 1.910149
65 1.870324
66 1.833425
67 1.799197
68 1.767410
69 1.737852
70 1.710332
71 1.684678
72 1.660730
73 1.638347
74 1.617397
75 1.597764
76 1.579339
77 1.562027
78 1.545739
79 1.530396
80 1.515926
81 1.502263
82 1.489349
83 1.477129
84 1.465555
85 1.454583
86 1.444173
87 1.434289
88 1.424897
89 1.415967
90 1.407472
91 1.399385
92 1.391683
93 1.384345
94 1.377349
95 1.370678
96 1.364313
97 1.358237
98 1.352435
99 1.346893
100 1.341595
101 1.336530
102 1.331684
103 1.327045
104 1.322602
105 1.318344
106 1.314260
107 1.310342
108 1.306578
109 1.302961
110 1.299482
111 1.296133
112 1.292905
113 1.289793
114 1.286788
115 1.283885
116 1.281078
117 1.278360
118 1.275726
119 1.273171
120 1.270691
121 1.268281
122 1.265937
123 1.263655
124 1.261432
125 1.259264
126 1.257149
127 1.255083
128 1.253065
129 1.251091
130 1.249160
131 1.247270
132 1.245419
133 1.243605
134 1.241827
135 1.240083
136 1.238373
137 1.236694
138 1.235046
139 1.233428
140 1.231838
141 1.230277
142 1.228742
143 1.227233
144 1.225749
145 1.224290
146 1.222853
147 1.221439
148 1.220047
149 1.218675
150 1.217323
151 1.215990
152 1.214675
153 1.213377
154 1.212096
155 1.210830
156 1.209578
157 1.208340
158 1.207114
159 1.205901
160 1.204698
161 1.203506
162 1.202324
163 1.201150
164 1.199985
165 1.198827
166 1.197676
167 1.196532
168 1.195394
169 1.194262
170 1.193136
171 1.192015
172 1.190899
173 1.189789
174 1.188685
175 1.187586
176 1.186492
177 1.185406
178 1.184325
179 1.183252
180 1.182187
181 1.181130
182 1.180083
183 1.179046
184 1.178020
185 1.177006
186 1.176005
187 1.175018
188 1.174047
189 1.173093
190 1.172156
191 1.171239
192 1.170343
193 1.169468
194 1.168617
195 1.167791
196 1.166991
197 1.166218
198 1.165475
199 1.164761
200 1.164080
201 1.163431
202 1.162817
203 1.162239
204 1.161697
205 1.161194
206 1.160729
207 1.160305
208 1.159922
209 1.159582
210 1.159285
211 1.159032
212 1.158824
213 1.158661
214 1.158545
215 1.158476
216 1.158454
217 1.158481
218 1.158556
219 1.158680
220 1.158853
221 1.159075
222 1.159348
223 1.159669
224 1.160041
225 1.160463
226 1.160935
227 1.161457
228 1.162028
229 1.162650
230 1.163321
231 1.164041
232 1.164811
233 1.165630
234 1.166497
235 1.167414
236 1.168378
237 1.169391
238 1.170451
239 1.171559
240 1.172715
241 1.173917
242 1.175167
243 1.176463
244 1.177806
245 1.179195
246 1.180631
247 1.182113
248 1.183642
249 1.185217
250 1.186839
251 1.188507
252 1.190223
253 1.191986
254 1.193797
255 1.195657
256 1.197565
257 1.199523
258 1.201532
259 1.203592
260 1.205704
261 1.207869
262 1.210089
263 1.212365
264 1.214699
265 1.217091
266 1.219544
267 1.222060
268 1.224640
269 1.227287
270 1.230002
271 1.232788
272 1.235649
273 1.238585
274 1.241601
275 1.244699
276 1.247882
277 1.251153
278 1.254515
279 1.257973
280 1.261529
281 1.265188
282 1.268952
283 1.272826
284 1.276813
285 1.280918
286 1.285143
287 1.289493
288 1.293972
289 1.298582
290 1.303328
291 1.308212
292 1.313238
293 1.318408
294 1.323723
295 1.329186
296 1.334798
297 1.340560
298 1.346470
299 1.352527
300 1.358731
301 1.365078
302 1.371563
303 1.378183
304 1.384930
305 1.391799
306 1.398779
307 1.405862
308 1.413037
309 1.420292
310 1.427614
311 1.434991
312 1.442406
313 1.449846
314 1.457294
315 1.464737
316 1.472157
317 1.479541
318 1.486874
319 1.494142
320 1.501332
321 1.508434
322 1.515436
323 1.522329
324 1.529107
325 1.535761
326 1.542287
327 1.548681
328 1.554940
329 1.561063
330 1.567048
331 1.572896
332 1.578607
333 1.584184
334 1.589627
335 1.594940
336 1.600125
337 1.605186
338 1.610126
339 1.614948
340 1.619657
341 1.624255
342 1.628746
343 1.633134
344 1.637423
345 1.641617
346 1.645718
347 1.649730
348 1.653657
349 1.657501
350 1.661266
351 1.664954
352 1.668569
353 1.672113
354 1.675589
355 1.678998
356 1.682344
357 1.685628
358 1.688853
359 1.692020
360 1.695131
361 1.698188
362 1.701193
363 1.704147
364 1.707051
365 1.709906
366 1.712714
367 1.715476
368 1.718193
369 1.720865
370 1.723493
371 1.726078
372 1.728621
373 1.731121
374 1.733580
375 1.735997
376 1.738373
377 1.740708
378 1.743002
379 1.745255
380 1.747466
381 1.749636
382 1.751764
383 1.753849
384 1.755892
385 1.757891
386 1.759846
387 1.761757
388 1.763622
389 1.765440
390 1.767211
391 1.768934
392 1.770607
393 1.772229
394 1.773800
395 1.775317
396 1.776781
397 1.778189
398 1.779540
399 1.780833
400 1.782066
401 1.783240
402 1.784351
403 1.785400
404 1.786385
405 1.787305
406 1.788160
407 1.788948
408 1.789669
409 1.790323
410 1.790910
411 1.791428
412 1.791880
413 1.792263
414 1.792580
415 1.792830
416 1.793014
417 1.793134
418 1.793190
419 1.793183
420 1.793116
421 1.792990
422 1.792806
423 1.792567
424 1.792274
425 1.791930
426 1.791537
427 1.791097
428 1.790613
429 1.790087
430 1.789521
431 1.788919
432 1.788283
433 1.787615
434 1.786918
435 1.786194
436 1.785447
437 1.784678
438 1.783891
439 1.783087
440 1.782268
441 1.781438
442 1.780598
443 1.779751
444 1.778899
445 1.778043
446 1.777186
447 1.776329
448 1.775476
449 1.774626
450 1.773783
451 1.772947
452 1.772121
453 1.771305
454 1.770503
455 1.769714
456 1.768941
457 1.768184
458 1.767446
459 1.766727
460 1.766029
461 1.765352
462 1.764699
463 1.764070
464 1.763466
465 1.762889
466 1.762340
467 1.761818
468 1.761327
469 1.760866
470 1.760437
471 1.760041
472 1.759679
473 1.759352
474 1.759061
475 1.758808
476 1.758593
477 1.758419
478 1.758286
479 1.758196
480 1.758150
481 1.758151
482 1.758200
483 1.758299
484 1.758451
485 1.758656
486 1.758917
487 1.759237
488 1.759618
489 1.760062
490 1.760572
491 1.761149
492 1.761797
493 1.762516
494 1.763311
495 1.764182
496 1.765131
497 1.766160
498 1.767272
499 1.768466
500 1.769745
501 1.771109
502 1.772559
503 1.774095
504 1.775719
505 1.777429
506 1.779227
507 1.781110
508 1.783079
509 1.785133
510 1.787271
511 1.789490
512 1.791789
513 1.794166
514 1.796619
515 1.799144
516 1.801738
517 1.804397
518 1.807118
519 1.809896
520 1.812725
521 1.815602
522 1.818519
523 1.821473
524 1.824456
525 1.827463
526 1.830489
527 1.833530
528 1.836581
529 1.839639
530 1.842702
531 1.845769
532 1.848841
533 1.851919
534 1.855006
535 1.858107
536 1.861227
537 1.864371
538 1.867546
539 1.870759
540 1.874018
541 1.877331
542 1.880706
543 1.884152
544 1.887677
545 1.891289
546 1.894997
547 1.898808
548 1.902731
549 1.906769
550 1.910930
551 1.915214
552 1.919621
553 1.924145
554 1.928777
555 1.933497
556 1.938279
557 1.943086
558 1.947868
559 1.952567
560 1.957116
561 1.961446
562 1.965494
563 1.969214
564 1.972580
565 1.975592
566 1.978272
567 1.980655
568 1.982783
569 1.984695
570 1.986430
571 1.988017
572 1.989483
573 1.990847
574 1.992127
575 1.993336
576 1.994484
577 1.995580
578 1.996631
579 1.997643
580 1.998621
581 1.999569
582 2.000490
583 2.001387
584 2.002263
585 2.003120
586 2.003958
587 2.004781
588 2.005589
589 2.006384
590 2.007167
591 2.007937
592 2.008698
593 2.009448
594 2.010189
595 2.010921
596 2.011645
597 2.012360
598 2.013069
599 2.013770
600 2.014464
601 2.015151
602 2.015831
603 2.016506
604 2.017174
605 2.017835
606 2.018491
607 2.019141
608 2.019784
609 2.020422
610 2.021054
611 2.021680
612 2.022301
613 2.022915
614 2.023525
615 2.024128
616 2.024726
617 2.025318
618 2.025905
619 2.026486
620 2.027062
621 2.027633
622 2.028199
623 2.028760
624 2.029316
625 2.029867
626 2.030414
627 2.030956
628 2.031494
629 2.032027
630 2.032557
631 2.033082
632 2.033604
633 2.034122
634 2.034636
635 2.035147
636 2.035655
637 2.036159
638 2.036660
639 2.037159
640 2.037654
641 2.038146
642 2.038636
643 2.039123
644 2.039607
645 2.040089
646 2.040568
647 2.041045
648 2.041519
649 2.041990
650 2.042459
651 2.042925
652 2.043389
653 2.043850
654 2.044309
655 2.044765
656 2.045218
657 2.045668
658 2.046115
659 2.046559
660 2.047000
661 2.047437
662 2.047871
663 2.048301
664 2.048728
665 2.049150
666 2.049568
667 2.049981
668 2.050390
669 2.050794
670 2.051192
671 2.051585
672 2.051972
673 2.052353
674 2.052727
675 2.053095
676 2.053455
677 2.053808
678 2.054153
679 2.054490
680 2.054818
681 2.055137
682 2.055448
683 2.055748
684 2.056039
685 2.056320
686 2.056590
687 2.056849
688 2.057097
689 2.057334
690 2.057559
691 2.057773
692 2.057975
693 2.058164
694 2.058342
695 2.058507
696 2.058660
697 2.058801
698 2.058929
699 2.059045
700 2.059149
701 2.059241
702 2.059320
703 2.059388
704 2.059445
705 2.059489
706 2.059523
707 2.059546
708 2.059557
709 2.059559
710 2.059550
711 2.059531
712 2.059503
713 2.059465
714 2.059418
715 2.059362
716 2.059298
717 2.059226
718 2.059145
719 2.059058
720 2.058963
721 2.058861
722 2.058752
723 2.058637
724 2.058516
725 2.058389
726 2.058256
727 2.058118
728 2.057975
729 2.057827
730 2.057674
731 2.057517
732 2.057356
733 2.057190
734 2.057022
735 2.056849
736 2.056673
737 2.056494
738 2.056313
739 2.056128
740 2.055941
741 2.055752
742 2.055561
743 2.055367
744 2.055172
745 2.054975
746 2.054777
747 2.054578
748 2.054378
749 2.054176
750 2.053974
751 2.053772
752 2.053569
753 2.053367
754 2.053164
755 2.052962
756 2.052759
757 2.052558
758 2.052357
759 2.052158
760 2.051959
761 2.051762
762 2.051566
763 2.051373
764 2.051181
765 2.050991
766 2.050803
767 2.050618
768 2.050436
769 2.050257
770 2.050080
771 2.049908
772 2.049738
773 2.049573
774 2.049411
775 2.049254
776 2.049101
777 2.048953
778 2.048809
779 2.048671
780 2.048538
781 2.048411
782 2.048289
783 2.048174
784 2.048065
785 2.047962
786 2.047867
787 2.047778
788 2.047697
789 2.047623
790 2.047558
791 2.047500
792 2.047451
793 2.047411
794 2.047380
795 2.047358
796 2.047346
797 2.047343
798 2.047351
799 2.047369
800 2.047398
801 2.047439
802 2.047490
803 2.047553
804 2.047629
805 2.047716
806 2.047816
807 2.047929
808 2.048054
809 2.048193
810 2.048346
811 2.048512
812 2.048692
813 2.048886
814 2.049094
815 2.049316
816 2.049552
817 2.049802
818 2.050066
819 2.050344
820 2.050635
821 2.050939
822 2.051255
823 2.051584
824 2.051923
825 2.052272
826 2.052631
827 2.052997
828 2.053370
829 2.053747
830 2.054128
831 2.054509
832 2.054890
833 2.055267
834 2.055640
835 2.056005
836 2.056360
837 2.056703
838 2.057034
839 2.057349
840 2.057647
841 2.057928
842 2.058191
843 2.058434
844 2.058658
845 2.058861
846 2.059044
847 2.059206
848 2.059345
849 2.059460
850 2.059549
851 2.059612
852 2.059645
853 2.059647
854 2.059615
855 2.059545
856 2.059433
857 2.059275
858 2.059066
859 2.058797
860 2.058461
861 2.058048
862 2.057545
863 2.056936
864 2.056199
865 2.055309
866 2.054229
867 2.052909
868 2.051280
869 2.049235
870 2.046607
871 2.043104
872 2.038150
873 2.030373
874 2.015344
875 2.011209
876 2.162037
877 2.127712
878 2.047384
879 2.214460
880 1.752708
881 2.264821
882 2.210529
883 1.911743
884 2.307908
885 2.277527
886 1.935802
887 2.396985
888 1.887508
889 1.798863
890 2.458848
891 1.890959
892 2.227311
893 2.349853
894 2.362775
895 2.371750
896 2.398263
897 2.421683
898 2.425992
899 2.423813
900 2.422060
901 2.419837
902 2.417015
903 2.413382
904 2.408761
905 2.403129
906 2.396865
907 2.390950
908 2.386555
909 2.383933
910 2.382193
911 2.380389
912 2.378235
913 2.375902
914 2.373615
915 2.371488
916 2.369537
917 2.367708
918 2.365849
919 2.363698
920 2.360886
921 2.356978
922 2.351575
923 2.344442
924 2.335613
925 2.325439
926 2.314586
927 2.303905
928 2.294096
929 2.285431
930 2.277821
931 2.271035
932 2.264834
933 2.259006
934 2.253366
935 2.247760
936 2.242079
937 2.236259
938 2.230282
939 2.224174
940 2.217990
941 2.211809
942 2.205720
943 2.199813
944 2.194172
945 2.188865
946 2.183942
947 2.179430
948 2.175342
949 2.171675
950 2.168425
951 2.165586
952 2.163159
953 2.161145
954 2.159544
955 2.158355
956 2.157565
957 2.157149
958 2.157068
959 2.157271
960 2.157691
961 2.158252
962 2.158865
963 2.159438
964 2.159873
965 2.160069
966 2.159928
967 2.159360
968 2.158285
969 2.156642
970 2.154400
971 2.151569
972 2.148206
973 2.144425
974 2.140387
975 2.136284
976 2.132319
977 2.128714
978 2.125717
979 2.123600
980 2.122626
981 2.123002
982 2.124838
983 2.128122
984 2.132699
985 2.138298
986 2.144609
987 2.151424
988 2.158788
989 2.167109
990 2.177229
991 2.190432
992 2.208279
993 2.232073
994 2.262260
995 2.298803
996 2.341435
997 2.386657
998 2.428937
999 2.466321
1000 2.498573
1001 2.524735
1002 2.545808
1003 2.562981
1004 2.575154
1005 2.582554
1006 2.587240
1007 2.587416
1008 2.567177
1009 2.942393
1010 2.517348
1011 2.479079
1012 2.382687
1013 2.952527
1014 2.521685
1015 2.795457
1016 2.179809
1017 2.546492
1018 2.438869
1019 2.406957
1020 2.533396
1021 2.524978
1022 2.559062
1023 2.559331
1024 2.566162
1025 2.568247
1026 2.569364
1027 2.569113
1028 2.567941
1029 2.566165
1030 2.563667
1031 2.559662
1032 2.554655
1033 2.549600
1034 2.544033
1035 2.537701
1036 2.530644
1037 2.522738
1038 2.513621
1039 2.502999
1040 2.490694
1041 2.476766
1042 2.461567
1043 2.445650
1044 2.429505
1045 2.413623
1046 2.398629
1047 2.385159
1048 2.373433
1049 2.362989
1050 2.353157
1051 2.343432
1052 2.333424
1053 2.322758
1054 2.311011
1055 2.297639
1056 2.281960
1057 2.263412
1058 2.242544
1059 2.222343
1060 2.206386
1061 2.194795
1062 2.185943
1063 2.179036
1064 2.173810
1065 2.170082
1066 2.167643
1067 2.166270
1068 2.165754
1069 2.165911
1070 2.166584
1071 2.167642
1072 2.168975
1073 2.170492
1074 2.172123
1075 2.173823
1076 2.175569
1077 2.177366
1078 2.179241
1079 2.181247
1080 2.183450
1081 2.185935
1082 2.188791
1083 2.192114
1084 2.196001
1085 2.200546
1086 2.205836
1087 2.211952
1088 2.218959
1089 2.226892
1090 2.235733
1091 2.245365
1092 2.255538
1093 2.265845
1094 2.275753
1095 2.284728
1096 2.292491
1097 2.299157
1098 2.305073
1099 2.310562
1100 2.315845
1101 2.321069
1102 2.326301
1103 2.331488
1104 2.336443
1105 2.341011
1106 2.345247
1107 2.349306
1108 2.353291
1109 2.357256
1110 2.361235
1111 2.365261
1112 2.369377
1113 2.373654
1114 2.378210
1115 2.383242
1116 2.389084
1117 2.396290
1118 2.405587
1119 2.416522
1120 2.422920
1121 2.422737
1122 2.425968
1123 2.426441
1124 2.429419
1125 2.429639
1126 2.433210
1127 2.432101
1128 2.438086
1129 2.432006
1130 2.447027
1131 2.420715
1132 2.455617
1133 2.410010
1134 2.440325
1135 2.467216
1136 2.400917
1137 2.419630
1138 2.484402
1139 2.397246
1140 2.418462
1141 2.496673
1142 2.406382
1143 2.456281
1144 2.504540
1145 2.411184
1146 2.475531
1147 2.471084
1148 2.494404
1149 2.435097
1150 2.506453
1151 2.454304
1152 2.508338
1153 2.454164
1154 2.509746
1155 2.455041
1156 2.510916
1157 2.457325
1158 2.512025
1159 2.460815
1160 2.513135
1161 2.465206
1162 2.514255
1163 2.469784
1164 2.515556
1165 2.474315
1166 2.517086
1167 2.479284
1168 2.518960
1169 2.483149
1170 2.520460
1171 2.493857
1172 2.526640
1173 2.468208
1174 2.530304
1175 2.520090
1176 2.496606
1177 2.524754
1178 2.532079
1179 2.500746
1180 2.527256
1181 2.531310
1182 2.533150
1183 2.522992
1184 2.537082
1185 2.537112
1186 2.538540
1187 2.540189
1188 2.540031
1189 2.537257
1190 2.534604
1191 2.544053
1192 2.537618
1193 2.541850
1194 2.539441
1195 2.540723
1196 2.540568
1197 2.540997
1198 2.541416
1199 2.541935
1200 2.542528
1201 2.543178
1202 2.543871
1203 2.544594
1204 2.545336
1205 2.546091
1206 2.546856
1207 2.547628
1208 2.548407
1209 2.549193
1210 2.549985
1211 2.550785
1212 2.551593
1213 2.552409
1214 2.553235
1215 2.554070
1216 2.554917
1217 2.555777
1218 2.556650
1219 2.557538
1220 2.558442
1221 2.559364
1222 2.560305
1223 2.561268
1224 2.562254
1225 2.563265
1226 2.564304
1227 2.565372
1228 2.566473
1229 2.567608
1230 2.568779
1231 2.569988
1232 2.571238
1233 2.572529
1234 2.573862
1235 2.575237
1236 2.576652
1237 2.578107
1238 2.579597
1239 2.581117
1240 2.582662
1241 2.584225
1242 2.585800
1243 2.587378
1244 2.588954
1245 2.590522
1246 2.592078
1247 2.593619
1248 2.595144
1249 2.596652
1250 2.598144
1251 2.599621
1252 2.601083
1253 2.602529
1254 2.603958
1255 2.605369
1256 2.606758
1257 2.608124
1258 2.609465
1259 2.610780
1260 2.612070
1261 2.613335
1262 2.614576
1263 2.615794
1264 2.616989
1265 2.618158
1266 2.619301
1267 2.620414
1268 2.621498
1269 2.622552
1270 2.623578
1271 2.624577
1272 2.625548
1273 2.626493
1274 2.627411
1275 2.628300
1276 2.629161
1277 2.629995
1278 2.630801
1279 2.631582
1280 2.632337
1281 2.633067
1282 2.633770
1283 2.634445
1284 2.635087
1285 2.635690
1286 2.636242
1287 2.636721
1288 2.637093
1289 2.637299
1290 2.637243
1291 2.636764
1292 2.635597
1293 2.633284
1294 2.628982
1295 2.620766
1296 2.601681
1297 3.082732
1298 1.714406
1299 2.638883
1300 2.634383
1301 4.088423
1302 2.651155
1303 3.906861
1304 2.255272
1305 2.992681
1306 2.561630
1307 2.435633
1308 2.374790
1309 2.356540
1310 2.353400
1311 2.355047
1312 2.357728
1313 2.360262
1314 2.362328
1315 2.363879
1316 2.364955
1317 2.365616
1318 2.365920
1319 2.365916
1320 2.365647
1321 2.365143
1322 2.364428
1323 2.363521
1324 2.362434
1325 2.361176
1326 2.359753
1327 2.358167
1328 2.356420
1329 2.354512
1330 2.352439
1331 2.350199
1332 2.347788
1333 2.345199
1334 2.342427
1335 2.339463
1336 2.336300
1337 2.332926
1338 2.329333
1339 2.325506
1340 2.321432
1341 2.317094
1342 2.312476
1343 2.307557
1344 2.302313
1345 2.296721
1346 2.290751
1347 2.284374
1348 2.277556
1349 2.270263
1350 2.262460
1351 2.254115
1352 2.245200
1353 2.235698
1354 2.225606
1355 2.214944
1356 2.203760
1357 2.192134
1358 2.180181
1359 2.168042
1360 2.155874
1361 2.143834
1362 2.132061
1363 2.120663
1364 2.109712
1365 2.099245
1366 2.089272
1367 2.079785
1368 2.070768
1369 2.062197
1370 2.054051
1371 2.046310
1372 2.038954
1373 2.031967
1374 2.025335
1375 2.019046
1376 2.013087
1377 2.007447
1378 2.002116
1379 1.997083
1380 1.992339
1381 1.987872
1382 1.983673
1383 1.979731
1384 1.976036
1385 1.972576
1386 1.969341
1387 1.966320
1388 1.963503
1389 1.960879
1390 1.958438
1391 1.956169
1392 1.954063
1393 1.952111
1394 1.950302
1395 1.948628
1396 1.947081
1397 1.945653
1398 1.944335
1399 1.943122
1400 1.942005
1401 1.940979
1402 1.940038
1403 1.939175
1404 1.938386
1405 1.937665
1406 1.937008
1407 1.936410
1408 1.935867
1409 1.935377
1410 1.934934
1411 1.934535
1412 1.934178
1413 1.933860
1414 1.933578
1415 1.933330
1416 1.933112
1417 1.932924
1418 1.932763
1419 1.932626
1420 1.932513
1421 1.932422
1422 1.932352
1423 1.932300
1424 1.932265
1425 1.932247
1426 1.932244
1427 1.932255
1428 1.932279
1429 1.932315
1430 1.932362
1431 1.932420
1432 1.932488
1433 1.932565
1434 1.932650
1435 1.932742
1436 1.932842
1437 1.932949
1438 1.933061
1439 1.933180
1440 1.933303
1441 1.933431
1442 1.933564
1443 1.933701
1444 1.933841
1445 1.933985
1446 1.934132
1447 1.934281
1448 1.934434
1449 1.934588
1450 1.934745
1451 1.934903
1452 1.935063
1453 1.935225
1454 1.935388
1455 1.935552
1456 1.935717
1457 1.935883
1458 1.936050
1459 1.936217
1460 1.936385
1461 1.936553
1462 1.936721
1463 1.936889
1464 1.937058
1465 1.937226
1466 1.937395
1467 1.937563
1468 1.937731
1469 1.937899
1470 1.938066
1471 1.938233
1472 1.938399
1473 1.938565
1474 1.938730
1475 1.938895
1476 1.939059
1477 1.939223
1478 1.939385
1479 1.939547
1480 1.939708
1481 1.939869
1482 1.940028
1483 1.940187
1484 1.940345
1485 1.940502
1486 1.940658
1487 1.940813
1488 1.940967
1489 1.941120
1490 1.941273
1491 1.941424
1492 1.941574
1493 1.941724
1494 1.941872
1495 1.942020
1496 1.942166
1497 1.942311
1498 1.942456
1499 1.942599
1500 1.942742
1501 1.942883
1502 1.943024
1503 1.943163
1504 1.943302
1505 1.943439
1506 1.943576
1507 1.943711
1508 1.943846
1509 1.943979
1510 1.944112
1511 1.944244
1512 1.944374
1513 1.944504
1514 1.944633
1515 1.944760
1516 1.944887
1517 1.945013
1518 1.945138
1519 1.945262
1520 1.945385
1521 1.945508
1522 1.945629
1523 1.945749
1524 1.945869
1525 1.945988
1526 1.946105
1527 1.946222
1528 1.946338
1529 1.946454
1530 1.946568
1531 1.946682
1532 1.946795
1533 1.946906
1534 1.947018
1535 1.947128
1536 1.947238
1537 1.947347
1538 1.947455
1539 1.947562
1540 1.947669
1541 1.947774
1542 1.947879
1543 1.947984
1544 1.948088
1545 1.948191
1546 1.948293
1547 1.948395
1548 1.948496
1549 1.948596
1550 1.948695
1551 1.948795
1552 1.948893
1553 1.948991
1554 1.949088
1555 1.949184
1556 1.949280
1557 1.949376
1558 1.949470
1559 1.949565
1560 1.949658
1561 1.949752
1562 1.949844
1563 1.949936
1564 1.950028
1565 1.950119
1566 1.950209
1567 1.950299
1568 1.950389
1569 1.950478
1570 1.950566
1571 1.950655
1572 1.950742
1573 1.950830
1574 1.950916
1575 1.951003
1576 1.951089
1577 1.951174
1578 1.951260
1579 1.951344
1580 1.951429
1581 1.951513
1582 1.951597
1583 1.951680
1584 1.951763
1585 1.951846
1586 1.951928
1587 1.952010
1588 1.952092
1589 1.952173
1590 1.952255
1591 1.952335
1592 1.952416
1593 1.952496
1594 1.952577
1595 1.952656
1596 1.952736
1597 1.952815
1598 1.952895
1599 1.952974
1600 1.953052
1601 1.953131
1602 1.953209
1603 1.953287
1604 1.953365
1605 1.953443
1606 1.953521
1607 1.953599
1608 1.953676
1609 1.953753
1610 1.953830
1611 1.953908
1612 1.953985
1613 1.954061
1614 1.954138
1615 1.954215
1616 1.954292
1617 1.954368
1618 1.954445
1619 1.954521
1620 1.954598
1621 1.954674
1622 1.954751
1623 1.954827
1624 1.954903
1625 1.954980
1626 1.955056
1627 1.955133
1628 1.955209
1629 1.955286
1630 1.955362
1631 1.955439
1632 1.955516
1633 1.955592
1634 1.955669
1635 1.955746
1636 1.955823
1637 1.955901
1638 1.955978
1639 1.956055
1640 1.956133
1641 1.956211
1642 1.956289
1643 1.956367
1644 1.956445
1645 1.956523
1646 1.956602
1647 1.956681
1648 1.956760
1649 1.956839
1650 1.956919
1651 1.956998
1652 1.957078
1653 1.957159
1654 1.957239
1655 1.957320
1656 1.957401
1657 1.957482
1658 1.957564
1659 1.957646
1660 1.957728
1661 1.957811
1662 1.957894
1663 1.957977
1664 1.958061
1665 1.958145
1666 1.958230
1667 1.958315
1668 1.958400
1669 1.958486
1670 1.958572
1671 1.958659
1672 1.958746
1673 1.958833
1674 1.958921
1675 1.959010
1676 1.959099
1677 1.959189
1678 1.959279
1679 1.959369
1680 1.959460
1681 1.959552
1682 1.959644
1683 1.959737
1684 1.959831
1685 1.959925
1686 1.960020
1687 1.960115
1688 1.960211
1689 1.960307
1690 1.960405
1691 1.960503
1692 1.960601
1693 1.960701
1694 1.960801
1695 1.960902
1696 1.961004
1697 1.961106
1698 1.961209
1699 1.961313
1700 1.961418
1701 1.961524
1702 1.961630
1703 1.961738
1704 1.961846
1705 1.961955
1706 1.962065
1707 1.962176
1708 1.962288
1709 1.962401
1710 1.962515
1711 1.962629
1712 1.962745
1713 1.962862
1714 1.962980
1715 1.963099
1716 1.963219
1717 1.963340
1718 1.963463
1719 1.963586
1720 1.963711
1721 1.963837
1722 1.963964
1723 1.964092
1724 1.964221
1725 1.964352
1726 1.964484
1727 1.964617
1728 1.964752
1729 1.964888
1730 1.965025
1731 1.965164
1732 1.965305
1733 1.965446
1734 1.965589
1735 1.965734
1736 1.965880
1737 1.966028
1738 1.966177
1739 1.966328
1740 1.966481
1741 1.966635
1742 1.966791
1743 1.966948
1744 1.967108
1745 1.967269
1746 1.967432
1747 1.967596
1748 1.967763
1749 1.967931
1750 1.968102
1751 1.968274
1752 1.968449
1753 1.968625
1754 1.968804
1755 1.968984
1756 1.969167
1757 1.969352
1758 1.969539
1759 1.969728
1760 1.969920
1761 1.970114
1762 1.970310
1763 1.970509
1764 1.970710
1765 1.970914
1766 1.971120
1767 1.971329
1768 1.971540
1769 1.971755
1770 1.971971
1771 1.972191
1772 1.972414
1773 1.972639
1774 1.972867
1775 1.973098
1776 1.973333
1777 1.973570
1778 1.973811
1779 1.974054
1780 1.974301
1781 1.974552
1782 1.974805
1783 1.975062
1784 1.975323
1785 1.975587
1786 1.975855
1787 1.976127
1788 1.976402
1789 1.976681
1790 1.976964
1791 1.977251
1792 1.977542
1793 1.977838
1794 1.978137
1795 1.978441
1796 1.978749
1797 1.979062
1798 1.979379
1799 1.979701
1800 1.980028
1801 1.980359
1802 1.980696
1803 1.981037
1804 1.981384
1805 1.981736
1806 1.982093
1807 1.982456
1808 1.982824
1809 1.983198
1810 1.983577
1811 1.983963
1812 1.984355
1813 1.984752
1814 1.985156
1815 1.985567
1816 1.985984
1817 1.986408
1818 1.986838
1819 1.987276
1820 1.987720
1821 1.988172
1822 1.988632
1823 1.989099
1824 1.989574
1825 1.990056
1826 1.990547
1827 1.991046
1828 1.991554
1829 1.992070
1830 1.992595
1831 1.993129
1832 1.993672
1833 1.994225
1834 1.994788
1835 1.995360
1836 1.995943
1837 1.996535
1838 1.997139
1839 1.997753
1840 1.998379
1841 1.999015
1842 1.999664
1843 2.000324
1844 2.000996
1845 2.001681
1846 2.002379
1847 2.003090
1848 2.003814
1849 2.004551
1850 2.005303
1851 2.006069
1852 2.006850
1853 2.007646
1854 2.008457
1855 2.009285
1856 2.010128
1857 2.010988
1858 2.011865
1859 2.012759
1860 2.013671
1861 2.014602
1862 2.015551
1863 2.016520
1864 2.017508
1865 2.018516
1866 2.019545
1867 2.020595
1868 2.021667
1869 2.022761
1870 2.023878
1871 2.025019
1872 2.026183
1873 2.027372
1874 2.028585
1875 2.029825
1876 2.031091
1877 2.032384
1878 2.033704
1879 2.035053
1880 2.036431
1881 2.037839
1882 2.039276
1883 2.040745
1884 2.042246
1885 2.043779
1886 2.045345
1887 2.046945
1888 2.048580
1889 2.050250
1890 2.051957
1891 2.053700
1892 2.055480
1893 2.057299
1894 2.059157
1895 2.061055
1896 2.062993
1897 2.064972
1898 2.066993
1899 2.069056
1900 2.071162
1901 2.073311
1902 2.075504
1903 2.077742
1904 2.080024
1905 2.082351
1906 2.084724
1907 2.087142
1908 2.089607
1909 2.092116
1910 2.094672
1911 2.097273
1912 2.099919
1913 2.102610
1914 2.105345
1915 2.108123
1916 2.110944
1917 2.113807
1918 2.116711
1919 2.119654
1920 2.122634
1921 2.125651
1922 2.128702
1923 2.131785
1924 2.134898
1925 2.138039
1926 2.141204
1927 2.144392
1928 2.147599
1929 2.150823
1930 2.154059
1931 2.157306
1932 2.160559
1933 2.163814
1934 2.167069
1935 2.170320
1936 2.173563
1937 2.176794
1938 2.180011
1939 2.183208
1940 2.186384
1941 2.189534
1942 2.192655
1943 2.195744
1944 2.198799
1945 2.201815
1946 2.204791
1947 2.207725
1948 2.210613
1949 2.213454
1950 2.216246
1951 2.218987
1952 2.221676
1953 2.224311
1954 2.226892
1955 2.229417
1956 2.231885
1957 2.234297
1958 2.236652
1959 2.238949
1960 2.241189
1961 2.243371
1962 2.245496
1963 2.247563
1964 2.249574
1965 2.251529
1966 2.253429
1967 2.255273
1968 2.257063
1969 2.258800
1970 2.260485
1971 2.262117
1972 2.263699
1973 2.265232
1974 2.266715
1975 2.268151
1976 2.269541
1977 2.270884
1978 2.272184
1979 2.273439
1980 2.274653
1981 2.275825
1982 2.276957
1983 2.278050
1984 2.279105
1985 2.280123
1986 2.281104
1987 2.282051
1988 2.282964
1989 2.283844
1990 2.284693
1991 2.285510
1992 2.286297
1993 2.287056
1994 2.287786
1995 2.288489
1996 2.289166
1997 2.289817
1998 2.290444
1999 2.291048
2000 2.291628
2001 2.292186
2002 2.292724
2003 2.293240
2004 2.293737
2005 2.294215
2006 2.294674
2007 2.295116
2008 2.295541
2009 2.295950
2010 2.296343
2011 2.296721
2012 2.297085
2013 2.297435
2014 2.297772
2015 2.298096
2016 2.298408
2017 2.298709
2018 2.298998
2019 2.299277
2020 2.299546
2021 2.299805
2022 2.300055
2023 2.300297
2024 2.300530
2025 2.300755
2026 2.300973
2027 2.301184
2028 2.301388
2029 2.301586
2030 2.301777
2031 2.301963
2032 2.302144
2033 2.302320
2034 2.302491
2035 2.302657
2036 2.302820
2037 2.302978
2038 2.303133
2039 2.303285
2040 2.303433
2041 2.303579
2042 2.303721
2043 2.303862
2044 2.304000
2045 2.304136
2046 2.304270
2047 2.304403
2048 2.304534
2049 2.304663
2050 2.304792
2051 2.304919
2052 2.305045
2053 2.305171
2054 2.305296
2055 2.305421
2056 2.305545
2057 2.305669
2058 2.305793
2059 2.305916
2060 2.306040
2061 2.306164
2062 2.306288
2063 2.306412
2064 2.306537
2065 2.306662
2066 2.306788
2067 2.306914
2068 2.307041
2069 2.307169
2070 2.307297
2071 2.307426
2072 2.307556
2073 2.307687
2074 2.307819
2075 2.307952
2076 2.308086
2077 2.308222
2078 2.308358
2079 2.308495
2080 2.308634
2081 2.308773
2082 2.308914
2083 2.309056
2084 2.309199
2085 2.309344
2086 2.309490
2087 2.309637
2088 2.309785
2089 2.309935
2090 2.310086
2091 2.310239
2092 2.310392
2093 2.310547
2094 2.310704
2095 2.310862
2096 2.311021
2097 2.311181
2098 2.311343
2099 2.311506
2100 2.311670
2101 2.311836
2102 2.312003
2103 2.312171
2104 2.312341
2105 2.312512
2106 2.312684
2107 2.312858
2108 2.313033
2109 2.313209
2110 2.313386
2111 2.313565
2112 2.313745
2113 2.313926
2114 2.314108
2115 2.314292
2116 2.314477
2117 2.314663
2118 2.314850
2119 2.315038
2120 2.315227
2121 2.315418
2122 2.315609
2123 2.315802
2124 2.315996
2125 2.316191
2126 2.316387
2127 2.316584
2128 2.316782
2129 2.316981
2130 2.317181
2131 2.317382
2132 2.317584
2133 2.317787
2134 2.317991
2135 2.318196
2136 2.318401
2137 2.318608
2138 2.318816
2139 2.319024
2140 2.319233
2141 2.319444
2142 2.319654
2143 2.319866
2144 2.320079
2145 2.320292
2146 2.320506
2147 2.320721
2148 2.320937
2149 2.321153
2150 2.321370
2151 2.321588
2152 2.321806
2153 2.322026
2154 2.322245
2155 2.322466
2156 2.322687
2157 2.322909
2158 2.323131
2159 2.323354
2160 2.323577
2161 2.323801
2162 2.324026
2163 2.324251
2164 2.324477
2165 2.324703
2166 2.324930
2167 2.325157
2168 2.325385
2169 2.325613
2170 2.325842
2171 2.326071
2172 2.326301
2173 2.326531
2174 2.326761
2175 2.326992
2176 2.327224
2177 2.327455
2178 2.327687
2179 2.327920
2180 2.328153
2181 2.328386
2182 2.328619
2183 2.328853
2184 2.329087
2185 2.329322
2186 2.329557
2187 2.329792
2188 2.330027
2189 2.330263
2190 2.330499
2191 2.330735
2192 2.330972
2193 2.331209
2194 2.331446
2195 2.331683
2196 2.331920
2197 2.332158
2198 2.332396
2199 2.332634
2200 2.332872
2201 2.333111
2202 2.333350
2203 2.333588
2204 2.333827
2205 2.334067
2206 2.334306
2207 2.334546
2208 2.334785
2209 2.335025
2210 2.335265
2211 2.335505
2212 2.335745
2213 2.335986
2214 2.336226
2215 2.336467
2216 2.336707
2217 2.336948
2218 2.337189
2219 2.337430
2220 2.337671
2221 2.337912
2222 2.338153
2223 2.338394
2224 2.338636
2225 2.338877
2226 2.339118
2227 2.339360
2228 2.339601
2229 2.339843
2230 2.340084
2231 2.340326
2232 2.340568
2233 2.340809
2234 2.341051
2235 2.341293
2236 2.341534
2237 2.341776
2238 2.342018
2239 2.342260
2240 2.342501
2241 2.342743
2242 2.342985
2243 2.343227
2244 2.343468
2245 2.343710
2246 2.343952
2247 2.344193
2248 2.344435
2249 2.344677
2250 2.344918
2251 2.345160
2252 2.345401
2253 2.345643
2254 2.345884
2255 2.346126
2256 2.346367
2257 2.346608
2258 2.346849
2259 2.347091
2260 2.347332
2261 2.347573
2262 2.347814
2263 2.348055
2264 2.348296
2265 2.348537
2266 2.348778
2267 2.349018
2268 2.349259
2269 2.349500
2270 2.349740
2271 2.349981
2272 2.350221
2273 2.350461
2274 2.350701
2275 2.350942
2276 2.351182
2277 2.351422
2278 2.351662
2279 2.351901
2280 2.352141
2281 2.352381
2282 2.352620
2283 2.352860
2284 2.353099
2285 2.353338
2286 2.353578
2287 2.353817
2288 2.354056
2289 2.354295
2290 2.354533
2291 2.354772
2292 2.355011
2293 2.355249
2294 2.355487
2295 2.355726
2296 2.355964
2297 2.356202
2298 2.356440
2299 2.356678
2300 2.356916
2301 2.357153
2302 2.357391
2303 2.357628
2304 2.357866
2305 2.358103
2306 2.358340
2307 2.358577
2308 2.358814
2309 2.359050
2310 2.359287
2311 2.359524
2312 2.359760
2313 2.359996
2314 2.360232
2315 2.360468
2316 2.360704
2317 2.360940
2318 2.361176
2319 2.361411
2320 2.361647
2321 2.361882
2322 2.362117
2323 2.362352
2324 2.362587
2325 2.362822
2326 2.363057
2327 2.363291
2328 2.363526
2329 2.363760
2330 2.363994
2331 2.364228
2332 2.364462
2333 2.364696
2334 2.364930
2335 2.365163
2336 2.365397
2337 2.365630
2338 2.365863
2339 2.366096
2340 2.366329
2341 2.366562
2342 2.366794
2343 2.367027
2344 2.367259
2345 2.367491
2346 2.367723
2347 2.367955
2348 2.368187
2349 2.368419
2350 2.368650
2351 2.368881
2352 2.369113
2353 2.369344
2354 2.369575
2355 2.369805
2356 2.370036
2357 2.370266
2358 2.370497
2359 2.370727
2360 2.370957
2361 2.371187
2362 2.371417
2363 2.371646
2364 2.371876
2365 2.372105
2366 2.372334
2367 2.372563
2368 2.372792
2369 2.373021
2370 2.373249
2371 2.373478
2372 2.373706
2373 2.373934
2374 2.374162
2375 2.374390
2376 2.374617
2377 2.374845
2378 2.375072
2379 2.375299
2380 2.375526
2381 2.375753
2382 2.375979
2383 2.376206
2384 2.376432
2385 2.376658
2386 2.376884
2387 2.377110
2388 2.377336
2389 2.377561
2390 2.377786
2391 2.378011
2392 2.378236
2393 2.378461
2394 2.378685
2395 2.378910
2396 2.379134
2397 2.379358
2398 2.379582
2399 2.379805
2400 2.380029
2401 2.380252
2402 2.380475
2403 2.380698
2404 2.380921
2405 2.381143
2406 2.381365
2407 2.381588
2408 2.381809
2409 2.382031
2410 2.382253
2411 2.382474
2412 2.382695
2413 2.382916
2414 2.383137
2415 2.383357
2416 2.383577
2417 2.383797
2418 2.384017
2419 2.384237
2420 2.384456
2421 2.384675
2422 2.384894
2423 2.385113
2424 2.385331
2425 2.385549
2426 2.385767
2427 2.385985
2428 2.386203
2429 2.386420
2430 2.386637
2431 2.386854
2432 2.387071
2433 2.387287
2434 2.387503
2435 2.387719
2436 2.387934
2437 2.388150
2438 2.388365
2439 2.388580
2440 2.388794
2441 2.389008
2442 2.389222
2443 2.389436
2444 2.389650
2445 2.389863
2446 2.390076
2447 2.390288
2448 2.390501
2449 2.390713
2450 2.390925
2451 2.391136
2452 2.391347
2453 2.391558
2454 2.391769
2455 2.391979
2456 2.392189
2457 2.392399
2458 2.392608
2459 2.392817
2460 2.393026
2461 2.393234
2462 2.393442
2463 2.393650
2464 2.393857
2465 2.394064
2466 2.394271
2467 2.394478
2468 2.394684
2469 2.394889
2470 2.395095
2471 2.395300
2472 2.395504
2473 2.395709
2474 2.395913
2475 2.396116
2476 2.396319
2477 2.396522
2478 2.396724
2479 2.396927
2480 2.397128
2481 2.397329
2482 2.397530
2483 2.397731
2484 2.397931
2485 2.398130
2486 2.398330
2487 2.398529
2488 2.398727
2489 2.398925
2490 2.399123
2491 2.399320
2492 2.399516
2493 2.399713
2494 2.399908
2495 2.400104
2496 2.400299
2497 2.400493
2498 2.400687
2499 2.400881
2500 2.401074
2501 2.401266
2502 2.401458
2503 2.401650
2504 2.401841
2505 2.402032
2506 2.402222
2507 2.402411
2508 2.402601
2509 2.402789
2510 2.402977
2511 2.403165
2512 2.403352
2513 2.403538
2514 2.403724
2515 2.403910
2516 2.404095
2517 2.404279
2518 2.404463
2519 2.404646
2520 2.404829
2521 2.405011
2522 2.405192
2523 2.405373
2524 2.405553
2525 2.405733
2526 2.405912
2527 2.406091
2528 2.406269
2529 2.406446
2530 2.406623
2531 2.406799
2532 2.406974
2533 2.407149
2534 2.407323
2535 2.407497
2536 2.407670
2537 2.407842
2538 2.408013
2539 2.408184
2540 2.408354
2541 2.408524
2542 2.408693
2543 2.408861
2544 2.409028
2545 2.409195
2546 2.409361
2547 2.409526
2548 2.409691
2549 2.409854
2550 2.410018
2551 2.410180
2552 2.410341
2553 2.410502
2554 2.410662
2555 2.410822
2556 2.410980
2557 2.411138
2558 2.411295
2559 2.411451
2560 2.411607
2561 2.411761
2562 2.411915
2563 2.412068
2564 2.412220
2565 2.412371
2566 2.412522
2567 2.412672
2568 2.412820
2569 2.412968
2570 2.413115
2571 2.413262
2572 2.413407
2573 2.413552
2574 2.413695
2575 2.413838
2576 2.413980
2577 2.414120
2578 2.414260
2579 2.414400
2580 2.414538
2581 2.414675
2582 2.414811
2583 2.414946
2584 2.415081
2585 2.415214
2586 2.415347
2587 2.415478
2588 2.415609
2589 2.415738
2590 2.415867
2591 2.415994
2592 2.416121
2593 2.416246
2594 2.416371
2595 2.416495
2596 2.416617
2597 2.416738
2598 2.416859
2599 2.416978
2600 2.417096
2601 2.417214
2602 2.417330
2603 2.417445
2604 2.417559
2605 2.417672
2606 2.417784
2607 2.417894
2608 2.418004
2609 2.418112
2610 2.418220
2611 2.418326
2612 2.418431
2613 2.418535
2614 2.418638
2615 2.418740
2616 2.418840
2617 2.418940
2618 2.419038
2619 2.419135
2620 2.419231
2621 2.419325
2622 2.419419
2623 2.419511
2624 2.419602
2625 2.419692
2626 2.419780
2627 2.419868
2628 2.419954
2629 2.420039
2630 2.420122
2631 2.420205
2632 2.420286
2633 2.420365
2634 2.420444
2635 2.420521
2636 2.420597
2637 2.420672
2638 2.420745
2639 2.420817
2640 2.420888
2641 2.420958
2642 2.421026
2643 2.421093
2644 2.421158
2645 2.421222
2646 2.421285
2647 2.421347
2648 2.421407
2649 2.421465
2650 2.421523
2651 2.421579
2652 2.421633
2653 2.421687
2654 2.421738
2655 2.421789
2656 2.421838
2657 2.421885
2658 2.421932
2659 2.421976
2660 2.422020
2661 2.422062
2662 2.422102
2663 2.422141
2664 2.422179
2665 2.422215
2666 2.422250
2667 2.422283
2668 2.422315
2669 2.422345
2670 2.422374
2671 2.422401
2672 2.422427
2673 2.422451
2674 2.422474
2675 2.422496
2676 2.422515
2677 2.422534
2678 2.422551
2679 2.422566
2680 2.422580
2681 2.422592
2682 2.422603
2683 2.422612
2684 2.422619
2685 2.422625
2686 2.422630
2687 2.422633
2688 2.422634
2689 2.422634
2690 2.422632
2691 2.422629
2692 2.422624
2693 2.422618
2694 2.422610
2695 2.422600
2696 2.422589
2697 2.422576
2698 2.422561
2699 2.422545
2700 2.422528
2701 2.422508
2702 2.422487
2703 2.422465
2704 2.422441
2705 2.422415
2706 2.422387
2707 2.422358
2708 2.422328
2709 2.422295
2710 2.422261
2711 2.422226
2712 2.422188
2713 2.422149
2714 2.422109
2715 2.422066
2716 2.422022
2717 2.421977
2718 2.421930
2719 2.421881
2720 2.421830
2721 2.421778
2722 2.421724
2723 2.421668
2724 2.421611
2725 2.421551
2726 2.421491
2727 2.421428
2728 2.421364
2729 2.421298
2730 2.421231
2731 2.421161
2732 2.421090
2733 2.421018
2734 2.420943
2735 2.420867
2736 2.420789
2737 2.420710
2738 2.420629
2739 2.420546
2740 2.420461
2741 2.420375
2742 2.420286
2743 2.420197
2744 2.420105
2745 2.420012
2746 2.419917
2747 2.419820
2748 2.419721
2749 2.419621
2750 2.419519
2751 2.419415
2752 2.419310
2753 2.419202
2754 2.419094
2755 2.418983
2756 2.418870
2757 2.418756
2758 2.418640
2759 2.418523
2760 2.418403
2761 2.418282
2762 2.418159
2763 2.418035
2764 2.417908
2765 2.417780
2766 2.417650
2767 2.417519
2768 2.417385
2769 2.417250
2770 2.417113
2771 2.416975
2772 2.416835
2773 2.416692
2774 2.416549
2775 2.416403
2776 2.416256
2777 2.416107
2778 2.415956
2779 2.415804
2780 2.415649
2781 2.415494
2782 2.415336
2783 2.415176
2784 2.415015
2785 2.414852
2786 2.414688
2787 2.414522
2788 2.414353
2789 2.414184
2790 2.414012
2791 2.413839
2792 2.413664
2793 2.413488
2794 2.413309
2795 2.413129
2796 2.412947
2797 2.412764
2798 2.412579
2799 2.412392
2800 2.412204
2801 2.412013
2802 2.411821
2803 2.411628
2804 2.411433
2805 2.411236
2806 2.411037
2807 2.410837
2808 2.410635
2809 2.410431
2810 2.410226
2811 2.410019
2812 2.409810
2813 2.409600
2814 2.409388
2815 2.409175
2816 2.408959
2817 2.408743
2818 2.408524
2819 2.408304
2820 2.408082
2821 2.407859
2822 2.407634
2823 2.407408
2824 2.407180
2825 2.406950
2826 2.406719
2827 2.406486
2828 2.406252
2829 2.406016
2830 2.405778
2831 2.405539
2832 2.405298
2833 2.405056
2834 2.404812
2835 2.404567
2836 2.404320
2837 2.404072
2838 2.403822
2839 2.403571
2840 2.403318
2841 2.403063
2842 2.402808
2843 2.402550
2844 2.402291
2845 2.402031
2846 2.401769
2847 2.401506
2848 2.401242
2849 2.400976
2850 2.400708
2851 2.400439
2852 2.400169
2853 2.399897
2854 2.399624
2855 2.399349
2856 2.399073
2857 2.398796
2858 2.398518
2859 2.398237
2860 2.397956
2861 2.397673
2862 2.397389
2863 2.397104
2864 2.396817
2865 2.396529
2866 2.396240
2867 2.395949
2868 2.395658
2869 2.395364
2870 2.395070
2871 2.394774
2872 2.394477
2873 2.394179
2874 2.393880
2875 2.393579
2876 2.393278
2877 2.392975
2878 2.392670
2879 2.392365
2880 2.392058
2881 2.391751
2882 2.391442
2883 2.391132
2884 2.390821
2885 2.390509
2886 2.390195
2887 2.389881
2888 2.389565
2889 2.389249
2890 2.388931
2891 2.388612
2892 2.388292
2893 2.387972
2894 2.387650
2895 2.387327
2896 2.387003
2897 2.386678
2898 2.386352
2899 2.386025
2900 2.385698
2901 2.385369
2902 2.385039
2903 2.384708
2904 2.384377
2905 2.384044
2906 2.383711
2907 2.383377
2908 2.383042
2909 2.382705
2910 2.382369
2911 2.382031
2912 2.381692
2913 2.381353
2914 2.381013
2915 2.380671
2916 2.380330
2917 2.379987
2918 2.379644
2919 2.379299
2920 2.378954
2921 2.378609
2922 2.378262
2923 2.377915
2924 2.377567
2925 2.377219
2926 2.376869
2927 2.376520
2928 2.376169
2929 2.375818
2930 2.375466
2931 2.375113
2932 2.374760
2933 2.374406
2934 2.374052
2935 2.373697
2936 2.373341
2937 2.372985
2938 2.372628
2939 2.372271
2940 2.371913
2941 2.371554
2942 2.371195
2943 2.370836
2944 2.370476
2945 2.370115
2946 2.369754
2947 2.369393
2948 2.369031
2949 2.368669
2950 2.368306
2951 2.367943
2952 2.367579
2953 2.367215
2954 2.366850
2955 2.366485
2956 2.366120
2957 2.365754
2958 2.365388
2959 2.365022
2960 2.364655
2961 2.364288
2962 2.363920
2963 2.363552
2964 2.363184
2965 2.362816
2966 2.362447
2967 2.362078
2968 2.361708
2969 2.361339
2970 2.360969
2971 2.360599
2972 2.360228
2973 2.359857
2974 2.359486
2975 2.359115
2976 2.358744
2977 2.358372
2978 2.358001
2979 2.357629
2980 2.357256
2981 2.356884
2982 2.356511
2983 2.356139
2984 2.355766
2985 2.355393
2986 2.355020
2987 2.354646
2988 2.354273
2989 2.353899
2990 2.353526
2991 2.353152
2992 2.352778
2993 2.352404
2994 2.352030
2995 2.351656
2996 2.351282
2997 2.350907
2998 2.350533
2999 2.350158
3000 2.349784
3001 2.349409
3002 2.349035
3003 2.348660
3004 2.348286
3005 2.347911
3006 2.347536
3007 2.347162
3008 2.346787
3009 2.346412
3010 2.346038
3011 2.345663
3012 2.345288
3013 2.344914
3014 2.344539
3015 2.344165
3016 2.343790
3017 2.343416
3018 2.343041
3019 2.342667
3020 2.342293
3021 2.341918
3022 2.341544
3023 2.341170
3024 2.340796
3025 2.340422
3026 2.340048
3027 2.339674
3028 2.339301
3029 2.338927
3030 2.338554
3031 2.338180
3032 2.337807
3033 2.337434
3034 2.337061
3035 2.336688
3036 2.336315
3037 2.335942
3038 2.335570
3039 2.335198
3040 2.334825
3041 2.334453
3042 2.334081
3043 2.333709
3044 2.333338
3045 2.332966
3046 2.332595
3047 2.332224
3048 2.331852
3049 2.331482
3050 2.331111
3051 2.330740
3052 2.330370
3053 2.330000
3054 2.329630
3055 2.329260
3056 2.328890
3057 2.328521
3058 2.328151
3059 2.327782
3060 2.327413
3061 2.327045
3062 2.326676
3063 2.326308
3064 2.325940
3065 2.325572
3066 2.325204
3067 2.324836
3068 2.324469
3069 2.324102
3070 2.323735
3071 2.323368
3072 2.323002
3073 2.322635
3074 2.322269
3075 2.321903
3076 2.321538
3077 2.321172
3078 2.320807
3079 2.320442
3080 2.320077
3081 2.319713
3082 2.319348
3083 2.318984
3084 2.318620
3085 2.318257
3086 2.317893
3087 2.317530
3088 2.317167
3089 2.316804
3090 2.316442
3091 2.316079
3092 2.315717
3093 2.315355
3094 2.314994
3095 2.314632
3096 2.314271
3097 2.313910
3098 2.313550
3099 2.313189
3100 2.312829
3101 2.312469
3102 2.312109
3103 2.311749
3104 2.311390
3105 2.311031
3106 2.310672
3107 2.310314
3108 2.309955
3109 2.309597
3110 2.309239
3111 2.308881
3112 2.308524
3113 2.308166
3114 2.307809
3115 2.307453
3116 2.307096
3117 2.306740
3118 2.306383
3119 2.306028
3120 2.305672
3121 2.305316
3122 2.304961
3123 2.304606
3124 2.304251
3125 2.303897
3126 2.303542
3127 2.303188
3128 2.302834
3129 2.302481
3130 2.302127
3131 2.301774
3132 2.301421
3133 2.301068
3134 2.300715
3135 2.300363
3136 2.300011
3137 2.299659
3138 2.299307
3139 2.298956
3140 2.298604
3141 2.298253
3142 2.297902
3143 2.297551
3144 2.297201
3145 2.296851
3146 2.296501
3147 2.296151
3148 2.295801
3149 2.295451
3150 2.295102
3151 2.294753
3152 2.294404
3153 2.294055
3154 2.293707
3155 2.293358
3156 2.293010
3157 2.292662
3158 2.292314
3159 2.291967
3160 2.291619
3161 2.291272
3162 2.290925
3163 2.290578
3164 2.290232
3165 2.289885
3166 2.289539
3167 2.289193
3168 2.288847
3169 2.288501
3170 2.288155
3171 2.287810
3172 2.287464
3173 2.287119
3174 2.286774
3175 2.286429
3176 2.286085
3177 2.285740
3178 2.285396
3179 2.285052
3180 2.284708
3181 2.284364
3182 2.284020
3183 2.283676
3184 2.283333
3185 2.282990
3186 2.282646
3187 2.282303
3188 2.281961
3189 2.281618
3190 2.281275
3191 2.280933
3192 2.280590
3193 2.280248
3194 2.279906
3195 2.279564
3196 2.279222
3197 2.278881
3198 2.278539
3199 2.278198
3200 2.277856
3201 2.277515
3202 2.277174
3203 2.276833
3204 2.276492
3205 2.276152
3206 2.275811
3207 2.275470
3208 2.275130
3209 2.274790
3210 2.274449
3211 2.274109
3212 2.273769
3213 2.273429
3214 2.273090
3215 2.272750
3216 2.272410
3217 2.272071
3218 2.271731
3219 2.271392
3220 2.271053
3221 2.270713
3222 2.270374
3223 2.270035
3224 2.269696
3225 2.269357
3226 2.269018
3227 2.268680
3228 2.268341
3229 2.268002
3230 2.267664
3231 2.267325
3232 2.266987
3233 2.266648
3234 2.266310
3235 2.265972
3236 2.265634
3237 2.265296
3238 2.264957
3239 2.264619
3240 2.264281
3241 2.263943
3242 2.263605
3243 2.263268
3244 2.262930
3245 2.262592
3246 2.262254
3247 2.261916
3248 2.261579
3249 2.261241
3250 2.260903
3251 2.260566
3252 2.260228
3253 2.259891
3254 2.259553
3255 2.259216
3256 2.258878
3257 2.258541
3258 2.258203
3259 2.257866
3260 2.257528
3261 2.257191
3262 2.256853
3263 2.256516
3264 2.256178
3265 2.255841
3266 2.255504
3267 2.255166
3268 2.254829
3269 2.254491
3270 2.254154
3271 2.253816
3272 2.253479
3273 2.253141
3274 2.252804
3275 2.252466
3276 2.252129
3277 2.251791
3278 2.251453
3279 2.251116
3280 2.250778
3281 2.250440
3282 2.250103
3283 2.249765
3284 2.249427
3285 2.249089
3286 2.248752
3287 2.248414
3288 2.248076
3289 2.247738
3290 2.247400
3291 2.247062
3292 2.246724
3293 2.246385
3294 2.246047
3295 2.245709
3296 2.245371
3297 2.245032
3298 2.244694
3299 2.244355
3300 2.244017
3301 2.243678
3302 2.243339
3303 2.243001
3304 2.242662
3305 2.242323
3306 2.241984
3307 2.241645
3308 2.241306
3309 2.240966
3310 2.240627
3311 2.240288
3312 2.239948
3313 2.239609
3314 2.239269
3315 2.238929
3316 2.238590
3317 2.238250
3318 2.237910
3319 2.237570
3320 2.237229
3321 2.236889
3322 2.236549
3323 2.236208
3324 2.235868
3325 2.235527
3326 2.235186
3327 2.234845
3328 2.234504
3329 2.234163
3330 2.233822
3331 2.233480
3332 2.233139
3333 2.232797
3334 2.232455
3335 2.232114
3336 2.231772
3337 2.231429
3338 2.231087
3339 2.230745
3340 2.230402
3341 2.230060
3342 2.229717
3343 2.229374
3344 2.229031
3345 2.228688
3346 2.228344
3347 2.228001
3348 2.227657
3349 2.227313
3350 2.226969
3351 2.226625
3352 2.226281
3353 2.225937
3354 2.225592
3355 2.225248
3356 2.224903
3357 2.224558
3358 2.224213
3359 2.223867
3360 2.223522
3361 2.223176
3362 2.222830
3363 2.222484
3364 2.222138
3365 2.221792
3366 2.221445
3367 2.221098
3368 2.220751
3369 2.220404
3370 2.220057
3371 2.219710
3372 2.219362
3373 2.219014
3374 2.218666
3375 2.218318
3376 2.217970
3377 2.217621
3378 2.217272
3379 2.216923
3380 2.216574
3381 2.216225
3382 2.215875
3383 2.215526
3384 2.215176
3385 2.214826
3386 2.214475
3387 2.214125
3388 2.213774
3389 2.213423
3390 2.213072
3391 2.212720
3392 2.212368
3393 2.212017
3394 2.211664
3395 2.211312
3396 2.210960
3397 2.210607
3398 2.210254
3399 2.209901
3400 2.209547
3401 2.209193
3402 2.208840
3403 2.208485
3404 2.208131
3405 2.207776
3406 2.207422
3407 2.207066
3408 2.206711
3409 2.206355
3410 2.206000
3411 2.205644
3412 2.205287
3413 2.204931
3414 2.204574
3415 2.204217
3416 2.203859
3417 2.203502
3418 2.203144
3419 2.202786
3420 2.202427
3421 2.202069
3422 2.201710
3423 2.201350
3424 2.200991
3425 2.200631
3426 2.200271
3427 2.199911
3428 2.199550
3429 2.199190
3430 2.198828
3431 2.198467
3432 2.198105
3433 2.197743
3434 2.197381
3435 2.197019
3436 2.196656
3437 2.196293
3438 2.195929
3439 2.195566
3440 2.195202
3441 2.194837
3442 2.194473
3443 2.194108
3444 2.193743
3445 2.193377
3446 2.193011
3447 2.192645
3448 2.192279
3449 2.191912
3450 2.191545
3451 2.191178
3452 2.190810
3453 2.190442
3454 2.190074
3455 2.189705
3456 2.189336
3457 2.188967
3458 2.188597
3459 2.188227
3460 2.187857
3461 2.187487
3462 2.187116
3463 2.186745
3464 2.186373
3465 2.186001
3466 2.185629
3467 2.185256
3468 2.184883
3469 2.184510
3470 2.184136
3471 2.183762
3472 2.183388
3473 2.183013
3474 2.182638
3475 2.182263
3476 2.181887
3477 2.181511
3478 2.181135
3479 2.180758
3480 2.180381
3481 2.180003
3482 2.179625
3483 2.179247
3484 2.178868
3485 2.178489
3486 2.178110
3487 2.177730
3488 2.177350
3489 2.176969
3490 2.176588
3491 2.176207
3492 2.175825
3493 2.175443
3494 2.175061
3495 2.174678
3496 2.174295
3497 2.173911
3498 2.173527
3499 2.173143
3500 2.172758
3501 2.172373
3502 2.171987
3503 2.171601
3504 2.171214
3505 2.170828
3506 2.170440
3507 2.170053
3508 2.169664
3509 2.169276
3510 2.168887
3511 2.168498
3512 2.168108
3513 2.167718
3514 2.167327
3515 2.166936
3516 2.166544
3517 2.166152
3518 2.165760
3519 2.165367
3520 2.164974
3521 2.164580
3522 2.164186
3523 2.163791
3524 2.163396
3525 2.163001
3526 2.162605
3527 2.162209
3528 2.161812
3529 2.161414
3530 2.161017
3531 2.160618
3532 2.160220
3533 2.159820
3534 2.159421
3535 2.159021
3536 2.158620
3537 2.158219
3538 2.157817
3539 2.157415
3540 2.157013
3541 2.156610
3542 2.156206
3543 2.155802
3544 2.155398
3545 2.154993
3546 2.154587
3547 2.154181
3548 2.153775
3549 2.153368
3550 2.152960
3551 2.152552
3552 2.152144
3553 2.151735
3554 2.151325
3555 2.150915
3556 2.150504
3557 2.150093
3558 2.149681
3559 2.149269
3560 2.148856
3561 2.148443
3562 2.148029
3563 2.147615
3564 2.147200
3565 2.146785
3566 2.146369
3567 2.145952
3568 2.145535
3569 2.145117
3570 2.144699
3571 2.144280
3572 2.143861
3573 2.143441
3574 2.143020
3575 2.142599
3576 2.142178
3577 2.141755
3578 2.141333
3579 2.140909
3580 2.140485
3581 2.140060
3582 2.139635
3583 2.139209
3584 2.138783
3585 2.138356
3586 2.137928
3587 2.137500
3588 2.137071
3589 2.136642
3590 2.136212
3591 2.135781
3592 2.135350
3593 2.134918
3594 2.134485
3595 2.134052
3596 2.133618
3597 2.133183
3598 2.132748
3599 2.132312
3600 2.131876
3601 2.131439
3602 2.131001
3603 2.130562
3604 2.130123
3605 2.129683
3606 2.129243
3607 2.128801
3608 2.128359
3609 2.127917
3610 2.127474
3611 2.127030
3612 2.126585
3613 2.126140
3614 2.125693
3615 2.125247
3616 2.124799
3617 2.124351
3618 2.123902
3619 2.123452
3620 2.123002
3621 2.122551
3622 2.122099
3623 2.121646
3624 2.121192
3625 2.120738
3626 2.120283
3627 2.119828
3628 2.119371
3629 2.118914
3630 2.118456
3631 2.117997
3632 2.117538
3633 2.117077
3634 2.116616
3635 2.116154
3636 2.115691
3637 2.115228
3638 2.114763
3639 2.114298
3640 2.113832
3641 2.113365
3642 2.112897
3643 2.112429
3644 2.111959
3645 2.111489
3646 2.111018
3647 2.110546
3648 2.110073
3649 2.109599
3650 2.109124
3651 2.108649
3652 2.108173
3653 2.107695
3654 2.107217
3655 2.106738
3656 2.106258
3657 2.105777
3658 2.105295
3659 2.104812
3660 2.104329
3661 2.103844
3662 2.103358
3663 2.102872
3664 2.102384
3665 2.101896
3666 2.101406
3667 2.100916
3668 2.100424
3669 2.099932
3670 2.099439
3671 2.098944
3672 2.098449
3673 2.097952
3674 2.097455
3675 2.096956
3676 2.096457
3677 2.095956
3678 2.095454
3679 2.094952
3680 2.094448
3681 2.093943
3682 2.093437
3683 2.092930
3684 2.092422
3685 2.091913
3686 2.091402
3687 2.090891
3688 2.090378
3689 2.089864
3690 2.089349
3691 2.088833
3692 2.088316
3693 2.087798
3694 2.087278
3695 2.086757
3696 2.086235
3697 2.085712
3698 2.085188
3699 2.084662
3700 2.084136
3701 2.083607
3702 2.083078
3703 2.082548
3704 2.082016
3705 2.081483
3706 2.080948
3707 2.080413
3708 2.079876
3709 2.079337
3710 2.078798
3711 2.078257
3712 2.077715
3713 2.077171
3714 2.076626
3715 2.076080
3716 2.075532
3717 2.074983
3718 2.074432
3719 2.073881
3720 2.073327
3721 2.072772
3722 2.072216
3723 2.071659
3724 2.071099
3725 2.070539
3726 2.069977
3727 2.069413
3728 2.068848
3729 2.068281
3730 2.067713
3731 2.067144
3732 2.066572
3733 2.066000
3734 2.065425
3735 2.064849
3736 2.064272
3737 2.063693
3738 2.063112
3739 2.062529
3740 2.061945
3741 2.061359
3742 2.060772
3743 2.060183
3744 2.059592
3745 2.059000
3746 2.058405
3747 2.057809
3748 2.057212
3749 2.056612
3750 2.056011
3751 2.055408
3752 2.054803
3753 2.054196
3754 2.053588
3755 2.052977
3756 2.052365
3757 2.051751
3758 2.051135
3759 2.050517
3760 2.049897
3761 2.049276
3762 2.048652
3763 2.048026
3764 2.047399
3765 2.046769
3766 2.046137
3767 2.045504
3768 2.044868
3769 2.044230
3770 2.043591
3771 2.042949
3772 2.042305
3773 2.041659
3774 2.041010
3775 2.040360
3776 2.039707
3777 2.039053
3778 2.038396
3779 2.037737
3780 2.037075
3781 2.036412
3782 2.035746
3783 2.035078
3784 2.034407
3785 2.033735
3786 2.033060
3787 2.032382
3788 2.031703
3789 2.031020
3790 2.030336
3791 2.029649
3792 2.028960
3793 2.028268
3794 2.027574
3795 2.026877
3796 2.026178
3797 2.025476
3798 2.024771
3799 2.024065
3800 2.023355
3801 2.022643
3802 2.021929
3803 2.021211
3804 2.020492
3805 2.019769
3806 2.019044
3807 2.018316
3808 2.017585
3809 2.016852
3810 2.016116
3811 2.015377
3812 2.014635
3813 2.013891
3814 2.013144
3815 2.012394
3816 2.011641
3817 2.010885
3818 2.010126
3819 2.009365
3820 2.008600
3821 2.007833
3822 2.007062
3823 2.006289
3824 2.005512
3825 2.004733
3826 2.003951
3827 2.003165
3828 2.002377
3829 2.001585
3830 2.000790
3831 1.999992
3832 1.999191
3833 1.998387
3834 1.997580
3835 1.996769
3836 1.995956
3837 1.995139
3838 1.994319
3839 1.993495
3840 1.992669
3841 1.991839
3842 1.991006
3843 1.990169
3844 1.989329
3845 1.988486
3846 1.987640
3847 1.986790
3848 1.985936
3849 1.985080
3850 1.984220
3851 1.983356
3852 1.982489
3853 1.981619
3854 1.980745
3855 1.979868
3856 1.978987
3857 1.978103
3858 1.977215
3859 1.976324
3860 1.975429
3861 1.974531
3862 1.973629
3863 1.972724
3864 1.971815
3865 1.970902
3866 1.969986
3867 1.969066
3868 1.968143
3869 1.967216
3870 1.966286
3871 1.965352
3872 1.964414
3873 1.963473
3874 1.962528
3875 1.961580
3876 1.960628
3877 1.959672
3878 1.958712
3879 1.957750
3880 1.956783
3881 1.955813
3882 1.954839
3883 1.953862
3884 1.952880
3885 1.951896
3886 1.950908
3887 1.949916
3888 1.948920
3889 1.947921
3890 1.946919
3891 1.945912
3892 1.944903
3893 1.943889
3894 1.942873
3895 1.941852
3896 1.940828
3897 1.939801
3898 1.938770
3899 1.937736
3900 1.936698
3901 1.935657
3902 1.934612
3903 1.933564
3904 1.932513
3905 1.931458
3906 1.930400
3907 1.929339
3908 1.928274
3909 1.927206
3910 1.926135
3911 1.925061
3912 1.923984
3913 1.922903
3914 1.921820
3915 1.920733
3916 1.919644
3917 1.918551
3918 1.917456
3919 1.916357
3920 1.915256
3921 1.914152
3922 1.913046
3923 1.911936
3924 1.910824
3925 1.909710
3926 1.908592
3927 1.907473
3928 1.906351
3929 1.905227
3930 1.904100
3931 1.902971
3932 1.901840
3933 1.900707
3934 1.899572
3935 1.898436
3936 1.897297
3937 1.896156
3938 1.895014
3939 1.893870
3940 1.892725
3941 1.891579
3942 1.890431
3943 1.889281
3944 1.888131
3945 1.886979
3946 1.885827
3947 1.884674
3948 1.883520
3949 1.882366
3950 1.881211
3951 1.880055
3952 1.878899
3953 1.877744
3954 1.876588
3955 1.875432
3956 1.874276
3957 1.873121
3958 1.871966
3959 1.870812
3960 1.869658
3961 1.868505
3962 1.867353
3963 1.866203
3964 1.865053
3965 1.863905
3966 1.862758
3967 1.861613
3968 1.860470
3969 1.859329
3970 1.858190
3971 1.857053
3972 1.855918
3973 1.854786
3974 1.853657
3975 1.852530
3976 1.851406
3977 1.850285
3978 1.849167
3979 1.848053
3980 1.846942
3981 1.845834
3982 1.844731
3983 1.843631
3984 1.842535
3985 1.841443
3986 1.840356
3987 1.839272
3988 1.838193
3989 1.837119
3990 1.836049
3991 1.834985
3992 1.833925
3993 1.832870
3994 1.831820
3995 1.830775
3996 1.829735
3997 1.828701
3998 1.827673
3999 1.826649
4000 1.825632
4001 1.824620
4002 1.823614
4003 1.822614
4004 1.821619
4005 1.820630
4006 1.819648
4007 1.818671
4008 1.817701
4009 1.816736
4010 1.815778
4011 1.814826
4012 1.813880
4013 1.812940
4014 1.812007
4015 1.811079
4016 1.810158
4017 1.809243
4018 1.808335
4019 1.807433
4020 1.806537
4021 1.805647
4022 1.804764
4023 1.803887
4024 1.803016
4025 1.802151
4026 1.801293
4027 1.800440
4028 1.799594
4029 1.798754
4030 1.797920
4031 1.797092
4032 1.796270
4033 1.795455
4034 1.794645
4035 1.793841
4036 1.793042
4037 1.792250
4038 1.791464
4039 1.790683
4040 1.789908
4041 1.789138
4042 1.788374
4043 1.787616
4044 1.786863
4045 1.786115
4046 1.785373
4047 1.784636
4048 1.783905
4049 1.783178
4050 1.782457
4051 1.781741
4052 1.781030
4053 1.780324
4054 1.779623
4055 1.778926
4056 1.778235
4057 1.777548
4058 1.776866
4059 1.776189
4060 1.775516
4061 1.774847
4062 1.774183
4063 1.773524
4064 1.772869
4065 1.772218
4066 1.771571
4067 1.770929
4068 1.770290
4069 1.769656
4070 1.769025
4071 1.768399
4072 1.767776
4073 1.767158
4074 1.766542
4075 1.765931
4076 1.765324
4077 1.764719
4078 1.764119
4079 1.763522
4080 1.762928
4081 1.762338
4082 1.761751
4083 1.761168
4084 1.760587
4085 1.760010
4086 1.759436
4087 1.758865
4088 1.758297
4089 1.757732
4090 1.757170
4091 1.756611
4092 1.756055
4093 1.755502
4094 1.754951
4095 1.754403
4096 1.753857
4097 1.753315
4098 1.752774
4099 1.752237
4100 1.751701
4101 1.751169
4102 1.750638
4103 1.750110
4104 1.749584
4105 1.749061
4106 1.748540
4107 1.748021
4108 1.747504
4109 1.746989
4110 1.746476
4111 1.745965
4112 1.745457
4113 1.744950
4114 1.744445
4115 1.743942
4116 1.743441
4117 1.742942
4118 1.742444
4119 1.741948
4120 1.741454
4121 1.740962
4122 1.740471
4123 1.739982
4124 1.739494
4125 1.739008
4126 1.738523
4127 1.738040
4128 1.737558
4129 1.737078
4130 1.736599
4131 1.736121
4132 1.735645
4133 1.735170
4134 1.734696
4135 1.734224
4136 1.733752
4137 1.733282
4138 1.732813
4139 1.732345
4140 1.731878
4141 1.731413
4142 1.730948
4143 1.730484
4144 1.730021
4145 1.729559
4146 1.729098
4147 1.728638
4148 1.728179
4149 1.727721
4150 1.727263
4151 1.726806
4152 1.726350
4153 1.725895
4154 1.725441
4155 1.724987
4156 1.724534
4157 1.724081
4158 1.723629
4159 1.723178
4160 1.722727
4161 1.722277
4162 1.721827
4163 1.721378
4164 1.720929
4165 1.720481
4166 1.720033
4167 1.719586
4168 1.719139
4169 1.718692
4170 1.718246
4171 1.717800
4172 1.717355
4173 1.716909
4174 1.716464
4175 1.716020
4176 1.715575
4177 1.715131
4178 1.714687
4179 1.714243
4180 1.713799
4181 1.713355
4182 1.712912
4183 1.712469
4184 1.712025
4185 1.711582
4186 1.711139
4187 1.710695
4188 1.710252
4189 1.709809
4190 1.709366
4191 1.708923
4192 1.708479
4193 1.708036
4194 1.707592
4195 1.707149
4196 1.706705
4197 1.706261
4198 1.705817
4199 1.705373
4200 1.704928
4201 1.704483
4202 1.704039
4203 1.703593
4204 1.703148
4205 1.702702
4206 1.702256
4207 1.701810
4208 1.701364
4209 1.700917
4210 1.700469
4211 1.700022
4212 1.699574
4213 1.699125
4214 1.698676
4215 1.698227
4216 1.697777
4217 1.697327
4218 1.696877
4219 1.696426
4220 1.695974
4221 1.695522
4222 1.695069
4223 1.694616
4224 1.694162
4225 1.693708
4226 1.693253
4227 1.692798
4228 1.692342
4229 1.691885
4230 1.691428
4231 1.690970
4232 1.690512
4233 1.690052
4234 1.689592
4235 1.689132
4236 1.688671
4237 1.688209
4238 1.687746
4239 1.687282
4240 1.686818
4241 1.686353
4242 1.685888
4243 1.685421
4244 1.684954
4245 1.684486
4246 1.684017
4247 1.683547
4248 1.683077
4249 1.682605
4250 1.682133
4251 1.681660
4252 1.681186
4253 1.680711
4254 1.680235
4255 1.679759
4256 1.679281
4257 1.678803
4258 1.678323
4259 1.677843
4260 1.677362
4261 1.676880
4262 1.676396
4263 1.675912
4264 1.675427
4265 1.674941
4266 1.674454
4267 1.673966
4268 1.673476
4269 1.672986
4270 1.672495
4271 1.672003
4272 1.671510
4273 1.671015
4274 1.670520
4275 1.670023
4276 1.669526
4277 1.669027
4278 1.668527
4279 1.668026
4280 1.667524
4281 1.667021
4282 1.666517
4283 1.666012
4284 1.665505
4285 1.664998
4286 1.664489
4287 1.663979
4288 1.663468
4289 1.662956
4290 1.662443
4291 1.661928
4292 1.661412
4293 1.660896
4294 1.660378
4295 1.659858
4296 1.659338
4297 1.658816
4298 1.658293
4299 1.657769
4300 1.657244
4301 1.656717
4302 1.656190
4303 1.655661
4304 1.655130
4305 1.654599
4306 1.654066
4307 1.653532
4308 1.652997
4309 1.652461
4310 1.651923
4311 1.651384
4312 1.650844
4313 1.650302
4314 1.649760
4315 1.649216
4316 1.648670
4317 1.648124
4318 1.647576
4319 1.647027
4320 1.646476
4321 1.645925
4322 1.645372
4323 1.644817
4324 1.644262
4325 1.643705
4326 1.643147
4327 1.642587
4328 1.642027
4329 1.641465
4330 1.640901
4331 1.640337
4332 1.639771
4333 1.639204
4334 1.638635
4335 1.638065
4336 1.637494
4337 1.636922
4338 1.636348
4339 1.635773
4340 1.635197
4341 1.634619
4342 1.634040
4343 1.633460
4344 1.632878
4345 1.632296
4346 1.631711
4347 1.631126
4348 1.630539
4349 1.629951
4350 1.629362
4351 1.628772
4352 1.628180
4353 1.627587
4354 1.626993
4355 1.626397
4356 1.625800
4357 1.625202
4358 1.624603
4359 1.624002
4360 1.623400
4361 1.622797
4362 1.622193
4363 1.621587
4364 1.620981
4365 1.620373
4366 1.619764
4367 1.619153
4368 1.618542
4369 1.617929
4370 1.617315
4371 1.616700
4372 1.616084
4373 1.615467
4374 1.614848
4375 1.614229
4376 1.613608
4377 1.612987
4378 1.612364
4379 1.611740
4380 1.611115
4381 1.610489
4382 1.609862
4383 1.609234
4384 1.608605
4385 1.607975
4386 1.607344
4387 1.606712
4388 1.606079
4389 1.605446
4390 1.604811
4391 1.604176
4392 1.603539
4393 1.602902
4394 1.602264
4395 1.601626
4396 1.600986
4397 1.600346
4398 1.599705
4399 1.599063
4400 1.598421
4401 1.597778
4402 1.597135
4403 1.596491
4404 1.595846
4405 1.595201
4406 1.594556
4407 1.593910
4408 1.593263
4409 1.592616
4410 1.591969
4411 1.591321
4412 1.590674
4413 1.590026
4414 1.589377
4415 1.588729
4416 1.588080
4417 1.587432
4418 1.586783
4419 1.586134
4420 1.585485
4421 1.584837
4422 1.584188
4423 1.583540
4424 1.582891
4425 1.582243
4426 1.581596
4427 1.580948
4428 1.580301
4429 1.579654
4430 1.579008
4431 1.578363
4432 1.577717
4433 1.577073
4434 1.576429
4435 1.575786
4436 1.575143
4437 1.574502
4438 1.573861
4439 1.573221
4440 1.572582
4441 1.571944
4442 1.571307
4443 1.570671
4444 1.570036
4445 1.569403
4446 1.568770
4447 1.568139
4448 1.567509
4449 1.566881
4450 1.566254
4451 1.565629
4452 1.565005
4453 1.564382
4454 1.563762
4455 1.563143
4456 1.562525
4457 1.561910
4458 1.561296
4459 1.560684
4460 1.560074
4461 1.559466
4462 1.558859
4463 1.558255
4464 1.557653
4465 1.557053
4466 1.556455
4467 1.555860
4468 1.555266
4469 1.554675
4470 1.554086
4471 1.553500
4472 1.552915
4473 1.552334
4474 1.551754
4475 1.551177
4476 1.550603
4477 1.550031
4478 1.549462
4479 1.548895
4480 1.548331
4481 1.547769
4482 1.547210
4483 1.546654
4484 1.546101
4485 1.545550
4486 1.545002
4487 1.544456
4488 1.543914
4489 1.543374
4490 1.542837
4491 1.542303
4492 1.541771
4493 1.541243
4494 1.540717
4495 1.540194
4496 1.539674
4497 1.539157
4498 1.538643
4499 1.538131
4500 1.537623
4501 1.537117
4502 1.536614
4503 1.536114
4504 1.535617
4505 1.535123
4506 1.534631
4507 1.534143
4508 1.533657
4509 1.533174
4510 1.532693
4511 1.532216
4512 1.531741
4513 1.531269
4514 1.530800
4515 1.530333
4516 1.529869
4517 1.529408
4518 1.528949
4519 1.528493
4520 1.528039
4521 1.527588
4522 1.527140
4523 1.526694
4524 1.526250
4525 1.525809
4526 1.525370
4527 1.524933
4528 1.524499
4529 1.524066
4530 1.523636
4531 1.523208
4532 1.522782
4533 1.522358
4534 1.521936
4535 1.521516
4536 1.521098
4537 1.520681
4538 1.520266
4539 1.519853
4540 1.519441
4541 1.519030
4542 1.518621
4543 1.518213
4544 1.517807
4545 1.517401
4546 1.516997
4547 1.516593
4548 1.516190
4549 1.515788
4550 1.515386
4551 1.514985
4552 1.514584
4553 1.514184
4554 1.513783
4555 1.513383
4556 1.512982
4557 1.512581
4558 1.512180
4559 1.511777
4560 1.511374
4561 1.510970
4562 1.510565
4563 1.510159
4564 1.509751
4565 1.509341
4566 1.508929
4567 1.508515
4568 1.508098
4569 1.507679
4570 1.507257
4571 1.506832
4572 1.506403
4573 1.505971
4574 1.505534
4575 1.505093
4576 1.504648
4577 1.504197
4578 1.503741
4579 1.503279
4580 1.502811
4581 1.502336
4582 1.501854
4583 1.501364
4584 1.500867
4585 1.500360
4586 1.499845
4587 1.499320
4588 1.498785
4589 1.498238
4590 1.497680
4591 1.497110
4592 1.496527
4593 1.495930
4594 1.495318
4595 1.494691
4596 1.494047
4597 1.493386
4598 1.492707
4599 1.492007
4600 1.491288
4601 1.490546
4602 1.489782
4603 1.488992
4604 1.488178
4605 1.487335
4606 1.486464
4607 1.485563
4608 1.484629
4609 1.483662
4610 1.482658
4611 1.481617
4612 1.480537
4613 1.479415
4614 1.478249
4615 1.477038
4616 1.475779
4617 1.474471
4618 1.473111
4619 1.471698
4620 1.470230
4621 1.468706
4622 1.467125
4623 1.465488
4624 1.463793
4625 1.462043
4626 1.460238
4627 1.458381
4628 1.456476
4629 1.454527
4630 1.452539
4631 1.450520
4632 1.448477
4633 1.446416
4634 1.444347
4635 1.442279
4636 1.440218
4637 1.438174
4638 1.436152
4639 1.434160
4640 1.432202
4641 1.430284
4642 1.428408
4643 1.426578
4644 1.424794
4645 1.423059
4646 1.421372
4647 1.419734
4648 1.418144
4649 1.416603
4650 1.415108
4651 1.413659
4652 1.412255
4653 1.410893
4654 1.409574
4655 1.408294
4656 1.407054
4657 1.405850
4658 1.404682
4659 1.403547
4660 1.402445
4661 1.401374
4662 1.400333
4663 1.399319
4664 1.398332
4665 1.397371
4666 1.396434
4667 1.395520
4668 1.394628
4669 1.393756
4670 1.392905
4671 1.392072
4672 1.391256
4673 1.390458
4674 1.389676
4675 1.388908
4676 1.388155
4677 1.387416
4678 1.386689
4679 1.385974
4680 1.385270
4681 1.384577
4682 1.383893
4683 1.383218
4684 1.382552
4685 1.381894
4686 1.381242
4687 1.380597
4688 1.379958
4689 1.379324
4690 1.378694
4691 1.378068
4692 1.377445
4693 1.376824
4694 1.376206
4695 1.375588
4696 1.374971
4697 1.374354
4698 1.373736
4699 1.373117
4700 1.372496
4701 1.371872
4702 1.371245
4703 1.370614
4704 1.369979
4705 1.369339
4706 1.368693
4707 1.368041
4708 1.367382
4709 1.366716
4710 1.366042
4711 1.365360
4712 1.364669
4713 1.363969
4714 1.363259
4715 1.362539
4716 1.361808
4717 1.361066
4718 1.360314
4719 1.359549
4720 1.358773
4721 1.357984
4722 1.357183
4723 1.356369
4724 1.355542
4725 1.354701
4726 1.353848
4727 1.352981
4728 1.352100
4729 1.351206
4730 1.350298
4731 1.349376
4732 1.348440
4733 1.347490
4734 1.346527
4735 1.345549
4736 1.344558
4737 1.343554
4738 1.342536
4739 1.341504
4740 1.340459
4741 1.339401
4742 1.338330
4743 1.337246
4744 1.336150
4745 1.335041
4746 1.333920
4747 1.332787
4748 1.331642
4749 1.330486
4750 1.329318
4751 1.328140
4752 1.326951
4753 1.325751
4754 1.324542
4755 1.323322
4756 1.322093
4757 1.320855
4758 1.319607
4759 1.318351
4760 1.317087
4761 1.315815
4762 1.314535
4763 1.313248
4764 1.311954
4765 1.310653
4766 1.309347
4767 1.308034
4768 1.306715
4769 1.305392
4770 1.304063
4771 1.302730
4772 1.301393
4773 1.300052
4774 1.298707
4775 1.297360
4776 1.296010
4777 1.294657
4778 1.293302
4779 1.291946
4780 1.290589
4781 1.289230
4782 1.287871
4783 1.286512
4784 1.285152
4785 1.283793
4786 1.282435
4787 1.281078
4788 1.279723
4789 1.278369
4790 1.277017
4791 1.275668
4792 1.274321
4793 1.272977
4794 1.271636
4795 1.270299
4796 1.268966
4797 1.267637
4798 1.266312
4799 1.264992
4800 1.263677
4801 1.262366
4802 1.261061
4803 1.259762
4804 1.258468
4805 1.257181
4806 1.255900
4807 1.254625
4808 1.253356
4809 1.252095
4810 1.250840
4811 1.249592
4812 1.248352
4813 1.247119
4814 1.245894
4815 1.244676
4816 1.243466
4817 1.242264
4818 1.241070
4819 1.239884
4820 1.238707
4821 1.237537
4822 1.236377
4823 1.235224
4824 1.234080
4825 1.232945
4826 1.231818
4827 1.230700
4828 1.229591
4829 1.228491
4830 1.227399
4831 1.226316
4832 1.225242
4833 1.224177
4834 1.223120
4835 1.222073
4836 1.221034
4837 1.220004
4838 1.218983
4839 1.217971
4840 1.216968
4841 1.215973
4842 1.214987
4843 1.214010
4844 1.213041
4845 1.212081
4846 1.211129
4847 1.210187
4848 1.209252
4849 1.208326
4850 1.207408
4851 1.206499
4852 1.205598
4853 1.204705
4854 1.203820
4855 1.202944
4856 1.202075
4857 1.201215
4858 1.200362
4859 1.199517
4860 1.198680
4861 1.197850
4862 1.197028
4863 1.196214
4864 1.195407
4865 1.194608
4866 1.193816
4867 1.193031
4868 1.192253
4869 1.191483
4870 1.190719
4871 1.189962
4872 1.189213
4873 1.188470
4874 1.187734
4875 1.187005
4876 1.186282
4877 1.185566
4878 1.184856
4879 1.184153
4880 1.183455
4881 1.182765
4882 1.182080
4883 1.181402
4884 1.180729
4885 1.180063
4886 1.179402
4887 1.178747
4888 1.178098
4889 1.177455
4890 1.176817
4891 1.176185
4892 1.175559
4893 1.174937
4894 1.174322
4895 1.173711
4896 1.173106
4897 1.172506
4898 1.171911
4899 1.171321
4900 1.170737
4901 1.170157
4902 1.169582
4903 1.169012
4904 1.168446
4905 1.167886
4906 1.167330
4907 1.166778
4908 1.166231
4909 1.165689
4910 1.165151
4911 1.164618
4912 1.164088
4913 1.163564
4914 1.163043
4915 1.162527
4916 1.162014
4917 1.161506
4918 1.161002
4919 1.160502
4920 1.160006
4921 1.159513
4922 1.159025
4923 1.158540
4924 1.158059
4925 1.157582
4926 1.157109
4927 1.156639
4928 1.156173
4929 1.155710
4930 1.155251
4931 1.154795
4932 1.154343
4933 1.153894
4934 1.153449
4935 1.153007
4936 1.152568
4937 1.152132
4938 1.151700
4939 1.151271
4940 1.150845
4941 1.150422
4942 1.150002
4943 1.149585
4944 1.149171
4945 1.148760
4946 1.148352
4947 1.147947
4948 1.147545
4949 1.147146
4950 1.146749
4951 1.146355
4952 1.145964
4953 1.145576
4954 1.145191
4955 1.144808
4956 1.144427
4957 1.144050
4958 1.143674
4959 1.143302
4960 1.142932
4961 1.142564
4962 1.142199
4963 1.141836
4964 1.141476
4965 1.141118
4966 1.140763
4967 1.140410
4968 1.140059
4969 1.139710
4970 1.139364
4971 1.139020
4972 1.138678
4973 1.138339
4974 1.138001
4975 1.137666
4976 1.137333
4977 1.137002
4978 1.136673
4979 1.136346
4980 1.136021
4981 1.135698
4982 1.135377
4983 1.135058
4984 1.134742
4985 1.134427
4986 1.134114
4987 1.133803
4988 1.133493
4989 1.133186
4990 1.132881
4991 1.132577
4992 1.132275
4993 1.131975
4994 1.131677
4995 1.131380
4996 1.131086
4997 1.130793
4998 1.130501
4999 1.130212
