0 25.676052
1 24.658955
2 24.787562
3 24.904713
4 24.963104
5 24.995271
6 25.016102
7 25.030993
8 25.041507
9 25.047253
10 25.045868
11 25.031855
12 24.995091
13 24.921323
14 24.796072
15 24.606440
16 24.334155
17 23.940594
18 23.364156
19 22.556865
20 21.523325
21 20.333850
22 19.109171
23 17.959100
24 16.936900
25 16.048708
26 15.279666
27 14.609681
28 14.019013
29 13.489279
30 13.003361
31 12.546057
32 12.105651
33 11.674884
34 11.250094
35 10.829628
36 10.413025
37 10.000884
38 9.594740
39 9.196702
40 8.808955
41 8.433287
42 8.070833
43 7.722068
44 7.386990
45 7.065330
46 6.756728
47 6.460822
48 6.177299
49 5.905900
50 5.646425
51 5.398721
52 5.162665
53 4.938154
54 4.725081
55 4.523314
56 4.332674
57 4.152919
58 3.983733
59 3.824727
60 3.675446
61 3.535386
62 3.404010
63 3.280766
64 3.165102
65 3.056484
66 2.954399
67 2.858370
68 2.767953
69 2.682741
70 2.602363
71 2.526480
72 2.454782
73 2.386989
74 2.322842
75 2.262103
76 2.204552
77 2.149985
78 2.098214
79 2.049061
80 2.002362
81 1.957964
82 1.915723
83 1.875505
84 1.837188
85 1.800654
86 1.765796
87 1.732515
88 1.700718
89 1.670321
90 1.641242
91 1.613411
92 1.586758
93 1.561220
94 1.536741
95 1.513265
96 1.490743
97 1.469128
98 1.448376
99 1.428446
100 1.409302
101 1.390907
102 1.373227
103 1.356231
104 1.339890
105 1.324176
106 1.309061
107 1.294521
108 1.280532
109 1.267072
110 1.254119
111 1.241653
112 1.229654
113 1.218104
114 1.206985
115 1.196281
116 1.185975
117 1.176052
118 1.166498
119 1.157299
120 1.148442
121 1.139914
122 1.131702
123 1.123796
124 1.116183
125 1.108855
126 1.101800
127 1.095009
128 1.088472
129 1.082182
130 1.076129
131 1.070305
132 1.064703
133 1.059314
134 1.054133
135 1.049152
136 1.044365
137 1.039765
138 1.035347
139 1.031104
140 1.027031
141 1.023123
142 1.019374
143 1.015780
144 1.012336
145 1.009036
146 1.005878
147 1.002857
148 0.999967
149 0.997206
150 0.994570
151 0.992055
152 0.989657
153 0.987372
154 0.985199
155 0.983132
156 0.981169
157 0.979308
158 0.977544
159 0.975875
160 0.974299
161 0.972812
162 0.971411
163 0.970095
164 0.968861
165 0.967706
166 0.966628
167 0.965625
168 0.964693
169 0.963832
170 0.963039
171 0.962311
172 0.961647
173 0.961045
174 0.960502
175 0.960017
176 0.959588
177 0.959214
178 0.958891
179 0.958619
180 0.958396
181 0.958219
182 0.958089
183 0.958002
184 0.957957
185 0.957953
186 0.957988
187 0.958061
188 0.958170
189 0.958313
190 0.958491
191 0.958700
192 0.958940
193 0.959209
194 0.959507
195 0.959831
196 0.960181
197 0.960555
198 0.960953
199 0.961372
200 0.961813
201 0.962273
202 0.962752
203 0.963248
204 0.963762
205 0.964290
206 0.964834
207 0.965391
208 0.965960
209 0.966541
210 0.967133
211 0.967735
212 0.968346
213 0.968965
214 0.969592
215 0.970225
216 0.970864
217 0.971507
218 0.972155
219 0.972807
220 0.973461
221 0.974117
222 0.974775
223 0.975433
224 0.976092
225 0.976750
226 0.977407
227 0.978062
228 0.978715
229 0.979366
230 0.980013
231 0.980656
232 0.981294
233 0.981928
234 0.982557
235 0.983180
236 0.983796
237 0.984406
238 0.985009
239 0.985605
240 0.986193
241 0.986772
242 0.987343
243 0.987905
244 0.988458
245 0.989001
246 0.989534
247 0.990057
248 0.990570
249 0.991071
250 0.991562
251 0.992041
252 0.992508
253 0.992964
254 0.993407
255 0.993838
256 0.994256
257 0.994662
258 0.995054
259 0.995433
260 0.995799
261 0.996150
262 0.996488
263 0.996812
264 0.997122
265 0.997417
266 0.997698
267 0.997964
268 0.998215
269 0.998451
270 0.998673
271 0.998879
272 0.999070
273 0.999246
274 0.999406
275 0.999551
276 0.999681
277 0.999795
278 0.999894
279 0.999978
280 1.000046
281 1.000099
282 1.000136
283 1.000159
284 1.000166
285 1.000158
286 1.000136
287 1.000098
288 1.000046
289 0.999980
290 0.999899
291 0.999804
292 0.999695
293 0.999572
294 0.999436
295 0.999286
296 0.999124
297 0.998948
298 0.998760
299 0.998560
300 0.998348
301 0.998124
302 0.997888
303 0.997641
304 0.997384
305 0.997116
306 0.996838
307 0.996550
308 0.996253
309 0.995946
310 0.995631
311 0.995307
312 0.994974
313 0.994635
314 0.994287
315 0.993933
316 0.993571
317 0.993204
318 0.992830
319 0.992451
320 0.992066
321 0.991677
322 0.991282
323 0.990884
324 0.990481
325 0.990075
326 0.989666
327 0.989253
328 0.988838
329 0.988421
330 0.988002
331 0.987581
332 0.987158
333 0.986735
334 0.986311
335 0.985886
336 0.985461
337 0.985035
338 0.984611
339 0.984186
340 0.983763
341 0.983340
342 0.982919
343 0.982499
344 0.982080
345 0.981664
346 0.981250
347 0.980837
348 0.980428
349 0.980021
350 0.979616
351 0.979215
352 0.978816
353 0.978421
354 0.978029
355 0.977640
356 0.977256
357 0.976874
358 0.976497
359 0.976123
360 0.975754
361 0.975388
362 0.975027
363 0.974670
364 0.974317
365 0.973968
366 0.973624
367 0.973285
368 0.972949
369 0.972619
370 0.972293
371 0.971971
372 0.971655
373 0.971343
374 0.971035
375 0.970732
376 0.970434
377 0.970141
378 0.969852
379 0.969568
380 0.969289
381 0.969015
382 0.968745
383 0.968480
384 0.968220
385 0.967964
386 0.967713
387 0.967466
388 0.967225
389 0.966987
390 0.966755
391 0.966527
392 0.966303
393 0.966084
394 0.965869
395 0.965659
396 0.965453
397 0.965251
398 0.965054
399 0.964861
400 0.964672
401 0.964488
402 0.964307
403 0.964131
404 0.963959
405 0.963791
406 0.963626
407 0.963466
408 0.963310
409 0.963157
410 0.963008
411 0.962863
412 0.962722
413 0.962585
414 0.962451
415 0.962320
416 0.962193
417 0.962070
418 0.961950
419 0.961834
420 0.961721
421 0.961611
422 0.961504
423 0.961401
424 0.961300
425 0.961203
426 0.961109
427 0.961018
428 0.960930
429 0.960845
430 0.960763
431 0.960683
432 0.960607
433 0.960533
434 0.960462
435 0.960393
436 0.960327
437 0.960264
438 0.960203
439 0.960144
440 0.960088
441 0.960034
442 0.959983
443 0.959933
444 0.959886
445 0.959842
446 0.959799
447 0.959758
448 0.959720
449 0.959683
450 0.959648
451 0.959615
452 0.959584
453 0.959555
454 0.959528
455 0.959502
456 0.959478
457 0.959455
458 0.959434
459 0.959414
460 0.959396
461 0.959379
462 0.959364
463 0.959350
464 0.959337
465 0.959326
466 0.959315
467 0.959306
468 0.959297
469 0.959290
470 0.959284
471 0.959278
472 0.959274
473 0.959270
474 0.959267
475 0.959265
476 0.959263
477 0.959262
478 0.959262
479 0.959262
480 0.959263
481 0.959264
482 0.959265
483 0.959267
484 0.959269
485 0.959272
486 0.959274
487 0.959277
488 0.959279
489 0.959282
490 0.959285
491 0.959287
492 0.959290
493 0.959292
494 0.959295
495 0.959296
496 0.959298
497 0.959299
498 0.959300
499 0.959301
500 0.959301
501 0.959300
502 0.959299
503 0.959297
504 0.959294
505 0.959291
506 0.959287
507 0.959282
508 0.959277
509 0.959270
510 0.959262
511 0.959254
512 0.959244
513 0.959234
514 0.959222
515 0.959209
516 0.959195
517 0.959179
518 0.959163
519 0.959145
520 0.959125
521 0.959104
522 0.959082
523 0.959058
524 0.959033
525 0.959006
526 0.958978
527 0.958948
528 0.958917
529 0.958883
530 0.958849
531 0.958812
532 0.958774
533 0.958733
534 0.958692
535 0.958648
536 0.958602
537 0.958555
538 0.958505
539 0.958454
540 0.958401
541 0.958346
542 0.958289
543 0.958230
544 0.958170
545 0.958107
546 0.958042
547 0.957975
548 0.957907
549 0.957836
550 0.957764
551 0.957689
552 0.957613
553 0.957534
554 0.957454
555 0.957371
556 0.957287
557 0.957201
558 0.957113
559 0.957023
560 0.956931
561 0.956838
562 0.956742
563 0.956645
564 0.956546
565 0.956445
566 0.956343
567 0.956239
568 0.956133
569 0.956025
570 0.955916
571 0.955806
572 0.955694
573 0.955580
574 0.955465
575 0.955348
576 0.955230
577 0.955111
578 0.954990
579 0.954868
580 0.954744
581 0.954620
582 0.954494
583 0.954367
584 0.954239
585 0.954110
586 0.953980
587 0.953849
588 0.953717
589 0.953584
590 0.953450
591 0.953315
592 0.953179
593 0.953043
594 0.952906
595 0.952768
596 0.952629
597 0.952490
598 0.952350
599 0.952209
600 0.952068
601 0.951926
602 0.951784
603 0.951641
604 0.951498
605 0.951354
606 0.951210
607 0.951066
608 0.950921
609 0.950775
610 0.950630
611 0.950484
612 0.950337
613 0.950191
614 0.950044
615 0.949897
616 0.949749
617 0.949601
618 0.949453
619 0.949305
620 0.949157
621 0.949008
622 0.948859
623 0.948710
624 0.948561
625 0.948411
626 0.948262
627 0.948112
628 0.947962
629 0.947812
630 0.947661
631 0.947511
632 0.947360
633 0.947209
634 0.947058
635 0.946907
636 0.946756
637 0.946604
638 0.946453
639 0.946301
640 0.946149
641 0.945997
642 0.945844
643 0.945692
644 0.945539
645 0.945386
646 0.945233
647 0.945080
648 0.944927
649 0.944773
650 0.944619
651 0.944465
652 0.944311
653 0.944156
654 0.944001
655 0.943847
656 0.943691
657 0.943536
658 0.943380
659 0.943224
660 0.943068
661 0.942912
662 0.942755
663 0.942598
664 0.942441
665 0.942284
666 0.942126
667 0.941968
668 0.941809
669 0.941651
670 0.941492
671 0.941332
672 0.941173
673 0.941013
674 0.940853
675 0.940692
676 0.940531
677 0.940370
678 0.940208
679 0.940046
680 0.939884
681 0.939722
682 0.939559
683 0.939395
684 0.939231
685 0.939067
686 0.938903
687 0.938738
688 0.938572
689 0.938407
690 0.938240
691 0.938074
692 0.937907
693 0.937740
694 0.937572
695 0.937404
696 0.937235
697 0.937066
698 0.936896
699 0.936726
700 0.936556
701 0.936385
702 0.936214
703 0.936042
704 0.935870
705 0.935697
706 0.935524
707 0.935350
708 0.935176
709 0.935002
710 0.934827
711 0.934651
712 0.934475
713 0.934299
714 0.934122
715 0.933944
716 0.933766
717 0.933588
718 0.933409
719 0.933230
720 0.933050
721 0.932869
722 0.932688
723 0.932507
724 0.932325
725 0.932142
726 0.931959
727 0.931776
728 0.931592
729 0.931407
730 0.931222
731 0.931036
732 0.930850
733 0.930664
734 0.930477
735 0.930289
736 0.930101
737 0.929912
738 0.929723
739 0.929533
740 0.929342
741 0.929152
742 0.928960
743 0.928768
744 0.928576
745 0.928383
746 0.928189
747 0.927995
748 0.927801
749 0.927605
750 0.927410
751 0.927214
752 0.927017
753 0.926820
754 0.926622
755 0.926423
756 0.926224
757 0.926025
758 0.925825
759 0.925625
760 0.925423
761 0.925222
762 0.925020
763 0.924817
764 0.924614
765 0.924410
766 0.924206
767 0.924001
768 0.923796
769 0.923590
770 0.923384
771 0.923177
772 0.922969
773 0.922761
774 0.922553
775 0.922344
776 0.922134
777 0.921924
778 0.921714
779 0.921502
780 0.921291
781 0.921079
782 0.920866
783 0.920653
784 0.920439
785 0.920225
786 0.920010
787 0.919795
788 0.919579
789 0.919362
790 0.919146
791 0.918928
792 0.918710
793 0.918492
794 0.918273
795 0.918054
796 0.917834
797 0.917614
798 0.917393
799 0.917171
800 0.916950
801 0.916727
802 0.916504
803 0.916281
804 0.916057
805 0.915833
806 0.915608
807 0.915383
808 0.915157
809 0.914931
810 0.914704
811 0.914477
812 0.914249
813 0.914021
814 0.913793
815 0.913563
816 0.913334
817 0.913104
818 0.912873
819 0.912642
820 0.912411
821 0.912179
822 0.911947
823 0.911714
824 0.911481
825 0.911247
826 0.911013
827 0.910778
828 0.910543
829 0.910308
830 0.910072
831 0.909836
832 0.909599
833 0.909362
834 0.909124
835 0.908886
836 0.908647
837 0.908408
838 0.908169
839 0.907929
840 0.907689
841 0.907449
842 0.907208
843 0.906966
844 0.906724
845 0.906482
846 0.906239
847 0.905996
848 0.905753
849 0.905509
850 0.905265
851 0.905020
852 0.904775
853 0.904530
854 0.904284
855 0.904038
856 0.903791
857 0.903544
858 0.903297
859 0.903049
860 0.902801
861 0.902552
862 0.902304
863 0.902054
864 0.901805
865 0.901555
866 0.901305
867 0.901054
868 0.900803
869 0.900552
870 0.900300
871 0.900048
872 0.899795
873 0.899543
874 0.899290
875 0.899036
876 0.898782
877 0.898528
878 0.898274
879 0.898019
880 0.897764
881 0.897509
882 0.897253
883 0.896997
884 0.896741
885 0.896484
886 0.896227
887 0.895970
888 0.895712
889 0.895454
890 0.895196
891 0.894937
892 0.894679
893 0.894419
894 0.894160
895 0.893900
896 0.893640
897 0.893380
898 0.893119
899 0.892859
900 0.892597
901 0.892336
902 0.892074
903 0.891812
904 0.891550
905 0.891288
906 0.891025
907 0.890762
908 0.890499
909 0.890235
910 0.889971
911 0.889707
912 0.889443
913 0.889178
914 0.888913
915 0.888648
916 0.888383
917 0.888117
918 0.887852
919 0.887586
920 0.887319
921 0.887053
922 0.886786
923 0.886519
924 0.886252
925 0.885985
926 0.885717
927 0.885449
928 0.885181
929 0.884913
930 0.884644
931 0.884375
932 0.884106
933 0.883837
934 0.883568
935 0.883298
936 0.883029
937 0.882759
938 0.882489
939 0.882218
940 0.881948
941 0.881677
942 0.881406
943 0.881135
944 0.880864
945 0.880592
946 0.880321
947 0.880049
948 0.879777
949 0.879505
950 0.879232
951 0.878960
952 0.878687
953 0.878414
954 0.878141
955 0.877868
956 0.877595
957 0.877321
958 0.877048
959 0.876774
960 0.876500
961 0.876226
962 0.875951
963 0.875677
964 0.875402
965 0.875128
966 0.874853
967 0.874578
968 0.874303
969 0.874028
970 0.873752
971 0.873477
972 0.873201
973 0.872925
974 0.872650
975 0.872373
976 0.872097
977 0.871821
978 0.871545
979 0.871268
980 0.870992
981 0.870715
982 0.870438
983 0.870161
984 0.869884
985 0.869607
986 0.869330
987 0.869052
988 0.868775
989 0.868497
990 0.868220
991 0.867942
992 0.867664
993 0.867386
994 0.867108
995 0.866830
996 0.866552
997 0.866274
998 0.865995
999 0.865717
1000 0.865438
1001 0.865160
1002 0.864881
1003 0.864602
1004 0.864323
1005 0.864044
1006 0.863765
1007 0.863486
1008 0.863207
1009 0.862928
1010 0.862649
1011 0.862369
1012 0.862090
1013 0.861811
1014 0.861531
1015 0.861252
1016 0.860972
1017 0.860692
1018 0.860413
1019 0.860133
1020 0.859853
1021 0.859573
1022 0.859293
1023 0.859013
1024 0.858733
1025 0.858453
1026 0.858173
1027 0.857893
1028 0.857613
1029 0.857333
1030 0.857053
1031 0.856772
1032 0.856492
1033 0.856212
1034 0.855931
1035 0.855651
1036 0.855371
1037 0.855090
1038 0.854810
1039 0.854529
1040 0.854249
1041 0.853968
1042 0.853688
1043 0.853407
1044 0.853126
1045 0.852846
1046 0.852565
1047 0.852285
1048 0.852004
1049 0.851723
1050 0.851443
1051 0.851162
1052 0.850881
1053 0.850601
1054 0.850320
1055 0.850039
1056 0.849759
1057 0.849478
1058 0.849197
1059 0.848917
1060 0.848636
1061 0.848355
1062 0.848075
1063 0.847794
1064 0.847513
1065 0.847233
1066 0.846952
1067 0.846671
1068 0.846391
1069 0.846110
1070 0.845830
1071 0.845549
1072 0.845269
1073 0.844988
1074 0.844708
1075 0.844427
1076 0.844147
1077 0.843866
1078 0.843586
1079 0.843305
1080 0.843025
1081 0.842745
1082 0.842464
1083 0.842184
1084 0.841904
1085 0.841624
1086 0.841343
1087 0.841063
1088 0.840783
1089 0.840503
1090 0.840223
1091 0.839943
1092 0.839663
1093 0.839383
1094 0.839103
1095 0.838823
1096 0.838543
1097 0.838263
1098 0.837984
1099 0.837704
1100 0.837424
1101 0.837145
1102 0.836865
1103 0.836586
1104 0.836306
1105 0.836027
1106 0.835747
1107 0.835468
1108 0.835189
1109 0.834909
1110 0.834630
1111 0.834351
1112 0.834072
1113 0.833793
1114 0.833514
1115 0.833235
1116 0.832956
1117 0.832677
1118 0.832399
1119 0.832120
1120 0.831841
1121 0.831563
1122 0.831284
1123 0.831006
1124 0.830728
1125 0.830449
1126 0.830171
1127 0.829893
1128 0.829615
1129 0.829337
1130 0.829059
1131 0.828781
1132 0.828503
1133 0.828225
1134 0.827948
1135 0.827670
1136 0.827393
1137 0.827115
1138 0.826838
1139 0.826560
1140 0.826283
1141 0.826006
1142 0.825729
1143 0.825452
1144 0.825175
1145 0.824898
1146 0.824621
1147 0.824345
1148 0.824068
1149 0.823791
1150 0.823515
1151 0.823239
1152 0.822962
1153 0.822686
1154 0.822410
1155 0.822134
1156 0.821858
1157 0.821582
1158 0.821306
1159 0.821031
1160 0.820755
1161 0.820480
1162 0.820204
1163 0.819929
1164 0.819654
1165 0.819378
1166 0.819103
1167 0.818828
1168 0.818553
1169 0.818279
1170 0.818004
1171 0.817729
1172 0.817455
1173 0.817180
1174 0.816906
1175 0.816632
1176 0.816358
1177 0.816084
1178 0.815810
1179 0.815536
1180 0.815262
1181 0.814988
1182 0.814715
1183 0.814441
1184 0.814168
1185 0.813895
1186 0.813622
1187 0.813349
1188 0.813076
1189 0.812803
1190 0.812530
1191 0.812258
1192 0.811985
1193 0.811713
1194 0.811440
1195 0.811168
1196 0.810896
1197 0.810624
1198 0.810352
1199 0.810080
1200 0.809808
1201 0.809537
1202 0.809265
1203 0.808994
1204 0.808723
1205 0.808452
1206 0.808181
1207 0.807910
1208 0.807639
1209 0.807368
1210 0.807097
1211 0.806827
1212 0.806557
1213 0.806286
1214 0.806016
1215 0.805746
1216 0.805476
1217 0.805206
1218 0.804937
1219 0.804667
1220 0.804398
1221 0.804128
1222 0.803859
1223 0.803590
1224 0.803321
1225 0.803052
1226 0.802783
1227 0.802514
1228 0.802246
1229 0.801977
1230 0.801709
1231 0.801441
1232 0.801173
1233 0.800905
1234 0.800637
1235 0.800369
1236 0.800102
1237 0.799834
1238 0.799567
1239 0.799299
1240 0.799032
1241 0.798765
1242 0.798498
1243 0.798232
1244 0.797965
1245 0.797698
1246 0.797432
1247 0.797166
1248 0.796900
1249 0.796633
1250 0.796368
1251 0.796102
1252 0.795836
1253 0.795571
1254 0.795305
1255 0.795040
1256 0.794775
1257 0.794510
1258 0.794245
1259 0.793980
1260 0.793715
1261 0.793451
1262 0.793186
1263 0.792922
1264 0.792658
1265 0.792394
1266 0.792130
1267 0.791866
1268 0.791602
1269 0.791339
1270 0.791075
1271 0.790812
1272 0.790549
1273 0.790286
1274 0.790023
1275 0.789760
1276 0.789497
1277 0.789235
1278 0.788972
1279 0.788710
1280 0.788448
1281 0.788186
1282 0.787924
1283 0.787662
1284 0.787401
1285 0.787139
1286 0.786878
1287 0.786617
1288 0.786356
1289 0.786095
1290 0.785834
1291 0.785573
1292 0.785312
1293 0.785052
1294 0.784792
1295 0.784531
1296 0.784271
1297 0.784011
1298 0.783752
1299 0.783492
1300 0.783232
1301 0.782973
1302 0.782714
1303 0.782455
1304 0.782196
1305 0.781937
1306 0.781678
1307 0.781419
1308 0.781161
1309 0.780903
1310 0.780644
1311 0.780386
1312 0.780128
1313 0.779871
1314 0.779613
1315 0.779355
1316 0.779098
1317 0.778841
1318 0.778584
1319 0.778327
1320 0.778070
1321 0.777813
1322 0.777556
1323 0.777300
1324 0.777043
1325 0.776787
1326 0.776531
1327 0.776275
1328 0.776019
1329 0.775764
1330 0.775508
1331 0.775253
1332 0.774998
1333 0.774742
1334 0.774487
1335 0.774233
1336 0.773978
1337 0.773723
1338 0.773469
1339 0.773215
1340 0.772960
1341 0.772706
1342 0.772452
1343 0.772199
1344 0.771945
1345 0.771692
1346 0.771438
1347 0.771185
1348 0.770932
1349 0.770679
1350 0.770426
1351 0.770173
1352 0.769921
1353 0.769668
1354 0.769416
1355 0.769164
1356 0.768912
1357 0.768660
1358 0.768408
1359 0.768157
1360 0.767905
1361 0.767654
1362 0.767403
1363 0.767152
1364 0.766901
1365 0.766650
1366 0.766399
1367 0.766149
1368 0.765898
1369 0.765648
1370 0.765398
1371 0.765148
1372 0.764898
1373 0.764649
1374 0.764399
1375 0.764150
1376 0.763900
1377 0.763651
1378 0.763402
1379 0.763153
1380 0.762905
1381 0.762656
1382 0.762407
1383 0.762159
1384 0.761911
1385 0.761663
1386 0.761415
1387 0.761167
1388 0.760920
1389 0.760672
1390 0.760425
1391 0.760177
1392 0.759930
1393 0.759683
1394 0.759436
1395 0.759190
1396 0.758943
1397 0.758697
1398 0.758450
1399 0.758204
1400 0.757958
1401 0.757712
1402 0.757467
1403 0.757221
1404 0.756976
1405 0.756730
1406 0.756485
1407 0.756240
1408 0.755995
1409 0.755750
1410 0.755506
1411 0.755261
1412 0.755017
1413 0.754772
1414 0.754528
1415 0.754284
1416 0.754041
1417 0.753797
1418 0.753553
1419 0.753310
1420 0.753066
1421 0.752823
1422 0.752580
1423 0.752337
1424 0.752095
1425 0.751852
1426 0.751609
1427 0.751367
1428 0.751125
1429 0.750883
1430 0.750641
1431 0.750399
1432 0.750157
1433 0.749916
1434 0.749674
1435 0.749433
1436 0.749192
1437 0.748951
1438 0.748710
1439 0.748469
1440 0.748229
1441 0.747988
1442 0.747748
1443 0.747508
1444 0.747268
1445 0.747028
1446 0.746788
1447 0.746548
1448 0.746309
1449 0.746069
1450 0.745830
1451 0.745591
1452 0.745352
1453 0.745113
1454 0.744874
1455 0.744636
1456 0.744397
1457 0.744159
1458 0.743921
1459 0.743682
1460 0.743445
1461 0.743207
1462 0.742969
1463 0.742732
1464 0.742494
1465 0.742257
1466 0.742020
1467 0.741783
1468 0.741546
1469 0.741309
1470 0.741072
1471 0.740836
1472 0.740600
1473 0.740363
1474 0.740127
1475 0.739891
1476 0.739655
1477 0.739420
1478 0.739184
1479 0.738949
1480 0.738713
1481 0.738478
1482 0.738243
1483 0.738008
1484 0.737773
1485 0.737539
1486 0.737304
1487 0.737070
1488 0.736836
1489 0.736601
1490 0.736367
1491 0.736134
1492 0.735900
1493 0.735666
1494 0.735433
1495 0.735199
1496 0.734966
1497 0.734733
1498 0.734500
1499 0.734267
1500 0.734034
1501 0.733802
1502 0.733569
1503 0.733337
1504 0.733105
1505 0.732873
1506 0.732641
1507 0.732409
1508 0.732177
1509 0.731946
1510 0.731714
1511 0.731483
1512 0.731252
1513 0.731021
1514 0.730790
1515 0.730559
1516 0.730328
1517 0.730098
1518 0.729867
1519 0.729637
1520 0.729407
1521 0.729177
1522 0.728947
1523 0.728717
1524 0.728487
1525 0.728258
1526 0.728029
1527 0.727799
1528 0.727570
1529 0.727341
1530 0.727112
1531 0.726883
1532 0.726655
1533 0.726426
1534 0.726198
1535 0.725969
1536 0.725741
1537 0.725513
1538 0.725285
1539 0.725057
1540 0.724830
1541 0.724602
1542 0.724375
1543 0.724147
1544 0.723920
1545 0.723693
1546 0.723466
1547 0.723239
1548 0.723013
1549 0.722786
1550 0.722560
1551 0.722333
1552 0.722107
1553 0.721881
1554 0.721655
1555 0.721429
1556 0.721203
1557 0.720978
1558 0.720752
1559 0.720527
1560 0.720302
1561 0.720076
1562 0.719851
1563 0.719626
1564 0.719402
1565 0.719177
1566 0.718952
1567 0.718728
1568 0.718504
1569 0.718280
1570 0.718055
1571 0.717831
1572 0.717608
1573 0.717384
1574 0.717160
1575 0.716937
1576 0.716713
1577 0.716490
1578 0.716267
1579 0.716044
1580 0.715821
1581 0.715598
1582 0.715376
1583 0.715153
1584 0.714931
1585 0.714708
1586 0.714486
1587 0.714264
1588 0.714042
1589 0.713820
1590 0.713598
1591 0.713377
1592 0.713155
1593 0.712934
1594 0.712712
1595 0.712491
1596 0.712270
1597 0.712049
1598 0.711828
1599 0.711607
1600 0.711387
1601 0.711166
1602 0.710946
1603 0.710725
1604 0.710505
1605 0.710285
1606 0.710065
1607 0.709845
1608 0.709625
1609 0.709406
1610 0.709186
1611 0.708967
1612 0.708747
1613 0.708528
1614 0.708309
1615 0.708090
1616 0.707871
1617 0.707652
1618 0.707433
1619 0.707215
1620 0.706996
1621 0.706778
1622 0.706559
1623 0.706341
1624 0.706123
1625 0.705905
1626 0.705687
1627 0.705469
1628 0.705252
1629 0.705034
1630 0.704817
1631 0.704599
1632 0.704382
1633 0.704165
1634 0.703948
1635 0.703731
1636 0.703514
1637 0.703297
1638 0.703080
1639 0.702864
1640 0.702647
1641 0.702431
1642 0.702215
1643 0.701998
1644 0.701782
1645 0.701566
1646 0.701350
1647 0.701135
1648 0.700919
1649 0.700703
1650 0.700488
1651 0.700272
1652 0.700057
1653 0.699842
1654 0.699626
1655 0.699411
1656 0.699196
1657 0.698981
1658 0.698767
1659 0.698552
1660 0.698337
1661 0.698123
1662 0.697908
1663 0.697694
1664 0.697479
1665 0.697265
1666 0.697051
1667 0.696837
1668 0.696623
1669 0.696409
1670 0.696195
1671 0.695982
1672 0.695768
1673 0.695555
1674 0.695341
1675 0.695128
1676 0.694914
1677 0.694701
1678 0.694488
1679 0.694275
1680 0.694062
1681 0.693849
1682 0.693636
1683 0.693423
1684 0.693211
1685 0.692998
1686 0.692785
1687 0.692573
1688 0.692361
1689 0.692148
1690 0.691936
1691 0.691724
1692 0.691512
1693 0.691299
1694 0.691087
1695 0.690875
1696 0.690664
1697 0.690452
1698 0.690240
1699 0.690028
1700 0.689817
1701 0.689605
1702 0.689394
1703 0.689182
1704 0.688971
1705 0.688759
1706 0.688548
1707 0.688337
1708 0.688126
1709 0.687915
1710 0.687704
1711 0.687493
1712 0.687282
1713 0.687071
1714 0.686860
1715 0.686649
1716 0.686438
1717 0.686228
1718 0.686017
1719 0.685806
1720 0.685596
1721 0.685385
1722 0.685174
1723 0.684964
1724 0.684754
1725 0.684543
1726 0.684333
1727 0.684122
1728 0.683912
1729 0.683702
1730 0.683492
1731 0.683281
1732 0.683071
1733 0.682861
1734 0.682651
1735 0.682441
1736 0.682231
1737 0.682020
1738 0.681810
1739 0.681600
1740 0.681390
1741 0.681180
1742 0.680970
1743 0.680760
1744 0.680550
1745 0.680340
1746 0.680130
1747 0.679920
1748 0.679710
1749 0.679500
1750 0.679291
1751 0.679081
1752 0.678871
1753 0.678661
1754 0.678451
1755 0.678241
1756 0.678031
1757 0.677821
1758 0.677611
1759 0.677401
1760 0.677190
1761 0.676980
1762 0.676770
1763 0.676560
1764 0.676350
1765 0.676140
1766 0.675929
1767 0.675719
1768 0.675509
1769 0.675299
1770 0.675088
1771 0.674878
1772 0.674667
1773 0.674457
1774 0.674246
1775 0.674036
1776 0.673825
1777 0.673614
1778 0.673403
1779 0.673193
1780 0.672982
1781 0.672771
1782 0.672560
1783 0.672349
1784 0.672137
1785 0.671926
1786 0.671715
1787 0.671503
1788 0.671292
1789 0.671080
1790 0.670868
1791 0.670657
1792 0.670445
1793 0.670233
1794 0.670021
1795 0.669808
1796 0.669596
1797 0.669384
1798 0.669171
1799 0.668958
1800 0.668745
1801 0.668533
1802 0.668319
1803 0.668106
1804 0.667893
1805 0.667679
1806 0.667466
1807 0.667252
1808 0.667038
1809 0.666824
1810 0.666609
1811 0.666395
1812 0.666180
1813 0.665966
1814 0.665751
1815 0.665535
1816 0.665320
1817 0.665105
1818 0.664889
1819 0.664673
1820 0.664457
1821 0.664240
1822 0.664024
1823 0.663807
1824 0.663590
1825 0.663373
1826 0.663155
1827 0.662937
1828 0.662719
1829 0.662501
1830 0.662283
1831 0.662064
1832 0.661845
1833 0.661626
1834 0.661406
1835 0.661186
1836 0.660966
1837 0.660746
1838 0.660525
1839 0.660304
1840 0.660083
1841 0.659861
1842 0.659639
1843 0.659417
1844 0.659194
1845 0.658971
1846 0.658748
1847 0.658524
1848 0.658300
1849 0.658076
1850 0.657851
1851 0.657626
1852 0.657400
1853 0.657174
1854 0.656948
1855 0.656721
1856 0.656494
1857 0.656266
1858 0.656038
1859 0.655810
1860 0.655581
1861 0.655352
1862 0.655122
1863 0.654892
1864 0.654661
1865 0.654430
1866 0.654198
1867 0.653966
1868 0.653733
1869 0.653500
1870 0.653266
1871 0.653032
1872 0.652797
1873 0.652562
1874 0.652326
1875 0.652090
1876 0.651853
1877 0.651615
1878 0.651377
1879 0.651139
1880 0.650899
1881 0.650659
1882 0.650419
1883 0.650178
1884 0.649936
1885 0.649693
1886 0.649450
1887 0.649207
1888 0.648962
1889 0.648717
1890 0.648471
1891 0.648225
1892 0.647978
1893 0.647730
1894 0.647481
1895 0.647232
1896 0.646982
1897 0.646731
1898 0.646480
1899 0.646227
1900 0.645974
1901 0.645721
1902 0.645466
1903 0.645210
1904 0.644954
1905 0.644697
1906 0.644439
1907 0.644181
1908 0.643921
1909 0.643661
1910 0.643399
1911 0.643137
1912 0.642874
1913 0.642610
1914 0.642346
1915 0.642080
1916 0.641814
1917 0.641546
1918 0.641278
1919 0.641008
1920 0.640738
1921 0.640467
1922 0.640195
1923 0.639922
1924 0.639648
1925 0.639372
1926 0.639096
1927 0.638819
1928 0.638541
1929 0.638262
1930 0.637982
1931 0.637701
1932 0.637419
1933 0.637136
1934 0.636852
1935 0.636567
1936 0.636281
1937 0.635993
1938 0.635705
1939 0.635416
1940 0.635125
1941 0.634834
1942 0.634541
1943 0.634247
1944 0.633953
1945 0.633657
1946 0.633360
1947 0.633062
1948 0.632763
1949 0.632462
1950 0.632161
1951 0.631859
1952 0.631555
1953 0.631251
1954 0.630945
1955 0.630638
1956 0.630330
1957 0.630021
1958 0.629711
1959 0.629399
1960 0.629087
1961 0.628773
1962 0.628459
1963 0.628143
1964 0.627826
1965 0.627508
1966 0.627189
1967 0.626868
1968 0.626547
1969 0.626224
1970 0.625901
1971 0.625576
1972 0.625250
1973 0.624923
1974 0.624595
1975 0.624266
1976 0.623936
1977 0.623605
1978 0.623273
1979 0.622939
1980 0.622605
1981 0.622269
1982 0.621933
1983 0.621595
1984 0.621256
1985 0.620916
1986 0.620576
1987 0.620234
1988 0.619891
1989 0.619547
1990 0.619202
1991 0.618856
1992 0.618510
1993 0.618162
1994 0.617813
1995 0.617463
1996 0.617112
1997 0.616761
1998 0.616408
1999 0.616054
2000 0.615700
2001 0.615344
2002 0.614988
2003 0.614631
2004 0.614273
2005 0.613914
2006 0.613554
2007 0.613193
2008 0.612832
2009 0.612469
2010 0.612106
2011 0.611742
2012 0.611377
2013 0.611011
2014 0.610645
2015 0.610278
2016 0.609910
2017 0.609541
2018 0.609172
2019 0.608801
2020 0.608431
2021 0.608059
2022 0.607687
2023 0.607314
2024 0.606940
2025 0.606566
2026 0.606191
2027 0.605815
2028 0.605439
2029 0.605062
2030 0.604685
2031 0.604306
2032 0.603928
2033 0.603549
2034 0.603169
2035 0.602789
2036 0.602408
2037 0.602026
2038 0.601645
2039 0.601262
2040 0.600879
2041 0.600496
2042 0.600112
2043 0.599728
2044 0.599343
2045 0.598958
2046 0.598572
2047 0.598187
2048 0.597800
2049 0.597413
2050 0.597026
2051 0.596639
2052 0.596251
2053 0.595863
2054 0.595474
2055 0.595085
2056 0.594696
2057 0.594306
2058 0.593916
2059 0.593526
2060 0.593136
2061 0.592745
2062 0.592354
2063 0.591963
2064 0.591572
2065 0.591180
2066 0.590788
2067 0.590396
2068 0.590004
2069 0.589611
2070 0.589218
2071 0.588825
2072 0.588432
2073 0.588039
2074 0.587645
2075 0.587252
2076 0.586858
2077 0.586464
2078 0.586070
2079 0.585676
2080 0.585282
2081 0.584887
2082 0.584493
2083 0.584098
2084 0.583704
2085 0.583309
2086 0.582914
2087 0.582519
2088 0.582124
2089 0.581729
2090 0.581334
2091 0.580939
2092 0.580543
2093 0.580148
2094 0.579753
2095 0.579357
2096 0.578962
2097 0.578567
2098 0.578171
2099 0.577776
2100 0.577380
2101 0.576985
2102 0.576590
2103 0.576194
2104 0.575799
2105 0.575403
2106 0.575008
2107 0.574612
2108 0.574217
2109 0.573822
2110 0.573426
2111 0.573031
2112 0.572636
2113 0.572240
2114 0.571845
2115 0.571450
2116 0.571055
2117 0.570660
2118 0.570265
2119 0.569869
2120 0.569474
2121 0.569080
2122 0.568685
2123 0.568290
2124 0.567895
2125 0.567500
2126 0.567106
2127 0.566711
2128 0.566316
2129 0.565922
2130 0.565527
2131 0.565133
2132 0.564739
2133 0.564344
2134 0.563950
2135 0.563556
2136 0.563162
2137 0.562768
2138 0.562374
2139 0.561980
2140 0.561586
2141 0.561192
2142 0.560799
2143 0.560405
2144 0.560011
2145 0.559618
2146 0.559224
2147 0.558831
2148 0.558437
2149 0.558044
2150 0.557650
2151 0.557257
2152 0.556864
2153 0.556471
2154 0.556078
2155 0.555685
2156 0.555292
2157 0.554899
2158 0.554506
2159 0.554113
2160 0.553720
2161 0.553327
2162 0.552934
2163 0.552541
2164 0.552149
2165 0.551756
2166 0.551363
2167 0.550970
2168 0.550578
2169 0.550185
2170 0.549792
2171 0.549400
2172 0.549007
2173 0.548615
2174 0.548222
2175 0.547829
2176 0.547437
2177 0.547044
2178 0.546651
2179 0.546259
2180 0.545866
2181 0.545473
2182 0.545081
2183 0.544688
2184 0.544295
2185 0.543902
2186 0.543509
2187 0.543117
2188 0.542724
2189 0.542331
2190 0.541938
2191 0.541545
2192 0.541152
2193 0.540758
2194 0.540365
2195 0.539972
2196 0.539578
2197 0.539185
2198 0.538791
2199 0.538398
2200 0.538004
2201 0.537610
2202 0.537216
2203 0.536822
2204 0.536428
2205 0.536034
2206 0.535640
2207 0.535245
2208 0.534851
2209 0.534456
2210 0.534061
2211 0.533666
2212 0.533271
2213 0.532876
2214 0.532480
2215 0.532085
2216 0.531689
2217 0.531293
2218 0.530897
2219 0.530501
2220 0.530104
2221 0.529708
2222 0.529311
2223 0.528914
2224 0.528517
2225 0.528119
2226 0.527722
2227 0.527324
2228 0.526926
2229 0.526528
2230 0.526129
2231 0.525731
2232 0.525332
2233 0.524932
2234 0.524533
2235 0.524133
2236 0.523733
2237 0.523333
2238 0.522932
2239 0.522531
2240 0.522130
2241 0.521729
2242 0.521327
2243 0.520925
2244 0.520523
2245 0.520120
2246 0.519717
2247 0.519314
2248 0.518910
2249 0.518506
2250 0.518102
2251 0.517697
2252 0.517292
2253 0.516887
2254 0.516481
2255 0.516075
2256 0.515668
2257 0.515261
2258 0.514854
2259 0.514446
2260 0.514038
2261 0.513629
2262 0.513220
2263 0.512811
2264 0.512401
2265 0.511991
2266 0.511580
2267 0.511169
2268 0.510757
2269 0.510345
2270 0.509932
2271 0.509519
2272 0.509105
2273 0.508691
2274 0.508276
2275 0.507861
2276 0.507445
2277 0.507029
2278 0.506612
2279 0.506195
2280 0.505777
2281 0.505358
2282 0.504939
2283 0.504519
2284 0.504099
2285 0.503678
2286 0.503257
2287 0.502835
2288 0.502412
2289 0.501988
2290 0.501564
2291 0.501140
2292 0.500714
2293 0.500288
2294 0.499862
2295 0.499434
2296 0.499006
2297 0.498577
2298 0.498148
2299 0.497718
2300 0.497287
2301 0.496855
2302 0.496422
2303 0.495989
2304 0.495555
2305 0.495120
2306 0.494685
2307 0.494248
2308 0.493811
2309 0.493373
2310 0.492934
2311 0.492495
2312 0.492054
2313 0.491612
2314 0.491170
2315 0.490727
2316 0.490283
2317 0.489838
2318 0.489392
2319 0.488945
2320 0.488497
2321 0.488048
2322 0.487598
2323 0.487148
2324 0.486696
2325 0.486243
2326 0.485789
2327 0.485335
2328 0.484879
2329 0.484422
2330 0.483964
2331 0.483505
2332 0.483044
2333 0.482583
2334 0.482121
2335 0.481657
2336 0.481192
2337 0.480726
2338 0.480259
2339 0.479791
2340 0.479322
2341 0.478851
2342 0.478379
2343 0.477906
2344 0.477431
2345 0.476955
2346 0.476478
2347 0.476000
2348 0.475520
2349 0.475039
2350 0.474556
2351 0.474073
2352 0.473587
2353 0.473101
2354 0.472612
2355 0.472123
2356 0.471632
2357 0.471139
2358 0.470645
2359 0.470149
2360 0.469652
2361 0.469153
2362 0.468653
2363 0.468151
2364 0.467647
2365 0.467142
2366 0.466635
2367 0.466126
2368 0.465616
2369 0.465104
2370 0.464590
2371 0.464074
2372 0.463557
2373 0.463038
2374 0.462517
2375 0.461993
2376 0.461469
2377 0.460942
2378 0.460413
2379 0.459882
2380 0.459349
2381 0.458814
2382 0.458277
2383 0.457738
2384 0.457197
2385 0.456654
2386 0.456108
2387 0.455561
2388 0.455011
2389 0.454459
2390 0.453904
2391 0.453347
2392 0.452788
2393 0.452227
2394 0.451663
2395 0.451096
2396 0.450528
2397 0.449956
2398 0.449382
2399 0.448805
2400 0.448226
2401 0.447644
2402 0.447060
2403 0.446472
2404 0.445882
2405 0.445289
2406 0.444693
2407 0.444095
2408 0.443493
2409 0.442888
2410 0.442281
2411 0.441670
2412 0.441056
2413 0.440439
2414 0.439818
2415 0.439195
2416 0.438568
2417 0.437937
2418 0.437303
2419 0.436666
2420 0.436025
2421 0.435381
2422 0.434733
2423 0.434081
2424 0.433426
2425 0.432766
2426 0.432103
2427 0.431436
2428 0.430765
2429 0.430090
2430 0.429410
2431 0.428727
2432 0.428039
2433 0.427347
2434 0.426650
2435 0.425949
2436 0.425243
2437 0.424533
2438 0.423818
2439 0.423098
2440 0.422373
2441 0.421644
2442 0.420909
2443 0.420169
2444 0.419424
2445 0.418673
2446 0.417917
2447 0.417156
2448 0.416388
2449 0.415616
2450 0.414837
2451 0.414052
2452 0.413262
2453 0.412465
2454 0.411661
2455 0.410852
2456 0.410036
2457 0.409213
2458 0.408383
2459 0.407547
2460 0.406703
2461 0.405852
2462 0.404994
2463 0.404128
2464 0.403255
2465 0.402374
2466 0.401485
2467 0.400588
2468 0.399682
2469 0.398768
2470 0.397845
2471 0.396914
2472 0.395973
2473 0.395023
2474 0.394064
2475 0.393095
2476 0.392117
2477 0.391128
2478 0.390128
2479 0.389119
2480 0.388098
2481 0.387066
2482 0.386023
2483 0.384969
2484 0.383903
2485 0.382824
2486 0.381733
2487 0.380629
2488 0.379512
2489 0.378382
2490 0.377238
2491 0.376080
2492 0.374908
2493 0.373720
2494 0.372518
2495 0.371300
2496 0.370065
2497 0.368815
2498 0.367547
2499 0.366262
2500 0.364960
2501 0.363639
2502 0.362299
2503 0.360940
2504 0.359561
2505 0.358161
2506 0.356740
2507 0.355298
2508 0.353833
2509 0.352346
2510 0.350834
2511 0.349299
2512 0.347738
2513 0.346151
2514 0.344538
2515 0.342898
2516 0.341229
2517 0.339531
2518 0.337803
2519 0.336044
2520 0.334253
2521 0.332430
2522 0.330573
2523 0.328681
2524 0.326753
2525 0.324788
2526 0.322786
2527 0.320744
2528 0.318662
2529 0.316540
2530 0.314375
2531 0.312167
2532 0.309915
2533 0.307617
2534 0.305274
2535 0.302883
2536 0.300445
2537 0.297959
2538 0.295425
2539 0.292841
2540 0.290209
2541 0.287528
2542 0.284800
2543 0.282024
2544 0.279202
2545 0.276336
2546 0.273429
2547 0.270483
2548 0.267501
2549 0.264487
2550 0.261446
2551 0.258384
2552 0.255305
2553 0.252218
2554 0.249128
2555 0.246043
2556 0.242971
2557 0.239919
2558 0.236897
2559 0.233911
2560 0.230969
2561 0.228079
2562 0.225246
2563 0.222476
2564 0.219775
2565 0.217146
2566 0.214591
2567 0.212113
2568 0.209713
2569 0.207391
2570 0.205147
2571 0.202978
2572 0.200885
2573 0.198863
2574 0.196912
2575 0.195028
2576 0.193209
2577 0.191451
2578 0.189753
2579 0.188110
2580 0.186520
2581 0.184981
2582 0.183489
2583 0.182043
2584 0.180640
2585 0.179277
2586 0.177953
2587 0.176667
2588 0.175415
2589 0.174196
2590 0.173009
2591 0.171851
2592 0.170723
2593 0.169622
2594 0.168547
2595 0.167497
2596 0.166471
2597 0.165468
2598 0.164487
2599 0.163526
2600 0.162586
2601 0.161666
2602 0.160763
2603 0.159879
2604 0.159012
2605 0.158162
2606 0.157328
2607 0.156509
2608 0.155705
2609 0.154916
2610 0.154141
2611 0.153379
2612 0.152630
2613 0.151894
2614 0.151170
2615 0.150457
2616 0.149757
2617 0.149067
2618 0.148389
2619 0.147721
2620 0.147063
2621 0.146415
2622 0.145777
2623 0.145148
2624 0.144528
2625 0.143917
2626 0.143315
2627 0.142722
2628 0.142136
2629 0.141559
2630 0.140989
2631 0.140427
2632 0.139873
2633 0.139325
2634 0.138785
2635 0.138252
2636 0.137725
2637 0.137206
2638 0.136692
2639 0.136185
2640 0.135684
2641 0.135189
2642 0.134700
2643 0.134217
2644 0.133740
2645 0.133268
2646 0.132801
2647 0.132340
2648 0.131884
2649 0.131433
2650 0.130987
2651 0.130546
2652 0.130110
2653 0.129679
2654 0.129252
2655 0.128830
2656 0.128412
2657 0.127998
2658 0.127589
2659 0.127184
2660 0.126783
2661 0.126386
2662 0.125993
2663 0.125604
2664 0.125219
2665 0.124838
2666 0.124460
2667 0.124087
2668 0.123716
2669 0.123349
2670 0.122986
2671 0.122626
2672 0.122269
2673 0.121916
2674 0.121566
2675 0.121219
2676 0.120875
2677 0.120534
2678 0.120197
2679 0.119862
2680 0.119530
2681 0.119201
2682 0.118875
2683 0.118552
2684 0.118232
2685 0.117914
2686 0.117599
2687 0.117287
2688 0.116977
2689 0.116670
2690 0.116365
2691 0.116063
2692 0.115763
2693 0.115466
2694 0.115171
2695 0.114878
2696 0.114588
2697 0.114300
2698 0.114014
2699 0.113731
2700 0.113449
2701 0.113170
2702 0.112893
2703 0.112618
2704 0.112345
2705 0.112075
2706 0.111806
2707 0.111539
2708 0.111274
2709 0.111011
2710 0.110750
2711 0.110491
2712 0.110234
2713 0.109979
2714 0.109725
2715 0.109473
2716 0.109223
2717 0.108975
2718 0.108728
2719 0.108484
2720 0.108240
2721 0.107999
2722 0.107759
2723 0.107521
2724 0.107284
2725 0.107049
2726 0.106816
2727 0.106584
2728 0.106354
2729 0.106125
2730 0.105897
2731 0.105671
2732 0.105447
2733 0.105224
2734 0.105002
2735 0.104782
2736 0.104563
2737 0.104346
2738 0.104130
2739 0.103915
2740 0.103702
2741 0.103490
2742 0.103279
2743 0.103069
2744 0.102861
2745 0.102654
2746 0.102448
2747 0.102244
2748 0.102041
2749 0.101838
2750 0.101638
2751 0.101438
2752 0.101239
2753 0.101042
2754 0.100846
2755 0.100650
2756 0.100456
2757 0.100263
2758 0.100072
2759 0.099881
2760 0.099691
2761 0.099502
2762 0.099315
2763 0.099128
2764 0.098943
2765 0.098758
2766 0.098575
2767 0.098392
2768 0.098211
2769 0.098030
2770 0.097850
2771 0.097672
2772 0.097494
2773 0.097317
2774 0.097141
2775 0.096967
2776 0.096792
2777 0.096619
2778 0.096447
2779 0.096276
2780 0.096105
2781 0.095936
2782 0.095767
2783 0.095599
2784 0.095432
2785 0.095266
2786 0.095100
2787 0.094936
2788 0.094772
2789 0.094609
2790 0.094447
2791 0.094285
2792 0.094125
2793 0.093965
2794 0.093806
2795 0.093647
2796 0.093490
2797 0.093333
2798 0.093177
2799 0.093021
2800 0.092867
2801 0.092713
2802 0.092560
2803 0.092407
2804 0.092255
2805 0.092104
2806 0.091954
2807 0.091804
2808 0.091655
2809 0.091507
2810 0.091359
2811 0.091212
2812 0.091065
2813 0.090920
2814 0.090774
2815 0.090630
2816 0.090486
2817 0.090343
2818 0.090200
2819 0.090058
2820 0.089917
2821 0.089776
2822 0.089636
2823 0.089496
2824 0.089357
2825 0.089218
2826 0.089081
2827 0.088943
2828 0.088806
2829 0.088670
2830 0.088535
2831 0.088400
2832 0.088265
2833 0.088131
2834 0.087998
2835 0.087865
2836 0.087733
2837 0.087601
2838 0.087469
2839 0.087339
2840 0.087208
2841 0.087079
2842 0.086949
2843 0.086821
2844 0.086693
2845 0.086565
2846 0.086438
2847 0.086311
2848 0.086185
2849 0.086059
2850 0.085934
2851 0.085809
2852 0.085684
2853 0.085560
2854 0.085437
2855 0.085314
2856 0.085192
2857 0.085070
2858 0.084948
2859 0.084827
2860 0.084706
2861 0.084586
2862 0.084466
2863 0.084347
2864 0.084228
2865 0.084109
2866 0.083991
2867 0.083873
2868 0.083756
2869 0.083639
2870 0.083523
2871 0.083407
2872 0.083291
2873 0.083176
2874 0.083061
2875 0.082947
2876 0.082833
2877 0.082719
2878 0.082606
2879 0.082493
2880 0.082381
2881 0.082269
2882 0.082157
2883 0.082046
2884 0.081935
2885 0.081824
2886 0.081714
2887 0.081604
2888 0.081495
2889 0.081386
2890 0.081277
2891 0.081168
2892 0.081060
2893 0.080953
2894 0.080845
2895 0.080738
2896 0.080632
2897 0.080526
2898 0.080420
2899 0.080314
2900 0.080209
2901 0.080104
2902 0.079999
2903 0.079895
2904 0.079791
2905 0.079687
2906 0.079584
2907 0.079481
2908 0.079378
2909 0.079276
2910 0.079174
2911 0.079072
2912 0.078971
2913 0.078870
2914 0.078769
2915 0.078669
2916 0.078569
2917 0.078469
2918 0.078369
2919 0.078270
2920 0.078171
2921 0.078072
2922 0.077974
2923 0.077876
2924 0.077778
2925 0.077681
2926 0.077584
2927 0.077487
2928 0.077390
2929 0.077294
2930 0.077198
2931 0.077102
2932 0.077006
2933 0.076911
2934 0.076816
2935 0.076721
2936 0.076627
2937 0.076533
2938 0.076439
2939 0.076345
2940 0.076252
2941 0.076159
2942 0.076066
2943 0.075974
2944 0.075881
2945 0.075789
2946 0.075697
2947 0.075606
2948 0.075515
2949 0.075424
2950 0.075333
2951 0.075242
2952 0.075152
2953 0.075062
2954 0.074972
2955 0.074883
2956 0.074793
2957 0.074704
2958 0.074615
2959 0.074527
2960 0.074438
2961 0.074350
2962 0.074262
2963 0.074175
2964 0.074087
2965 0.074000
2966 0.073913
2967 0.073827
2968 0.073740
2969 0.073654
2970 0.073568
2971 0.073482
2972 0.073396
2973 0.073311
2974 0.073226
2975 0.073141
2976 0.073056
2977 0.072972
2978 0.072887
2979 0.072803
2980 0.072720
2981 0.072636
2982 0.072553
2983 0.072469
2984 0.072386
2985 0.072304
2986 0.072221
2987 0.072139
2988 0.072056
2989 0.071974
2990 0.071893
2991 0.071811
2992 0.071730
2993 0.071649
2994 0.071568
2995 0.071487
2996 0.071406
2997 0.071326
2998 0.071246
2999 0.071166
3000 0.071086
3001 0.071006
3002 0.070927
3003 0.070848
3004 0.070769
3005 0.070690
3006 0.070611
3007 0.070533
3008 0.070455
3009 0.070377
3010 0.070299
3011 0.070221
3012 0.070144
3013 0.070066
3014 0.069989
3015 0.069912
3016 0.069835
3017 0.069759
3018 0.069682
3019 0.069606
3020 0.069530
3021 0.069454
3022 0.069378
3023 0.069303
3024 0.069227
3025 0.069152
3026 0.069077
3027 0.069002
3028 0.068928
3029 0.068853
3030 0.068779
3031 0.068705
3032 0.068631
3033 0.068557
3034 0.068483
3035 0.068410
3036 0.068336
3037 0.068263
3038 0.068190
3039 0.068117
3040 0.068045
3041 0.067972
3042 0.067900
3043 0.067828
3044 0.067756
3045 0.067684
3046 0.067612
3047 0.067540
3048 0.067469
3049 0.067398
3050 0.067327
3051 0.067256
3052 0.067185
3053 0.067114
3054 0.067044
3055 0.066974
3056 0.066903
3057 0.066833
3058 0.066764
3059 0.066694
3060 0.066624
3061 0.066555
3062 0.066486
3063 0.066416
3064 0.066348
3065 0.066279
3066 0.066210
3067 0.066142
3068 0.066073
3069 0.066005
3070 0.065937
3071 0.065869
3072 0.065801
3073 0.065733
3074 0.065666
3075 0.065598
3076 0.065531
3077 0.065464
3078 0.065397
3079 0.065330
3080 0.065264
3081 0.065197
3082 0.065131
3083 0.065064
3084 0.064998
3085 0.064932
3086 0.064866
3087 0.064801
3088 0.064735
3089 0.064670
3090 0.064604
3091 0.064539
3092 0.064474
3093 0.064409
3094 0.064344
3095 0.064280
3096 0.064215
3097 0.064151
3098 0.064087
3099 0.064022
3100 0.063958
3101 0.063895
3102 0.063831
3103 0.063767
3104 0.063704
3105 0.063640
3106 0.063577
3107 0.063514
3108 0.063451
3109 0.063388
3110 0.063325
3111 0.063263
3112 0.063200
3113 0.063138
3114 0.063076
3115 0.063014
3116 0.062952
3117 0.062890
3118 0.062828
3119 0.062766
3120 0.062705
3121 0.062643
3122 0.062582
3123 0.062521
3124 0.062460
3125 0.062399
3126 0.062338
3127 0.062277
3128 0.062217
3129 0.062156
3130 0.062096
3131 0.062036
3132 0.061976
3133 0.061916
3134 0.061856
3135 0.061796
3136 0.061736
3137 0.061677
3138 0.061617
3139 0.061558
3140 0.061499
3141 0.061440
3142 0.061381
3143 0.061322
3144 0.061263
3145 0.061205
3146 0.061146
3147 0.061088
3148 0.061029
3149 0.060971
3150 0.060913
3151 0.060855
3152 0.060797
3153 0.060739
3154 0.060682
3155 0.060624
3156 0.060567
3157 0.060509
3158 0.060452
3159 0.060395
3160 0.060338
3161 0.060281
3162 0.060224
3163 0.060167
3164 0.060111
3165 0.060054
3166 0.059998
3167 0.059942
3168 0.059885
3169 0.059829
3170 0.059773
3171 0.059717
3172 0.059662
3173 0.059606
3174 0.059550
3175 0.059495
3176 0.059440
3177 0.059384
3178 0.059329
3179 0.059274
3180 0.059219
3181 0.059164
3182 0.059109
3183 0.059055
3184 0.059000
3185 0.058946
3186 0.058891
3187 0.058837
3188 0.058783
3189 0.058729
3190 0.058675
3191 0.058621
3192 0.058567
3193 0.058513
3194 0.058459
3195 0.058406
3196 0.058353
3197 0.058299
3198 0.058246
3199 0.058193
3200 0.058140
3201 0.058087
3202 0.058034
3203 0.057981
3204 0.057928
3205 0.057876
3206 0.057823
3207 0.057771
3208 0.057719
3209 0.057666
3210 0.057614
3211 0.057562
3212 0.057510
3213 0.057458
3214 0.057406
3215 0.057355
3216 0.057303
3217 0.057252
3218 0.057200
3219 0.057149
3220 0.057098
3221 0.057046
3222 0.056995
3223 0.056944
3224 0.056894
3225 0.056843
3226 0.056792
3227 0.056741
3228 0.056691
3229 0.056640
3230 0.056590
3231 0.056540
3232 0.056489
3233 0.056439
3234 0.056389
3235 0.056339
3236 0.056289
3237 0.056240
3238 0.056190
3239 0.056140
3240 0.056091
3241 0.056041
3242 0.055992
3243 0.055943
3244 0.055893
3245 0.055844
3246 0.055795
3247 0.055746
3248 0.055697
3249 0.055649
3250 0.055600
3251 0.055551
3252 0.055503
3253 0.055454
3254 0.055406
3255 0.055358
3256 0.055309
3257 0.055261
3258 0.055213
3259 0.055165
3260 0.055117
3261 0.055069
3262 0.055022
3263 0.054974
3264 0.054926
3265 0.054879
3266 0.054831
3267 0.054784
3268 0.054737
3269 0.054690
3270 0.054642
3271 0.054595
3272 0.054548
3273 0.054501
3274 0.054455
3275 0.054408
3276 0.054361
3277 0.054315
3278 0.054268
3279 0.054222
3280 0.054175
3281 0.054129
3282 0.054083
3283 0.054037
3284 0.053990
3285 0.053944
3286 0.053899
3287 0.053853
3288 0.053807
3289 0.053761
3290 0.053716
3291 0.053670
3292 0.053625
3293 0.053579
3294 0.053534
3295 0.053488
3296 0.053443
3297 0.053398
3298 0.053353
3299 0.053308
3300 0.053263
3301 0.053218
3302 0.053174
3303 0.053129
3304 0.053084
3305 0.053040
3306 0.052995
3307 0.052951
3308 0.052906
3309 0.052862
3310 0.052818
3311 0.052774
3312 0.052730
3313 0.052686
3314 0.052642
3315 0.052598
3316 0.052554
3317 0.052510
3318 0.052467
3319 0.052423
3320 0.052380
3321 0.052336
3322 0.052293
3323 0.052250
3324 0.052206
3325 0.052163
3326 0.052120
3327 0.052077
3328 0.052034
3329 0.051991
3330 0.051948
3331 0.051905
3332 0.051863
3333 0.051820
3334 0.051777
3335 0.051735
3336 0.051692
3337 0.051650
3338 0.051608
3339 0.051565
3340 0.051523
3341 0.051481
3342 0.051439
3343 0.051397
3344 0.051355
3345 0.051313
3346 0.051271
3347 0.051230
3348 0.051188
3349 0.051146
3350 0.051105
3351 0.051063
3352 0.051022
3353 0.050981
3354 0.050939
3355 0.050898
3356 0.050857
3357 0.050816
3358 0.050775
3359 0.050734
3360 0.050693
3361 0.050652
3362 0.050611
3363 0.050570
3364 0.050530
3365 0.050489
3366 0.050448
3367 0.050408
3368 0.050367
3369 0.050327
3370 0.050287
3371 0.050246
3372 0.050206
3373 0.050166
3374 0.050126
3375 0.050086
3376 0.050046
3377 0.050006
3378 0.049966
3379 0.049926
3380 0.049887
3381 0.049847
3382 0.049807
3383 0.049768
3384 0.049728
3385 0.049689
3386 0.049650
3387 0.049610
3388 0.049571
3389 0.049532
3390 0.049493
3391 0.049454
3392 0.049415
3393 0.049376
3394 0.049337
3395 0.049298
3396 0.049259
3397 0.049220
3398 0.049182
3399 0.049143
3400 0.049104
3401 0.049066
3402 0.049027
3403 0.048989
3404 0.048951
3405 0.048912
3406 0.048874
3407 0.048836
3408 0.048798
3409 0.048760
3410 0.048722
3411 0.048684
3412 0.048646
3413 0.048608
3414 0.048570
3415 0.048532
3416 0.048495
3417 0.048457
3418 0.048420
3419 0.048382
3420 0.048345
3421 0.048307
3422 0.048270
3423 0.048232
3424 0.048195
3425 0.048158
3426 0.048121
3427 0.048084
3428 0.048047
3429 0.048010
3430 0.047973
3431 0.047936
3432 0.047899
3433 0.047862
3434 0.047826
3435 0.047789
3436 0.047752
3437 0.047716
3438 0.047679
3439 0.047643
3440 0.047606
3441 0.047570
3442 0.047534
3443 0.047497
3444 0.047461
3445 0.047425
3446 0.047389
3447 0.047353
3448 0.047317
3449 0.047281
3450 0.047245
3451 0.047209
3452 0.047173
3453 0.047137
3454 0.047102
3455 0.047066
3456 0.047031
3457 0.046995
3458 0.046959
3459 0.046924
3460 0.046889
3461 0.046853
3462 0.046818
3463 0.046783
3464 0.046747
3465 0.046712
3466 0.046677
3467 0.046642
3468 0.046607
3469 0.046572
3470 0.046537
3471 0.046502
3472 0.046468
3473 0.046433
3474 0.046398
3475 0.046363
3476 0.046329
3477 0.046294
3478 0.046260
3479 0.046225
3480 0.046191
3481 0.046156
3482 0.046122
3483 0.046088
3484 0.046053
3485 0.046019
3486 0.045985
3487 0.045951
3488 0.045917
3489 0.045883
3490 0.045849
3491 0.045815
3492 0.045781
3493 0.045747
3494 0.045714
3495 0.045680
3496 0.045646
3497 0.045613
3498 0.045579
3499 0.045545
3500 0.045512
3501 0.045478
3502 0.045445
3503 0.045412
3504 0.045378
3505 0.045345
3506 0.045312
3507 0.045279
3508 0.045245
3509 0.045212
3510 0.045179
3511 0.045146
3512 0.045113
3513 0.045080
3514 0.045048
3515 0.045015
3516 0.044982
3517 0.044949
3518 0.044916
3519 0.044884
3520 0.044851
3521 0.044819
3522 0.044786
3523 0.044754
3524 0.044721
3525 0.044689
3526 0.044656
3527 0.044624
3528 0.044592
3529 0.044560
3530 0.044527
3531 0.044495
3532 0.044463
3533 0.044431
3534 0.044399
3535 0.044367
3536 0.044335
3537 0.044303
3538 0.044272
3539 0.044240
3540 0.044208
3541 0.044176
3542 0.044145
3543 0.044113
3544 0.044081
3545 0.044050
3546 0.044018
3547 0.043987
3548 0.043955
3549 0.043924
3550 0.043893
3551 0.043861
3552 0.043830
3553 0.043799
3554 0.043768
3555 0.043737
3556 0.043706
3557 0.043675
3558 0.043644
3559 0.043613
3560 0.043582
3561 0.043551
3562 0.043520
3563 0.043489
3564 0.043458
3565 0.043428
3566 0.043397
3567 0.043366
3568 0.043336
3569 0.043305
3570 0.043275
3571 0.043244
3572 0.043214
3573 0.043183
3574 0.043153
3575 0.043123
3576 0.043092
3577 0.043062
3578 0.043032
3579 0.043002
3580 0.042971
3581 0.042941
3582 0.042911
3583 0.042881
3584 0.042851
3585 0.042821
3586 0.042792
3587 0.042762
3588 0.042732
3589 0.042702
3590 0.042672
3591 0.042643
3592 0.042613
3593 0.042583
3594 0.042554
3595 0.042524
3596 0.042495
3597 0.042465
3598 0.042436
3599 0.042406
3600 0.042377
3601 0.042348
3602 0.042318
3603 0.042289
3604 0.042260
3605 0.042231
3606 0.042201
3607 0.042172
3608 0.042143
3609 0.042114
3610 0.042085
3611 0.042056
3612 0.042027
3613 0.041998
3614 0.041970
3615 0.041941
3616 0.041912
3617 0.041883
3618 0.041855
3619 0.041826
3620 0.041797
3621 0.041769
3622 0.041740
3623 0.041712
3624 0.041683
3625 0.041655
3626 0.041626
3627 0.041598
3628 0.041569
3629 0.041541
3630 0.041513
3631 0.041485
3632 0.041456
3633 0.041428
3634 0.041400
3635 0.041372
3636 0.041344
3637 0.041316
3638 0.041288
3639 0.041260
3640 0.041232
3641 0.041204
3642 0.041176
3643 0.041149
3644 0.041121
3645 0.041093
3646 0.041065
3647 0.041038
3648 0.041010
3649 0.040982
3650 0.040955
3651 0.040927
3652 0.040900
3653 0.040872
3654 0.040845
3655 0.040817
3656 0.040790
3657 0.040763
3658 0.040735
3659 0.040708
3660 0.040681
3661 0.040654
3662 0.040626
3663 0.040599
3664 0.040572
3665 0.040545
3666 0.040518
3667 0.040491
3668 0.040464
3669 0.040437
3670 0.040410
3671 0.040383
3672 0.040357
3673 0.040330
3674 0.040303
3675 0.040276
3676 0.040250
3677 0.040223
3678 0.040196
3679 0.040170
3680 0.040143
3681 0.040116
3682 0.040090
3683 0.040063
3684 0.040037
3685 0.040011
3686 0.039984
3687 0.039958
3688 0.039932
3689 0.039905
3690 0.039879
3691 0.039853
3692 0.039827
3693 0.039800
3694 0.039774
3695 0.039748
3696 0.039722
3697 0.039696
3698 0.039670
3699 0.039644
3700 0.039618
3701 0.039592
3702 0.039566
3703 0.039540
3704 0.039515
3705 0.039489
3706 0.039463
3707 0.039437
3708 0.039412
3709 0.039386
3710 0.039360
3711 0.039335
3712 0.039309
3713 0.039284
3714 0.039258
3715 0.039233
3716 0.039207
3717 0.039182
3718 0.039156
3719 0.039131
3720 0.039106
3721 0.039080
3722 0.039055
3723 0.039030
3724 0.039005
3725 0.038979
3726 0.038954
3727 0.038929
3728 0.038904
3729 0.038879
3730 0.038854
3731 0.038829
3732 0.038804
3733 0.038779
3734 0.038754
3735 0.038729
3736 0.038704
3737 0.038680
3738 0.038655
3739 0.038630
3740 0.038605
3741 0.038581
3742 0.038556
3743 0.038531
3744 0.038507
3745 0.038482
3746 0.038458
3747 0.038433
3748 0.038409
3749 0.038384
3750 0.038360
3751 0.038335
3752 0.038311
3753 0.038286
3754 0.038262
3755 0.038238
3756 0.038213
3757 0.038189
3758 0.038165
3759 0.038141
3760 0.038117
3761 0.038093
3762 0.038068
3763 0.038044
3764 0.038020
3765 0.037996
3766 0.037972
3767 0.037948
3768 0.037924
3769 0.037900
3770 0.037877
3771 0.037853
3772 0.037829
3773 0.037805
3774 0.037781
3775 0.037758
3776 0.037734
3777 0.037710
3778 0.037687
3779 0.037663
3780 0.037639
3781 0.037616
3782 0.037592
3783 0.037569
3784 0.037545
3785 0.037522
3786 0.037498
3787 0.037475
3788 0.037451
3789 0.037428
3790 0.037405
3791 0.037381
3792 0.037358
3793 0.037335
3794 0.037312
3795 0.037288
3796 0.037265
3797 0.037242
3798 0.037219
3799 0.037196
3800 0.037173
3801 0.037150
3802 0.037127
3803 0.037104
3804 0.037081
3805 0.037058
3806 0.037035
3807 0.037012
3808 0.036989
3809 0.036966
3810 0.036943
3811 0.036921
3812 0.036898
3813 0.036875
3814 0.036852
3815 0.036830
3816 0.036807
3817 0.036784
3818 0.036762
3819 0.036739
3820 0.036717
3821 0.036694
3822 0.036672
3823 0.036649
3824 0.036627
3825 0.036604
3826 0.036582
3827 0.036560
3828 0.036537
3829 0.036515
3830 0.036493
3831 0.036470
3832 0.036448
3833 0.036426
3834 0.036404
3835 0.036381
3836 0.036359
3837 0.036337
3838 0.036315
3839 0.036293
3840 0.036271
3841 0.036249
3842 0.036227
3843 0.036205
3844 0.036183
3845 0.036161
3846 0.036139
3847 0.036117
3848 0.036095
3849 0.036074
3850 0.036052
3851 0.036030
3852 0.036008
3853 0.035986
3854 0.035965
3855 0.035943
3856 0.035921
3857 0.035900
3858 0.035878
3859 0.035857
3860 0.035835
3861 0.035813
3862 0.035792
3863 0.035770
3864 0.035749
3865 0.035727
3866 0.035706
3867 0.035685
3868 0.035663
3869 0.035642
3870 0.035621
3871 0.035599
3872 0.035578
3873 0.035557
3874 0.035535
3875 0.035514
3876 0.035493
3877 0.035472
3878 0.035451
3879 0.035430
3880 0.035409
3881 0.035387
3882 0.035366
3883 0.035345
3884 0.035324
3885 0.035303
3886 0.035282
3887 0.035262
3888 0.035241
3889 0.035220
3890 0.035199
3891 0.035178
3892 0.035157
3893 0.035136
3894 0.035116
3895 0.035095
3896 0.035074
3897 0.035053
3898 0.035033
3899 0.035012
3900 0.034991
3901 0.034971
3902 0.034950
3903 0.034930
3904 0.034909
3905 0.034889
3906 0.034868
3907 0.034848
3908 0.034827
3909 0.034807
3910 0.034786
3911 0.034766
3912 0.034745
3913 0.034725
3914 0.034705
3915 0.034684
3916 0.034664
3917 0.034644
3918 0.034624
3919 0.034603
3920 0.034583
3921 0.034563
3922 0.034543
3923 0.034523
3924 0.034503
3925 0.034483
3926 0.034462
3927 0.034442
3928 0.034422
3929 0.034402
3930 0.034382
3931 0.034362
3932 0.034342
3933 0.034323
3934 0.034303
3935 0.034283
3936 0.034263
3937 0.034243
3938 0.034223
3939 0.034203
3940 0.034184
3941 0.034164
3942 0.034144
3943 0.034124
3944 0.034105
3945 0.034085
3946 0.034065
3947 0.034046
3948 0.034026
3949 0.034007
3950 0.033987
3951 0.033968
3952 0.033948
3953 0.033929
3954 0.033909
3955 0.033890
3956 0.033870
3957 0.033851
3958 0.033831
3959 0.033812
3960 0.033793
3961 0.033773
3962 0.033754
3963 0.033735
3964 0.033715
3965 0.033696
3966 0.033677
3967 0.033658
3968 0.033638
3969 0.033619
3970 0.033600
3971 0.033581
3972 0.033562
3973 0.033543
3974 0.033524
3975 0.033505
3976 0.033486
3977 0.033467
3978 0.033448
3979 0.033429
3980 0.033410
3981 0.033391
3982 0.033372
3983 0.033353
3984 0.033334
3985 0.033315
3986 0.033296
3987 0.033277
3988 0.033259
3989 0.033240
3990 0.033221
3991 0.033202
3992 0.033184
3993 0.033165
3994 0.033146
3995 0.033128
3996 0.033109
3997 0.033090
3998 0.033072
3999 0.033053
4000 0.033035
4001 0.033016
4002 0.032998
4003 0.032979
4004 0.032961
4005 0.032942
4006 0.032924
4007 0.032905
4008 0.032887
4009 0.032868
4010 0.032850
4011 0.032832
4012 0.032813
4013 0.032795
4014 0.032777
4015 0.032758
4016 0.032740
4017 0.032722
4018 0.032704
4019 0.032685
4020 0.032667
4021 0.032649
4022 0.032631
4023 0.032613
4024 0.032595
4025 0.032577
4026 0.032559
4027 0.032540
4028 0.032522
4029 0.032504
4030 0.032486
4031 0.032468
4032 0.032450
4033 0.032433
4034 0.032415
4035 0.032397
4036 0.032379
4037 0.032361
4038 0.032343
4039 0.032325
4040 0.032307
4041 0.032290
4042 0.032272
4043 0.032254
4044 0.032236
4045 0.032219
4046 0.032201
4047 0.032183
4048 0.032165
4049 0.032148
4050 0.032130
4051 0.032113
4052 0.032095
4053 0.032077
4054 0.032060
4055 0.032042
4056 0.032025
4057 0.032007
4058 0.031990
4059 0.031972
4060 0.031955
4061 0.031937
4062 0.031920
4063 0.031902
4064 0.031885
4065 0.031868
4066 0.031850
4067 0.031833
4068 0.031816
4069 0.031798
4070 0.031781
4071 0.031764
4072 0.031747
4073 0.031729
4074 0.031712
4075 0.031695
4076 0.031678
4077 0.031661
4078 0.031643
4079 0.031626
4080 0.031609
4081 0.031592
4082 0.031575
4083 0.031558
4084 0.031541
4085 0.031524
4086 0.031507
4087 0.031490
4088 0.031473
4089 0.031456
4090 0.031439
4091 0.031422
4092 0.031405
4093 0.031388
4094 0.031371
4095 0.031354
4096 0.031338
4097 0.031321
4098 0.031304
4099 0.031287
4100 0.031270
4101 0.031254
4102 0.031237
4103 0.031220
4104 0.031203
4105 0.031187
4106 0.031170
4107 0.031153
4108 0.031137
4109 0.031120
4110 0.031103
4111 0.031087
4112 0.031070
4113 0.031054
4114 0.031037
4115 0.031021
4116 0.031004
4117 0.030988
4118 0.030971
4119 0.030955
4120 0.030938
4121 0.030922
4122 0.030905
4123 0.030889
4124 0.030873
4125 0.030856
4126 0.030840
4127 0.030823
4128 0.030807
4129 0.030791
4130 0.030775
4131 0.030758
4132 0.030742
4133 0.030726
4134 0.030710
4135 0.030693
4136 0.030677
4137 0.030661
4138 0.030645
4139 0.030629
4140 0.030612
4141 0.030596
4142 0.030580
4143 0.030564
4144 0.030548
4145 0.030532
4146 0.030516
4147 0.030500
4148 0.030484
4149 0.030468
4150 0.030452
4151 0.030436
4152 0.030420
4153 0.030404
4154 0.030388
4155 0.030372
4156 0.030356
4157 0.030341
4158 0.030325
4159 0.030309
4160 0.030293
4161 0.030277
4162 0.030261
4163 0.030246
4164 0.030230
4165 0.030214
4166 0.030198
4167 0.030183
4168 0.030167
4169 0.030151
4170 0.030136
4171 0.030120
4172 0.030104
4173 0.030089
4174 0.030073
4175 0.030057
4176 0.030042
4177 0.030026
4178 0.030011
4179 0.029995
4180 0.029980
4181 0.029964
4182 0.029949
4183 0.029933
4184 0.029918
4185 0.029902
4186 0.029887
4187 0.029871
4188 0.029856
4189 0.029841
4190 0.029825
4191 0.029810
4192 0.029795
4193 0.029779
4194 0.029764
4195 0.029749
4196 0.029733
4197 0.029718
4198 0.029703
4199 0.029688
4200 0.029672
4201 0.029657
4202 0.029642
4203 0.029627
4204 0.029612
4205 0.029596
4206 0.029581
4207 0.029566
4208 0.029551
4209 0.029536
4210 0.029521
4211 0.029506
4212 0.029491
4213 0.029476
4214 0.029461
4215 0.029446
4216 0.029431
4217 0.029416
4218 0.029401
4219 0.029386
4220 0.029371
4221 0.029356
4222 0.029341
4223 0.029326
4224 0.029311
4225 0.029296
4226 0.029281
4227 0.029266
4228 0.029252
4229 0.029237
4230 0.029222
4231 0.029207
4232 0.029192
4233 0.029178
4234 0.029163
4235 0.029148
4236 0.029133
4237 0.029119
4238 0.029104
4239 0.029089
4240 0.029075
4241 0.029060
4242 0.029045
4243 0.029031
4244 0.029016
4245 0.029001
4246 0.028987
4247 0.028972
4248 0.028958
4249 0.028943
4250 0.028929
4251 0.028914
4252 0.028900
4253 0.028885
4254 0.028871
4255 0.028856
4256 0.028842
4257 0.028827
4258 0.028813
4259 0.028798
4260 0.028784
4261 0.028770
4262 0.028755
4263 0.028741
4264 0.028727
4265 0.028712
4266 0.028698
4267 0.028684
4268 0.028669
4269 0.028655
4270 0.028641
4271 0.028627
4272 0.028612
4273 0.028598
4274 0.028584
4275 0.028570
4276 0.028555
4277 0.028541
4278 0.028527
4279 0.028513
4280 0.028499
4281 0.028485
4282 0.028471
4283 0.028456
4284 0.028442
4285 0.028428
4286 0.028414
4287 0.028400
4288 0.028386
4289 0.028372
4290 0.028358
4291 0.028344
4292 0.028330
4293 0.028316
4294 0.028302
4295 0.028288
4296 0.028274
4297 0.028260
4298 0.028247
4299 0.028233
4300 0.028219
4301 0.028205
4302 0.028191
4303 0.028177
4304 0.028163
4305 0.028150
4306 0.028136
4307 0.028122
4308 0.028108
4309 0.028094
4310 0.028081
4311 0.028067
4312 0.028053
4313 0.028039
4314 0.028026
4315 0.028012
4316 0.027998
4317 0.027985
4318 0.027971
4319 0.027957
4320 0.027944
4321 0.027930
4322 0.027916
4323 0.027903
4324 0.027889
4325 0.027876
4326 0.027862
4327 0.027849
4328 0.027835
4329 0.027822
4330 0.027808
4331 0.027795
4332 0.027781
4333 0.027768
4334 0.027754
4335 0.027741
4336 0.027727
4337 0.027714
4338 0.027700
4339 0.027687
4340 0.027674
4341 0.027660
4342 0.027647
4343 0.027634
4344 0.027620
4345 0.027607
4346 0.027594
4347 0.027580
4348 0.027567
4349 0.027554
4350 0.027540
4351 0.027527
4352 0.027514
4353 0.027501
4354 0.027487
4355 0.027474
4356 0.027461
4357 0.027448
4358 0.027435
4359 0.027421
4360 0.027408
4361 0.027395
4362 0.027382
4363 0.027369
4364 0.027356
4365 0.027343
4366 0.027330
4367 0.027317
4368 0.027303
4369 0.027290
4370 0.027277
4371 0.027264
4372 0.027251
4373 0.027238
4374 0.027225
4375 0.027212
4376 0.027199
4377 0.027186
4378 0.027173
4379 0.027161
4380 0.027148
4381 0.027135
4382 0.027122
4383 0.027109
4384 0.027096
4385 0.027083
4386 0.027070
4387 0.027057
4388 0.027045
4389 0.027032
4390 0.027019
4391 0.027006
4392 0.026993
4393 0.026981
4394 0.026968
4395 0.026955
4396 0.026942
4397 0.026930
4398 0.026917
4399 0.026904
4400 0.026892
4401 0.026879
4402 0.026866
4403 0.026853
4404 0.026841
4405 0.026828
4406 0.026816
4407 0.026803
4408 0.026790
4409 0.026778
4410 0.026765
4411 0.026753
4412 0.026740
4413 0.026727
4414 0.026715
4415 0.026702
4416 0.026690
4417 0.026677
4418 0.026665
4419 0.026652
4420 0.026640
4421 0.026627
4422 0.026615
4423 0.026602
4424 0.026590
4425 0.026578
4426 0.026565
4427 0.026553
4428 0.026540
4429 0.026528
4430 0.026516
4431 0.026503
4432 0.026491
4433 0.026479
4434 0.026466
4435 0.026454
4436 0.026442
4437 0.026429
4438 0.026417
4439 0.026405
4440 0.026393
4441 0.026380
4442 0.026368
4443 0.026356
4444 0.026344
4445 0.026331
4446 0.026319
4447 0.026307
4448 0.026295
4449 0.026283
4450 0.026270
4451 0.026258
4452 0.026246
4453 0.026234
4454 0.026222
4455 0.026210
4456 0.026198
4457 0.026186
4458 0.026174
4459 0.026161
4460 0.026149
4461 0.026137
4462 0.026125
4463 0.026113
4464 0.026101
4465 0.026089
4466 0.026077
4467 0.026065
4468 0.026053
4469 0.026041
4470 0.026029
4471 0.026017
4472 0.026005
4473 0.025994
4474 0.025982
4475 0.025970
4476 0.025958
4477 0.025946
4478 0.025934
4479 0.025922
4480 0.025910
4481 0.025899
4482 0.025887
4483 0.025875
4484 0.025863
4485 0.025851
4486 0.025839
4487 0.025828
4488 0.025816
4489 0.025804
4490 0.025792
4491 0.025781
4492 0.025769
4493 0.025757
4494 0.025745
4495 0.025734
4496 0.025722
4497 0.025710
4498 0.025699
4499 0.025687
4500 0.025675
4501 0.025664
4502 0.025652
4503 0.025640
4504 0.025629
4505 0.025617
4506 0.025606
4507 0.025594
4508 0.025582
4509 0.025571
4510 0.025559
4511 0.025548
4512 0.025536
4513 0.025525
4514 0.025513
4515 0.025502
4516 0.025490
4517 0.025479
4518 0.025467
4519 0.025456
4520 0.025444
4521 0.025433
4522 0.025421
4523 0.025410
4524 0.025399
4525 0.025387
4526 0.025376
4527 0.025364
4528 0.025353
4529 0.025342
4530 0.025330
4531 0.025319
4532 0.025308
4533 0.025296
4534 0.025285
4535 0.025274
4536 0.025262
4537 0.025251
4538 0.025240
4539 0.025228
4540 0.025217
4541 0.025206
4542 0.025195
4543 0.025183
4544 0.025172
4545 0.025161
4546 0.025150
4547 0.025138
4548 0.025127
4549 0.025116
4550 0.025105
4551 0.025094
4552 0.025083
4553 0.025071
4554 0.025060
4555 0.025049
4556 0.025038
4557 0.025027
4558 0.025016
4559 0.025005
4560 0.024994
4561 0.024982
4562 0.024971
4563 0.024960
4564 0.024949
4565 0.024938
4566 0.024927
4567 0.024916
4568 0.024905
4569 0.024894
4570 0.024883
4571 0.024872
4572 0.024861
4573 0.024850
4574 0.024839
4575 0.024828
4576 0.024817
4577 0.024806
4578 0.024795
4579 0.024785
4580 0.024774
4581 0.024763
4582 0.024752
4583 0.024741
4584 0.024730
4585 0.024719
4586 0.024708
4587 0.024698
4588 0.024687
4589 0.024676
4590 0.024665
4591 0.024654
4592 0.024643
4593 0.024633
4594 0.024622
4595 0.024611
4596 0.024600
4597 0.024590
4598 0.024579
4599 0.024568
4600 0.024557
4601 0.024547
4602 0.024536
4603 0.024525
4604 0.024515
4605 0.024504
4606 0.024493
4607 0.024482
4608 0.024472
4609 0.024461
4610 0.024451
4611 0.024440
4612 0.024429
4613 0.024419
4614 0.024408
4615 0.024397
4616 0.024387
4617 0.024376
4618 0.024366
4619 0.024355
4620 0.024345
4621 0.024334
4622 0.024323
4623 0.024313
4624 0.024302
4625 0.024292
4626 0.024281
4627 0.024271
4628 0.024260
4629 0.024250
4630 0.024239
4631 0.024229
4632 0.024218
4633 0.024208
4634 0.024198
4635 0.024187
4636 0.024177
4637 0.024166
4638 0.024156
4639 0.024145
4640 0.024135
4641 0.024125
4642 0.024114
4643 0.024104
4644 0.024094
4645 0.024083
4646 0.024073
4647 0.024063
4648 0.024052
4649 0.024042
4650 0.024032
4651 0.024021
4652 0.024011
4653 0.024001
4654 0.023990
4655 0.023980
4656 0.023970
4657 0.023960
4658 0.023949
4659 0.023939
4660 0.023929
4661 0.023919
4662 0.023909
4663 0.023898
4664 0.023888
4665 0.023878
4666 0.023868
4667 0.023858
4668 0.023847
4669 0.023837
4670 0.023827
4671 0.023817
4672 0.023807
4673 0.023797
4674 0.023787
4675 0.023777
4676 0.023766
4677 0.023756
4678 0.023746
4679 0.023736
4680 0.023726
4681 0.023716
4682 0.023706
4683 0.023696
4684 0.023686
4685 0.023676
4686 0.023666
4687 0.023656
4688 0.023646
4689 0.023636
4690 0.023626
4691 0.023616
4692 0.023606
4693 0.023596
4694 0.023586
4695 0.023576
4696 0.023566
4697 0.023556
4698 0.023546
4699 0.023536
4700 0.023526
4701 0.023517
4702 0.023507
4703 0.023497
4704 0.023487
4705 0.023477
4706 0.023467
4707 0.023457
4708 0.023447
4709 0.023438
4710 0.023428
4711 0.023418
4712 0.023408
4713 0.023398
4714 0.023388
4715 0.023379
4716 0.023369
4717 0.023359
4718 0.023349
4719 0.023340
4720 0.023330
4721 0.023320
4722 0.023310
4723 0.023301
4724 0.023291
4725 0.023281
4726 0.023271
4727 0.023262
4728 0.023252
4729 0.023242
4730 0.023233
4731 0.023223
4732 0.023213
4733 0.023204
4734 0.023194
4735 0.023184
4736 0.023175
4737 0.023165
4738 0.023155
4739 0.023146
4740 0.023136
4741 0.023127
4742 0.023117
4743 0.023107
4744 0.023098
4745 0.023088
4746 0.023079
4747 0.023069
4748 0.023060
4749 0.023050
4750 0.023041
4751 0.023031
4752 0.023022
4753 0.023012
4754 0.023003
4755 0.022993
4756 0.022984
4757 0.022974
4758 0.022965
4759 0.022955
4760 0.022946
4761 0.022936
4762 0.022927
4763 0.022917
4764 0.022908
4765 0.022898
4766 0.022889
4767 0.022880
4768 0.022870
4769 0.022861
4770 0.022851
4771 0.022842
4772 0.022833
4773 0.022823
4774 0.022814
4775 0.022805
4776 0.022795
4777 0.022786
4778 0.022777
4779 0.022767
4780 0.022758
4781 0.022749
4782 0.022739
4783 0.022730
4784 0.022721
4785 0.022711
4786 0.022702
4787 0.022693
4788 0.022684
4789 0.022674
4790 0.022665
4791 0.022656
4792 0.022647
4793 0.022637
4794 0.022628
4795 0.022619
4796 0.022610
4797 0.022601
4798 0.022591
4799 0.022582
4800 0.022573
4801 0.022564
4802 0.022555
4803 0.022546
4804 0.022536
4805 0.022527
4806 0.022518
4807 0.022509
4808 0.022500
4809 0.022491
4810 0.022482
4811 0.022473
4812 0.022463
4813 0.022454
4814 0.022445
4815 0.022436
4816 0.022427
4817 0.022418
4818 0.022409
4819 0.022400
4820 0.022391
4821 0.022382
4822 0.022373
4823 0.022364
4824 0.022355
4825 0.022346
4826 0.022337
4827 0.022328
4828 0.022319
4829 0.022310
4830 0.022301
4831 0.022292
4832 0.022283
4833 0.022274
4834 0.022265
4835 0.022256
4836 0.022247
4837 0.022238
4838 0.022229
4839 0.022220
4840 0.022212
4841 0.022203
4842 0.022194
4843 0.022185
4844 0.022176
4845 0.022167
4846 0.022158
4847 0.022149
4848 0.022141
4849 0.022132
4850 0.022123
4851 0.022114
4852 0.022105
4853 0.022096
4854 0.022088
4855 0.022079
4856 0.022070
4857 0.022061
4858 0.022052
4859 0.022044
4860 0.022035
4861 0.022026
4862 0.022017
4863 0.022009
4864 0.022000
4865 0.021991
4866 0.021982
4867 0.021974
4868 0.021965
4869 0.021956
4870 0.021947
4871 0.021939
4872 0.021930
4873 0.021921
4874 0.021913
4875 0.021904
4876 0.021895
4877 0.021887
4878 0.021878
4879 0.021869
4880 0.021861
4881 0.021852
4882 0.021843
4883 0.021835
4884 0.021826
4885 0.021818
4886 0.021809
4887 0.021800
4888 0.021792
4889 0.021783
4890 0.021775
4891 0.021766
4892 0.021757
4893 0.021749
4894 0.021740
4895 0.021732
4896 0.021723
4897 0.021715
4898 0.021706
4899 0.021698
4900 0.021689
4901 0.021681
4902 0.021672
4903 0.021664
4904 0.021655
4905 0.021647
4906 0.021638
4907 0.021630
4908 0.021621
4909 0.021613
4910 0.021604
4911 0.021596
4912 0.021587
4913 0.021579
4914 0.021571
4915 0.021562
4916 0.021554
4917 0.021545
4918 0.021537
4919 0.021528
4920 0.021520
4921 0.021512
4922 0.021503
4923 0.021495
4924 0.021487
4925 0.021478
4926 0.021470
4927 0.021461
4928 0.021453
4929 0.021445
4930 0.021436
4931 0.021428
4932 0.021420
4933 0.021411
4934 0.021403
4935 0.021395
4936 0.021387
4937 0.021378
4938 0.021370
4939 0.021362
4940 0.021353
4941 0.021345
4942 0.021337
4943 0.021329
4944 0.021320
4945 0.021312
4946 0.021304
4947 0.021296
4948 0.021287
4949 0.021279
4950 0.021271
4951 0.021263
4952 0.021255
4953 0.021246
4954 0.021238
4955 0.021230
4956 0.021222
4957 0.021214
4958 0.021205
4959 0.021197
4960 0.021189
4961 0.021181
4962 0.021173
4963 0.021165
4964 0.021157
4965 0.021148
4966 0.021140
4967 0.021132
4968 0.021124
4969 0.021116
4970 0.021108
4971 0.021100
4972 0.021092
4973 0.021084
4974 0.021076
4975 0.021068
4976 0.021059
4977 0.021051
4978 0.021043
4979 0.021035
4980 0.021027
4981 0.021019
4982 0.021011
4983 0.021003
4984 0.020995
4985 0.020987
4986 0.020979
4987 0.020971
4988 0.020963
4989 0.020955
4990 0.020947
4991 0.020939
4992 0.020931
4993 0.020923
4994 0.020915
4995 0.020907
4996 0.020899
4997 0.020891
4998 0.020883
4999 0.020876
