0 36.673716
1 37.997019
2 38.782846
3 39.112631
4 39.351712
5 39.555182
6 39.718313
7 39.811741
8 39.770485
9 39.437439
10 38.572473
11 37.270407
12 35.535148
13 33.224682
14 30.573603
15 27.999747
16 25.785036
17 23.982618
18 22.481290
19 21.134681
20 19.832759
21 18.542312
22 17.278808
23 16.053086
24 14.871260
25 13.747689
26 12.700650
27 11.744612
28 10.884855
29 10.116409
30 9.427665
31 8.805048
32 8.235890
33 7.709667
34 7.218568
35 6.757879
36 6.325724
37 5.921894
38 5.546657
39 5.200009
40 4.881017
41 4.587591
42 4.317269
43 4.068149
44 3.839010
45 3.628887
46 3.436713
47 3.261218
48 3.101030
49 2.954807
50 2.821337
51 2.699556
52 2.588534
53 2.487441
54 2.395510
55 2.312017
56 2.236265
57 2.167582
58 2.105315
59 2.048838
60 1.997559
61 1.950921
62 1.908407
63 1.869547
64 1.833918
65 1.801140
66 1.770882
67 1.742850
68 1.716791
69 1.692484
70 1.669742
71 1.648401
72 1.628321
73 1.609384
74 1.591486
75 1.574539
76 1.558468
77 1.543206
78 1.528696
79 1.514889
80 1.501738
81 1.489205
82 1.477253
83 1.465849
84 1.454963
85 1.444568
86 1.434635
87 1.425141
88 1.416061
89 1.407374
90 1.399056
91 1.391087
92 1.383447
93 1.376117
94 1.369078
95 1.362312
96 1.355802
97 1.349532
98 1.343487
99 1.337652
100 1.332014
101 1.326558
102 1.321274
103 1.316150
104 1.311176
105 1.306342
106 1.301639
107 1.297061
108 1.292599
109 1.288249
110 1.284003
111 1.279859
112 1.275811
113 1.271857
114 1.267993
115 1.264218
116 1.260529
117 1.256926
118 1.253407
119 1.249971
120 1.246617
121 1.243345
122 1.240154
123 1.237043
124 1.234011
125 1.231056
126 1.228178
127 1.225374
128 1.222643
129 1.219980
130 1.217384
131 1.214851
132 1.212377
133 1.209957
134 1.207586
135 1.205260
136 1.202972
137 1.200717
138 1.198488
139 1.196280
140 1.194084
141 1.191895
142 1.189706
143 1.187510
144 1.185299
145 1.183068
146 1.180810
147 1.178517
148 1.176185
149 1.173806
150 1.171376
151 1.168889
152 1.166341
153 1.163728
154 1.161045
155 1.158291
156 1.155461
157 1.152556
158 1.149573
159 1.146513
160 1.143375
161 1.140162
162 1.136875
163 1.133517
164 1.130092
165 1.126604
166 1.123057
167 1.119458
168 1.115813
169 1.112128
170 1.108412
171 1.104672
172 1.100916
173 1.097153
174 1.093391
175 1.089641
176 1.085911
177 1.082210
178 1.078547
179 1.074932
180 1.071373
181 1.067879
182 1.064458
183 1.061118
184 1.057866
185 1.054710
186 1.051655
187 1.048708
188 1.045874
189 1.043157
190 1.040563
191 1.038093
192 1.035752
193 1.033541
194 1.031464
195 1.029520
196 1.027712
197 1.026040
198 1.024505
199 1.023106
200 1.021842
201 1.020714
202 1.019720
203 1.018860
204 1.018132
205 1.017534
206 1.017065
207 1.016723
208 1.016507
209 1.016414
210 1.016442
211 1.016590
212 1.016855
213 1.017235
214 1.017727
215 1.018330
216 1.019040
217 1.019857
218 1.020776
219 1.021796
220 1.022915
221 1.024129
222 1.025437
223 1.026835
224 1.028322
225 1.029894
226 1.031550
227 1.033286
228 1.035099
229 1.036988
230 1.038949
231 1.040980
232 1.043078
233 1.045240
234 1.047464
235 1.049747
236 1.052085
237 1.054476
238 1.056918
239 1.059408
240 1.061942
241 1.064519
242 1.067135
243 1.069788
244 1.072475
245 1.075195
246 1.077945
247 1.080722
248 1.083525
249 1.086352
250 1.089202
251 1.092074
252 1.094966
253 1.097878
254 1.100810
255 1.103761
256 1.106733
257 1.109726
258 1.112743
259 1.115784
260 1.118852
261 1.121951
262 1.125085
263 1.128257
264 1.131473
265 1.134740
266 1.138063
267 1.141451
268 1.144913
269 1.148459
270 1.152099
271 1.155846
272 1.159715
273 1.163721
274 1.167881
275 1.172214
276 1.176743
277 1.181491
278 1.186486
279 1.191757
280 1.197338
281 1.203267
282 1.209589
283 1.216355
284 1.223625
285 1.231471
286 1.239984
287 1.249274
288 1.259484
289 1.270796
290 1.283456
291 1.297799
292 1.314289
293 1.333537
294 1.356235
295 1.382946
296 1.413719
297 1.447753
298 1.483345
299 1.518333
300 1.550985
301 1.580743
302 1.607789
303 1.632086
304 1.653443
305 1.672001
306 1.688192
307 1.702480
308 1.715234
309 1.726729
310 1.737170
311 1.746719
312 1.755508
313 1.763646
314 1.771224
315 1.778320
316 1.784996
317 1.791306
318 1.797296
319 1.803001
320 1.808455
321 1.813684
322 1.818712
323 1.823558
324 1.828238
325 1.832768
326 1.837158
327 1.841420
328 1.845562
329 1.849591
330 1.853513
331 1.857333
332 1.861053
333 1.864678
334 1.868209
335 1.871647
336 1.874995
337 1.878250
338 1.881415
339 1.884489
340 1.887471
341 1.890361
342 1.893158
343 1.895863
344 1.898474
345 1.900992
346 1.903418
347 1.905750
348 1.907992
349 1.910144
350 1.912207
351 1.914184
352 1.916077
353 1.917888
354 1.919619
355 1.921273
356 1.922852
357 1.924355
358 1.925785
359 1.927137
360 1.928411
361 1.929599
362 1.930693
363 1.931681
364 1.932547
365 1.933271
366 1.933829
367 1.934190
368 1.934321
369 1.934185
370 1.933744
371 1.932960
372 1.931800
373 1.930238
374 1.928265
375 1.925887
376 1.923136
377 1.920065
378 1.916754
379 1.913294
380 1.909783
381 1.906308
382 1.902928
383 1.899673
384 1.896546
385 1.893529
386 1.890593
387 1.887703
388 1.884822
389 1.881914
390 1.878943
391 1.875879
392 1.872699
393 1.869400
394 1.865999
395 1.862553
396 1.859154
397 1.855922
398 1.852973
399 1.850383
400 1.848156
401 1.846231
402 1.844514
403 1.842911
404 1.841350
405 1.839789
406 1.838212
407 1.836616
408 1.835010
409 1.833402
410 1.831796
411 1.830193
412 1.828595
413 1.827001
414 1.825408
415 1.823816
416 1.822226
417 1.820635
418 1.819045
419 1.817454
420 1.815862
421 1.814267
422 1.812669
423 1.811064
424 1.809452
425 1.807830
426 1.806193
427 1.804538
428 1.802857
429 1.801145
430 1.799391
431 1.797582
432 1.795702
433 1.793729
434 1.791632
435 1.789367
436 1.786873
437 1.784051
438 1.780736
439 1.776628
440 1.771077
441 1.762360
442 1.744274
443 1.688943
444 1.575905
445 1.602674
446 1.581939
447 1.618232
448 1.611038
449 1.633333
450 1.653782
451 1.701214
452 1.831218
453 1.817540
454 1.850288
455 1.850197
456 1.843633
457 1.796720
458 1.772247
459 1.789364
460 1.749889
461 1.675881
462 1.581782
463 1.570188
464 1.564142
465 1.563183
466 1.563408
467 1.565939
468 1.569448
469 1.575784
470 1.584186
471 1.594907
472 1.606305
473 1.621042
474 1.665958
475 1.485364
476 1.598028
477 1.595962
478 1.606224
479 1.629152
480 1.690546
481 1.551660
482 1.381960
483 1.553669
484 1.551558
485 1.551241
486 1.555300
487 1.560043
488 1.565562
489 1.570130
490 1.573672
491 1.577237
492 1.582448
493 1.589108
494 1.467902
495 1.560275
496 1.559918
497 1.558701
498 1.556077
499 1.551435
500 1.545224
501 1.539871
502 1.535624
503 1.530771
504 1.524696
505 1.517426
506 1.509169
507 1.500025
508 1.489924
509 1.478773
510 1.466573
511 1.453492
512 1.439862
513 1.426055
514 1.412360
515 1.399024
516 1.386438
517 1.375261
518 1.366301
519 1.360074
520 1.356388
521 1.354516
522 1.353766
523 1.353728
524 1.354199
525 1.355073
526 1.356291
527 1.357818
528 1.359625
529 1.361685
530 1.363964
531 1.366421
532 1.369010
533 1.371689
534 1.374423
535 1.377190
536 1.379977
537 1.382783
538 1.385610
539 1.388466
540 1.391362
541 1.394315
542 1.397349
543 1.400505
544 1.403855
545 1.407552
546 1.412020
547 1.419175
548 1.458142
549 1.519734
550 1.679691
551 1.458583
552 1.465815
553 1.459044
554 1.454613
555 1.452264
556 1.452151
557 1.461627
558 1.672320
559 1.690174
560 1.709451
561 1.855649
562 1.640907
563 1.655740
564 1.574112
565 1.724969
566 1.648149
567 1.856612
568 1.824361
569 1.702234
570 1.836249
571 1.861519
572 1.866331
573 1.895328
574 1.904624
575 1.904985
576 1.909307
577 1.925961
578 1.959096
579 2.021692
580 2.104691
581 2.111541
582 2.119516
583 2.126458
584 2.131102
585 2.130088
586 2.127343
587 2.124626
588 2.122368
589 2.121614
590 2.122601
591 2.124356
592 2.126054
593 2.128099
594 2.130007
595 2.132369
596 2.134350
597 2.137208
598 2.138847
599 2.143348
600 2.141892
601 2.156566
602 2.147190
603 2.168818
604 2.156987
605 2.162758
606 2.164609
607 2.171826
608 2.176523
609 2.183673
610 2.191560
611 2.197918
612 2.200194
613 2.198782
614 2.195608
615 2.191804
616 2.187602
617 2.182428
618 2.174476
619 2.161001
620 2.154336
621 2.170456
622 2.138856
623 2.177825
624 2.138414
625 2.179650
626 2.116499
627 2.144407
628 2.188946
629 2.085385
630 2.083556
631 2.083647
632 2.089004
633 2.091363
634 2.096542
635 2.101434
636 2.106978
637 2.112293
638 2.116630
639 2.119454
640 2.120793
641 2.120956
642 2.120214
643 2.118816
644 2.117425
645 2.122193
646 2.187723
647 1.973678
648 2.157734
649 2.220886
650 2.223351
651 2.216461
652 2.203348
653 2.199473
654 2.200964
655 2.196233
656 2.207129
657 2.191631
658 2.223603
659 2.195009
660 2.199045
661 2.192360
662 2.220062
663 2.189390
664 2.217775
665 2.192064
666 2.220071
667 2.197383
668 2.221809
669 2.202408
670 2.213583
671 2.204827
672 2.220178
673 2.211438
674 2.217247
675 2.217900
676 2.220216
677 2.221681
678 2.222990
679 2.225254
680 2.214641
681 2.221990
682 2.222691
683 2.225531
684 2.226552
685 2.227260
686 2.227949
687 2.228431
688 2.228633
689 2.226628
690 2.221075
691 2.225705
692 2.227168
693 2.227741
694 2.227995
695 2.228096
696 2.228108
697 2.228048
698 2.227921
699 2.227721
700 2.227444
701 2.227083
702 2.226630
703 2.226080
704 2.225428
705 2.224677
706 2.223835
707 2.222924
708 2.221979
709 2.221046
710 2.220165
711 2.219350
712 2.218576
713 2.217798
714 2.216981
715 2.216124
716 2.215252
717 2.214377
718 2.213491
719 2.212583
720 2.211648
721 2.210683
722 2.209681
723 2.208635
724 2.207538
725 2.206377
726 2.205139
727 2.203803
728 2.202341
729 2.200712
730 2.198858
731 2.196692
732 2.194093
733 2.190904
734 2.186944
735 2.182013
736 2.175864
737 2.168475
738 2.163294
739 2.168402
740 2.168263
741 2.168390
742 2.167715
743 2.166950
744 2.166358
745 2.166139
746 2.167553
747 2.193298
748 1.798430
749 1.805129
750 1.845218
751 2.232334
752 2.218034
753 2.227971
754 2.213938
755 2.220748
756 1.980344
757 2.316178
758 1.895945
759 2.240182
760 2.004198
761 2.058800
762 2.368026
763 2.236743
764 2.256621
765 2.255358
766 2.266233
767 2.278066
768 2.281582
769 2.284431
770 2.286011
771 2.286527
772 2.286163
773 2.285109
774 2.283569
775 2.281792
776 2.280106
777 2.278950
778 2.278835
779 2.280067
780 2.282311
781 2.284806
782 2.286887
783 2.287632
784 2.285506
785 2.278453
786 2.264684
787 2.244854
788 2.226670
789 2.217098
790 2.202158
791 2.186515
792 2.154855
793 1.921255
794 2.244420
795 2.215362
796 2.190562
797 2.126318
798 2.027092
799 2.227856
800 2.197343
801 2.129073
802 1.997845
803 2.245320
804 2.208183
805 2.157957
806 1.908738
807 2.301903
808 2.267271
809 2.225779
810 2.184924
811 1.927990
812 2.295942
813 2.256875
814 2.215959
815 2.071149
816 2.242708
817 2.199725
818 1.946443
819 2.303115
820 2.265686
821 2.222912
822 2.115121
823 2.245574
824 2.141906
825 1.974513
826 2.324631
827 2.295593
828 2.252824
829 2.109635
830 2.119523
831 2.316721
832 2.280861
833 2.200049
834 1.968581
835 2.343059
836 2.323027
837 2.280935
838 2.138120
839 1.982052
840 2.359203
841 2.346223
842 2.317478
843 2.229647
844 1.996906
845 2.347489
846 2.310941
847 2.156229
848 2.167013
849 2.278422
850 2.035124
851 2.351657
852 2.305779
853 2.156185
854 2.308270
855 2.146465
856 2.302564
857 2.115704
858 2.309949
859 2.160606
860 2.324944
861 2.201620
862 2.208265
863 2.241758
864 2.391817
865 2.468900
866 2.230479
867 2.401397
868 2.206373
869 2.411259
870 2.399911
871 2.451981
872 2.117817
873 2.130591
874 2.157800
875 2.196467
876 2.224808
877 2.284324
878 2.487807
879 2.389142
880 2.382253
881 2.230936
882 2.403452
883 2.255643
884 2.655901
885 2.452134
886 2.227753
887 2.929381
888 2.276478
889 2.933094
890 2.233551
891 2.914618
892 2.234857
893 2.687157
894 2.384720
895 2.283750
896 2.730113
897 2.403212
898 2.316829
899 2.507233
900 2.368943
901 2.392396
902 2.451288
903 2.450829
904 2.467648
905 2.476914
906 2.482172
907 2.485039
908 2.488719
909 2.484607
910 2.479819
911 2.474566
912 2.466034
913 2.451339
914 2.444492
915 2.439891
916 2.434017
917 2.426533
918 2.417592
919 2.407467
920 2.396487
921 2.384422
922 2.368315
923 2.344393
924 2.329399
925 2.339663
926 2.316865
927 2.289964
928 2.203156
929 2.298656
930 2.221606
931 2.241997
932 2.085488
933 2.264731
934 2.100769
935 2.245133
936 2.084699
937 2.234552
938 2.112021
939 2.224145
940 2.220016
941 2.230396
942 2.170328
943 2.114537
944 2.164095
945 2.117804
946 2.156927
947 2.167789
948 2.097254
949 2.133000
950 2.154349
951 2.168115
952 2.094085
953 2.114084
954 2.114116
955 2.112322
956 2.110968
957 2.110989
958 2.112450
959 2.115349
960 2.120081
961 2.128068
962 2.144715
963 2.168450
964 2.146954
965 2.182560
966 2.165443
967 2.261577
968 2.268120
969 2.273079
970 2.275730
971 2.276844
972 2.277616
973 2.278184
974 2.278739
975 2.279302
976 2.279969
977 2.280744
978 2.281712
979 2.282878
980 2.284369
981 2.286291
982 2.289084
983 2.294207
984 2.311995
985 2.325616
986 2.323253
987 2.338585
988 2.361994
989 2.362991
990 2.362080
991 2.362456
992 2.364594
993 2.389558
994 2.447172
995 2.377467
996 2.446015
997 2.362493
998 2.363944
999 2.364288
1000 2.368198
1001 2.445236
1002 2.395940
1003 2.445630
1004 2.385331
1005 2.452195
1006 2.364480
1007 2.394023
1008 2.461579
1009 2.354053
1010 2.357310
1011 2.366311
1012 2.370382
1013 2.369378
1014 2.456715
1015 2.368867
1016 2.449461
1017 2.448901
1018 2.449146
1019 2.459979
1020 2.366854
1021 2.372706
1022 2.371785
1023 2.490916
1024 3.304918
1025 1.752696
1026 1.718529
1027 1.709725
1028 1.762115
1029 3.044095
1030 2.341096
1031 2.290946
1032 2.274571
1033 2.240706
1034 2.253142
1035 2.252641
1036 2.290901
1037 2.266881
1038 2.308633
1039 2.297869
1040 2.287282
1041 2.305097
1042 2.308617
1043 2.313728
1044 2.330174
1045 2.384253
1046 2.344975
1047 2.386745
1048 2.375007
1049 2.451786
1050 2.420513
1051 3.030247
1052 1.689678
1053 1.664305
1054 1.653536
1055 1.685228
1056 1.855304
1057 2.443154
1058 2.500212
1059 2.568029
1060 2.542294
1061 2.507347
1062 2.469332
1063 2.432444
1064 2.381697
1065 2.328757
1066 2.346637
1067 2.346577
1068 2.371051
1069 2.353753
1070 2.377943
1071 2.372099
1072 2.386256
1073 2.395361
1074 2.398032
1075 2.498844
1076 2.507155
1077 2.390005
1078 3.708087
1079 2.441138
1080 2.516552
1081 2.437858
1082 2.517222
1083 2.538112
1084 2.396181
1085 2.521540
1086 2.390742
1087 2.977960
1088 2.313702
1089 1.720693
1090 1.564269
1091 1.589876
1092 1.659249
1093 1.768660
1094 2.453936
1095 2.733761
1096 2.521047
1097 2.445969
1098 2.416415
1099 2.378827
1100 2.385358
1101 2.388378
1102 2.397418
1103 2.397204
1104 2.403544
1105 1.597345
1106 1.604256
1107 1.711811
1108 2.153450
1109 1.741855
1110 2.548462
1111 1.824637
1112 2.621522
1113 3.280486
1114 2.533889
1115 2.882747
1116 1.782723
1117 2.416866
1118 4.558974
1119 2.696846
1120 3.671311
1121 1.747985
1122 2.587906
1123 3.457078
1124 2.427268
1125 3.395019
1126 2.682653
1127 2.674828
1128 2.646301
1129 3.802026
1130 2.877126
1131 3.297932
1132 3.096455
1133 3.092700
1134 3.108702
1135 3.085653
1136 3.102229
1137 3.079824
1138 3.090986
1139 3.078922
1140 3.082656
1141 3.079954
1142 3.081151
1143 3.082719
1144 3.085500
1145 3.089353
1146 3.094084
1147 3.099333
1148 3.104599
1149 3.109363
1150 3.113267
1151 3.116209
1152 3.118265
1153 3.119566
1154 3.120238
1155 3.120392
1156 3.120127
1157 3.119523
1158 3.118648
1159 3.117558
1160 3.116298
1161 3.114906
1162 3.113411
1163 3.111843
1164 3.110211
1165 3.108563
1166 3.106827
1167 3.105289
1168 3.103022
1169 3.103427
1170 3.093521
1171 3.126843
1172 2.987226
1173 3.299981
1174 3.399137
1175 3.433902
1176 3.423075
1177 3.400189
1178 3.375966
1179 3.356924
1180 3.343788
1181 3.334409
1182 3.327073
1183 3.320906
1184 3.315450
1185 3.310433
1186 3.305684
1187 3.301086
1188 3.296557
1189 3.292040
1190 3.287489
1191 3.282870
1192 3.278152
1193 3.273310
1194 3.268313
1195 3.263130
1196 3.257725
1197 3.252050
1198 3.246046
1199 3.239633
1200 3.232702
1201 3.225100
1202 3.216611
1203 3.206922
1204 3.195587
1205 3.182014
1206 3.165634
1207 3.146711
1208 3.128369
1209 3.117022
1210 3.112690
1211 3.109164
1212 3.107961
1213 3.106376
1214 3.106365
1215 3.105462
1216 3.106048
1217 3.105533
1218 3.106442
1219 3.106397
1220 3.107453
1221 3.108034
1222 3.109240
1223 3.110456
1224 3.112001
1225 3.113767
1226 3.115781
1227 3.118010
1228 3.120390
1229 3.122814
1230 3.125123
1231 3.127123
1232 3.128616
1233 3.129452
1234 3.129563
1235 3.128980
1236 3.127810
1237 3.126205
1238 3.124322
1239 3.122303
1240 3.120259
1241 3.118268
1242 3.116380
1243 3.114619
1244 3.112994
1245 3.111502
1246 3.110135
1247 3.108881
1248 3.107729
1249 3.106665
1250 3.105682
1251 3.104769
1252 3.103920
1253 3.103129
1254 3.102392
1255 3.101706
1256 3.101067
1257 3.100474
1258 3.099925
1259 3.099420
1260 3.098957
1261 3.098537
1262 3.098157
1263 3.097819
1264 3.097522
1265 3.097266
1266 3.097049
1267 3.096872
1268 3.096735
1269 3.096637
1270 3.096578
1271 3.096556
1272 3.096573
1273 3.096627
1274 3.096717
1275 3.096844
1276 3.097007
1277 3.097205
1278 3.097437
1279 3.097703
1280 3.098002
1281 3.098335
1282 3.098699
1283 3.099094
1284 3.099521
1285 3.099977
1286 3.100463
1287 3.100978
1288 3.101521
1289 3.102092
1290 3.102690
1291 3.103314
1292 3.103963
1293 3.104638
1294 3.105337
1295 3.106059
1296 3.106805
1297 3.107573
1298 3.108363
1299 3.109174
1300 3.110004
1301 3.110855
1302 3.111724
1303 3.112612
1304 3.113516
1305 3.114438
1306 3.115375
1307 3.116326
1308 3.117292
1309 3.118271
1310 3.119262
1311 3.120265
1312 3.121277
1313 3.122300
1314 3.123330
1315 3.124368
1316 3.125413
1317 3.126463
1318 3.127517
1319 3.128575
1320 3.129635
1321 3.130697
1322 3.131758
1323 3.132819
1324 3.133879
1325 3.134935
1326 3.135988
1327 3.137037
1328 3.138080
1329 3.139118
1330 3.140148
1331 3.141171
1332 3.142186
1333 3.143193
1334 3.144190
1335 3.145178
1336 3.146156
1337 3.147123
1338 3.148081
1339 3.149029
1340 3.149966
1341 3.150893
1342 3.151810
1343 3.152717
1344 3.153614
1345 3.154503
1346 3.155382
1347 3.156254
1348 3.157117
1349 3.157974
1350 3.158824
1351 3.159668
1352 3.160507
1353 3.161342
1354 3.162174
1355 3.163002
1356 3.163829
1357 3.164654
1358 3.165480
1359 3.166306
1360 3.167134
1361 3.167965
1362 3.168800
1363 3.169640
1364 3.170486
1365 3.171339
1366 3.172200
1367 3.173071
1368 3.173952
1369 3.174846
1370 3.175754
1371 3.176676
1372 3.177616
1373 3.178574
1374 3.179552
1375 3.180553
1376 3.181578
1377 3.182630
1378 3.183712
1379 3.184826
1380 3.185975
1381 3.187164
1382 3.188395
1383 3.189674
1384 3.191005
1385 3.192395
1386 3.193848
1387 3.195374
1388 3.196981
1389 3.198679
1390 3.200480
1391 3.202399
1392 3.204453
1393 3.206664
1394 3.209058
1395 3.211669
1396 3.214539
1397 3.217722
1398 3.221292
1399 3.225343
1400 3.229997
1401 3.235395
1402 3.241599
1403 3.248028
1404 3.249870
1405 3.217001
1406 3.101231
1407 3.096691
1408 3.024382
1409 3.030712
1410 2.983187
1411 2.984744
1412 2.955754
1413 2.949001
1414 2.930639
1415 2.919318
1416 2.905369
1417 2.892938
1418 2.880359
1419 2.868104
1420 2.856012
1421 2.844064
1422 2.832201
1423 2.820328
1424 2.808290
1425 2.795833
1426 2.782534
1427 2.767710
1428 2.750300
1429 2.732798
1430 2.731540
1431 2.728737
1432 2.726953
1433 2.724409
1434 2.722423
1435 2.720013
1436 2.717996
1437 2.715687
1438 2.713700
1439 2.711461
1440 2.709521
1441 2.707326
1442 2.705439
1443 2.703260
1444 2.701432
1445 2.699240
1446 2.697484
1447 2.695242
1448 2.693582
1449 2.691241
1450 2.689722
1451 2.687208
1452 2.685906
1453 2.683105
1454 2.682146
1455 2.678884
1456 2.678469
1457 2.674477
1458 2.674917
1459 2.669794
1460 2.671540
1461 2.664731
1462 2.668370
1463 2.659185
1464 2.665352
1465 2.653129
1466 2.662231
1467 2.646736
1468 2.658511
1469 2.640476
1470 2.653710
1471 2.634951
1472 2.647803
1473 2.630460
1474 2.641194
1475 2.626755
1476 2.634254
1477 2.623245
1478 2.627123
1479 2.619270
1480 2.619828
1481 2.614268
1482 2.612336
1483 2.607918
1484 2.604461
1485 2.600162
1486 2.595770
1487 2.590920
1488 2.585614
1489 2.579697
1490 2.572971
1491 2.565118
1492 2.555601
1493 2.543450
1494 2.526761
1495 2.501833
1496 2.464827
1497 2.423037
1498 2.389403
1499 2.361676
1500 2.337031
1501 2.314368
1502 2.292792
1503 2.271763
1504 2.250974
1505 2.230305
1506 2.209789
1507 2.189593
1508 2.169988
1509 2.151309
1510 2.133891
1511 2.118011
1512 2.103838
1513 2.091419
1514 2.080699
1515 2.071561
1516 2.063853
1517 2.057413
1518 2.052087
1519 2.047727
1520 2.044196
1521 2.041374
1522 2.039148
1523 2.037420
1524 2.036104
1525 2.035124
1526 2.034412
1527 2.033913
1528 2.033580
1529 2.033374
1530 2.033261
1531 2.033216
1532 2.033218
1533 2.033252
1534 2.033304
1535 2.033366
1536 2.033430
1537 2.033492
1538 2.033549
1539 2.033597
1540 2.033636
1541 2.033665
1542 2.033683
1543 2.033690
1544 2.033688
1545 2.033675
1546 2.033653
1547 2.033623
1548 2.033584
1549 2.033538
1550 2.033485
1551 2.033425
1552 2.033360
1553 2.033288
1554 2.033212
1555 2.033131
1556 2.033045
1557 2.032955
1558 2.032861
1559 2.032763
1560 2.032662
1561 2.032557
1562 2.032448
1563 2.032336
1564 2.032222
1565 2.032103
1566 2.031982
1567 2.031858
1568 2.031731
1569 2.031600
1570 2.031467
1571 2.031331
1572 2.031192
1573 2.031050
1574 2.030905
1575 2.030757
1576 2.030607
1577 2.030453
1578 2.030297
1579 2.030138
1580 2.029977
1581 2.029812
1582 2.029646
1583 2.029476
1584 2.029305
1585 2.029130
1586 2.028954
1587 2.028775
1588 2.028594
1589 2.028411
1590 2.028225
1591 2.028038
1592 2.027849
1593 2.027658
1594 2.027465
1595 2.027271
1596 2.027075
1597 2.026878
1598 2.026679
1599 2.026479
1600 2.026278
1601 2.026075
1602 2.025872
1603 2.025668
1604 2.025463
1605 2.025257
1606 2.025050
1607 2.024844
1608 2.024636
1609 2.024429
1610 2.024221
1611 2.024013
1612 2.023805
1613 2.023597
1614 2.023390
1615 2.023182
1616 2.022975
1617 2.022769
1618 2.022563
1619 2.022358
1620 2.022154
1621 2.021950
1622 2.021748
1623 2.021547
1624 2.021347
1625 2.021148
1626 2.020951
1627 2.020755
1628 2.020561
1629 2.020369
1630 2.020179
1631 2.019990
1632 2.019804
1633 2.019620
1634 2.019439
1635 2.019260
1636 2.019084
1637 2.018910
1638 2.018739
1639 2.018571
1640 2.018407
1641 2.018246
1642 2.018088
1643 2.017933
1644 2.017783
1645 2.017636
1646 2.017493
1647 2.017354
1648 2.017220
1649 2.017090
1650 2.016965
1651 2.016844
1652 2.016728
1653 2.016618
1654 2.016513
1655 2.016414
1656 2.016320
1657 2.016232
1658 2.016150
1659 2.016075
1660 2.016006
1661 2.015944
1662 2.015889
1663 2.015841
1664 2.015800
1665 2.015768
1666 2.015743
1667 2.015727
1668 2.015719
1669 2.015720
1670 2.015730
1671 2.015749
1672 2.015779
1673 2.015818
1674 2.015868
1675 2.015929
1676 2.016001
1677 2.016084
1678 2.016180
1679 2.016288
1680 2.016408
1681 2.016542
1682 2.016690
1683 2.016852
1684 2.017029
1685 2.017221
1686 2.017428
1687 2.017653
1688 2.017894
1689 2.018153
1690 2.018430
1691 2.018726
1692 2.019042
1693 2.019378
1694 2.019735
1695 2.020115
1696 2.020517
1697 2.020943
1698 2.021394
1699 2.021871
1700 2.022374
1701 2.022906
1702 2.023466
1703 2.024056
1704 2.024678
1705 2.025333
1706 2.026022
1707 2.026746
1708 2.027508
1709 2.028308
1710 2.029149
1711 2.030032
1712 2.030960
1713 2.031933
1714 2.032955
1715 2.034027
1716 2.035152
1717 2.036331
1718 2.037569
1719 2.038867
1720 2.040229
1721 2.041656
1722 2.043153
1723 2.044723
1724 2.046369
1725 2.048094
1726 2.049902
1727 2.051798
1728 2.053785
1729 2.055868
1730 2.058050
1731 2.060337
1732 2.062733
1733 2.065241
1734 2.067868
1735 2.070618
1736 2.073496
1737 2.076506
1738 2.079653
1739 2.082942
1740 2.086377
1741 2.089963
1742 2.093704
1743 2.097603
1744 2.101665
1745 2.105893
1746 2.110289
1747 2.114858
1748 2.119601
1749 2.124521
1750 2.129620
1751 2.134900
1752 2.140363
1753 2.146009
1754 2.151841
1755 2.157858
1756 2.164061
1757 2.170449
1758 2.177020
1759 2.183772
1760 2.190699
1761 2.197796
1762 2.205053
1763 2.212457
1764 2.219990
1765 2.227634
1766 2.235362
1767 2.243145
1768 2.250950
1769 2.258741
1770 2.266480
1771 2.274132
1772 2.281662
1773 2.289038
1774 2.296236
1775 2.303234
1776 2.310017
1777 2.316574
1778 2.322898
1779 2.328987
1780 2.334840
1781 2.340459
1782 2.345847
1783 2.351009
1784 2.355951
1785 2.360679
1786 2.365201
1787 2.369523
1788 2.373654
1789 2.377601
1790 2.381373
1791 2.384975
1792 2.388415
1793 2.391701
1794 2.394838
1795 2.397831
1796 2.400688
1797 2.403413
1798 2.406010
1799 2.408485
1800 2.410842
1801 2.413085
1802 2.415219
1803 2.417246
1804 2.419171
1805 2.420997
1806 2.422729
1807 2.424369
1808 2.425921
1809 2.427389
1810 2.428775
1811 2.430083
1812 2.431316
1813 2.432477
1814 2.433569
1815 2.434595
1816 2.435558
1817 2.436461
1818 2.437306
1819 2.438095
1820 2.438832
1821 2.439519
1822 2.440158
1823 2.440750
1824 2.441300
1825 2.441807
1826 2.442274
1827 2.442704
1828 2.443097
1829 2.443456
1830 2.443783
1831 2.444077
1832 2.444343
1833 2.444579
1834 2.444789
1835 2.444972
1836 2.445132
1837 2.445267
1838 2.445381
1839 2.445473
1840 2.445544
1841 2.445597
1842 2.445631
1843 2.445647
1844 2.445647
1845 2.445631
1846 2.445599
1847 2.445554
1848 2.445494
1849 2.445421
1850 2.445336
1851 2.445239
1852 2.445130
1853 2.445011
1854 2.444881
1855 2.444741
1856 2.444593
1857 2.444435
1858 2.444269
1859 2.444094
1860 2.443913
1861 2.443723
1862 2.443527
1863 2.443325
1864 2.443116
1865 2.442901
1866 2.442680
1867 2.442455
1868 2.442224
1869 2.441988
1870 2.441748
1871 2.441503
1872 2.441255
1873 2.441002
1874 2.440746
1875 2.440487
1876 2.440224
1877 2.439958
1878 2.439690
1879 2.439419
1880 2.439145
1881 2.438869
1882 2.438590
1883 2.438310
1884 2.438027
1885 2.437743
1886 2.437457
1887 2.437170
1888 2.436881
1889 2.436591
1890 2.436300
1891 2.436008
1892 2.435715
1893 2.435420
1894 2.435125
1895 2.434830
1896 2.434534
1897 2.434237
1898 2.433940
1899 2.433642
1900 2.433344
1901 2.433046
1902 2.432748
1903 2.432449
1904 2.432151
1905 2.431852
1906 2.431554
1907 2.431256
1908 2.430958
1909 2.430660
1910 2.430363
1911 2.430065
1912 2.429769
1913 2.429472
1914 2.429176
1915 2.428881
1916 2.428586
1917 2.428292
1918 2.427998
1919 2.427705
1920 2.427412
1921 2.427121
1922 2.426830
1923 2.426539
1924 2.426250
1925 2.425961
1926 2.425673
1927 2.425386
1928 2.425100
1929 2.424815
1930 2.424531
1931 2.424247
1932 2.423965
1933 2.423683
1934 2.423403
1935 2.423123
1936 2.422845
1937 2.422567
1938 2.422291
1939 2.422016
1940 2.421741
1941 2.421468
1942 2.421196
1943 2.420925
1944 2.420655
1945 2.420386
1946 2.420118
1947 2.419851
1948 2.419586
1949 2.419321
1950 2.419058
1951 2.418796
1952 2.418535
1953 2.418275
1954 2.418016
1955 2.417759
1956 2.417502
1957 2.417247
1958 2.416993
1959 2.416740
1960 2.416488
1961 2.416238
1962 2.415989
1963 2.415740
1964 2.415493
1965 2.415248
1966 2.415003
1967 2.414760
1968 2.414517
1969 2.414276
1970 2.414036
1971 2.413797
1972 2.413560
1973 2.413324
1974 2.413088
1975 2.412854
1976 2.412621
1977 2.412390
1978 2.412159
1979 2.411930
1980 2.411701
1981 2.411474
1982 2.411248
1983 2.411024
1984 2.410800
1985 2.410578
1986 2.410356
1987 2.410136
1988 2.409917
1989 2.409699
1990 2.409482
1991 2.409266
1992 2.409052
1993 2.408838
1994 2.408626
1995 2.408415
1996 2.408205
1997 2.407996
1998 2.407788
1999 2.407581
2000 2.407375
2001 2.407171
2002 2.406967
2003 2.406764
2004 2.406563
2005 2.406363
2006 2.406163
2007 2.405965
2008 2.405768
2009 2.405572
2010 2.405377
2011 2.405183
2012 2.404989
2013 2.404797
2014 2.404606
2015 2.404416
2016 2.404228
2017 2.404040
2018 2.403853
2019 2.403667
2020 2.403482
2021 2.403298
2022 2.403115
2023 2.402933
2024 2.402752
2025 2.402572
2026 2.402392
2027 2.402214
2028 2.402037
2029 2.401861
2030 2.401686
2031 2.401511
2032 2.401338
2033 2.401165
2034 2.400994
2035 2.400823
2036 2.400653
2037 2.400484
2038 2.400317
2039 2.400149
2040 2.399983
2041 2.399818
2042 2.399654
2043 2.399490
2044 2.399328
2045 2.399166
2046 2.399005
2047 2.398845
2048 2.398686
2049 2.398527
2050 2.398370
2051 2.398213
2052 2.398057
2053 2.397902
2054 2.397748
2055 2.397595
2056 2.397442
2057 2.397291
2058 2.397140
2059 2.396990
2060 2.396840
2061 2.396692
2062 2.396544
2063 2.396397
2064 2.396251
2065 2.396106
2066 2.395961
2067 2.395817
2068 2.395674
2069 2.395532
2070 2.395390
2071 2.395249
2072 2.395109
2073 2.394969
2074 2.394831
2075 2.394693
2076 2.394556
2077 2.394419
2078 2.394283
2079 2.394148
2080 2.394014
2081 2.393880
2082 2.393747
2083 2.393615
2084 2.393483
2085 2.393352
2086 2.393222
2087 2.393092
2088 2.392963
2089 2.392835
2090 2.392708
2091 2.392581
2092 2.392454
2093 2.392329
2094 2.392204
2095 2.392079
2096 2.391956
2097 2.391832
2098 2.391710
2099 2.391588
2100 2.391467
2101 2.391346
2102 2.391226
2103 2.391107
2104 2.390988
2105 2.390870
2106 2.390752
2107 2.390635
2108 2.390519
2109 2.390403
2110 2.390287
2111 2.390173
2112 2.390059
2113 2.389945
2114 2.389832
2115 2.389719
2116 2.389608
2117 2.389496
2118 2.389385
2119 2.389275
2120 2.389165
2121 2.389056
2122 2.388947
2123 2.388839
2124 2.388732
2125 2.388624
2126 2.388518
2127 2.388412
2128 2.388306
2129 2.388201
2130 2.388096
2131 2.387992
2132 2.387889
2133 2.387786
2134 2.387683
2135 2.387581
2136 2.387479
2137 2.387378
2138 2.387277
2139 2.387177
2140 2.387077
2141 2.386978
2142 2.386879
2143 2.386781
2144 2.386683
2145 2.386585
2146 2.386488
2147 2.386391
2148 2.386295
2149 2.386199
2150 2.386104
2151 2.386009
2152 2.385915
2153 2.385821
2154 2.385727
2155 2.385634
2156 2.385541
2157 2.385448
2158 2.385356
2159 2.385265
2160 2.385174
2161 2.385083
2162 2.384992
2163 2.384902
2164 2.384813
2165 2.384723
2166 2.384634
2167 2.384546
2168 2.384458
2169 2.384370
2170 2.384282
2171 2.384195
2172 2.384109
2173 2.384022
2174 2.383936
2175 2.383851
2176 2.383765
2177 2.383680
2178 2.383596
2179 2.383511
2180 2.383427
2181 2.383344
2182 2.383260
2183 2.383177
2184 2.383095
2185 2.383012
2186 2.382930
2187 2.382849
2188 2.382767
2189 2.382686
2190 2.382605
2191 2.382525
2192 2.382445
2193 2.382365
2194 2.382285
2195 2.382206
2196 2.382127
2197 2.382048
2198 2.381970
2199 2.381891
2200 2.381814
2201 2.381736
2202 2.381659
2203 2.381582
2204 2.381505
2205 2.381428
2206 2.381352
2207 2.381276
2208 2.381200
2209 2.381124
2210 2.381049
2211 2.380974
2212 2.380899
2213 2.380825
2214 2.380750
2215 2.380676
2216 2.380603
2217 2.380529
2218 2.380456
2219 2.380382
2220 2.380309
2221 2.380237
2222 2.380164
2223 2.380092
2224 2.380020
2225 2.379948
2226 2.379876
2227 2.379805
2228 2.379734
2229 2.379663
2230 2.379592
2231 2.379521
2232 2.379451
2233 2.379380
2234 2.379310
2235 2.379240
2236 2.379171
2237 2.379101
2238 2.379032
2239 2.378963
2240 2.378894
2241 2.378825
2242 2.378756
2243 2.378688
2244 2.378619
2245 2.378551
2246 2.378483
2247 2.378415
2248 2.378347
2249 2.378280
2250 2.378213
2251 2.378145
2252 2.378078
2253 2.378011
2254 2.377944
2255 2.377878
2256 2.377811
2257 2.377745
2258 2.377678
2259 2.377612
2260 2.377546
2261 2.377480
2262 2.377415
2263 2.377349
2264 2.377283
2265 2.377218
2266 2.377153
2267 2.377088
2268 2.377022
2269 2.376958
2270 2.376893
2271 2.376828
2272 2.376763
2273 2.376699
2274 2.376634
2275 2.376570
2276 2.376506
2277 2.376441
2278 2.376377
2279 2.376313
2280 2.376249
2281 2.376186
2282 2.376122
2283 2.376058
2284 2.375995
2285 2.375931
2286 2.375868
2287 2.375804
2288 2.375741
2289 2.375678
2290 2.375615
2291 2.375551
2292 2.375488
2293 2.375425
2294 2.375362
2295 2.375300
2296 2.375237
2297 2.375174
2298 2.375111
2299 2.375049
2300 2.374986
2301 2.374923
2302 2.374861
2303 2.374798
2304 2.374736
2305 2.374673
2306 2.374611
2307 2.374549
2308 2.374486
2309 2.374424
2310 2.374362
2311 2.374300
2312 2.374237
2313 2.374175
2314 2.374113
2315 2.374051
2316 2.373989
2317 2.373926
2318 2.373864
2319 2.373802
2320 2.373740
2321 2.373678
2322 2.373616
2323 2.373554
2324 2.373492
2325 2.373430
2326 2.373368
2327 2.373305
2328 2.373243
2329 2.373181
2330 2.373119
2331 2.373057
2332 2.372995
2333 2.372933
2334 2.372871
2335 2.372808
2336 2.372746
2337 2.372684
2338 2.372622
2339 2.372559
2340 2.372497
2341 2.372435
2342 2.372372
2343 2.372310
2344 2.372248
2345 2.372185
2346 2.372123
2347 2.372060
2348 2.371998
2349 2.371935
2350 2.371872
2351 2.371810
2352 2.371747
2353 2.371684
2354 2.371621
2355 2.371558
2356 2.371495
2357 2.371432
2358 2.371369
2359 2.371306
2360 2.371243
2361 2.371180
2362 2.371117
2363 2.371053
2364 2.370990
2365 2.370926
2366 2.370863
2367 2.370799
2368 2.370736
2369 2.370672
2370 2.370608
2371 2.370544
2372 2.370480
2373 2.370416
2374 2.370352
2375 2.370288
2376 2.370223
2377 2.370159
2378 2.370095
2379 2.370030
2380 2.369965
2381 2.369901
2382 2.369836
2383 2.369771
2384 2.369706
2385 2.369641
2386 2.369576
2387 2.369510
2388 2.369445
2389 2.369379
2390 2.369314
2391 2.369248
2392 2.369182
2393 2.369116
2394 2.369050
2395 2.368984
2396 2.368918
2397 2.368851
2398 2.368785
2399 2.368718
2400 2.368652
2401 2.368585
2402 2.368518
2403 2.368451
2404 2.368384
2405 2.368316
2406 2.368249
2407 2.368181
2408 2.368113
2409 2.368046
2410 2.367978
2411 2.367910
2412 2.367841
2413 2.367773
2414 2.367704
2415 2.367636
2416 2.367567
2417 2.367498
2418 2.367429
2419 2.367360
2420 2.367290
2421 2.367221
2422 2.367151
2423 2.367082
2424 2.367012
2425 2.366941
2426 2.366871
2427 2.366801
2428 2.366730
2429 2.366660
2430 2.366589
2431 2.366518
2432 2.366447
2433 2.366375
2434 2.366304
2435 2.366232
2436 2.366160
2437 2.366088
2438 2.366016
2439 2.365944
2440 2.365871
2441 2.365799
2442 2.365726
2443 2.365653
2444 2.365579
2445 2.365506
2446 2.365433
2447 2.365359
2448 2.365285
2449 2.365211
2450 2.365137
2451 2.365062
2452 2.364988
2453 2.364913
2454 2.364838
2455 2.364763
2456 2.364687
2457 2.364612
2458 2.364536
2459 2.364460
2460 2.364384
2461 2.364307
2462 2.364231
2463 2.364154
2464 2.364077
2465 2.364000
2466 2.363923
2467 2.363845
2468 2.363768
2469 2.363690
2470 2.363612
2471 2.363533
2472 2.363455
2473 2.363376
2474 2.363297
2475 2.363218
2476 2.363139
2477 2.363059
2478 2.362979
2479 2.362899
2480 2.362819
2481 2.362738
2482 2.362658
2483 2.362577
2484 2.362496
2485 2.362415
2486 2.362333
2487 2.362251
2488 2.362169
2489 2.362087
2490 2.362005
2491 2.361922
2492 2.361839
2493 2.361756
2494 2.361673
2495 2.361589
2496 2.361505
2497 2.361421
2498 2.361337
2499 2.361253
2500 2.361168
2501 2.361083
2502 2.360998
2503 2.360912
2504 2.360827
2505 2.360741
2506 2.360655
2507 2.360568
2508 2.360481
2509 2.360395
2510 2.360307
2511 2.360220
2512 2.360132
2513 2.360045
2514 2.359957
2515 2.359868
2516 2.359780
2517 2.359691
2518 2.359602
2519 2.359512
2520 2.359423
2521 2.359333
2522 2.359243
2523 2.359152
2524 2.359062
2525 2.358971
2526 2.358880
2527 2.358788
2528 2.358696
2529 2.358605
2530 2.358512
2531 2.358420
2532 2.358327
2533 2.358234
2534 2.358141
2535 2.358047
2536 2.357954
2537 2.357860
2538 2.357765
2539 2.357671
2540 2.357576
2541 2.357481
2542 2.357385
2543 2.357290
2544 2.357194
2545 2.357098
2546 2.357001
2547 2.356904
2548 2.356807
2549 2.356710
2550 2.356612
2551 2.356514
2552 2.356416
2553 2.356318
2554 2.356219
2555 2.356120
2556 2.356021
2557 2.355921
2558 2.355822
2559 2.355721
2560 2.355621
2561 2.355520
2562 2.355419
2563 2.355318
2564 2.355217
2565 2.355115
2566 2.355013
2567 2.354910
2568 2.354808
2569 2.354705
2570 2.354601
2571 2.354498
2572 2.354394
2573 2.354290
2574 2.354185
2575 2.354080
2576 2.353975
2577 2.353870
2578 2.353764
2579 2.353659
2580 2.353552
2581 2.353446
2582 2.353339
2583 2.353232
2584 2.353124
2585 2.353017
2586 2.352909
2587 2.352800
2588 2.352692
2589 2.352583
2590 2.352474
2591 2.352364
2592 2.352254
2593 2.352144
2594 2.352034
2595 2.351923
2596 2.351812
2597 2.351700
2598 2.351589
2599 2.351477
2600 2.351364
2601 2.351252
2602 2.351139
2603 2.351026
2604 2.350912
2605 2.350798
2606 2.350684
2607 2.350570
2608 2.350455
2609 2.350340
2610 2.350225
2611 2.350109
2612 2.349993
2613 2.349877
2614 2.349760
2615 2.349643
2616 2.349526
2617 2.349408
2618 2.349290
2619 2.349172
2620 2.349053
2621 2.348934
2622 2.348815
2623 2.348696
2624 2.348576
2625 2.348456
2626 2.348335
2627 2.348215
2628 2.348093
2629 2.347972
2630 2.347850
2631 2.347728
2632 2.347606
2633 2.347483
2634 2.347360
2635 2.347237
2636 2.347113
2637 2.346989
2638 2.346865
2639 2.346740
2640 2.346615
2641 2.346490
2642 2.346364
2643 2.346238
2644 2.346112
2645 2.345985
2646 2.345859
2647 2.345731
2648 2.345604
2649 2.345476
2650 2.345348
2651 2.345219
2652 2.345090
2653 2.344961
2654 2.344831
2655 2.344701
2656 2.344571
2657 2.344441
2658 2.344310
2659 2.344179
2660 2.344047
2661 2.343915
2662 2.343783
2663 2.343651
2664 2.343518
2665 2.343385
2666 2.343251
2667 2.343117
2668 2.342983
2669 2.342849
2670 2.342714
2671 2.342579
2672 2.342443
2673 2.342307
2674 2.342171
2675 2.342035
2676 2.341898
2677 2.341761
2678 2.341623
2679 2.341485
2680 2.341347
2681 2.341209
2682 2.341070
2683 2.340931
2684 2.340791
2685 2.340651
2686 2.340511
2687 2.340371
2688 2.340230
2689 2.340089
2690 2.339947
2691 2.339805
2692 2.339663
2693 2.339521
2694 2.339378
2695 2.339235
2696 2.339091
2697 2.338947
2698 2.338803
2699 2.338658
2700 2.338514
2701 2.338368
2702 2.338223
2703 2.338077
2704 2.337931
2705 2.337784
2706 2.337637
2707 2.337490
2708 2.337343
2709 2.337195
2710 2.337046
2711 2.336898
2712 2.336749
2713 2.336600
2714 2.336450
2715 2.336300
2716 2.336150
2717 2.335999
2718 2.335849
2719 2.335697
2720 2.335546
2721 2.335394
2722 2.335241
2723 2.335089
2724 2.334936
2725 2.334783
2726 2.334629
2727 2.334475
2728 2.334321
2729 2.334166
2730 2.334011
2731 2.333856
2732 2.333700
2733 2.333544
2734 2.333388
2735 2.333231
2736 2.333074
2737 2.332917
2738 2.332759
2739 2.332601
2740 2.332443
2741 2.332284
2742 2.332125
2743 2.331966
2744 2.331806
2745 2.331646
2746 2.331486
2747 2.331325
2748 2.331164
2749 2.331003
2750 2.330841
2751 2.330679
2752 2.330517
2753 2.330354
2754 2.330191
2755 2.330028
2756 2.329864
2757 2.329700
2758 2.329535
2759 2.329371
2760 2.329206
2761 2.329040
2762 2.328874
2763 2.328708
2764 2.328542
2765 2.328375
2766 2.328208
2767 2.328041
2768 2.327873
2769 2.327705
2770 2.327537
2771 2.327368
2772 2.327199
2773 2.327029
2774 2.326860
2775 2.326689
2776 2.326519
2777 2.326348
2778 2.326177
2779 2.326006
2780 2.325834
2781 2.325662
2782 2.325490
2783 2.325317
2784 2.325144
2785 2.324970
2786 2.324797
2787 2.324622
2788 2.324448
2789 2.324273
2790 2.324098
2791 2.323923
2792 2.323747
2793 2.323571
2794 2.323395
2795 2.323218
2796 2.323041
2797 2.322863
2798 2.322686
2799 2.322508
2800 2.322329
2801 2.322150
2802 2.321971
2803 2.321792
2804 2.321612
2805 2.321432
2806 2.321252
2807 2.321071
2808 2.320890
2809 2.320709
2810 2.320527
2811 2.320345
2812 2.320163
2813 2.319980
2814 2.319797
2815 2.319614
2816 2.319430
2817 2.319246
2818 2.319062
2819 2.318877
2820 2.318692
2821 2.318507
2822 2.318321
2823 2.318135
2824 2.317949
2825 2.317762
2826 2.317576
2827 2.317388
2828 2.317201
2829 2.317013
2830 2.316825
2831 2.316636
2832 2.316447
2833 2.316258
2834 2.316068
2835 2.315878
2836 2.315688
2837 2.315498
2838 2.315307
2839 2.315116
2840 2.314924
2841 2.314733
2842 2.314540
2843 2.314348
2844 2.314155
2845 2.313962
2846 2.313769
2847 2.313575
2848 2.313381
2849 2.313186
2850 2.312992
2851 2.312797
2852 2.312601
2853 2.312406
2854 2.312210
2855 2.312013
2856 2.311817
2857 2.311620
2858 2.311423
2859 2.311225
2860 2.311027
2861 2.310829
2862 2.310630
2863 2.310431
2864 2.310232
2865 2.310033
2866 2.309833
2867 2.309633
2868 2.309432
2869 2.309231
2870 2.309030
2871 2.308829
2872 2.308627
2873 2.308425
2874 2.308223
2875 2.308020
2876 2.307817
2877 2.307614
2878 2.307410
2879 2.307206
2880 2.307002
2881 2.306797
2882 2.306592
2883 2.306387
2884 2.306182
2885 2.305976
2886 2.305770
2887 2.305563
2888 2.305356
2889 2.305149
2890 2.304942
2891 2.304734
2892 2.304526
2893 2.304318
2894 2.304109
2895 2.303900
2896 2.303691
2897 2.303481
2898 2.303271
2899 2.303061
2900 2.302850
2901 2.302639
2902 2.302428
2903 2.302217
2904 2.302005
2905 2.301793
2906 2.301580
2907 2.301368
2908 2.301155
2909 2.300941
2910 2.300728
2911 2.300514
2912 2.300299
2913 2.300085
2914 2.299870
2915 2.299655
2916 2.299439
2917 2.299223
2918 2.299007
2919 2.298791
2920 2.298574
2921 2.298357
2922 2.298139
2923 2.297922
2924 2.297704
2925 2.297485
2926 2.297267
2927 2.297048
2928 2.296829
2929 2.296609
2930 2.296389
2931 2.296169
2932 2.295949
2933 2.295728
2934 2.295507
2935 2.295285
2936 2.295064
2937 2.294842
2938 2.294619
2939 2.294397
2940 2.294174
2941 2.293951
2942 2.293727
2943 2.293503
2944 2.293279
2945 2.293055
2946 2.292830
2947 2.292605
2948 2.292380
2949 2.292154
2950 2.291928
2951 2.291702
2952 2.291475
2953 2.291248
2954 2.291021
2955 2.290794
2956 2.290566
2957 2.290338
2958 2.290109
2959 2.289881
2960 2.289652
2961 2.289422
2962 2.289193
2963 2.288963
2964 2.288733
2965 2.288502
2966 2.288271
2967 2.288040
2968 2.287809
2969 2.287577
2970 2.287345
2971 2.287113
2972 2.286880
2973 2.286647
2974 2.286414
2975 2.286181
2976 2.285947
2977 2.285713
2978 2.285478
2979 2.285244
2980 2.285008
2981 2.284773
2982 2.284538
2983 2.284302
2984 2.284065
2985 2.283829
2986 2.283592
2987 2.283355
2988 2.283118
2989 2.282880
2990 2.282642
2991 2.282404
2992 2.282165
2993 2.281926
2994 2.281687
2995 2.281447
2996 2.281207
2997 2.280967
2998 2.280727
2999 2.280486
3000 2.280245
3001 2.280004
3002 2.279762
3003 2.279520
3004 2.279278
3005 2.279036
3006 2.278793
3007 2.278550
3008 2.278307
3009 2.278063
3010 2.277819
3011 2.277575
3012 2.277330
3013 2.277085
3014 2.276840
3015 2.276595
3016 2.276349
3017 2.276103
3018 2.275856
3019 2.275610
3020 2.275363
3021 2.275116
3022 2.274868
3023 2.274620
3024 2.274372
3025 2.274124
3026 2.273875
3027 2.273626
3028 2.273376
3029 2.273127
3030 2.272877
3031 2.272627
3032 2.272376
3033 2.272125
3034 2.271874
3035 2.271623
3036 2.271371
3037 2.271119
3038 2.270867
3039 2.270614
3040 2.270361
3041 2.270108
3042 2.269855
3043 2.269601
3044 2.269347
3045 2.269093
3046 2.268838
3047 2.268583
3048 2.268328
3049 2.268072
3050 2.267816
3051 2.267560
3052 2.267304
3053 2.267047
3054 2.266790
3055 2.266533
3056 2.266275
3057 2.266017
3058 2.265759
3059 2.265500
3060 2.265242
3061 2.264982
3062 2.264723
3063 2.264463
3064 2.264203
3065 2.263943
3066 2.263682
3067 2.263422
3068 2.263160
3069 2.262899
3070 2.262637
3071 2.262375
3072 2.262113
3073 2.261850
3074 2.261587
3075 2.261324
3076 2.261060
3077 2.260796
3078 2.260532
3079 2.260268
3080 2.260003
3081 2.259738
3082 2.259473
3083 2.259207
3084 2.258941
3085 2.258675
3086 2.258408
3087 2.258141
3088 2.257874
3089 2.257607
3090 2.257339
3091 2.257071
3092 2.256803
3093 2.256534
3094 2.256265
3095 2.255996
3096 2.255726
3097 2.255457
3098 2.255186
3099 2.254916
3100 2.254645
3101 2.254374
3102 2.254103
3103 2.253831
3104 2.253559
3105 2.253287
3106 2.253015
3107 2.252742
3108 2.252469
3109 2.252195
3110 2.251921
3111 2.251647
3112 2.251373
3113 2.251099
3114 2.250824
3115 2.250548
3116 2.250273
3117 2.249997
3118 2.249721
3119 2.249444
3120 2.249168
3121 2.248891
3122 2.248613
3123 2.248336
3124 2.248058
3125 2.247779
3126 2.247501
3127 2.247222
3128 2.246943
3129 2.246663
3130 2.246384
3131 2.246103
3132 2.245823
3133 2.245542
3134 2.245261
3135 2.244980
3136 2.244698
3137 2.244417
3138 2.244134
3139 2.243852
3140 2.243569
3141 2.243286
3142 2.243002
3143 2.242719
3144 2.242435
3145 2.242150
3146 2.241865
3147 2.241580
3148 2.241295
3149 2.241010
3150 2.240724
3151 2.240437
3152 2.240151
3153 2.239864
3154 2.239577
3155 2.239289
3156 2.239002
3157 2.238714
3158 2.238425
3159 2.238136
3160 2.237847
3161 2.237558
3162 2.237268
3163 2.236979
3164 2.236688
3165 2.236398
3166 2.236107
3167 2.235816
3168 2.235524
3169 2.235232
3170 2.234940
3171 2.234648
3172 2.234355
3173 2.234062
3174 2.233768
3175 2.233475
3176 2.233181
3177 2.232886
3178 2.232591
3179 2.232296
3180 2.232001
3181 2.231705
3182 2.231410
3183 2.231113
3184 2.230817
3185 2.230520
3186 2.230223
3187 2.229925
3188 2.229627
3189 2.229329
3190 2.229030
3191 2.228731
3192 2.228432
3193 2.228133
3194 2.227833
3195 2.227533
3196 2.227232
3197 2.226932
3198 2.226631
3199 2.226329
3200 2.226027
3201 2.225725
3202 2.225423
3203 2.225120
3204 2.224817
3205 2.224514
3206 2.224210
3207 2.223906
3208 2.223601
3209 2.223297
3210 2.222992
3211 2.222686
3212 2.222381
3213 2.222075
3214 2.221768
3215 2.221461
3216 2.221154
3217 2.220847
3218 2.220539
3219 2.220231
3220 2.219923
3221 2.219614
3222 2.219305
3223 2.218996
3224 2.218686
3225 2.218376
3226 2.218066
3227 2.217755
3228 2.217444
3229 2.217132
3230 2.216821
3231 2.216508
3232 2.216196
3233 2.215883
3234 2.215570
3235 2.215257
3236 2.214943
3237 2.214629
3238 2.214314
3239 2.213999
3240 2.213684
3241 2.213369
3242 2.213053
3243 2.212737
3244 2.212420
3245 2.212103
3246 2.211786
3247 2.211468
3248 2.211150
3249 2.210832
3250 2.210513
3251 2.210194
3252 2.209875
3253 2.209555
3254 2.209235
3255 2.208914
3256 2.208594
3257 2.208272
3258 2.207951
3259 2.207629
3260 2.207307
3261 2.206984
3262 2.206661
3263 2.206338
3264 2.206014
3265 2.205690
3266 2.205366
3267 2.205041
3268 2.204716
3269 2.204391
3270 2.204065
3271 2.203739
3272 2.203412
3273 2.203085
3274 2.202758
3275 2.202430
3276 2.202102
3277 2.201774
3278 2.201445
3279 2.201116
3280 2.200786
3281 2.200456
3282 2.200126
3283 2.199795
3284 2.199464
3285 2.199133
3286 2.198801
3287 2.198469
3288 2.198137
3289 2.197804
3290 2.197470
3291 2.197137
3292 2.196803
3293 2.196468
3294 2.196134
3295 2.195798
3296 2.195463
3297 2.195127
3298 2.194791
3299 2.194454
3300 2.194117
3301 2.193779
3302 2.193442
3303 2.193103
3304 2.192765
3305 2.192426
3306 2.192086
3307 2.191746
3308 2.191406
3309 2.191066
3310 2.190725
3311 2.190383
3312 2.190041
3313 2.189699
3314 2.189357
3315 2.189014
3316 2.188670
3317 2.188327
3318 2.187982
3319 2.187638
3320 2.187293
3321 2.186947
3322 2.186602
3323 2.186256
3324 2.185909
3325 2.185562
3326 2.185215
3327 2.184867
3328 2.184519
3329 2.184170
3330 2.183821
3331 2.183471
3332 2.183122
3333 2.182771
3334 2.182421
3335 2.182070
3336 2.181718
3337 2.181366
3338 2.181014
3339 2.180661
3340 2.180308
3341 2.179954
3342 2.179600
3343 2.179246
3344 2.178891
3345 2.178536
3346 2.178180
3347 2.177824
3348 2.177467
3349 2.177110
3350 2.176753
3351 2.176395
3352 2.176037
3353 2.175678
3354 2.175319
3355 2.174959
3356 2.174599
3357 2.174239
3358 2.173878
3359 2.173517
3360 2.173155
3361 2.172793
3362 2.172430
3363 2.172067
3364 2.171704
3365 2.171340
3366 2.170975
3367 2.170611
3368 2.170245
3369 2.169880
3370 2.169513
3371 2.169147
3372 2.168780
3373 2.168412
3374 2.168044
3375 2.167676
3376 2.167307
3377 2.166938
3378 2.166568
3379 2.166198
3380 2.165827
3381 2.165456
3382 2.165085
3383 2.164713
3384 2.164340
3385 2.163967
3386 2.163594
3387 2.163220
3388 2.162846
3389 2.162471
3390 2.162096
3391 2.161720
3392 2.161344
3393 2.160967
3394 2.160590
3395 2.160212
3396 2.159834
3397 2.159456
3398 2.159077
3399 2.158697
3400 2.158318
3401 2.157937
3402 2.157556
3403 2.157175
3404 2.156793
3405 2.156411
3406 2.156028
3407 2.155645
3408 2.155261
3409 2.154877
3410 2.154492
3411 2.154107
3412 2.153721
3413 2.153335
3414 2.152949
3415 2.152562
3416 2.152174
3417 2.151786
3418 2.151397
3419 2.151008
3420 2.150619
3421 2.150229
3422 2.149838
3423 2.149447
3424 2.149056
3425 2.148664
3426 2.148271
3427 2.147878
3428 2.147485
3429 2.147091
3430 2.146696
3431 2.146302
3432 2.145906
3433 2.145510
3434 2.145114
3435 2.144717
3436 2.144319
3437 2.143921
3438 2.143523
3439 2.143124
3440 2.142725
3441 2.142325
3442 2.141924
3443 2.141523
3444 2.141122
3445 2.140720
3446 2.140317
3447 2.139914
3448 2.139511
3449 2.139107
3450 2.138702
3451 2.138297
3452 2.137892
3453 2.137486
3454 2.137079
3455 2.136672
3456 2.136264
3457 2.135856
3458 2.135448
3459 2.135039
3460 2.134629
3461 2.134219
3462 2.133808
3463 2.133397
3464 2.132985
3465 2.132573
3466 2.132160
3467 2.131747
3468 2.131333
3469 2.130919
3470 2.130504
3471 2.130089
3472 2.129673
3473 2.129257
3474 2.128840
3475 2.128422
3476 2.128004
3477 2.127586
3478 2.127167
3479 2.126747
3480 2.126327
3481 2.125907
3482 2.125486
3483 2.125064
3484 2.124642
3485 2.124220
3486 2.123796
3487 2.123373
3488 2.122949
3489 2.122524
3490 2.122099
3491 2.121673
3492 2.121247
3493 2.120820
3494 2.120393
3495 2.119965
3496 2.119536
3497 2.119108
3498 2.118678
3499 2.118248
3500 2.117818
3501 2.117387
3502 2.116955
3503 2.116523
3504 2.116091
3505 2.115658
3506 2.115224
3507 2.114790
3508 2.114355
3509 2.113920
3510 2.113485
3511 2.113049
3512 2.112612
3513 2.112175
3514 2.111737
3515 2.111299
3516 2.110860
3517 2.110421
3518 2.109981
3519 2.109541
3520 2.109100
3521 2.108658
3522 2.108217
3523 2.107774
3524 2.107331
3525 2.106888
3526 2.106444
3527 2.106000
3528 2.105555
3529 2.105110
3530 2.104664
3531 2.104217
3532 2.103770
3533 2.103323
3534 2.102875
3535 2.102427
3536 2.101978
3537 2.101528
3538 2.101078
3539 2.100628
3540 2.100177
3541 2.099726
3542 2.099274
3543 2.098821
3544 2.098368
3545 2.097915
3546 2.097461
3547 2.097007
3548 2.096552
3549 2.096097
3550 2.095641
3551 2.095185
3552 2.094728
3553 2.094271
3554 2.093813
3555 2.093355
3556 2.092896
3557 2.092437
3558 2.091977
3559 2.091517
3560 2.091057
3561 2.090596
3562 2.090134
3563 2.089672
3564 2.089210
3565 2.088747
3566 2.088284
3567 2.087820
3568 2.087356
3569 2.086892
3570 2.086427
3571 2.085961
3572 2.085495
3573 2.085029
3574 2.084562
3575 2.084095
3576 2.083627
3577 2.083159
3578 2.082690
3579 2.082222
3580 2.081752
3581 2.081282
3582 2.080812
3583 2.080342
3584 2.079871
3585 2.079399
3586 2.078928
3587 2.078455
3588 2.077983
3589 2.077510
3590 2.077037
3591 2.076563
3592 2.076089
3593 2.075614
3594 2.075139
3595 2.074664
3596 2.074188
3597 2.073712
3598 2.073236
3599 2.072759
3600 2.072282
3601 2.071805
3602 2.071327
3603 2.070849
3604 2.070371
3605 2.069892
3606 2.069413
3607 2.068934
3608 2.068454
3609 2.067974
3610 2.067493
3611 2.067013
3612 2.066532
3613 2.066051
3614 2.065569
3615 2.065087
3616 2.064605
3617 2.064123
3618 2.063640
3619 2.063157
3620 2.062674
3621 2.062190
3622 2.061706
3623 2.061222
3624 2.060738
3625 2.060254
3626 2.059769
3627 2.059284
3628 2.058799
3629 2.058313
3630 2.057828
3631 2.057342
3632 2.056856
3633 2.056370
3634 2.055883
3635 2.055397
3636 2.054910
3637 2.054423
3638 2.053936
3639 2.053448
3640 2.052961
3641 2.052473
3642 2.051985
3643 2.051497
3644 2.051009
3645 2.050521
3646 2.050033
3647 2.049544
3648 2.049056
3649 2.048567
3650 2.048079
3651 2.047590
3652 2.047101
3653 2.046612
3654 2.046123
3655 2.045634
3656 2.045145
3657 2.044655
3658 2.044166
3659 2.043677
3660 2.043188
3661 2.042698
3662 2.042209
3663 2.041720
3664 2.041230
3665 2.040741
3666 2.040252
3667 2.039763
3668 2.039273
3669 2.038784
3670 2.038295
3671 2.037806
3672 2.037317
3673 2.036828
3674 2.036339
3675 2.035851
3676 2.035362
3677 2.034873
3678 2.034385
3679 2.033897
3680 2.033409
3681 2.032921
3682 2.032433
3683 2.031945
3684 2.031458
3685 2.030970
3686 2.030483
3687 2.029996
3688 2.029509
3689 2.029023
3690 2.028537
3691 2.028051
3692 2.027565
3693 2.027079
3694 2.026594
3695 2.026109
3696 2.025624
3697 2.025140
3698 2.024656
3699 2.024172
3700 2.023688
3701 2.023205
3702 2.022723
3703 2.022240
3704 2.021758
3705 2.021276
3706 2.020795
3707 2.020314
3708 2.019834
3709 2.019354
3710 2.018874
3711 2.018395
3712 2.017916
3713 2.017438
3714 2.016960
3715 2.016483
3716 2.016006
3717 2.015530
3718 2.015054
3719 2.014579
3720 2.014104
3721 2.013630
3722 2.013156
3723 2.012683
3724 2.012211
3725 2.011739
3726 2.011268
3727 2.010798
3728 2.010328
3729 2.009859
3730 2.009390
3731 2.008922
3732 2.008455
3733 2.007989
3734 2.007523
3735 2.007058
3736 2.006594
3737 2.006130
3738 2.005667
3739 2.005206
3740 2.004744
3741 2.004284
3742 2.003825
3743 2.003366
3744 2.002908
3745 2.002451
3746 2.001995
3747 2.001540
3748 2.001086
3749 2.000633
3750 2.000180
3751 1.999729
3752 1.999279
3753 1.998829
3754 1.998381
3755 1.997933
3756 1.997487
3757 1.997042
3758 1.996597
3759 1.996154
3760 1.995712
3761 1.995271
3762 1.994831
3763 1.994392
3764 1.993955
3765 1.993518
3766 1.993083
3767 1.992649
3768 1.992216
3769 1.991785
3770 1.991354
3771 1.990925
3772 1.990497
3773 1.990071
3774 1.989646
3775 1.989222
3776 1.988799
3777 1.988378
3778 1.987959
3779 1.987540
3780 1.987123
3781 1.986708
3782 1.986294
3783 1.985881
3784 1.985470
3785 1.985061
3786 1.984653
3787 1.984246
3788 1.983841
3789 1.983438
3790 1.983036
3791 1.982636
3792 1.982238
3793 1.981841
3794 1.981446
3795 1.981052
3796 1.980661
3797 1.980271
3798 1.979882
3799 1.979496
3800 1.979111
3801 1.978728
3802 1.978347
3803 1.977968
3804 1.977591
3805 1.977215
3806 1.976842
3807 1.976470
3808 1.976101
3809 1.975733
3810 1.975367
3811 1.975004
3812 1.974642
3813 1.974283
3814 1.973925
3815 1.973570
3816 1.973216
3817 1.972865
3818 1.972516
3819 1.972170
3820 1.971825
3821 1.971483
3822 1.971143
3823 1.970805
3824 1.970469
3825 1.970136
3826 1.969805
3827 1.969477
3828 1.969151
3829 1.968827
3830 1.968506
3831 1.968187
3832 1.967870
3833 1.967557
3834 1.967245
3835 1.966936
3836 1.966630
3837 1.966327
3838 1.966026
3839 1.965727
3840 1.965431
3841 1.965138
3842 1.964848
3843 1.964560
3844 1.964275
3845 1.963993
3846 1.963714
3847 1.963437
3848 1.963164
3849 1.962893
3850 1.962625
3851 1.962360
3852 1.962098
3853 1.961839
3854 1.961583
3855 1.961330
3856 1.961080
3857 1.960832
3858 1.960588
3859 1.960348
3860 1.960110
3861 1.959875
3862 1.959644
3863 1.959415
3864 1.959190
3865 1.958968
3866 1.958750
3867 1.958534
3868 1.958322
3869 1.958113
3870 1.957908
3871 1.957706
3872 1.957507
3873 1.957312
3874 1.957120
3875 1.956931
3876 1.956746
3877 1.956565
3878 1.956386
3879 1.956212
3880 1.956041
3881 1.955873
3882 1.955709
3883 1.955549
3884 1.955392
3885 1.955238
3886 1.955089
3887 1.954943
3888 1.954800
3889 1.954661
3890 1.954526
3891 1.954395
3892 1.954267
3893 1.954143
3894 1.954022
3895 1.953906
3896 1.953793
3897 1.953683
3898 1.953578
3899 1.953476
3900 1.953378
3901 1.953284
3902 1.953193
3903 1.953106
3904 1.953023
3905 1.952944
3906 1.952868
3907 1.952796
3908 1.952728
3909 1.952664
3910 1.952603
3911 1.952546
3912 1.952493
3913 1.952444
3914 1.952398
3915 1.952356
3916 1.952317
3917 1.952283
3918 1.952251
3919 1.952224
3920 1.952200
3921 1.952180
3922 1.952163
3923 1.952150
3924 1.952140
3925 1.952134
3926 1.952132
3927 1.952132
3928 1.952137
3929 1.952144
3930 1.952155
3931 1.952170
3932 1.952187
3933 1.952208
3934 1.952232
3935 1.952260
3936 1.952290
3937 1.952324
3938 1.952360
3939 1.952400
3940 1.952443
3941 1.952488
3942 1.952537
3943 1.952588
3944 1.952642
3945 1.952698
3946 1.952758
3947 1.952820
3948 1.952884
3949 1.952951
3950 1.953020
3951 1.953092
3952 1.953166
3953 1.953242
3954 1.953320
3955 1.953401
3956 1.953483
3957 1.953567
3958 1.953654
3959 1.953742
3960 1.953831
3961 1.953922
3962 1.954015
3963 1.954109
3964 1.954205
3965 1.954302
3966 1.954400
3967 1.954499
3968 1.954599
3969 1.954701
3970 1.954803
3971 1.954905
3972 1.955009
3973 1.955113
3974 1.955217
3975 1.955322
3976 1.955428
3977 1.955533
3978 1.955639
3979 1.955744
3980 1.955850
3981 1.955955
3982 1.956060
3983 1.956164
3984 1.956269
3985 1.956372
3986 1.956475
3987 1.956577
3988 1.956678
3989 1.956778
3990 1.956878
3991 1.956976
3992 1.957072
3993 1.957168
3994 1.957262
3995 1.957354
3996 1.957444
3997 1.957533
3998 1.957620
3999 1.957705
4000 1.957788
4001 1.957869
4002 1.957948
4003 1.958024
4004 1.958098
4005 1.958169
4006 1.958238
4007 1.958304
4008 1.958367
4009 1.958427
4010 1.958485
4011 1.958539
4012 1.958590
4013 1.958638
4014 1.958683
4015 1.958724
4016 1.958762
4017 1.958796
4018 1.958827
4019 1.958854
4020 1.958877
4021 1.958896
4022 1.958912
4023 1.958923
4024 1.958931
4025 1.958934
4026 1.958933
4027 1.958928
4028 1.958919
4029 1.958905
4030 1.958887
4031 1.958865
4032 1.958838
4033 1.958806
4034 1.958770
4035 1.958729
4036 1.958684
4037 1.958633
4038 1.958578
4039 1.958518
4040 1.958453
4041 1.958384
4042 1.958309
4043 1.958230
4044 1.958145
4045 1.958055
4046 1.957961
4047 1.957861
4048 1.957756
4049 1.957646
4050 1.957530
4051 1.957410
4052 1.957284
4053 1.957154
4054 1.957017
4055 1.956876
4056 1.956730
4057 1.956578
4058 1.956421
4059 1.956258
4060 1.956090
4061 1.955917
4062 1.955739
4063 1.955556
4064 1.955367
4065 1.955172
4066 1.954973
4067 1.954768
4068 1.954558
4069 1.954343
4070 1.954122
4071 1.953896
4072 1.953665
4073 1.953428
4074 1.953186
4075 1.952940
4076 1.952687
4077 1.952430
4078 1.952167
4079 1.951900
4080 1.951627
4081 1.951349
4082 1.951066
4083 1.950777
4084 1.950484
4085 1.950185
4086 1.949882
4087 1.949573
4088 1.949260
4089 1.948941
4090 1.948618
4091 1.948290
4092 1.947956
4093 1.947618
4094 1.947275
4095 1.946927
4096 1.946575
4097 1.946217
4098 1.945855
4099 1.945488
4100 1.945116
4101 1.944740
4102 1.944359
4103 1.943974
4104 1.943583
4105 1.943189
4106 1.942789
4107 1.942386
4108 1.941977
4109 1.941565
4110 1.941148
4111 1.940726
4112 1.940300
4113 1.939870
4114 1.939436
4115 1.938997
4116 1.938554
4117 1.938107
4118 1.937656
4119 1.937200
4120 1.936740
4121 1.936277
4122 1.935809
4123 1.935337
4124 1.934861
4125 1.934382
4126 1.933898
4127 1.933410
4128 1.932919
4129 1.932424
4130 1.931924
4131 1.931421
4132 1.930915
4133 1.930404
4134 1.929890
4135 1.929372
4136 1.928851
4137 1.928326
4138 1.927797
4139 1.927265
4140 1.926729
4141 1.926190
4142 1.925647
4143 1.925101
4144 1.924551
4145 1.923998
4146 1.923442
4147 1.922882
4148 1.922319
4149 1.921753
4150 1.921183
4151 1.920610
4152 1.920034
4153 1.919455
4154 1.918873
4155 1.918287
4156 1.917698
4157 1.917107
4158 1.916512
4159 1.915914
4160 1.915314
4161 1.914710
4162 1.914103
4163 1.913494
4164 1.912881
4165 1.912266
4166 1.911648
4167 1.911027
4168 1.910403
4169 1.909776
4170 1.909147
4171 1.908515
4172 1.907880
4173 1.907243
4174 1.906603
4175 1.905960
4176 1.905315
4177 1.904667
4178 1.904016
4179 1.903363
4180 1.902708
4181 1.902050
4182 1.901389
4183 1.900727
4184 1.900061
4185 1.899393
4186 1.898723
4187 1.898051
4188 1.897376
4189 1.896699
4190 1.896020
4191 1.895338
4192 1.894654
4193 1.893968
4194 1.893280
4195 1.892590
4196 1.891897
4197 1.891202
4198 1.890505
4199 1.889806
4200 1.889105
4201 1.888402
4202 1.887697
4203 1.886990
4204 1.886281
4205 1.885570
4206 1.884857
4207 1.884143
4208 1.883426
4209 1.882707
4210 1.881987
4211 1.881264
4212 1.880540
4213 1.879814
4214 1.879087
4215 1.878357
4216 1.877626
4217 1.876893
4218 1.876159
4219 1.875423
4220 1.874685
4221 1.873945
4222 1.873204
4223 1.872461
4224 1.871717
4225 1.870971
4226 1.870224
4227 1.869475
4228 1.868725
4229 1.867973
4230 1.867220
4231 1.866465
4232 1.865709
4233 1.864952
4234 1.864193
4235 1.863433
4236 1.862671
4237 1.861909
4238 1.861145
4239 1.860379
4240 1.859613
4241 1.858845
4242 1.858076
4243 1.857306
4244 1.856534
4245 1.855762
4246 1.854988
4247 1.854213
4248 1.853437
4249 1.852660
4250 1.851882
4251 1.851103
4252 1.850323
4253 1.849542
4254 1.848760
4255 1.847977
4256 1.847193
4257 1.846408
4258 1.845622
4259 1.844836
4260 1.844048
4261 1.843260
4262 1.842470
4263 1.841680
4264 1.840889
4265 1.840098
4266 1.839305
4267 1.838512
4268 1.837718
4269 1.836924
4270 1.836128
4271 1.835332
4272 1.834536
4273 1.833738
4274 1.832940
4275 1.832142
4276 1.831343
4277 1.830543
4278 1.829743
4279 1.828942
4280 1.828140
4281 1.827339
4282 1.826536
4283 1.825733
4284 1.824930
4285 1.824126
4286 1.823322
4287 1.822518
4288 1.821713
4289 1.820907
4290 1.820102
4291 1.819296
4292 1.818489
4293 1.817682
4294 1.816875
4295 1.816068
4296 1.815260
4297 1.814453
4298 1.813645
4299 1.812836
4300 1.812028
4301 1.811219
4302 1.810410
4303 1.809601
4304 1.808792
4305 1.807982
4306 1.807173
4307 1.806363
4308 1.805553
4309 1.804743
4310 1.803933
4311 1.803123
4312 1.802313
4313 1.801503
4314 1.800693
4315 1.799883
4316 1.799073
4317 1.798263
4318 1.797453
4319 1.796643
4320 1.795833
4321 1.795023
4322 1.794213
4323 1.793403
4324 1.792593
4325 1.791784
4326 1.790974
4327 1.790165
4328 1.789356
4329 1.788547
4330 1.787738
4331 1.786929
4332 1.786121
4333 1.785312
4334 1.784504
4335 1.783696
4336 1.782889
4337 1.782081
4338 1.781274
4339 1.780467
4340 1.779661
4341 1.778854
4342 1.778048
4343 1.777243
4344 1.776437
4345 1.775632
4346 1.774827
4347 1.774023
4348 1.773219
4349 1.772415
4350 1.771611
4351 1.770808
4352 1.770006
4353 1.769203
4354 1.768402
4355 1.767600
4356 1.766799
4357 1.765998
4358 1.765198
4359 1.764398
4360 1.763599
4361 1.762800
4362 1.762002
4363 1.761204
4364 1.760406
4365 1.759609
4366 1.758813
4367 1.758017
4368 1.757221
4369 1.756426
4370 1.755631
4371 1.754837
4372 1.754044
4373 1.753251
4374 1.752458
4375 1.751667
4376 1.750875
4377 1.750084
4378 1.749294
4379 1.748505
4380 1.747716
4381 1.746927
4382 1.746139
4383 1.745352
4384 1.744565
4385 1.743779
4386 1.742993
4387 1.742209
4388 1.741424
4389 1.740641
4390 1.739857
4391 1.739075
4392 1.738293
4393 1.737512
4394 1.736732
4395 1.735952
4396 1.735172
4397 1.734394
4398 1.733616
4399 1.732839
4400 1.732062
4401 1.731286
4402 1.730511
4403 1.729737
4404 1.728963
4405 1.728189
4406 1.727417
4407 1.726645
4408 1.725874
4409 1.725104
4410 1.724334
4411 1.723565
4412 1.722797
4413 1.722029
4414 1.721262
4415 1.720496
4416 1.719731
4417 1.718966
4418 1.718202
4419 1.717439
4420 1.716677
4421 1.715915
4422 1.715154
4423 1.714394
4424 1.713634
4425 1.712875
4426 1.712117
4427 1.711360
4428 1.710604
4429 1.709848
4430 1.709093
4431 1.708339
4432 1.707585
4433 1.706832
4434 1.706080
4435 1.705329
4436 1.704579
4437 1.703829
4438 1.703080
4439 1.702332
4440 1.701585
4441 1.700839
4442 1.700093
4443 1.699348
4444 1.698604
4445 1.697860
4446 1.697118
4447 1.696376
4448 1.695635
4449 1.694895
4450 1.694156
4451 1.693417
4452 1.692679
4453 1.691942
4454 1.691206
4455 1.690470
4456 1.689736
4457 1.689002
4458 1.688269
4459 1.687537
4460 1.686806
4461 1.686075
4462 1.685345
4463 1.684616
4464 1.683888
4465 1.683161
4466 1.682434
4467 1.681709
4468 1.680984
4469 1.680260
4470 1.679536
4471 1.678814
4472 1.678092
4473 1.677371
4474 1.676651
4475 1.675932
4476 1.675214
4477 1.674496
4478 1.673780
4479 1.673064
4480 1.672349
4481 1.671634
4482 1.670921
4483 1.670208
4484 1.669497
4485 1.668786
4486 1.668076
4487 1.667366
4488 1.666658
4489 1.665950
4490 1.665243
4491 1.664537
4492 1.663832
4493 1.663128
4494 1.662424
4495 1.661722
4496 1.661020
4497 1.660319
4498 1.659619
4499 1.658919
4500 1.658221
4501 1.657523
4502 1.656826
4503 1.656130
4504 1.655435
4505 1.654740
4506 1.654047
4507 1.653354
4508 1.652662
4509 1.651971
4510 1.651280
4511 1.650591
4512 1.649902
4513 1.649214
4514 1.648527
4515 1.647841
4516 1.647156
4517 1.646471
4518 1.645788
4519 1.645105
4520 1.644423
4521 1.643741
4522 1.643061
4523 1.642381
4524 1.641703
4525 1.641025
4526 1.640348
4527 1.639671
4528 1.638996
4529 1.638321
4530 1.637647
4531 1.636974
4532 1.636302
4533 1.635630
4534 1.634960
4535 1.634290
4536 1.633621
4537 1.632953
4538 1.632285
4539 1.631619
4540 1.630953
4541 1.630288
4542 1.629624
4543 1.628961
4544 1.628298
4545 1.627637
4546 1.626976
4547 1.626316
4548 1.625656
4549 1.624998
4550 1.624340
4551 1.623683
4552 1.623027
4553 1.622372
4554 1.621718
4555 1.621064
4556 1.620411
4557 1.619759
4558 1.619108
4559 1.618457
4560 1.617807
4561 1.617158
4562 1.616510
4563 1.615863
4564 1.615216
4565 1.614571
4566 1.613926
4567 1.613282
4568 1.612638
4569 1.611996
4570 1.611354
4571 1.610713
4572 1.610072
4573 1.609433
4574 1.608794
4575 1.608156
4576 1.607519
4577 1.606883
4578 1.606247
4579 1.605612
4580 1.604978
4581 1.604345
4582 1.603712
4583 1.603080
4584 1.602449
4585 1.601819
4586 1.601190
4587 1.600561
4588 1.599933
4589 1.599306
4590 1.598679
4591 1.598053
4592 1.597429
4593 1.596804
4594 1.596181
4595 1.595558
4596 1.594936
4597 1.594315
4598 1.593695
4599 1.593075
4600 1.592456
4601 1.591838
4602 1.591220
4603 1.590603
4604 1.589987
4605 1.589372
4606 1.588757
4607 1.588144
4608 1.587531
4609 1.586918
4610 1.586307
4611 1.585696
4612 1.585085
4613 1.584476
4614 1.583867
4615 1.583259
4616 1.582652
4617 1.582045
4618 1.581439
4619 1.580834
4620 1.580230
4621 1.579626
4622 1.579023
4623 1.578421
4624 1.577819
4625 1.577218
4626 1.576618
4627 1.576019
4628 1.575420
4629 1.574822
4630 1.574224
4631 1.573627
4632 1.573031
4633 1.572436
4634 1.571842
4635 1.571248
4636 1.570654
4637 1.570062
4638 1.569470
4639 1.568879
4640 1.568288
4641 1.567698
4642 1.567109
4643 1.566521
4644 1.565933
4645 1.565346
4646 1.564759
4647 1.564173
4648 1.563588
4649 1.563004
4650 1.562420
4651 1.561837
4652 1.561254
4653 1.560672
4654 1.560091
4655 1.559511
4656 1.558931
4657 1.558351
4658 1.557773
4659 1.557195
4660 1.556618
4661 1.556041
4662 1.555465
4663 1.554890
4664 1.554315
4665 1.553741
4666 1.553167
4667 1.552595
4668 1.552023
4669 1.551451
4670 1.550880
4671 1.550310
4672 1.549740
4673 1.549171
4674 1.548603
4675 1.548035
4676 1.547468
4677 1.546901
4678 1.546335
4679 1.545770
4680 1.545206
4681 1.544641
4682 1.544078
4683 1.543515
4684 1.542953
4685 1.542391
4686 1.541830
4687 1.541270
4688 1.540710
4689 1.540151
4690 1.539592
4691 1.539034
4692 1.538477
4693 1.537920
4694 1.537364
4695 1.536808
4696 1.536253
4697 1.535699
4698 1.535145
4699 1.534592
4700 1.534039
4701 1.533487
4702 1.532935
4703 1.532384
4704 1.531834
4705 1.531284
4706 1.530735
4707 1.530186
4708 1.529638
4709 1.529091
4710 1.528544
4711 1.527997
4712 1.527451
4713 1.526906
4714 1.526362
4715 1.525817
4716 1.525274
4717 1.524731
4718 1.524189
4719 1.523647
4720 1.523105
4721 1.522565
4722 1.522024
4723 1.521485
4724 1.520946
4725 1.520407
4726 1.519869
4727 1.519332
4728 1.518795
4729 1.518258
4730 1.517722
4731 1.517187
4732 1.516652
4733 1.516118
4734 1.515585
4735 1.515051
4736 1.514519
4737 1.513987
4738 1.513455
4739 1.512924
4740 1.512394
4741 1.511864
4742 1.511334
4743 1.510806
4744 1.510277
4745 1.509749
4746 1.509222
4747 1.508695
4748 1.508169
4749 1.507643
4750 1.507118
4751 1.506593
4752 1.506069
4753 1.505546
4754 1.505022
4755 1.504500
4756 1.503978
4757 1.503456
4758 1.502935
4759 1.502414
4760 1.501894
4761 1.501375
4762 1.500856
4763 1.500337
4764 1.499819
4765 1.499302
4766 1.498785
4767 1.498268
4768 1.497752
4769 1.497237
4770 1.496722
4771 1.496207
4772 1.495693
4773 1.495180
4774 1.494667
4775 1.494154
4776 1.493642
4777 1.493131
4778 1.492620
4779 1.492109
4780 1.491599
4781 1.491089
4782 1.490580
4783 1.490072
4784 1.489564
4785 1.489056
4786 1.488549
4787 1.488043
4788 1.487537
4789 1.487031
4790 1.486526
4791 1.486021
4792 1.485517
4793 1.485013
4794 1.484510
4795 1.484008
4796 1.483505
4797 1.483004
4798 1.482503
4799 1.482002
4800 1.481502
4801 1.481002
4802 1.480503
4803 1.480004
4804 1.479505
4805 1.479008
4806 1.478510
4807 1.478013
4808 1.477517
4809 1.477021
4810 1.476526
4811 1.476031
4812 1.475536
4813 1.475042
4814 1.474549
4815 1.474056
4816 1.473563
4817 1.473071
4818 1.472579
4819 1.472088
4820 1.471598
4821 1.471107
4822 1.470618
4823 1.470129
4824 1.469640
4825 1.469151
4826 1.468664
4827 1.468176
4828 1.467689
4829 1.467203
4830 1.466717
4831 1.466232
4832 1.465747
4833 1.465262
4834 1.464778
4835 1.464295
4836 1.463811
4837 1.463329
4838 1.462847
4839 1.462365
4840 1.461884
4841 1.461403
4842 1.460923
4843 1.460443
4844 1.459964
4845 1.459485
4846 1.459006
4847 1.458528
4848 1.458051
4849 1.457574
4850 1.457097
4851 1.456621
4852 1.456145
4853 1.455670
4854 1.455195
4855 1.454721
4856 1.454247
4857 1.453774
4858 1.453301
4859 1.452829
4860 1.452357
4861 1.451885
4862 1.451414
4863 1.450944
4864 1.450473
4865 1.450004
4866 1.449535
4867 1.449066
4868 1.448597
4869 1.448129
4870 1.447662
4871 1.447195
4872 1.446729
4873 1.446262
4874 1.445797
4875 1.445332
4876 1.444867
4877 1.444403
4878 1.443939
4879 1.443475
4880 1.443012
4881 1.442550
4882 1.442088
4883 1.441626
4884 1.441165
4885 1.440704
4886 1.440244
4887 1.439784
4888 1.439324
4889 1.438865
4890 1.438406
4891 1.437948
4892 1.437490
4893 1.437033
4894 1.436576
4895 1.436120
4896 1.435664
4897 1.435208
4898 1.434753
4899 1.434298
4900 1.433843
4901 1.433389
4902 1.432936
4903 1.432483
4904 1.432030
4905 1.431577
4906 1.431125
4907 1.430674
4908 1.430223
4909 1.429772
4910 1.429321
4911 1.428871
4912 1.428422
4913 1.427973
4914 1.427524
4915 1.427075
4916 1.426627
4917 1.426180
4918 1.425732
4919 1.425285
4920 1.424839
4921 1.424393
4922 1.423947
4923 1.423502
4924 1.423056
4925 1.422612
4926 1.422167
4927 1.421723
4928 1.421280
4929 1.420836
4930 1.420394
4931 1.419951
4932 1.419509
4933 1.419067
4934 1.418625
4935 1.418184
4936 1.417743
4937 1.417303
4938 1.416862
4939 1.416423
4940 1.415983
4941 1.415544
4942 1.415105
4943 1.414666
4944 1.414228
4945 1.413790
4946 1.413352
4947 1.412915
4948 1.412478
4949 1.412041
4950 1.411604
4951 1.411168
4952 1.410732
4953 1.410296
4954 1.409861
4955 1.409426
4956 1.408991
4957 1.408557
4958 1.408122
4959 1.407688
4960 1.407255
4961 1.406821
4962 1.406388
4963 1.405955
4964 1.405522
4965 1.405089
4966 1.404657
4967 1.404225
4968 1.403793
4969 1.403362
4970 1.402930
4971 1.402499
4972 1.402068
4973 1.401638
4974 1.401207
4975 1.400777
4976 1.400347
4977 1.399917
4978 1.399487
4979 1.399058
4980 1.398629
4981 1.398200
4982 1.397771
4983 1.397342
4984 1.396913
4985 1.396485
4986 1.396057
4987 1.395629
4988 1.395201
4989 1.394773
4990 1.394346
4991 1.393918
4992 1.393491
4993 1.393064
4994 1.392637
4995 1.392210
4996 1.391784
4997 1.391357
4998 1.390931
4999 1.390504
