0 34.395589
1 33.823642
2 34.328621
3 34.540946
4 34.654918
5 34.740279
6 34.812970
7 34.870706
8 34.891534
9 34.807348
10 34.509218
11 34.000014
12 33.323611
13 32.317492
14 30.856007
15 29.086184
16 27.289393
17 25.653512
18 24.246677
19 23.052494
20 21.981072
21 20.976617
22 20.044545
23 19.175597
24 18.334230
25 17.485921
26 16.628351
27 15.782825
28 14.964745
29 14.179970
30 13.430450
31 12.715383
32 12.032053
33 11.378288
34 10.754283
35 10.161588
36 9.601066
37 9.072497
38 8.575229
39 8.108542
40 7.671613
41 7.263442
42 6.882847
43 6.528519
44 6.199085
45 5.893159
46 5.609362
47 5.346343
48 5.102776
49 4.877368
50 4.668869
51 4.476074
52 4.297835
53 4.133058
54 3.980710
55 3.839817
56 3.709460
57 3.588780
58 3.476971
59 3.373283
60 3.277017
61 3.187530
62 3.104231
63 3.026576
64 2.954073
65 2.886273
66 2.822771
67 2.763201
68 2.707235
69 2.654576
70 2.604957
71 2.558140
72 2.513909
73 2.472070
74 2.432447
75 2.394883
76 2.359233
77 2.325367
78 2.293167
79 2.262525
80 2.233342
81 2.205527
82 2.178996
83 2.153674
84 2.129489
85 2.106376
86 2.084274
87 2.063127
88 2.042882
89 2.023490
90 2.004906
91 1.987087
92 1.969993
93 1.953586
94 1.937831
95 1.922694
96 1.908145
97 1.894154
98 1.880693
99 1.867735
100 1.855255
101 1.843231
102 1.831639
103 1.820458
104 1.809669
105 1.799252
106 1.789189
107 1.779462
108 1.770056
109 1.760955
110 1.752144
111 1.743609
112 1.735337
113 1.727314
114 1.719529
115 1.711971
116 1.704628
117 1.697491
118 1.690548
119 1.683792
120 1.677212
121 1.670801
122 1.664550
123 1.658453
124 1.652501
125 1.646687
126 1.641006
127 1.635452
128 1.630017
129 1.624698
130 1.619488
131 1.614383
132 1.609378
133 1.604469
134 1.599652
135 1.594923
136 1.590278
137 1.585713
138 1.581227
139 1.576815
140 1.572475
141 1.568204
142 1.563999
143 1.559859
144 1.555782
145 1.551764
146 1.547805
147 1.543903
148 1.540056
149 1.536262
150 1.532520
151 1.528829
152 1.525188
153 1.521595
154 1.518050
155 1.514551
156 1.511097
157 1.507688
158 1.504323
159 1.501001
160 1.497721
161 1.494483
162 1.491286
163 1.488129
164 1.485012
165 1.481935
166 1.478896
167 1.475895
168 1.472932
169 1.470006
170 1.467117
171 1.464264
172 1.461448
173 1.458666
174 1.455920
175 1.453209
176 1.450532
177 1.447888
178 1.445279
179 1.442703
180 1.440159
181 1.437649
182 1.435170
183 1.432724
184 1.430310
185 1.427928
186 1.425576
187 1.423257
188 1.420968
189 1.418710
190 1.416483
191 1.414287
192 1.412121
193 1.409986
194 1.407882
195 1.405808
196 1.403765
197 1.401752
198 1.399771
199 1.397820
200 1.395900
201 1.394012
202 1.392154
203 1.390329
204 1.388535
205 1.386773
206 1.385043
207 1.383346
208 1.381682
209 1.380051
210 1.378453
211 1.376889
212 1.375360
213 1.373864
214 1.372404
215 1.370979
216 1.369590
217 1.368237
218 1.366920
219 1.365640
220 1.364397
221 1.363191
222 1.362024
223 1.360894
224 1.359803
225 1.358751
226 1.357738
227 1.356765
228 1.355831
229 1.354938
230 1.354084
231 1.353272
232 1.352500
233 1.351769
234 1.351080
235 1.350432
236 1.349825
237 1.349260
238 1.348738
239 1.348257
240 1.347818
241 1.347422
242 1.347068
243 1.346756
244 1.346487
245 1.346261
246 1.346077
247 1.345935
248 1.345837
249 1.345781
250 1.345768
251 1.345797
252 1.345869
253 1.345984
254 1.346142
255 1.346343
256 1.346587
257 1.346873
258 1.347202
259 1.347575
260 1.347990
261 1.348449
262 1.348950
263 1.349495
264 1.350083
265 1.350715
266 1.351390
267 1.352109
268 1.352872
269 1.353679
270 1.354531
271 1.355426
272 1.356367
273 1.357352
274 1.358382
275 1.359458
276 1.360579
277 1.361747
278 1.362960
279 1.364220
280 1.365527
281 1.366882
282 1.368283
283 1.369733
284 1.371230
285 1.372776
286 1.374371
287 1.376015
288 1.377709
289 1.379452
290 1.381245
291 1.383088
292 1.384982
293 1.386926
294 1.388921
295 1.390967
296 1.393064
297 1.395212
298 1.397411
299 1.399661
300 1.401962
301 1.404313
302 1.406715
303 1.409167
304 1.411668
305 1.414219
306 1.416819
307 1.419466
308 1.422161
309 1.424903
310 1.427690
311 1.430522
312 1.433398
313 1.436317
314 1.439276
315 1.442276
316 1.445315
317 1.448391
318 1.451502
319 1.454648
320 1.457826
321 1.461034
322 1.464271
323 1.467536
324 1.470825
325 1.474138
326 1.477471
327 1.480824
328 1.484193
329 1.487577
330 1.490974
331 1.494381
332 1.497797
333 1.501219
334 1.504645
335 1.508073
336 1.511500
337 1.514925
338 1.518346
339 1.521760
340 1.525166
341 1.528561
342 1.531944
343 1.535312
344 1.538664
345 1.541998
346 1.545312
347 1.548605
348 1.551875
349 1.555120
350 1.558340
351 1.561532
352 1.564695
353 1.567829
354 1.570932
355 1.574003
356 1.577041
357 1.580045
358 1.583015
359 1.585949
360 1.588848
361 1.591709
362 1.594534
363 1.597321
364 1.600070
365 1.602781
366 1.605454
367 1.608087
368 1.610683
369 1.613239
370 1.615756
371 1.618235
372 1.620675
373 1.623076
374 1.625439
375 1.627763
376 1.630049
377 1.632298
378 1.634508
379 1.636682
380 1.638818
381 1.640917
382 1.642980
383 1.645007
384 1.646998
385 1.648953
386 1.650874
387 1.652760
388 1.654611
389 1.656429
390 1.658213
391 1.659964
392 1.661683
393 1.663369
394 1.665023
395 1.666645
396 1.668236
397 1.669797
398 1.671327
399 1.672827
400 1.674297
401 1.675738
402 1.677150
403 1.678533
404 1.679888
405 1.681216
406 1.682515
407 1.683788
408 1.685034
409 1.686253
410 1.687447
411 1.688614
412 1.689756
413 1.690874
414 1.691966
415 1.693034
416 1.694079
417 1.695100
418 1.696097
419 1.697072
420 1.698025
421 1.698955
422 1.699864
423 1.700752
424 1.701619
425 1.702466
426 1.703293
427 1.704100
428 1.704889
429 1.705659
430 1.706411
431 1.707145
432 1.707863
433 1.708564
434 1.709249
435 1.709918
436 1.710573
437 1.711213
438 1.711840
439 1.712454
440 1.713055
441 1.713644
442 1.714222
443 1.714789
444 1.715346
445 1.715894
446 1.716434
447 1.716965
448 1.717489
449 1.718007
450 1.718519
451 1.719025
452 1.719528
453 1.720026
454 1.720522
455 1.721015
456 1.721508
457 1.721999
458 1.722490
459 1.722983
460 1.723477
461 1.723973
462 1.724473
463 1.724976
464 1.725484
465 1.725998
466 1.726518
467 1.727045
468 1.727579
469 1.728122
470 1.728675
471 1.729237
472 1.729810
473 1.730395
474 1.730992
475 1.731602
476 1.732225
477 1.732863
478 1.733517
479 1.734186
480 1.734872
481 1.735575
482 1.736296
483 1.737036
484 1.737796
485 1.738575
486 1.739375
487 1.740197
488 1.741040
489 1.741907
490 1.742796
491 1.743710
492 1.744648
493 1.745611
494 1.746600
495 1.747615
496 1.748657
497 1.749726
498 1.750823
499 1.751949
500 1.753103
501 1.754286
502 1.755500
503 1.756743
504 1.758017
505 1.759321
506 1.760657
507 1.762025
508 1.763424
509 1.764855
510 1.766318
511 1.767814
512 1.769342
513 1.770903
514 1.772496
515 1.774122
516 1.775781
517 1.777473
518 1.779197
519 1.780954
520 1.782743
521 1.784564
522 1.786417
523 1.788302
524 1.790218
525 1.792165
526 1.794143
527 1.796151
528 1.798189
529 1.800257
530 1.802353
531 1.804478
532 1.806630
533 1.808810
534 1.811017
535 1.813250
536 1.815509
537 1.817793
538 1.820101
539 1.822435
540 1.824792
541 1.827172
542 1.829575
543 1.832002
544 1.834451
545 1.836922
546 1.839416
547 1.841932
548 1.844471
549 1.847034
550 1.849620
551 1.852230
552 1.854865
553 1.857525
554 1.860213
555 1.862929
556 1.865675
557 1.868452
558 1.871262
559 1.874108
560 1.876990
561 1.879911
562 1.882874
563 1.885882
564 1.888935
565 1.892038
566 1.895192
567 1.898400
568 1.901664
569 1.904986
570 1.908368
571 1.911811
572 1.915316
573 1.918883
574 1.922511
575 1.926198
576 1.929942
577 1.933737
578 1.937578
579 1.941455
580 1.945360
581 1.949279
582 1.953197
583 1.957098
584 1.960961
585 1.964768
586 1.968496
587 1.972125
588 1.975635
589 1.979007
590 1.982227
591 1.985286
592 1.988176
593 1.990896
594 1.993448
595 1.995838
596 1.998074
597 2.000166
598 2.002124
599 2.003961
600 2.005685
601 2.007309
602 2.008841
603 2.010291
604 2.011666
605 2.012973
606 2.014218
607 2.015409
608 2.016548
609 2.017641
610 2.018693
611 2.019705
612 2.020682
613 2.021626
614 2.022539
615 2.023425
616 2.024284
617 2.025119
618 2.025932
619 2.026723
620 2.027494
621 2.028246
622 2.028980
623 2.029698
624 2.030400
625 2.031087
626 2.031759
627 2.032418
628 2.033064
629 2.033698
630 2.034320
631 2.034931
632 2.035531
633 2.036121
634 2.036700
635 2.037271
636 2.037832
637 2.038384
638 2.038928
639 2.039463
640 2.039991
641 2.040511
642 2.041023
643 2.041529
644 2.042027
645 2.042519
646 2.043004
647 2.043482
648 2.043955
649 2.044421
650 2.044882
651 2.045336
652 2.045785
653 2.046229
654 2.046667
655 2.047100
656 2.047528
657 2.047950
658 2.048368
659 2.048780
660 2.049188
661 2.049591
662 2.049988
663 2.050382
664 2.050770
665 2.051154
666 2.051533
667 2.051907
668 2.052277
669 2.052642
670 2.053002
671 2.053358
672 2.053709
673 2.054056
674 2.054397
675 2.054734
676 2.055067
677 2.055394
678 2.055717
679 2.056035
680 2.056348
681 2.056656
682 2.056959
683 2.057258
684 2.057551
685 2.057839
686 2.058122
687 2.058400
688 2.058672
689 2.058940
690 2.059202
691 2.059459
692 2.059710
693 2.059956
694 2.060196
695 2.060431
696 2.060660
697 2.060884
698 2.061102
699 2.061314
700 2.061521
701 2.061722
702 2.061917
703 2.062107
704 2.062290
705 2.062468
706 2.062640
707 2.062806
708 2.062967
709 2.063121
710 2.063270
711 2.063413
712 2.063551
713 2.063682
714 2.063808
715 2.063928
716 2.064043
717 2.064152
718 2.064255
719 2.064354
720 2.064446
721 2.064534
722 2.064616
723 2.064693
724 2.064764
725 2.064831
726 2.064893
727 2.064950
728 2.065002
729 2.065050
730 2.065092
731 2.065131
732 2.065165
733 2.065195
734 2.065221
735 2.065243
736 2.065261
737 2.065275
738 2.065285
739 2.065292
740 2.065295
741 2.065296
742 2.065292
743 2.065286
744 2.065277
745 2.065265
746 2.065251
747 2.065234
748 2.065214
749 2.065192
750 2.065168
751 2.065141
752 2.065113
753 2.065083
754 2.065051
755 2.065017
756 2.064982
757 2.064946
758 2.064908
759 2.064870
760 2.064830
761 2.064789
762 2.064748
763 2.064705
764 2.064663
765 2.064619
766 2.064576
767 2.064532
768 2.064488
769 2.064444
770 2.064400
771 2.064356
772 2.064313
773 2.064270
774 2.064228
775 2.064186
776 2.064145
777 2.064105
778 2.064065
779 2.064027
780 2.063990
781 2.063955
782 2.063921
783 2.063888
784 2.063857
785 2.063828
786 2.063800
787 2.063775
788 2.063752
789 2.063730
790 2.063712
791 2.063695
792 2.063681
793 2.063670
794 2.063662
795 2.063656
796 2.063653
797 2.063654
798 2.063658
799 2.063665
800 2.063675
801 2.063689
802 2.063707
803 2.063729
804 2.063755
805 2.063784
806 2.063818
807 2.063857
808 2.063899
809 2.063946
810 2.063998
811 2.064055
812 2.064117
813 2.064183
814 2.064255
815 2.064332
816 2.064415
817 2.064502
818 2.064596
819 2.064695
820 2.064800
821 2.064911
822 2.065028
823 2.065151
824 2.065281
825 2.065417
826 2.065559
827 2.065707
828 2.065862
829 2.066024
830 2.066192
831 2.066367
832 2.066549
833 2.066738
834 2.066934
835 2.067136
836 2.067345
837 2.067561
838 2.067784
839 2.068014
840 2.068250
841 2.068493
842 2.068743
843 2.068999
844 2.069262
845 2.069531
846 2.069805
847 2.070086
848 2.070373
849 2.070665
850 2.070962
851 2.071264
852 2.071571
853 2.071882
854 2.072197
855 2.072516
856 2.072837
857 2.073161
858 2.073487
859 2.073815
860 2.074144
861 2.074473
862 2.074801
863 2.075128
864 2.075454
865 2.075777
866 2.076096
867 2.076411
868 2.076721
869 2.077024
870 2.077320
871 2.077607
872 2.077885
873 2.078152
874 2.078407
875 2.078649
876 2.078876
877 2.079087
878 2.079280
879 2.079454
880 2.079607
881 2.079737
882 2.079841
883 2.079917
884 2.079961
885 2.079969
886 2.079938
887 2.079861
888 2.079730
889 2.079537
890 2.079270
891 2.078913
892 2.078444
893 2.077836
894 2.077050
895 2.076029
896 2.074691
897 2.072909
898 2.070471
899 2.066990
900 2.061648
901 2.052270
902 2.032096
903 1.805682
904 1.823184
905 2.161155
906 2.108034
907 1.957875
908 1.959309
909 1.815023
910 2.352180
911 2.333956
912 2.326585
913 2.319185
914 2.311562
915 2.303795
916 2.295996
917 2.288357
918 2.281280
919 2.275273
920 2.270372
921 2.266132
922 2.260809
923 2.240222
924 2.183467
925 2.237880
926 2.142701
927 2.261396
928 2.130234
929 2.262252
930 2.083328
931 2.264387
932 2.049100
933 2.216871
934 2.103535
935 2.269291
936 1.968019
937 2.094037
938 2.266213
939 1.949056
940 2.211379
941 2.165898
942 2.250712
943 2.077355
944 2.063673
945 2.090182
946 2.148773
947 2.279163
948 2.218109
949 2.298544
950 2.254190
951 2.305278
952 2.289063
953 2.307811
954 2.307824
955 2.312032
956 2.312407
957 2.311600
958 2.309248
959 2.305750
960 2.301319
961 2.296202
962 2.290635
963 2.284847
964 2.279039
965 2.273357
966 2.267870
967 2.262561
968 2.257354
969 2.252146
970 2.246841
971 2.241376
972 2.235732
973 2.229937
974 2.224064
975 2.218218
976 2.212527
977 2.207124
978 2.202129
979 2.197635
980 2.193704
981 2.190369
982 2.187649
983 2.185552
984 2.184091
985 2.183277
986 2.183116
987 2.183607
988 2.184729
989 2.186443
990 2.188687
991 2.191384
992 2.194438
993 2.197742
994 2.201177
995 2.204620
996 2.207942
997 2.211013
998 2.213706
999 2.215897
1000 2.217474
1001 2.218339
1002 2.218423
1003 2.217688
1004 2.216151
1005 2.213893
1006 2.211070
1007 2.207908
1008 2.204679
1009 2.201662
1010 2.199107
1011 2.197216
1012 2.196151
1013 2.196038
1014 2.196980
1015 2.199056
1016 2.202332
1017 2.206873
1018 2.212761
1019 2.220113
1020 2.229113
1021 2.240026
1022 2.253187
1023 2.268954
1024 2.287624
1025 2.309394
1026 2.334431
1027 2.362789
1028 2.393858
1029 2.426037
1030 2.457616
1031 2.487458
1032 2.515021
1033 2.539899
1034 2.561286
1035 2.578771
1036 2.592584
1037 2.602918
1038 2.609872
1039 2.613295
1040 2.610019
1041 2.577051
1042 2.920317
1043 2.526689
1044 2.546568
1045 2.412630
1046 2.544918
1047 2.484310
1048 2.669136
1049 2.450686
1050 2.464849
1051 2.814773
1052 2.477556
1053 2.558157
1054 2.448552
1055 2.421275
1056 2.456883
1057 2.495756
1058 2.527582
1059 2.550189
1060 2.564406
1061 2.572504
1062 2.576446
1063 2.577749
1064 2.577318
1065 2.575593
1066 2.572804
1067 2.569092
1068 2.564560
1069 2.559283
1070 2.553309
1071 2.546652
1072 2.539292
1073 2.531203
1074 2.522369
1075 2.512820
1076 2.502648
1077 2.492023
1078 2.481175
1079 2.470339
1080 2.459706
1081 2.449387
1082 2.439415
1083 2.429757
1084 2.420333
1085 2.411037
1086 2.401755
1087 2.392380
1088 2.382816
1089 2.372977
1090 2.362794
1091 2.352220
1092 2.341254
1093 2.329972
1094 2.318560
1095 2.307308
1096 2.296561
1097 2.286627
1098 2.277724
1099 2.269974
1100 2.263429
1101 2.258085
1102 2.253896
1103 2.250777
1104 2.248623
1105 2.247314
1106 2.246733
1107 2.246766
1108 2.247310
1109 2.248274
1110 2.249578
1111 2.251157
1112 2.252957
1113 2.254935
1114 2.257061
1115 2.259320
1116 2.261705
1117 2.264222
1118 2.266891
1119 2.269739
1120 2.272805
1121 2.276135
1122 2.279784
1123 2.283808
1124 2.288267
1125 2.293213
1126 2.298687
1127 2.304701
1128 2.311232
1129 2.318201
1130 2.325475
1131 2.332878
1132 2.340217
1133 2.347327
1134 2.354103
1135 2.360509
1136 2.366567
1137 2.372334
1138 2.377884
1139 2.383295
1140 2.388644
1141 2.393995
1142 2.399388
1143 2.404833
1144 2.410305
1145 2.415754
1146 2.421124
1147 2.426372
1148 2.431473
1149 2.436418
1150 2.441208
1151 2.445848
1152 2.450333
1153 2.454659
1154 2.458816
1155 2.462796
1156 2.466599
1157 2.470234
1158 2.473714
1159 2.477054
1160 2.480273
1161 2.483386
1162 2.486407
1163 2.489351
1164 2.492227
1165 2.495044
1166 2.497809
1167 2.500529
1168 2.503207
1169 2.505844
1170 2.508444
1171 2.511004
1172 2.513523
1173 2.515997
1174 2.518421
1175 2.520787
1176 2.523088
1177 2.525312
1178 2.527447
1179 2.529479
1180 2.531394
1181 2.533176
1182 2.534808
1183 2.536276
1184 2.537567
1185 2.538670
1186 2.539581
1187 2.540300
1188 2.540836
1189 2.541209
1190 2.541450
1191 2.541600
1192 2.541708
1193 2.541820
1194 2.541974
1195 2.542190
1196 2.542474
1197 2.542817
1198 2.543209
1199 2.543638
1200 2.544096
1201 2.544575
1202 2.545071
1203 2.545580
1204 2.546098
1205 2.546625
1206 2.547158
1207 2.547697
1208 2.548240
1209 2.548788
1210 2.549340
1211 2.549897
1212 2.550457
1213 2.551023
1214 2.551593
1215 2.552168
1216 2.552748
1217 2.553334
1218 2.553926
1219 2.554524
1220 2.555129
1221 2.555741
1222 2.556360
1223 2.556987
1224 2.557622
1225 2.558264
1226 2.558915
1227 2.559575
1228 2.560243
1229 2.560919
1230 2.561604
1231 2.562297
1232 2.562997
1233 2.563705
1234 2.564420
1235 2.565141
1236 2.565867
1237 2.566598
1238 2.567332
1239 2.568069
1240 2.568807
1241 2.569545
1242 2.570284
1243 2.571022
1244 2.571760
1245 2.572497
1246 2.573234
1247 2.573971
1248 2.574709
1249 2.575451
1250 2.576198
1251 2.576951
1252 2.577714
1253 2.578489
1254 2.579281
1255 2.580094
1256 2.580933
1257 2.581804
1258 2.582712
1259 2.583659
1260 2.584638
1261 2.585606
1262 2.586417
1263 2.586538
1264 2.583529
1265 2.571946
1266 1.628136
1267 2.171512
1268 2.638251
1269 1.780539
1270 3.116822
1271 3.108505
1272 3.306249
1273 3.227435
1274 2.775500
1275 2.569442
1276 2.548432
1277 2.530952
1278 2.522210
1279 2.518815
1280 2.518711
1281 2.520435
1282 2.523011
1283 2.525861
1284 2.528707
1285 2.531449
1286 2.534071
1287 2.536586
1288 2.539017
1289 2.541388
1290 2.543717
1291 2.546021
1292 2.548311
1293 2.550596
1294 2.552882
1295 2.555172
1296 2.557468
1297 2.559771
1298 2.562078
1299 2.564389
1300 2.566699
1301 2.569005
1302 2.571304
1303 2.573590
1304 2.575858
1305 2.578104
1306 2.580322
1307 2.582506
1308 2.584650
1309 2.586750
1310 2.588798
1311 2.590789
1312 2.592718
1313 2.594578
1314 2.596363
1315 2.598069
1316 2.599689
1317 2.601219
1318 2.602653
1319 2.603987
1320 2.605216
1321 2.606337
1322 2.607347
1323 2.608242
1324 2.609022
1325 2.609683
1326 2.610227
1327 2.610652
1328 2.610960
1329 2.611152
1330 2.611230
1331 2.611197
1332 2.611058
1333 2.610815
1334 2.610474
1335 2.610040
1336 2.609518
1337 2.608915
1338 2.608235
1339 2.607486
1340 2.606673
1341 2.605803
1342 2.604882
1343 2.603915
1344 2.602909
1345 2.601870
1346 2.600802
1347 2.599711
1348 2.598601
1349 2.597478
1350 2.596345
1351 2.595207
1352 2.594066
1353 2.592927
1354 2.591792
1355 2.590665
1356 2.589547
1357 2.588441
1358 2.587349
1359 2.586273
1360 2.585214
1361 2.584174
1362 2.583153
1363 2.582154
1364 2.581176
1365 2.580221
1366 2.579288
1367 2.578380
1368 2.577494
1369 2.576633
1370 2.575797
1371 2.574984
1372 2.574196
1373 2.573432
1374 2.572692
1375 2.571976
1376 2.571284
1377 2.570615
1378 2.569969
1379 2.569345
1380 2.568744
1381 2.568165
1382 2.567607
1383 2.567070
1384 2.566554
1385 2.566058
1386 2.565581
1387 2.565124
1388 2.564685
1389 2.564263
1390 2.563860
1391 2.563473
1392 2.563103
1393 2.562748
1394 2.562409
1395 2.562085
1396 2.561775
1397 2.561479
1398 2.561196
1399 2.560926
1400 2.560668
1401 2.560422
1402 2.560187
1403 2.559964
1404 2.559750
1405 2.559546
1406 2.559352
1407 2.559167
1408 2.558990
1409 2.558821
1410 2.558660
1411 2.558507
1412 2.558360
1413 2.558219
1414 2.558085
1415 2.557956
1416 2.557833
1417 2.557715
1418 2.557601
1419 2.557491
1420 2.557386
1421 2.557284
1422 2.557185
1423 2.557089
1424 2.556996
1425 2.556906
1426 2.556817
1427 2.556730
1428 2.556645
1429 2.556561
1430 2.556478
1431 2.556395
1432 2.556313
1433 2.556232
1434 2.556150
1435 2.556069
1436 2.555987
1437 2.555904
1438 2.555820
1439 2.555736
1440 2.555650
1441 2.555563
1442 2.555474
1443 2.555384
1444 2.555291
1445 2.555197
1446 2.555100
1447 2.555001
1448 2.554899
1449 2.554795
1450 2.554687
1451 2.554577
1452 2.554463
1453 2.554346
1454 2.554226
1455 2.554102
1456 2.553975
1457 2.553843
1458 2.553708
1459 2.553569
1460 2.553425
1461 2.553278
1462 2.553125
1463 2.552969
1464 2.552807
1465 2.552641
1466 2.552470
1467 2.552294
1468 2.552114
1469 2.551927
1470 2.551736
1471 2.551539
1472 2.551336
1473 2.551128
1474 2.550914
1475 2.550695
1476 2.550469
1477 2.550237
1478 2.549999
1479 2.549754
1480 2.549503
1481 2.549245
1482 2.548980
1483 2.548708
1484 2.548429
1485 2.548143
1486 2.547850
1487 2.547548
1488 2.547239
1489 2.546922
1490 2.546596
1491 2.546262
1492 2.545920
1493 2.545568
1494 2.545207
1495 2.544837
1496 2.544457
1497 2.544067
1498 2.543667
1499 2.543257
1500 2.542835
1501 2.542403
1502 2.541958
1503 2.541502
1504 2.541034
1505 2.540553
1506 2.540058
1507 2.539550
1508 2.539028
1509 2.538491
1510 2.537939
1511 2.537372
1512 2.536789
1513 2.536188
1514 2.535570
1515 2.534935
1516 2.534280
1517 2.533607
1518 2.532913
1519 2.532198
1520 2.531462
1521 2.530703
1522 2.529921
1523 2.529115
1524 2.528284
1525 2.527426
1526 2.526542
1527 2.525630
1528 2.524689
1529 2.523719
1530 2.522717
1531 2.521682
1532 2.520615
1533 2.519513
1534 2.518375
1535 2.517201
1536 2.515989
1537 2.514737
1538 2.513444
1539 2.512110
1540 2.510733
1541 2.509312
1542 2.507845
1543 2.506332
1544 2.504770
1545 2.503160
1546 2.501499
1547 2.499788
1548 2.498024
1549 2.496207
1550 2.494337
1551 2.492412
1552 2.490432
1553 2.488397
1554 2.486307
1555 2.484161
1556 2.481960
1557 2.479704
1558 2.477393
1559 2.475030
1560 2.472614
1561 2.470147
1562 2.467631
1563 2.465068
1564 2.462460
1565 2.459808
1566 2.457116
1567 2.454386
1568 2.451621
1569 2.448823
1570 2.445996
1571 2.443141
1572 2.440262
1573 2.437361
1574 2.434440
1575 2.431500
1576 2.428545
1577 2.425574
1578 2.422590
1579 2.419592
1580 2.416580
1581 2.413555
1582 2.410516
1583 2.407462
1584 2.404391
1585 2.401302
1586 2.398193
1587 2.395060
1588 2.391903
1589 2.388716
1590 2.385498
1591 2.382243
1592 2.378949
1593 2.375611
1594 2.372224
1595 2.368783
1596 2.365284
1597 2.361719
1598 2.358084
1599 2.354370
1600 2.350571
1601 2.346677
1602 2.342678
1603 2.338562
1604 2.334312
1605 2.329910
1606 2.325332
1607 2.320547
1608 2.315516
1609 2.310190
1610 2.304511
1611 2.298405
1612 2.291788
1613 2.284560
1614 2.276609
1615 2.267808
1616 2.258019
1617 2.247082
1618 2.234818
1619 2.221022
1620 2.205457
1621 2.187860
1622 2.167971
1623 2.145614
1624 2.120862
1625 2.094346
1626 2.067609
1627 2.043136
1628 2.023481
1629 2.009723
1630 2.000923
1631 1.995288
1632 1.991415
1633 1.988534
1634 1.986264
1635 1.984410
1636 1.982863
1637 1.981552
1638 1.980430
1639 1.979463
1640 1.978624
1641 1.977891
1642 1.977250
1643 1.976685
1644 1.976185
1645 1.975742
1646 1.975346
1647 1.974992
1648 1.974674
1649 1.974387
1650 1.974125
1651 1.973887
1652 1.973669
1653 1.973467
1654 1.973280
1655 1.973105
1656 1.972941
1657 1.972787
1658 1.972640
1659 1.972500
1660 1.972365
1661 1.972235
1662 1.972109
1663 1.971986
1664 1.971866
1665 1.971748
1666 1.971631
1667 1.971516
1668 1.971402
1669 1.971288
1670 1.971175
1671 1.971062
1672 1.970949
1673 1.970836
1674 1.970723
1675 1.970610
1676 1.970497
1677 1.970383
1678 1.970268
1679 1.970154
1680 1.970039
1681 1.969924
1682 1.969808
1683 1.969692
1684 1.969576
1685 1.969460
1686 1.969344
1687 1.969228
1688 1.969112
1689 1.968996
1690 1.968880
1691 1.968764
1692 1.968649
1693 1.968535
1694 1.968421
1695 1.968308
1696 1.968196
1697 1.968085
1698 1.967975
1699 1.967866
1700 1.967758
1701 1.967652
1702 1.967547
1703 1.967445
1704 1.967343
1705 1.967244
1706 1.967147
1707 1.967053
1708 1.966960
1709 1.966871
1710 1.966783
1711 1.966699
1712 1.966617
1713 1.966539
1714 1.966464
1715 1.966392
1716 1.966324
1717 1.966259
1718 1.966198
1719 1.966141
1720 1.966088
1721 1.966040
1722 1.965996
1723 1.965956
1724 1.965922
1725 1.965892
1726 1.965867
1727 1.965848
1728 1.965834
1729 1.965825
1730 1.965822
1731 1.965826
1732 1.965835
1733 1.965851
1734 1.965873
1735 1.965902
1736 1.965938
1737 1.965981
1738 1.966031
1739 1.966088
1740 1.966154
1741 1.966227
1742 1.966308
1743 1.966397
1744 1.966495
1745 1.966602
1746 1.966718
1747 1.966842
1748 1.966976
1749 1.967120
1750 1.967274
1751 1.967437
1752 1.967611
1753 1.967796
1754 1.967991
1755 1.968197
1756 1.968415
1757 1.968644
1758 1.968886
1759 1.969139
1760 1.969404
1761 1.969683
1762 1.969974
1763 1.970279
1764 1.970597
1765 1.970929
1766 1.971275
1767 1.971635
1768 1.972011
1769 1.972401
1770 1.972807
1771 1.973229
1772 1.973666
1773 1.974120
1774 1.974591
1775 1.975079
1776 1.975585
1777 1.976108
1778 1.976650
1779 1.977210
1780 1.977789
1781 1.978387
1782 1.979005
1783 1.979644
1784 1.980302
1785 1.980982
1786 1.981683
1787 1.982406
1788 1.983151
1789 1.983918
1790 1.984709
1791 1.985523
1792 1.986361
1793 1.987223
1794 1.988110
1795 1.989022
1796 1.989959
1797 1.990923
1798 1.991913
1799 1.992930
1800 1.993974
1801 1.995046
1802 1.996146
1803 1.997274
1804 1.998432
1805 1.999619
1806 2.000835
1807 2.002082
1808 2.003359
1809 2.004667
1810 2.006006
1811 2.007376
1812 2.008779
1813 2.010213
1814 2.011679
1815 2.013178
1816 2.014709
1817 2.016273
1818 2.017870
1819 2.019499
1820 2.021162
1821 2.022858
1822 2.024586
1823 2.026348
1824 2.028142
1825 2.029968
1826 2.031827
1827 2.033717
1828 2.035639
1829 2.037592
1830 2.039576
1831 2.041589
1832 2.043632
1833 2.045703
1834 2.047803
1835 2.049929
1836 2.052082
1837 2.054260
1838 2.056462
1839 2.058687
1840 2.060934
1841 2.063201
1842 2.065488
1843 2.067794
1844 2.070115
1845 2.072453
1846 2.074804
1847 2.077167
1848 2.079542
1849 2.081926
1850 2.084317
1851 2.086715
1852 2.089117
1853 2.091523
1854 2.093930
1855 2.096337
1856 2.098743
1857 2.101145
1858 2.103543
1859 2.105935
1860 2.108320
1861 2.110696
1862 2.113063
1863 2.115418
1864 2.117760
1865 2.120089
1866 2.122404
1867 2.124703
1868 2.126985
1869 2.129250
1870 2.131497
1871 2.133725
1872 2.135933
1873 2.138120
1874 2.140287
1875 2.142431
1876 2.144554
1877 2.146655
1878 2.148732
1879 2.150787
1880 2.152818
1881 2.154825
1882 2.156808
1883 2.158768
1884 2.160703
1885 2.162614
1886 2.164500
1887 2.166362
1888 2.168200
1889 2.170014
1890 2.171803
1891 2.173568
1892 2.175308
1893 2.177025
1894 2.178718
1895 2.180387
1896 2.182033
1897 2.183655
1898 2.185253
1899 2.186829
1900 2.188382
1901 2.189912
1902 2.191420
1903 2.192905
1904 2.194368
1905 2.195810
1906 2.197230
1907 2.198628
1908 2.200006
1909 2.201362
1910 2.202698
1911 2.204013
1912 2.205308
1913 2.206583
1914 2.207838
1915 2.209074
1916 2.210291
1917 2.211488
1918 2.212667
1919 2.213827
1920 2.214968
1921 2.216091
1922 2.217197
1923 2.218284
1924 2.219355
1925 2.220407
1926 2.221443
1927 2.222462
1928 2.223464
1929 2.224450
1930 2.225419
1931 2.226373
1932 2.227310
1933 2.228232
1934 2.229138
1935 2.230029
1936 2.230905
1937 2.231766
1938 2.232613
1939 2.233444
1940 2.234262
1941 2.235065
1942 2.235854
1943 2.236630
1944 2.237391
1945 2.238140
1946 2.238875
1947 2.239596
1948 2.240305
1949 2.241001
1950 2.241684
1951 2.242355
1952 2.243014
1953 2.243660
1954 2.244294
1955 2.244917
1956 2.245528
1957 2.246127
1958 2.246714
1959 2.247291
1960 2.247856
1961 2.248410
1962 2.248954
1963 2.249487
1964 2.250009
1965 2.250521
1966 2.251022
1967 2.251513
1968 2.251995
1969 2.252466
1970 2.252928
1971 2.253380
1972 2.253822
1973 2.254255
1974 2.254679
1975 2.255094
1976 2.255499
1977 2.255896
1978 2.256284
1979 2.256664
1980 2.257034
1981 2.257397
1982 2.257751
1983 2.258097
1984 2.258434
1985 2.258764
1986 2.259086
1987 2.259400
1988 2.259707
1989 2.260006
1990 2.260297
1991 2.260581
1992 2.260858
1993 2.261128
1994 2.261390
1995 2.261646
1996 2.261895
1997 2.262137
1998 2.262372
1999 2.262601
2000 2.262823
2001 2.263039
2002 2.263249
2003 2.263452
2004 2.263649
2005 2.263840
2006 2.264025
2007 2.264205
2008 2.264378
2009 2.264546
2010 2.264708
2011 2.264864
2012 2.265015
2013 2.265161
2014 2.265301
2015 2.265436
2016 2.265565
2017 2.265690
2018 2.265809
2019 2.265924
2020 2.266033
2021 2.266138
2022 2.266238
2023 2.266333
2024 2.266424
2025 2.266509
2026 2.266591
2027 2.266668
2028 2.266740
2029 2.266808
2030 2.266872
2031 2.266932
2032 2.266987
2033 2.267038
2034 2.267086
2035 2.267129
2036 2.267168
2037 2.267203
2038 2.267235
2039 2.267263
2040 2.267286
2041 2.267307
2042 2.267323
2043 2.267336
2044 2.267346
2045 2.267351
2046 2.267354
2047 2.267353
2048 2.267349
2049 2.267341
2050 2.267330
2051 2.267316
2052 2.267298
2053 2.267278
2054 2.267254
2055 2.267227
2056 2.267197
2057 2.267164
2058 2.267128
2059 2.267090
2060 2.267048
2061 2.267004
2062 2.266956
2063 2.266906
2064 2.266853
2065 2.266798
2066 2.266739
2067 2.266678
2068 2.266615
2069 2.266549
2070 2.266480
2071 2.266409
2072 2.266335
2073 2.266259
2074 2.266180
2075 2.266099
2076 2.266016
2077 2.265930
2078 2.265842
2079 2.265752
2080 2.265659
2081 2.265564
2082 2.265467
2083 2.265368
2084 2.265266
2085 2.265163
2086 2.265057
2087 2.264949
2088 2.264839
2089 2.264727
2090 2.264613
2091 2.264498
2092 2.264380
2093 2.264260
2094 2.264138
2095 2.264014
2096 2.263888
2097 2.263761
2098 2.263631
2099 2.263500
2100 2.263367
2101 2.263232
2102 2.263096
2103 2.262957
2104 2.262817
2105 2.262675
2106 2.262531
2107 2.262386
2108 2.262239
2109 2.262090
2110 2.261940
2111 2.261788
2112 2.261635
2113 2.261480
2114 2.261323
2115 2.261165
2116 2.261005
2117 2.260843
2118 2.260680
2119 2.260516
2120 2.260350
2121 2.260183
2122 2.260014
2123 2.259844
2124 2.259672
2125 2.259499
2126 2.259324
2127 2.259148
2128 2.258971
2129 2.258792
2130 2.258612
2131 2.258430
2132 2.258247
2133 2.258063
2134 2.257878
2135 2.257691
2136 2.257503
2137 2.257313
2138 2.257123
2139 2.256931
2140 2.256737
2141 2.256543
2142 2.256347
2143 2.256150
2144 2.255952
2145 2.255753
2146 2.255552
2147 2.255350
2148 2.255147
2149 2.254943
2150 2.254738
2151 2.254531
2152 2.254324
2153 2.254115
2154 2.253905
2155 2.253694
2156 2.253482
2157 2.253269
2158 2.253054
2159 2.252839
2160 2.252622
2161 2.252405
2162 2.252186
2163 2.251966
2164 2.251746
2165 2.251524
2166 2.251301
2167 2.251077
2168 2.250852
2169 2.250626
2170 2.250399
2171 2.250171
2172 2.249942
2173 2.249712
2174 2.249481
2175 2.249249
2176 2.249016
2177 2.248782
2178 2.248547
2179 2.248311
2180 2.248074
2181 2.247836
2182 2.247598
2183 2.247358
2184 2.247117
2185 2.246876
2186 2.246633
2187 2.246390
2188 2.246146
2189 2.245900
2190 2.245654
2191 2.245407
2192 2.245159
2193 2.244911
2194 2.244661
2195 2.244410
2196 2.244159
2197 2.243906
2198 2.243653
2199 2.243399
2200 2.243144
2201 2.242889
2202 2.242632
2203 2.242374
2204 2.242116
2205 2.241857
2206 2.241597
2207 2.241336
2208 2.241074
2209 2.240812
2210 2.240549
2211 2.240285
2212 2.240020
2213 2.239754
2214 2.239487
2215 2.239220
2216 2.238952
2217 2.238683
2218 2.238413
2219 2.238143
2220 2.237871
2221 2.237599
2222 2.237326
2223 2.237053
2224 2.236778
2225 2.236503
2226 2.236227
2227 2.235950
2228 2.235673
2229 2.235395
2230 2.235116
2231 2.234836
2232 2.234555
2233 2.234274
2234 2.233992
2235 2.233709
2236 2.233426
2237 2.233142
2238 2.232857
2239 2.232571
2240 2.232285
2241 2.231998
2242 2.231710
2243 2.231421
2244 2.231132
2245 2.230842
2246 2.230551
2247 2.230260
2248 2.229968
2249 2.229675
2250 2.229381
2251 2.229087
2252 2.228792
2253 2.228496
2254 2.228200
2255 2.227903
2256 2.227605
2257 2.227307
2258 2.227008
2259 2.226708
2260 2.226408
2261 2.226106
2262 2.225804
2263 2.225502
2264 2.225199
2265 2.224895
2266 2.224590
2267 2.224285
2268 2.223979
2269 2.223673
2270 2.223365
2271 2.223057
2272 2.222749
2273 2.222440
2274 2.222130
2275 2.221819
2276 2.221508
2277 2.221196
2278 2.220884
2279 2.220570
2280 2.220257
2281 2.219942
2282 2.219627
2283 2.219311
2284 2.218995
2285 2.218678
2286 2.218360
2287 2.218042
2288 2.217722
2289 2.217403
2290 2.217083
2291 2.216762
2292 2.216440
2293 2.216118
2294 2.215795
2295 2.215472
2296 2.215147
2297 2.214823
2298 2.214497
2299 2.214171
2300 2.213845
2301 2.213517
2302 2.213189
2303 2.212861
2304 2.212532
2305 2.212202
2306 2.211872
2307 2.211541
2308 2.211209
2309 2.210877
2310 2.210544
2311 2.210210
2312 2.209876
2313 2.209541
2314 2.209206
2315 2.208870
2316 2.208533
2317 2.208196
2318 2.207858
2319 2.207520
2320 2.207181
2321 2.206841
2322 2.206501
2323 2.206160
2324 2.205818
2325 2.205476
2326 2.205134
2327 2.204790
2328 2.204446
2329 2.204102
2330 2.203756
2331 2.203411
2332 2.203064
2333 2.202717
2334 2.202370
2335 2.202021
2336 2.201672
2337 2.201323
2338 2.200973
2339 2.200622
2340 2.200271
2341 2.199919
2342 2.199567
2343 2.199213
2344 2.198860
2345 2.198505
2346 2.198150
2347 2.197795
2348 2.197439
2349 2.197082
2350 2.196725
2351 2.196367
2352 2.196008
2353 2.195649
2354 2.195289
2355 2.194929
2356 2.194568
2357 2.194206
2358 2.193844
2359 2.193481
2360 2.193118
2361 2.192754
2362 2.192389
2363 2.192024
2364 2.191658
2365 2.191291
2366 2.190924
2367 2.190557
2368 2.190188
2369 2.189819
2370 2.189450
2371 2.189080
2372 2.188709
2373 2.188338
2374 2.187966
2375 2.187593
2376 2.187220
2377 2.186846
2378 2.186472
2379 2.186097
2380 2.185721
2381 2.185345
2382 2.184968
2383 2.184590
2384 2.184212
2385 2.183834
2386 2.183454
2387 2.183074
2388 2.182694
2389 2.182313
2390 2.181931
2391 2.181548
2392 2.181165
2393 2.180782
2394 2.180397
2395 2.180012
2396 2.179627
2397 2.179241
2398 2.178854
2399 2.178467
2400 2.178079
2401 2.177690
2402 2.177301
2403 2.176911
2404 2.176520
2405 2.176129
2406 2.175737
2407 2.175345
2408 2.174952
2409 2.174558
2410 2.174164
2411 2.173769
2412 2.173374
2413 2.172977
2414 2.172581
2415 2.172183
2416 2.171785
2417 2.171386
2418 2.170987
2419 2.170587
2420 2.170186
2421 2.169785
2422 2.169383
2423 2.168980
2424 2.168577
2425 2.168173
2426 2.167769
2427 2.167364
2428 2.166958
2429 2.166551
2430 2.166144
2431 2.165736
2432 2.165328
2433 2.164919
2434 2.164509
2435 2.164099
2436 2.163688
2437 2.163276
2438 2.162864
2439 2.162451
2440 2.162037
2441 2.161623
2442 2.161208
2443 2.160792
2444 2.160376
2445 2.159959
2446 2.159541
2447 2.159123
2448 2.158704
2449 2.158284
2450 2.157864
2451 2.157443
2452 2.157021
2453 2.156599
2454 2.156176
2455 2.155752
2456 2.155328
2457 2.154903
2458 2.154477
2459 2.154051
2460 2.153624
2461 2.153196
2462 2.152767
2463 2.152338
2464 2.151908
2465 2.151478
2466 2.151046
2467 2.150615
2468 2.150182
2469 2.149749
2470 2.149315
2471 2.148880
2472 2.148444
2473 2.148008
2474 2.147572
2475 2.147134
2476 2.146696
2477 2.146257
2478 2.145817
2479 2.145377
2480 2.144936
2481 2.144494
2482 2.144052
2483 2.143608
2484 2.143164
2485 2.142720
2486 2.142274
2487 2.141828
2488 2.141382
2489 2.140934
2490 2.140486
2491 2.140037
2492 2.139587
2493 2.139137
2494 2.138686
2495 2.138234
2496 2.137781
2497 2.137328
2498 2.136874
2499 2.136419
2500 2.135963
2501 2.135507
2502 2.135050
2503 2.134592
2504 2.134134
2505 2.133674
2506 2.133214
2507 2.132754
2508 2.132292
2509 2.131830
2510 2.131367
2511 2.130903
2512 2.130439
2513 2.129973
2514 2.129507
2515 2.129040
2516 2.128573
2517 2.128104
2518 2.127635
2519 2.127165
2520 2.126695
2521 2.126223
2522 2.125751
2523 2.125278
2524 2.124804
2525 2.124330
2526 2.123855
2527 2.123379
2528 2.122902
2529 2.122424
2530 2.121946
2531 2.121467
2532 2.120987
2533 2.120506
2534 2.120024
2535 2.119542
2536 2.119059
2537 2.118575
2538 2.118090
2539 2.117604
2540 2.117118
2541 2.116631
2542 2.116143
2543 2.115654
2544 2.115165
2545 2.114674
2546 2.114183
2547 2.113691
2548 2.113198
2549 2.112705
2550 2.112210
2551 2.111715
2552 2.111219
2553 2.110722
2554 2.110225
2555 2.109726
2556 2.109227
2557 2.108726
2558 2.108225
2559 2.107724
2560 2.107221
2561 2.106718
2562 2.106213
2563 2.105708
2564 2.105202
2565 2.104695
2566 2.104188
2567 2.103679
2568 2.103170
2569 2.102660
2570 2.102148
2571 2.101637
2572 2.101124
2573 2.100610
2574 2.100096
2575 2.099581
2576 2.099064
2577 2.098547
2578 2.098030
2579 2.097511
2580 2.096991
2581 2.096471
2582 2.095950
2583 2.095427
2584 2.094904
2585 2.094380
2586 2.093856
2587 2.093330
2588 2.092804
2589 2.092276
2590 2.091748
2591 2.091219
2592 2.090689
2593 2.090158
2594 2.089626
2595 2.089093
2596 2.088560
2597 2.088025
2598 2.087490
2599 2.086954
2600 2.086417
2601 2.085879
2602 2.085340
2603 2.084800
2604 2.084260
2605 2.083718
2606 2.083176
2607 2.082632
2608 2.082088
2609 2.081543
2610 2.080997
2611 2.080450
2612 2.079902
2613 2.079353
2614 2.078803
2615 2.078253
2616 2.077701
2617 2.077149
2618 2.076595
2619 2.076041
2620 2.075486
2621 2.074930
2622 2.074373
2623 2.073815
2624 2.073256
2625 2.072696
2626 2.072136
2627 2.071574
2628 2.071011
2629 2.070448
2630 2.069883
2631 2.069318
2632 2.068752
2633 2.068185
2634 2.067616
2635 2.067047
2636 2.066477
2637 2.065906
2638 2.065334
2639 2.064761
2640 2.064188
2641 2.063613
2642 2.063037
2643 2.062460
2644 2.061883
2645 2.061304
2646 2.060725
2647 2.060144
2648 2.059563
2649 2.058981
2650 2.058397
2651 2.057813
2652 2.057228
2653 2.056641
2654 2.056054
2655 2.055466
2656 2.054877
2657 2.054287
2658 2.053696
2659 2.053104
2660 2.052511
2661 2.051917
2662 2.051322
2663 2.050726
2664 2.050129
2665 2.049532
2666 2.048933
2667 2.048333
2668 2.047732
2669 2.047130
2670 2.046528
2671 2.045924
2672 2.045319
2673 2.044713
2674 2.044107
2675 2.043499
2676 2.042890
2677 2.042281
2678 2.041670
2679 2.041058
2680 2.040446
2681 2.039832
2682 2.039217
2683 2.038602
2684 2.037985
2685 2.037368
2686 2.036749
2687 2.036129
2688 2.035509
2689 2.034887
2690 2.034264
2691 2.033640
2692 2.033016
2693 2.032390
2694 2.031763
2695 2.031136
2696 2.030507
2697 2.029877
2698 2.029246
2699 2.028614
2700 2.027982
2701 2.027348
2702 2.026713
2703 2.026077
2704 2.025440
2705 2.024802
2706 2.024163
2707 2.023523
2708 2.022882
2709 2.022240
2710 2.021596
2711 2.020952
2712 2.020307
2713 2.019661
2714 2.019013
2715 2.018365
2716 2.017716
2717 2.017065
2718 2.016414
2719 2.015761
2720 2.015107
2721 2.014453
2722 2.013797
2723 2.013140
2724 2.012482
2725 2.011823
2726 2.011163
2727 2.010502
2728 2.009840
2729 2.009177
2730 2.008513
2731 2.007847
2732 2.007181
2733 2.006513
2734 2.005845
2735 2.005175
2736 2.004505
2737 2.003833
2738 2.003160
2739 2.002486
2740 2.001811
2741 2.001135
2742 2.000457
2743 1.999779
2744 1.999099
2745 1.998419
2746 1.997737
2747 1.997054
2748 1.996371
2749 1.995686
2750 1.995000
2751 1.994312
2752 1.993624
2753 1.992935
2754 1.992244
2755 1.991552
2756 1.990859
2757 1.990165
2758 1.989470
2759 1.988774
2760 1.988077
2761 1.987378
2762 1.986679
2763 1.985978
2764 1.985276
2765 1.984573
2766 1.983869
2767 1.983163
2768 1.982457
2769 1.981749
2770 1.981040
2771 1.980330
2772 1.979619
2773 1.978906
2774 1.978193
2775 1.977478
2776 1.976762
2777 1.976045
2778 1.975327
2779 1.974607
2780 1.973886
2781 1.973165
2782 1.972441
2783 1.971717
2784 1.970992
2785 1.970265
2786 1.969537
2787 1.968808
2788 1.968077
2789 1.967346
2790 1.966613
2791 1.965879
2792 1.965143
2793 1.964407
2794 1.963669
2795 1.962930
2796 1.962189
2797 1.961448
2798 1.960705
2799 1.959961
2800 1.959215
2801 1.958468
2802 1.957720
2803 1.956971
2804 1.956220
2805 1.955469
2806 1.954715
2807 1.953961
2808 1.953205
2809 1.952448
2810 1.951689
2811 1.950929
2812 1.950168
2813 1.949406
2814 1.948642
2815 1.947877
2816 1.947110
2817 1.946342
2818 1.945573
2819 1.944803
2820 1.944031
2821 1.943257
2822 1.942482
2823 1.941706
2824 1.940929
2825 1.940150
2826 1.939369
2827 1.938587
2828 1.937804
2829 1.937020
2830 1.936233
2831 1.935446
2832 1.934657
2833 1.933866
2834 1.933074
2835 1.932281
2836 1.931486
2837 1.930690
2838 1.929892
2839 1.929093
2840 1.928292
2841 1.927490
2842 1.926686
2843 1.925880
2844 1.925073
2845 1.924265
2846 1.923455
2847 1.922643
2848 1.921830
2849 1.921016
2850 1.920199
2851 1.919382
2852 1.918562
2853 1.917741
2854 1.916919
2855 1.916094
2856 1.915268
2857 1.914441
2858 1.913612
2859 1.912781
2860 1.911949
2861 1.911115
2862 1.910279
2863 1.909442
2864 1.908603
2865 1.907762
2866 1.906919
2867 1.906075
2868 1.905229
2869 1.904382
2870 1.903533
2871 1.902682
2872 1.901829
2873 1.900974
2874 1.900118
2875 1.899260
2876 1.898400
2877 1.897539
2878 1.896675
2879 1.895810
2880 1.894943
2881 1.894074
2882 1.893204
2883 1.892331
2884 1.891457
2885 1.890581
2886 1.889703
2887 1.888823
2888 1.887942
2889 1.887058
2890 1.886173
2891 1.885285
2892 1.884396
2893 1.883505
2894 1.882612
2895 1.881717
2896 1.880821
2897 1.879922
2898 1.879021
2899 1.878119
2900 1.877214
2901 1.876308
2902 1.875400
2903 1.874489
2904 1.873577
2905 1.872663
2906 1.871747
2907 1.870829
2908 1.869908
2909 1.868986
2910 1.868062
2911 1.867136
2912 1.866208
2913 1.865278
2914 1.864346
2915 1.863412
2916 1.862476
2917 1.861538
2918 1.860599
2919 1.859657
2920 1.858713
2921 1.857767
2922 1.856819
2923 1.855869
2924 1.854917
2925 1.853964
2926 1.853008
2927 1.852050
2928 1.851090
2929 1.850129
2930 1.849165
2931 1.848200
2932 1.847232
2933 1.846263
2934 1.845291
2935 1.844318
2936 1.843343
2937 1.842366
2938 1.841387
2939 1.840406
2940 1.839424
2941 1.838439
2942 1.837453
2943 1.836465
2944 1.835475
2945 1.834483
2946 1.833489
2947 1.832494
2948 1.831497
2949 1.830499
2950 1.829498
2951 1.828496
2952 1.827493
2953 1.826487
2954 1.825481
2955 1.824472
2956 1.823462
2957 1.822451
2958 1.821438
2959 1.820424
2960 1.819408
2961 1.818391
2962 1.817372
2963 1.816353
2964 1.815332
2965 1.814309
2966 1.813286
2967 1.812261
2968 1.811236
2969 1.810209
2970 1.809181
2971 1.808152
2972 1.807123
2973 1.806092
2974 1.805061
2975 1.804029
2976 1.802996
2977 1.801962
2978 1.800928
2979 1.799893
2980 1.798858
2981 1.797822
2982 1.796786
2983 1.795749
2984 1.794713
2985 1.793676
2986 1.792638
2987 1.791601
2988 1.790564
2989 1.789527
2990 1.788489
2991 1.787452
2992 1.786416
2993 1.785379
2994 1.784343
2995 1.783307
2996 1.782272
2997 1.781237
2998 1.780203
2999 1.779170
3000 1.778138
3001 1.777106
3002 1.776075
3003 1.775045
3004 1.774017
3005 1.772989
3006 1.771963
3007 1.770938
3008 1.769914
3009 1.768892
3010 1.767871
3011 1.766851
3012 1.765834
3013 1.764817
3014 1.763803
3015 1.762791
3016 1.761780
3017 1.760771
3018 1.759764
3019 1.758760
3020 1.757757
3021 1.756757
3022 1.755758
3023 1.754763
3024 1.753769
3025 1.752778
3026 1.751789
3027 1.750803
3028 1.749819
3029 1.748838
3030 1.747859
3031 1.746883
3032 1.745910
3033 1.744940
3034 1.743972
3035 1.743007
3036 1.742045
3037 1.741086
3038 1.740129
3039 1.739176
3040 1.738225
3041 1.737278
3042 1.736333
3043 1.735392
3044 1.734453
3045 1.733518
3046 1.732586
3047 1.731656
3048 1.730730
3049 1.729807
3050 1.728887
3051 1.727969
3052 1.727055
3053 1.726145
3054 1.725237
3055 1.724332
3056 1.723430
3057 1.722532
3058 1.721636
3059 1.720743
3060 1.719854
3061 1.718967
3062 1.718084
3063 1.717203
3064 1.716326
3065 1.715451
3066 1.714579
3067 1.713710
3068 1.712844
3069 1.711981
3070 1.711121
3071 1.710264
3072 1.709409
3073 1.708557
3074 1.707708
3075 1.706862
3076 1.706018
3077 1.705177
3078 1.704339
3079 1.703503
3080 1.702669
3081 1.701839
3082 1.701010
3083 1.700185
3084 1.699361
3085 1.698541
3086 1.697722
3087 1.696906
3088 1.696092
3089 1.695280
3090 1.694471
3091 1.693664
3092 1.692859
3093 1.692056
3094 1.691256
3095 1.690457
3096 1.689661
3097 1.688866
3098 1.688074
3099 1.687283
3100 1.686495
3101 1.685708
3102 1.684923
3103 1.684140
3104 1.683359
3105 1.682580
3106 1.681802
3107 1.681026
3108 1.680252
3109 1.679479
3110 1.678708
3111 1.677939
3112 1.677171
3113 1.676404
3114 1.675640
3115 1.674876
3116 1.674114
3117 1.673354
3118 1.672595
3119 1.671837
3120 1.671080
3121 1.670325
3122 1.669571
3123 1.668818
3124 1.668067
3125 1.667317
3126 1.666568
3127 1.665820
3128 1.665073
3129 1.664327
3130 1.663582
3131 1.662839
3132 1.662096
3133 1.661355
3134 1.660614
3135 1.659874
3136 1.659136
3137 1.658398
3138 1.657661
3139 1.656925
3140 1.656189
3141 1.655455
3142 1.654721
3143 1.653988
3144 1.653256
3145 1.652525
3146 1.651794
3147 1.651064
3148 1.650335
3149 1.649606
3150 1.648878
3151 1.648151
3152 1.647424
3153 1.646698
3154 1.645973
3155 1.645248
3156 1.644523
3157 1.643799
3158 1.643076
3159 1.642353
3160 1.641630
3161 1.640908
3162 1.640186
3163 1.639465
3164 1.638744
3165 1.638024
3166 1.637303
3167 1.636584
3168 1.635864
3169 1.635145
3170 1.634427
3171 1.633708
3172 1.632990
3173 1.632272
3174 1.631554
3175 1.630837
3176 1.630120
3177 1.629403
3178 1.628686
3179 1.627970
3180 1.627253
3181 1.626537
3182 1.625821
3183 1.625105
3184 1.624389
3185 1.623674
3186 1.622958
3187 1.622243
3188 1.621527
3189 1.620812
3190 1.620097
3191 1.619382
3192 1.618667
3193 1.617952
3194 1.617236
3195 1.616521
3196 1.615806
3197 1.615091
3198 1.614376
3199 1.613661
3200 1.612946
3201 1.612231
3202 1.611516
3203 1.610801
3204 1.610085
3205 1.609370
3206 1.608654
3207 1.607939
3208 1.607223
3209 1.606507
3210 1.605791
3211 1.605075
3212 1.604359
3213 1.603643
3214 1.602926
3215 1.602210
3216 1.601493
3217 1.600776
3218 1.600059
3219 1.599341
3220 1.598624
3221 1.597906
3222 1.597188
3223 1.596470
3224 1.595752
3225 1.595033
3226 1.594314
3227 1.593595
3228 1.592876
3229 1.592156
3230 1.591437
3231 1.590717
3232 1.589996
3233 1.589276
3234 1.588555
3235 1.587834
3236 1.587112
3237 1.586391
3238 1.585669
3239 1.584946
3240 1.584224
3241 1.583501
3242 1.582778
3243 1.582054
3244 1.581331
3245 1.580607
3246 1.579882
3247 1.579157
3248 1.578432
3249 1.577707
3250 1.576981
3251 1.576255
3252 1.575529
3253 1.574802
3254 1.574075
3255 1.573348
3256 1.572620
3257 1.571892
3258 1.571164
3259 1.570435
3260 1.569706
3261 1.568977
3262 1.568247
3263 1.567517
3264 1.566786
3265 1.566055
3266 1.565324
3267 1.564593
3268 1.563861
3269 1.563129
3270 1.562396
3271 1.561663
3272 1.560930
3273 1.560197
3274 1.559463
3275 1.558728
3276 1.557994
3277 1.557259
3278 1.556524
3279 1.555788
3280 1.555052
3281 1.554316
3282 1.553579
3283 1.552843
3284 1.552105
3285 1.551368
3286 1.550630
3287 1.549892
3288 1.549153
3289 1.548415
3290 1.547676
3291 1.546936
3292 1.546197
3293 1.545457
3294 1.544717
3295 1.543976
3296 1.543236
3297 1.542495
3298 1.541753
3299 1.541012
3300 1.540270
3301 1.539528
3302 1.538786
3303 1.538044
3304 1.537301
3305 1.536558
3306 1.535815
3307 1.535072
3308 1.534329
3309 1.533585
3310 1.532842
3311 1.532098
3312 1.531354
3313 1.530610
3314 1.529865
3315 1.529121
3316 1.528376
3317 1.527632
3318 1.526887
3319 1.526142
3320 1.525398
3321 1.524653
3322 1.523908
3323 1.523163
3324 1.522418
3325 1.521672
3326 1.520927
3327 1.520182
3328 1.519437
3329 1.518692
3330 1.517947
3331 1.517202
3332 1.516457
3333 1.515713
3334 1.514968
3335 1.514223
3336 1.513479
3337 1.512734
3338 1.511990
3339 1.511246
3340 1.510502
3341 1.509758
3342 1.509015
3343 1.508271
3344 1.507528
3345 1.506785
3346 1.506043
3347 1.505300
3348 1.504558
3349 1.503816
3350 1.503075
3351 1.502334
3352 1.501593
3353 1.500852
3354 1.500112
3355 1.499372
3356 1.498633
3357 1.497894
3358 1.497155
3359 1.496417
3360 1.495679
3361 1.494942
3362 1.494205
3363 1.493468
3364 1.492732
3365 1.491997
3366 1.491262
3367 1.490528
3368 1.489794
3369 1.489061
3370 1.488328
3371 1.487596
3372 1.486864
3373 1.486133
3374 1.485403
3375 1.484673
3376 1.483944
3377 1.483216
3378 1.482488
3379 1.481761
3380 1.481034
3381 1.480309
3382 1.479584
3383 1.478859
3384 1.478136
3385 1.477413
3386 1.476691
3387 1.475969
3388 1.475249
3389 1.474529
3390 1.473810
3391 1.473091
3392 1.472374
3393 1.471657
3394 1.470941
3395 1.470225
3396 1.469511
3397 1.468797
3398 1.468084
3399 1.467372
3400 1.466660
3401 1.465950
3402 1.465240
3403 1.464531
3404 1.463823
3405 1.463115
3406 1.462409
3407 1.461703
3408 1.460998
3409 1.460293
3410 1.459590
3411 1.458887
3412 1.458185
3413 1.457483
3414 1.456783
3415 1.456083
3416 1.455384
3417 1.454685
3418 1.453987
3419 1.453290
3420 1.452593
3421 1.451898
3422 1.451202
3423 1.450507
3424 1.449813
3425 1.449120
3426 1.448427
3427 1.447734
3428 1.447042
3429 1.446350
3430 1.445659
3431 1.444969
3432 1.444278
3433 1.443588
3434 1.442898
3435 1.442209
3436 1.441520
3437 1.440831
3438 1.440142
3439 1.439454
3440 1.438765
3441 1.438077
3442 1.437388
3443 1.436700
3444 1.436011
3445 1.435322
3446 1.434634
3447 1.433945
3448 1.433255
3449 1.432566
3450 1.431876
3451 1.431185
3452 1.430494
3453 1.429803
3454 1.429111
3455 1.428418
3456 1.427725
3457 1.427030
3458 1.426335
3459 1.425639
3460 1.424942
3461 1.424244
3462 1.423544
3463 1.422844
3464 1.422141
3465 1.421438
3466 1.420733
3467 1.420027
3468 1.419318
3469 1.418608
3470 1.417896
3471 1.417183
3472 1.416467
3473 1.415749
3474 1.415028
3475 1.414306
3476 1.413581
3477 1.412853
3478 1.412123
3479 1.411389
3480 1.410653
3481 1.409914
3482 1.409172
3483 1.408427
3484 1.407678
3485 1.406926
3486 1.406170
3487 1.405410
3488 1.404647
3489 1.403880
3490 1.403109
3491 1.402333
3492 1.401554
3493 1.400770
3494 1.399981
3495 1.399188
3496 1.398390
3497 1.397588
3498 1.396781
3499 1.395968
3500 1.395151
3501 1.394329
3502 1.393502
3503 1.392669
3504 1.391831
3505 1.390988
3506 1.390140
3507 1.389287
3508 1.388428
3509 1.387564
3510 1.386695
3511 1.385821
3512 1.384942
3513 1.384058
3514 1.383169
3515 1.382276
3516 1.381378
3517 1.380475
3518 1.379569
3519 1.378658
3520 1.377744
3521 1.376826
3522 1.375906
3523 1.374982
3524 1.374056
3525 1.373127
3526 1.372197
3527 1.371265
3528 1.370332
3529 1.369398
3530 1.368464
3531 1.367529
3532 1.366595
3533 1.365662
3534 1.364730
3535 1.363799
3536 1.362870
3537 1.361943
3538 1.361019
3539 1.360097
3540 1.359179
3541 1.358264
3542 1.357353
3543 1.356445
3544 1.355542
3545 1.354643
3546 1.353749
3547 1.352859
3548 1.351974
3549 1.351094
3550 1.350219
3551 1.349350
3552 1.348485
3553 1.347625
3554 1.346771
3555 1.345922
3556 1.345077
3557 1.344238
3558 1.343404
3559 1.342575
3560 1.341751
3561 1.340931
3562 1.340116
3563 1.339306
3564 1.338500
3565 1.337699
3566 1.336901
3567 1.336108
3568 1.335319
3569 1.334533
3570 1.333751
3571 1.332973
3572 1.332198
3573 1.331426
3574 1.330657
3575 1.329891
3576 1.329128
3577 1.328368
3578 1.327610
3579 1.326854
3580 1.326101
3581 1.325349
3582 1.324600
3583 1.323853
3584 1.323107
3585 1.322363
3586 1.321620
3587 1.320879
3588 1.320139
3589 1.319401
3590 1.318663
3591 1.317927
3592 1.317191
3593 1.316456
3594 1.315722
3595 1.314989
3596 1.314257
3597 1.313524
3598 1.312793
3599 1.312062
3600 1.311331
3601 1.310601
3602 1.309871
3603 1.309141
3604 1.308412
3605 1.307683
3606 1.306954
3607 1.306225
3608 1.305496
3609 1.304767
3610 1.304039
3611 1.303310
3612 1.302582
3613 1.301854
3614 1.301126
3615 1.300397
3616 1.299669
3617 1.298941
3618 1.298213
3619 1.297485
3620 1.296757
3621 1.296029
3622 1.295301
3623 1.294573
3624 1.293845
3625 1.293116
3626 1.292388
3627 1.291660
3628 1.290932
3629 1.290204
3630 1.289475
3631 1.288747
3632 1.288018
3633 1.287289
3634 1.286560
3635 1.285831
3636 1.285102
3637 1.284372
3638 1.283642
3639 1.282912
3640 1.282182
3641 1.281451
3642 1.280720
3643 1.279988
3644 1.279256
3645 1.278523
3646 1.277790
3647 1.277056
3648 1.276322
3649 1.275587
3650 1.274851
3651 1.274114
3652 1.273377
3653 1.272639
3654 1.271900
3655 1.271160
3656 1.270420
3657 1.269678
3658 1.268935
3659 1.268191
3660 1.267447
3661 1.266701
3662 1.265954
3663 1.265206
3664 1.264456
3665 1.263706
3666 1.262954
3667 1.262202
3668 1.261448
3669 1.260692
3670 1.259936
3671 1.259178
3672 1.258419
3673 1.257659
3674 1.256898
3675 1.256136
3676 1.255372
3677 1.254607
3678 1.253841
3679 1.253074
3680 1.252306
3681 1.251537
3682 1.250767
3683 1.249996
3684 1.249224
3685 1.248450
3686 1.247676
3687 1.246902
3688 1.246126
3689 1.245350
3690 1.244573
3691 1.243795
3692 1.243017
3693 1.242238
3694 1.241459
3695 1.240680
3696 1.239900
3697 1.239120
3698 1.238339
3699 1.237559
3700 1.236779
3701 1.235998
3702 1.235218
3703 1.234438
3704 1.233658
3705 1.232878
3706 1.232099
3707 1.231320
3708 1.230542
3709 1.229765
3710 1.228988
3711 1.228212
3712 1.227437
3713 1.226662
3714 1.225889
3715 1.225117
3716 1.224346
3717 1.223576
3718 1.222808
3719 1.222040
3720 1.221275
3721 1.220511
3722 1.219748
3723 1.218987
3724 1.218228
3725 1.217471
3726 1.216715
3727 1.215961
3728 1.215210
3729 1.214460
3730 1.213713
3731 1.212967
3732 1.212224
3733 1.211483
3734 1.210745
3735 1.210009
3736 1.209275
3737 1.208544
3738 1.207815
3739 1.207089
3740 1.206366
3741 1.205645
3742 1.204927
3743 1.204211
3744 1.203499
3745 1.202789
3746 1.202082
3747 1.201378
3748 1.200676
3749 1.199978
3750 1.199283
3751 1.198590
3752 1.197901
3753 1.197215
3754 1.196531
3755 1.195851
3756 1.195174
3757 1.194500
3758 1.193829
3759 1.193162
3760 1.192497
3761 1.191836
3762 1.191178
3763 1.190523
3764 1.189871
3765 1.189222
3766 1.188577
3767 1.187935
3768 1.187296
3769 1.186660
3770 1.186028
3771 1.185399
3772 1.184773
3773 1.184150
3774 1.183530
3775 1.182914
3776 1.182301
3777 1.181691
3778 1.181085
3779 1.180481
3780 1.179881
3781 1.179284
3782 1.178690
3783 1.178100
3784 1.177512
3785 1.176928
3786 1.176347
3787 1.175769
3788 1.175195
3789 1.174623
3790 1.174055
3791 1.173489
3792 1.172927
3793 1.172368
3794 1.171812
3795 1.171259
3796 1.170709
3797 1.170162
3798 1.169618
3799 1.169077
3800 1.168539
3801 1.168005
3802 1.167473
3803 1.166944
3804 1.166418
3805 1.165895
3806 1.165375
3807 1.164857
3808 1.164343
3809 1.163832
3810 1.163323
3811 1.162817
3812 1.162314
3813 1.161814
3814 1.161317
3815 1.160822
3816 1.160330
3817 1.159841
3818 1.159354
3819 1.158871
3820 1.158390
3821 1.157911
3822 1.157436
3823 1.156963
3824 1.156492
3825 1.156024
3826 1.155559
3827 1.155096
3828 1.154636
3829 1.154179
3830 1.153723
3831 1.153271
3832 1.152821
3833 1.152373
3834 1.151928
3835 1.151485
3836 1.151045
3837 1.150607
3838 1.150171
3839 1.149738
3840 1.149307
3841 1.148879
3842 1.148453
3843 1.148029
3844 1.147607
3845 1.147188
3846 1.146771
3847 1.146356
3848 1.145944
3849 1.145533
3850 1.145125
3851 1.144719
3852 1.144316
3853 1.143914
3854 1.143514
3855 1.143117
3856 1.142722
3857 1.142328
3858 1.141937
3859 1.141548
3860 1.141161
3861 1.140776
3862 1.140393
3863 1.140012
3864 1.139633
3865 1.139256
3866 1.138881
3867 1.138508
3868 1.138137
3869 1.137767
3870 1.137400
3871 1.137035
3872 1.136671
3873 1.136309
3874 1.135949
3875 1.135591
3876 1.135235
3877 1.134880
3878 1.134528
3879 1.134177
3880 1.133828
3881 1.133480
3882 1.133135
3883 1.132791
3884 1.132449
3885 1.132108
3886 1.131770
3887 1.131432
3888 1.131097
3889 1.130763
3890 1.130431
3891 1.130101
3892 1.129772
3893 1.129445
3894 1.129119
3895 1.128795
3896 1.128472
3897 1.128151
3898 1.127832
3899 1.127514
3900 1.127198
3901 1.126883
3902 1.126570
3903 1.126258
3904 1.125948
3905 1.125639
3906 1.125332
3907 1.125026
3908 1.124721
3909 1.124418
3910 1.124117
3911 1.123817
3912 1.123518
3913 1.123221
3914 1.122925
3915 1.122630
3916 1.122337
3917 1.122045
3918 1.121754
3919 1.121465
3920 1.121177
3921 1.120891
3922 1.120606
3923 1.120322
3924 1.120039
3925 1.119758
3926 1.119478
3927 1.119199
3928 1.118921
3929 1.118645
3930 1.118370
3931 1.118096
3932 1.117824
3933 1.117552
3934 1.117282
3935 1.117013
3936 1.116745
3937 1.116479
3938 1.116213
3939 1.115949
3940 1.115686
3941 1.115424
3942 1.115163
3943 1.114903
3944 1.114645
3945 1.114387
3946 1.114131
3947 1.113876
3948 1.113622
3949 1.113369
3950 1.113117
3951 1.112866
3952 1.112616
3953 1.112367
3954 1.112120
3955 1.111873
3956 1.111627
3957 1.111383
3958 1.111139
3959 1.110897
3960 1.110655
3961 1.110415
3962 1.110175
3963 1.109937
3964 1.109699
3965 1.109462
3966 1.109227
3967 1.108992
3968 1.108759
3969 1.108526
3970 1.108294
3971 1.108063
3972 1.107833
3973 1.107604
3974 1.107376
3975 1.107149
3976 1.106923
3977 1.106698
3978 1.106473
3979 1.106250
3980 1.106027
3981 1.105806
3982 1.105585
3983 1.105365
3984 1.105146
3985 1.104927
3986 1.104710
3987 1.104494
3988 1.104278
3989 1.104063
3990 1.103849
3991 1.103636
3992 1.103423
3993 1.103212
3994 1.103001
3995 1.102791
3996 1.102582
3997 1.102374
3998 1.102166
3999 1.101959
4000 1.101754
4001 1.101548
4002 1.101344
4003 1.101140
4004 1.100937
4005 1.100735
4006 1.100534
4007 1.100333
4008 1.100133
4009 1.099934
4010 1.099736
4011 1.099538
4012 1.099341
4013 1.099145
4014 1.098950
4015 1.098755
4016 1.098561
4017 1.098368
4018 1.098175
4019 1.097983
4020 1.097792
4021 1.097601
4022 1.097411
4023 1.097222
4024 1.097034
4025 1.096846
4026 1.096659
4027 1.096472
4028 1.096286
4029 1.096101
4030 1.095917
4031 1.095733
4032 1.095550
4033 1.095367
4034 1.095185
4035 1.095004
4036 1.094823
4037 1.094643
4038 1.094464
4039 1.094285
4040 1.094107
4041 1.093929
4042 1.093752
4043 1.093576
4044 1.093400
4045 1.093225
4046 1.093050
4047 1.092876
4048 1.092703
4049 1.092530
4050 1.092358
4051 1.092186
4052 1.092015
4053 1.091845
4054 1.091675
4055 1.091506
4056 1.091337
4057 1.091169
4058 1.091001
4059 1.090834
4060 1.090667
4061 1.090501
4062 1.090336
4063 1.090171
4064 1.090007
4065 1.089843
4066 1.089679
4067 1.089517
4068 1.089354
4069 1.089193
4070 1.089032
4071 1.088871
4072 1.088711
4073 1.088551
4074 1.088392
4075 1.088233
4076 1.088075
4077 1.087918
4078 1.087760
4079 1.087604
4080 1.087448
4081 1.087292
4082 1.087137
4083 1.086982
4084 1.086828
4085 1.086674
4086 1.086521
4087 1.086368
4088 1.086216
4089 1.086064
4090 1.085913
4091 1.085762
4092 1.085612
4093 1.085462
4094 1.085312
4095 1.085163
4096 1.085015
4097 1.084867
4098 1.084719
4099 1.084572
4100 1.084425
4101 1.084278
4102 1.084133
4103 1.083987
4104 1.083842
4105 1.083697
4106 1.083553
4107 1.083410
4108 1.083266
4109 1.083123
4110 1.082981
4111 1.082839
4112 1.082697
4113 1.082556
4114 1.082415
4115 1.082275
4116 1.082135
4117 1.081995
4118 1.081856
4119 1.081717
4120 1.081579
4121 1.081441
4122 1.081304
4123 1.081166
4124 1.081030
4125 1.080893
4126 1.080757
4127 1.080622
4128 1.080486
4129 1.080352
4130 1.080217
4131 1.080083
4132 1.079949
4133 1.079816
4134 1.079683
4135 1.079551
4136 1.079418
4137 1.079286
4138 1.079155
4139 1.079024
4140 1.078893
4141 1.078763
4142 1.078633
4143 1.078503
4144 1.078374
4145 1.078245
4146 1.078116
4147 1.077988
4148 1.077860
4149 1.077733
4150 1.077605
4151 1.077479
4152 1.077352
4153 1.077226
4154 1.077100
4155 1.076975
4156 1.076849
4157 1.076725
4158 1.076600
4159 1.076476
4160 1.076352
4161 1.076229
4162 1.076105
4163 1.075983
4164 1.075860
4165 1.075738
4166 1.075616
4167 1.075494
4168 1.075373
4169 1.075252
4170 1.075132
4171 1.075011
4172 1.074891
4173 1.074772
4174 1.074652
4175 1.074533
4176 1.074415
4177 1.074296
4178 1.074178
4179 1.074060
4180 1.073943
4181 1.073825
4182 1.073708
4183 1.073592
4184 1.073476
4185 1.073359
4186 1.073244
4187 1.073128
4188 1.073013
4189 1.072898
4190 1.072784
4191 1.072669
4192 1.072555
4193 1.072442
4194 1.072328
4195 1.072215
4196 1.072102
4197 1.071989
4198 1.071877
4199 1.071765
4200 1.071653
4201 1.071542
4202 1.071430
4203 1.071319
4204 1.071209
4205 1.071098
4206 1.070988
4207 1.070878
4208 1.070769
4209 1.070659
4210 1.070550
4211 1.070441
4212 1.070333
4213 1.070224
4214 1.070116
4215 1.070009
4216 1.069901
4217 1.069794
4218 1.069687
4219 1.069580
4220 1.069473
4221 1.069367
4222 1.069261
4223 1.069155
4224 1.069050
4225 1.068945
4226 1.068839
4227 1.068735
4228 1.068630
4229 1.068526
4230 1.068422
4231 1.068318
4232 1.068214
4233 1.068111
4234 1.068008
4235 1.067905
4236 1.067802
4237 1.067700
4238 1.067598
4239 1.067496
4240 1.067394
4241 1.067293
4242 1.067192
4243 1.067091
4244 1.066990
4245 1.066889
4246 1.066789
4247 1.066689
4248 1.066589
4249 1.066489
4250 1.066390
4251 1.066291
4252 1.066192
4253 1.066093
4254 1.065994
4255 1.065896
4256 1.065798
4257 1.065700
4258 1.065602
4259 1.065505
4260 1.065408
4261 1.065311
4262 1.065214
4263 1.065117
4264 1.065021
4265 1.064924
4266 1.064828
4267 1.064733
4268 1.064637
4269 1.064542
4270 1.064447
4271 1.064352
4272 1.064257
4273 1.064162
4274 1.064068
4275 1.063974
4276 1.063880
4277 1.063786
4278 1.063693
4279 1.063599
4280 1.063506
4281 1.063413
4282 1.063320
4283 1.063228
4284 1.063136
4285 1.063043
4286 1.062951
4287 1.062860
4288 1.062768
4289 1.062677
4290 1.062585
4291 1.062494
4292 1.062404
4293 1.062313
4294 1.062222
4295 1.062132
4296 1.062042
4297 1.061952
4298 1.061862
4299 1.061773
4300 1.061684
4301 1.061594
4302 1.061505
4303 1.061417
4304 1.061328
4305 1.061240
4306 1.061151
4307 1.061063
4308 1.060975
4309 1.060888
4310 1.060800
4311 1.060713
4312 1.060625
4313 1.060538
4314 1.060452
4315 1.060365
4316 1.060278
4317 1.060192
4318 1.060106
4319 1.060020
4320 1.059934
4321 1.059848
4322 1.059763
4323 1.059678
4324 1.059592
4325 1.059507
4326 1.059423
4327 1.059338
4328 1.059253
4329 1.059169
4330 1.059085
4331 1.059001
4332 1.058917
4333 1.058833
4334 1.058750
4335 1.058667
4336 1.058583
4337 1.058500
4338 1.058417
4339 1.058335
4340 1.058252
4341 1.058170
4342 1.058088
4343 1.058006
4344 1.057924
4345 1.057842
4346 1.057760
4347 1.057679
4348 1.057597
4349 1.057516
4350 1.057435
4351 1.057354
4352 1.057274
4353 1.057193
4354 1.057113
4355 1.057033
4356 1.056952
4357 1.056873
4358 1.056793
4359 1.056713
4360 1.056634
4361 1.056554
4362 1.056475
4363 1.056396
4364 1.056317
4365 1.056238
4366 1.056160
4367 1.056081
4368 1.056003
4369 1.055925
4370 1.055847
4371 1.055769
4372 1.055691
4373 1.055613
4374 1.055536
4375 1.055458
4376 1.055381
4377 1.055304
4378 1.055227
4379 1.055150
4380 1.055074
4381 1.054997
4382 1.054921
4383 1.054845
4384 1.054769
4385 1.054693
4386 1.054617
4387 1.054541
4388 1.054466
4389 1.054390
4390 1.054315
4391 1.054240
4392 1.054165
4393 1.054090
4394 1.054015
4395 1.053940
4396 1.053866
4397 1.053791
4398 1.053717
4399 1.053643
4400 1.053569
4401 1.053495
4402 1.053422
4403 1.053348
4404 1.053275
4405 1.053201
4406 1.053128
4407 1.053055
4408 1.052982
4409 1.052909
4410 1.052836
4411 1.052764
4412 1.052691
4413 1.052619
4414 1.052547
4415 1.052475
4416 1.052403
4417 1.052331
4418 1.052259
4419 1.052188
4420 1.052116
4421 1.052045
4422 1.051973
4423 1.051902
4424 1.051831
4425 1.051760
4426 1.051690
4427 1.051619
4428 1.051548
4429 1.051478
4430 1.051408
4431 1.051338
4432 1.051268
4433 1.051198
4434 1.051128
4435 1.051058
4436 1.050988
4437 1.050919
4438 1.050850
4439 1.050780
4440 1.050711
4441 1.050642
4442 1.050573
4443 1.050505
4444 1.050436
4445 1.050367
4446 1.050299
4447 1.050231
4448 1.050162
4449 1.050094
4450 1.050026
4451 1.049958
4452 1.049890
4453 1.049823
4454 1.049755
4455 1.049688
4456 1.049620
4457 1.049553
4458 1.049486
4459 1.049419
4460 1.049352
4461 1.049285
4462 1.049219
4463 1.049152
4464 1.049085
4465 1.049019
4466 1.048953
4467 1.048887
4468 1.048820
4469 1.048754
4470 1.048689
4471 1.048623
4472 1.048557
4473 1.048492
4474 1.048426
4475 1.048361
4476 1.048296
4477 1.048230
4478 1.048165
4479 1.048100
4480 1.048036
4481 1.047971
4482 1.047906
4483 1.047842
4484 1.047777
4485 1.047713
4486 1.047649
4487 1.047585
4488 1.047521
4489 1.047457
4490 1.047393
4491 1.047329
4492 1.047265
4493 1.047202
4494 1.047138
4495 1.047075
4496 1.047012
4497 1.046949
4498 1.046885
4499 1.046823
4500 1.046760
4501 1.046697
4502 1.046634
4503 1.046572
4504 1.046509
4505 1.046447
4506 1.046384
4507 1.046322
4508 1.046260
4509 1.046198
4510 1.046136
4511 1.046074
4512 1.046013
4513 1.045951
4514 1.045889
4515 1.045828
4516 1.045766
4517 1.045705
4518 1.045644
4519 1.045583
4520 1.045522
4521 1.045461
4522 1.045400
4523 1.045339
4524 1.045279
4525 1.045218
4526 1.045158
4527 1.045097
4528 1.045037
4529 1.044977
4530 1.044917
4531 1.044857
4532 1.044797
4533 1.044737
4534 1.044677
4535 1.044617
4536 1.044558
4537 1.044498
4538 1.044439
4539 1.044380
4540 1.044320
4541 1.044261
4542 1.044202
4543 1.044143
4544 1.044084
4545 1.044025
4546 1.043967
4547 1.043908
4548 1.043849
4549 1.043791
4550 1.043732
4551 1.043674
4552 1.043616
4553 1.043558
4554 1.043500
4555 1.043442
4556 1.043384
4557 1.043326
4558 1.043268
4559 1.043210
4560 1.043153
4561 1.043095
4562 1.043038
4563 1.042981
4564 1.042923
4565 1.042866
4566 1.042809
4567 1.042752
4568 1.042695
4569 1.042638
4570 1.042582
4571 1.042525
4572 1.042468
4573 1.042412
4574 1.042355
4575 1.042299
4576 1.042243
4577 1.042186
4578 1.042130
4579 1.042074
4580 1.042018
4581 1.041962
4582 1.041906
4583 1.041851
4584 1.041795
4585 1.041739
4586 1.041684
4587 1.041628
4588 1.041573
4589 1.041518
4590 1.041462
4591 1.041407
4592 1.041352
4593 1.041297
4594 1.041242
4595 1.041187
4596 1.041133
4597 1.041078
4598 1.041023
4599 1.040969
4600 1.040914
4601 1.040860
4602 1.040805
4603 1.040751
4604 1.040697
4605 1.040643
4606 1.040589
4607 1.040535
4608 1.040481
4609 1.040427
4610 1.040373
4611 1.040320
4612 1.040266
4613 1.040212
4614 1.040159
4615 1.040106
4616 1.040052
4617 1.039999
4618 1.039946
4619 1.039893
4620 1.039840
4621 1.039787
4622 1.039734
4623 1.039681
4624 1.039628
4625 1.039575
4626 1.039523
4627 1.039470
4628 1.039418
4629 1.039365
4630 1.039313
4631 1.039261
4632 1.039208
4633 1.039156
4634 1.039104
4635 1.039052
4636 1.039000
4637 1.038948
4638 1.038896
4639 1.038845
4640 1.038793
4641 1.038741
4642 1.038690
4643 1.038638
4644 1.038587
4645 1.038536
4646 1.038484
4647 1.038433
4648 1.038382
4649 1.038331
4650 1.038280
4651 1.038229
4652 1.038178
4653 1.038127
4654 1.038076
4655 1.038026
4656 1.037975
4657 1.037925
4658 1.037874
4659 1.037824
4660 1.037773
4661 1.037723
4662 1.037673
4663 1.037623
4664 1.037572
4665 1.037522
4666 1.037472
4667 1.037422
4668 1.037373
4669 1.037323
4670 1.037273
4671 1.037223
4672 1.037174
4673 1.037124
4674 1.037075
4675 1.037025
4676 1.036976
4677 1.036927
4678 1.036877
4679 1.036828
4680 1.036779
4681 1.036730
4682 1.036681
4683 1.036632
4684 1.036583
4685 1.036534
4686 1.036485
4687 1.036437
4688 1.036388
4689 1.036340
4690 1.036291
4691 1.036243
4692 1.036194
4693 1.036146
4694 1.036098
4695 1.036049
4696 1.036001
4697 1.035953
4698 1.035905
4699 1.035857
4700 1.035809
4701 1.035761
4702 1.035713
4703 1.035666
4704 1.035618
4705 1.035570
4706 1.035523
4707 1.035475
4708 1.035428
4709 1.035380
4710 1.035333
4711 1.035286
4712 1.035238
4713 1.035191
4714 1.035144
4715 1.035097
4716 1.035050
4717 1.035003
4718 1.034956
4719 1.034909
4720 1.034862
4721 1.034816
4722 1.034769
4723 1.034722
4724 1.034676
4725 1.034629
4726 1.034583
4727 1.034536
4728 1.034490
4729 1.034444
4730 1.034398
4731 1.034351
4732 1.034305
4733 1.034259
4734 1.034213
4735 1.034167
4736 1.034121
4737 1.034075
4738 1.034030
4739 1.033984
4740 1.033938
4741 1.033893
4742 1.033847
4743 1.033801
4744 1.033756
4745 1.033711
4746 1.033665
4747 1.033620
4748 1.033575
4749 1.033529
4750 1.033484
4751 1.033439
4752 1.033394
4753 1.033349
4754 1.033304
4755 1.033259
4756 1.033214
4757 1.033169
4758 1.033125
4759 1.033080
4760 1.033035
4761 1.032991
4762 1.032946
4763 1.032902
4764 1.032857
4765 1.032813
4766 1.032769
4767 1.032724
4768 1.032680
4769 1.032636
4770 1.032592
4771 1.032548
4772 1.032504
4773 1.032460
4774 1.032416
4775 1.032372
4776 1.032328
4777 1.032284
4778 1.032240
4779 1.032197
4780 1.032153
4781 1.032109
4782 1.032066
4783 1.032022
4784 1.031979
4785 1.031936
4786 1.031892
4787 1.031849
4788 1.031806
4789 1.031762
4790 1.031719
4791 1.031676
4792 1.031633
4793 1.031590
4794 1.031547
4795 1.031504
4796 1.031461
4797 1.031419
4798 1.031376
4799 1.031333
4800 1.031290
4801 1.031248
4802 1.031205
4803 1.031163
4804 1.031120
4805 1.031078
4806 1.031035
4807 1.030993
4808 1.030951
4809 1.030908
4810 1.030866
4811 1.030824
4812 1.030782
4813 1.030740
4814 1.030698
4815 1.030656
4816 1.030614
4817 1.030572
4818 1.030530
4819 1.030488
4820 1.030447
4821 1.030405
4822 1.030363
4823 1.030322
4824 1.030280
4825 1.030239
4826 1.030197
4827 1.030156
4828 1.030114
4829 1.030073
4830 1.030032
4831 1.029991
4832 1.029949
4833 1.029908
4834 1.029867
4835 1.029826
4836 1.029785
4837 1.029744
4838 1.029703
4839 1.029662
4840 1.029621
4841 1.029580
4842 1.029540
4843 1.029499
4844 1.029458
4845 1.029418
4846 1.029377
4847 1.029337
4848 1.029296
4849 1.029256
4850 1.029215
4851 1.029175
4852 1.029134
4853 1.029094
4854 1.029054
4855 1.029014
4856 1.028974
4857 1.028933
4858 1.028893
4859 1.028853
4860 1.028813
4861 1.028773
4862 1.028733
4863 1.028694
4864 1.028654
4865 1.028614
4866 1.028574
4867 1.028535
4868 1.028495
4869 1.028455
4870 1.028416
4871 1.028376
4872 1.028337
4873 1.028297
4874 1.028258
4875 1.028218
4876 1.028179
4877 1.028140
4878 1.028101
4879 1.028061
4880 1.028022
4881 1.027983
4882 1.027944
4883 1.027905
4884 1.027866
4885 1.027827
4886 1.027788
4887 1.027749
4888 1.027710
4889 1.027671
4890 1.027633
4891 1.027594
4892 1.027555
4893 1.027517
4894 1.027478
4895 1.027440
4896 1.027401
4897 1.027362
4898 1.027324
4899 1.027286
4900 1.027247
4901 1.027209
4902 1.027171
4903 1.027132
4904 1.027094
4905 1.027056
4906 1.027018
4907 1.026980
4908 1.026942
4909 1.026904
4910 1.026866
4911 1.026828
4912 1.026790
4913 1.026752
4914 1.026714
4915 1.026676
4916 1.026639
4917 1.026601
4918 1.026563
4919 1.026526
4920 1.026488
4921 1.026450
4922 1.026413
4923 1.026375
4924 1.026338
4925 1.026301
4926 1.026263
4927 1.026226
4928 1.026189
4929 1.026151
4930 1.026114
4931 1.026077
4932 1.026040
4933 1.026003
4934 1.025966
4935 1.025929
4936 1.025892
4937 1.025855
4938 1.025818
4939 1.025781
4940 1.025744
4941 1.025707
4942 1.025670
4943 1.025634
4944 1.025597
4945 1.025560
4946 1.025524
4947 1.025487
4948 1.025450
4949 1.025414
4950 1.025377
4951 1.025341
4952 1.025304
4953 1.025268
4954 1.025232
4955 1.025195
4956 1.025159
4957 1.025123
4958 1.025087
4959 1.025050
4960 1.025014
4961 1.024978
4962 1.024942
4963 1.024906
4964 1.024870
4965 1.024834
4966 1.024798
4967 1.024762
4968 1.024726
4969 1.024691
4970 1.024655
4971 1.024619
4972 1.024583
4973 1.024548
4974 1.024512
4975 1.024476
4976 1.024441
4977 1.024405
4978 1.024370
4979 1.024334
4980 1.024299
4981 1.024263
4982 1.024228
4983 1.024193
4984 1.024157
4985 1.024122
4986 1.024087
4987 1.024052
4988 1.024016
4989 1.023981
4990 1.023946
4991 1.023911
4992 1.023876
4993 1.023841
4994 1.023806
4995 1.023771
4996 1.023736
4997 1.023701
4998 1.023666
4999 1.023632
