0 38.367459
1 41.797611
2 42.857095
3 43.429404
4 43.911779
5 44.312302
6 44.592072
7 44.701322
8 44.517011
9 43.582236
10 41.837599
11 39.781631
12 37.007615
13 33.859032
14 30.920813
15 28.473630
16 26.527079
17 24.947630
18 23.574886
19 22.248168
20 20.850830
21 19.379240
22 17.874975
23 16.360826
24 14.879441
25 13.505804
26 12.300253
27 11.276761
28 10.414218
29 9.676352
30 9.027815
31 8.441948
32 7.900635
33 7.392675
34 6.912254
35 6.457459
36 6.028783
37 5.627400
38 5.254589
39 4.911325
40 4.596372
41 4.306631
42 4.039585
43 3.794025
44 3.569273
45 3.364409
46 3.178021
47 3.008387
48 2.853818
49 2.712870
50 2.584401
51 2.467497
52 2.361389
53 2.265372
54 2.178757
55 2.100849
56 2.030936
57 1.968299
58 1.912218
59 1.861983
60 1.816912
61 1.776361
62 1.739742
63 1.706522
64 1.676235
65 1.648474
66 1.622893
67 1.599198
68 1.577140
69 1.556514
70 1.537148
71 1.518898
72 1.501647
73 1.485295
74 1.469762
75 1.454977
76 1.440885
77 1.427437
78 1.414589
79 1.402307
80 1.390557
81 1.379312
82 1.368544
83 1.358229
84 1.348344
85 1.338868
86 1.329779
87 1.321058
88 1.312685
89 1.304641
90 1.296908
91 1.289469
92 1.282306
93 1.275403
94 1.268745
95 1.262318
96 1.256106
97 1.250098
98 1.244281
99 1.238644
100 1.233177
101 1.227871
102 1.222718
103 1.217710
104 1.212843
105 1.208110
106 1.203508
107 1.199033
108 1.194682
109 1.190455
110 1.186348
111 1.182362
112 1.178497
113 1.174751
114 1.171126
115 1.167621
116 1.164237
117 1.160972
118 1.157827
119 1.154801
120 1.151891
121 1.149096
122 1.146412
123 1.143837
124 1.141364
125 1.138990
126 1.136708
127 1.134510
128 1.132389
129 1.130336
130 1.128343
131 1.126400
132 1.124496
133 1.122621
134 1.120764
135 1.118913
136 1.117058
137 1.115187
138 1.113289
139 1.111351
140 1.109364
141 1.107316
142 1.105196
143 1.102993
144 1.100699
145 1.098304
146 1.095798
147 1.093175
148 1.090428
149 1.087549
150 1.084535
151 1.081382
152 1.078087
153 1.074649
154 1.071069
155 1.067349
156 1.063492
157 1.059503
158 1.055389
159 1.051158
160 1.046819
161 1.042382
162 1.037859
163 1.033263
164 1.028607
165 1.023906
166 1.019176
167 1.014430
168 1.009685
169 1.004957
170 1.000261
171 0.995613
172 0.991027
173 0.986517
174 0.982098
175 0.977781
176 0.973579
177 0.969501
178 0.965557
179 0.961756
180 0.958103
181 0.954605
182 0.951266
183 0.948090
184 0.945080
185 0.942236
186 0.939561
187 0.937054
188 0.934715
189 0.932543
190 0.930537
191 0.928695
192 0.927015
193 0.925495
194 0.924133
195 0.922926
196 0.921871
197 0.920967
198 0.920210
199 0.919597
200 0.919126
201 0.918795
202 0.918599
203 0.918537
204 0.918606
205 0.918804
206 0.919127
207 0.919573
208 0.920139
209 0.920824
210 0.921623
211 0.922536
212 0.923559
213 0.924691
214 0.925928
215 0.927269
216 0.928712
217 0.930253
218 0.931892
219 0.933626
220 0.935453
221 0.937371
222 0.939377
223 0.941471
224 0.943650
225 0.945912
226 0.948255
227 0.950677
228 0.953176
229 0.955749
230 0.958395
231 0.961111
232 0.963894
233 0.966742
234 0.969652
235 0.972620
236 0.975644
237 0.978719
238 0.981843
239 0.985011
240 0.988219
241 0.991463
242 0.994738
243 0.998040
244 1.001364
245 1.004706
246 1.008060
247 1.011422
248 1.014788
249 1.018152
250 1.021511
251 1.024861
252 1.028197
253 1.031518
254 1.034819
255 1.038098
256 1.041354
257 1.044585
258 1.047790
259 1.050969
260 1.054122
261 1.057250
262 1.060355
263 1.063439
264 1.066505
265 1.069557
266 1.072600
267 1.075639
268 1.078679
269 1.081730
270 1.084797
271 1.087892
272 1.091024
273 1.094205
274 1.097450
275 1.100774
276 1.104195
277 1.107734
278 1.111414
279 1.115265
280 1.119321
281 1.123621
282 1.128215
283 1.133163
284 1.138538
285 1.144434
286 1.150962
287 1.158262
288 1.166496
289 1.175842
290 1.186473
291 1.198531
292 1.212132
293 1.227490
294 1.245118
295 1.266037
296 1.292187
297 1.327507
298 1.377419
299 1.441667
300 1.508248
301 1.566698
302 1.619042
303 1.658951
304 1.687263
305 1.708460
306 1.724837
307 1.737618
308 1.747804
309 1.756296
310 1.763777
311 1.770667
312 1.777176
313 1.783400
314 1.789388
315 1.795170
316 1.800768
317 1.806207
318 1.811506
319 1.816687
320 1.821768
321 1.826766
322 1.831696
323 1.836573
324 1.841407
325 1.846208
326 1.850986
327 1.855746
328 1.860493
329 1.865232
330 1.869964
331 1.874689
332 1.879406
333 1.884111
334 1.888800
335 1.893467
336 1.898103
337 1.902698
338 1.907240
339 1.911716
340 1.916111
341 1.920410
342 1.924595
343 1.928649
344 1.932554
345 1.936291
346 1.939845
347 1.943200
348 1.946343
349 1.949265
350 1.951960
351 1.954428
352 1.956674
353 1.958708
354 1.960543
355 1.962199
356 1.963694
357 1.965047
358 1.966272
359 1.967379
360 1.968361
361 1.969197
362 1.969843
363 1.970225
364 1.970230
365 1.969696
366 1.968404
367 1.966068
368 1.962344
369 1.956891
370 1.949557
371 1.940703
372 1.931365
373 1.922761
374 1.915558
375 1.909754
376 1.904963
377 1.900827
378 1.897120
379 1.893670
380 1.890360
381 1.887076
382 1.883728
383 1.880211
384 1.876425
385 1.872269
386 1.867678
387 1.862707
388 1.857685
389 1.853323
390 1.850475
391 1.849470
392 1.849826
393 1.850684
394 1.851232
395 1.850821
396 1.849041
397 1.845883
398 1.842005
399 1.838743
400 1.837185
401 1.837063
402 1.837351
403 1.837269
404 1.836408
405 1.834705
406 1.832511
407 1.830465
408 1.828940
409 1.827733
410 1.826520
411 1.825222
412 1.823889
413 1.822551
414 1.821211
415 1.819872
416 1.818533
417 1.817194
418 1.815856
419 1.814516
420 1.813174
421 1.811830
422 1.810474
423 1.809123
424 1.807721
425 1.806418
426 1.804709
427 1.804298
428 1.798934
429 1.812258
430 1.745867
431 1.790028
432 1.830376
433 1.672293
434 1.519387
435 1.906594
436 1.513730
437 1.895562
438 1.509680
439 1.887228
440 1.505876
441 1.879424
442 1.502443
443 1.872192
444 1.499608
445 1.865888
446 1.497613
447 1.861137
448 1.496726
449 1.858862
450 1.497594
451 1.860282
452 1.505586
453 1.863322
454 1.871110
455 1.504664
456 1.855224
457 1.864402
458 1.517432
459 1.687367
460 1.509175
461 1.711193
462 1.832040
463 1.867916
464 1.684862
465 1.540101
466 1.517057
467 1.547359
468 1.528529
469 1.566596
470 1.513187
471 1.712551
472 1.281334
473 1.577538
474 1.513865
475 1.634594
476 1.521632
477 1.488230
478 1.699461
479 1.562768
480 1.332300
481 1.544220
482 1.513415
483 1.513750
484 1.495975
485 1.561974
486 1.486106
487 1.613357
488 1.351141
489 1.480381
490 1.578657
491 1.500378
492 1.478433
493 1.534941
494 1.474145
495 1.526062
496 1.484784
497 1.499818
498 1.493477
499 1.490594
500 1.483565
501 1.472903
502 1.458442
503 1.439719
504 1.416017
505 1.384526
506 1.332998
507 1.242294
508 1.603465
509 1.606671
510 1.600496
511 1.616920
512 1.668968
513 1.592384
514 1.711851
515 1.594040
516 1.464689
517 1.613906
518 1.590505
519 1.587518
520 1.608211
521 1.633243
522 1.647287
523 1.659109
524 1.609756
525 1.636366
526 1.593175
527 1.580748
528 1.543305
529 1.509178
530 1.482881
531 1.461489
532 1.444291
533 1.427513
534 1.409103
535 1.389095
536 1.368754
537 1.351022
538 1.339782
539 1.335302
540 1.334318
541 1.335488
542 1.338645
543 1.343819
544 1.350248
545 1.355079
546 1.357759
547 1.361321
548 1.364270
549 1.367766
550 1.370784
551 1.374533
552 1.378285
553 1.383335
554 1.393470
555 1.564215
556 1.660389
557 1.638048
558 1.401430
559 1.396828
560 1.399862
561 1.402646
562 1.407719
563 1.417480
564 1.676999
565 1.681959
566 1.733789
567 1.671868
568 1.603864
569 1.701080
570 1.578592
571 1.741623
572 1.504305
573 1.821422
574 1.682604
575 1.962765
576 1.739297
577 1.655986
578 1.603288
579 1.808237
580 1.693225
581 1.698978
582 1.728872
583 1.768533
584 1.839128
585 1.821081
586 1.735762
587 1.732912
588 1.765248
589 2.062302
590 1.883142
591 2.107548
592 2.130335
593 2.138685
594 2.147605
595 2.155635
596 2.163911
597 2.173204
598 2.184376
599 2.198060
600 2.213738
601 2.228114
602 2.237759
603 2.242107
604 2.242140
605 2.238382
606 2.230775
607 2.219047
608 2.202907
609 2.183412
610 2.193800
611 2.157497
612 2.217538
613 2.044214
614 2.246269
615 2.207700
616 2.182879
617 2.126443
618 2.068107
619 2.084461
620 2.031796
621 2.051149
622 2.019918
623 2.021421
624 2.111613
625 2.195234
626 1.995662
627 2.141458
628 2.102107
629 2.062190
630 2.049726
631 2.039456
632 2.040866
633 2.042347
634 2.051136
635 2.055728
636 2.132552
637 1.962928
638 2.093178
639 2.071424
640 2.063485
641 2.064685
642 2.067170
643 2.070142
644 2.073443
645 2.077098
646 2.081282
647 2.086831
648 2.099642
649 2.109742
650 2.157215
651 1.825343
652 1.863446
653 1.847596
654 1.841923
655 1.875386
656 2.228416
657 2.226767
658 2.221660
659 2.218768
660 2.218020
661 2.218468
662 2.219834
663 2.221876
664 2.224368
665 2.227024
666 2.229476
667 2.231424
668 2.232912
669 2.234142
670 2.235187
671 2.236089
672 2.236891
673 2.237539
674 2.238260
675 2.238373
676 2.239994
677 2.236425
678 2.242692
679 2.233800
680 2.238972
681 2.234754
682 2.244168
683 2.234785
684 2.249618
685 2.232528
686 2.253546
687 2.231564
688 2.256423
689 2.233588
690 2.256264
691 2.242771
692 2.247830
693 2.244533
694 2.247235
695 2.242028
696 2.243159
697 2.241343
698 2.240369
699 2.239797
700 2.239692
701 2.239287
702 2.238768
703 2.237926
704 2.236791
705 2.235351
706 2.233640
707 2.231665
708 2.229377
709 2.226661
710 2.223296
711 2.218986
712 2.214252
713 2.214393
714 2.219079
715 2.224562
716 2.228344
717 2.226808
718 2.221915
719 2.213662
720 2.203601
721 2.215918
722 2.207224
723 2.209915
724 2.207065
725 2.209145
726 2.205854
727 2.207432
728 2.203765
729 2.205093
730 2.201174
731 2.201669
732 2.198206
733 2.196599
734 2.193235
735 2.189428
736 2.185173
737 2.180782
738 2.176066
739 2.170964
740 2.166531
741 2.165545
742 2.166149
743 2.165581
744 2.165132
745 2.165527
746 2.189127
747 1.813593
748 1.909169
749 1.853290
750 1.828427
751 1.855823
752 2.011975
753 2.340627
754 2.295107
755 2.286359
756 2.314054
757 2.339959
758 2.373166
759 2.371587
760 2.356362
761 2.365117
762 2.360829
763 2.344755
764 2.314480
765 2.294247
766 2.297634
767 2.302238
768 2.305503
769 2.307167
770 2.307348
771 2.306307
772 2.304337
773 2.301699
774 2.298685
775 2.295716
776 2.293374
777 2.292267
778 2.292749
779 2.294614
780 2.297102
781 2.298920
782 2.297756
783 2.290047
784 2.272021
785 2.242781
786 2.216833
787 2.213722
788 2.186530
789 2.163779
790 1.950110
791 2.220875
792 2.198889
793 2.171570
794 1.965125
795 2.225216
796 2.192645
797 2.098442
798 2.194450
799 2.100298
800 2.191747
801 2.115320
802 1.901857
803 2.327279
804 2.308953
805 2.271020
806 2.224457
807 2.192248
808 1.971865
809 2.253762
810 2.214040
811 2.100136
812 2.228507
813 2.192492
814 1.925607
815 2.318333
816 2.281072
817 2.238809
818 2.190951
819 1.939427
820 2.333030
821 2.306784
822 2.268445
823 2.228410
824 2.033249
825 2.289763
826 2.248718
827 2.102072
828 1.960427
829 2.358235
830 2.344560
831 2.323451
832 2.286846
833 2.185473
834 1.982301
835 2.346969
836 2.323389
837 2.271822
838 2.094355
839 2.308734
840 2.170937
841 1.989959
842 2.365485
843 2.348373
844 2.309722
845 2.134348
846 2.297904
847 2.122848
848 2.297521
849 2.067840
850 2.294532
851 2.044590
852 2.310406
853 2.118534
854 2.281780
855 2.148125
856 2.301256
857 2.144167
858 2.322295
859 2.202427
860 2.192854
861 2.863046
862 2.198421
863 2.358202
864 2.300695
865 2.399378
866 2.345844
867 2.284955
868 2.435955
869 2.752959
870 2.878112
871 2.222829
872 2.223395
873 2.273765
874 2.842969
875 2.541449
876 2.463902
877 2.457374
878 2.238007
879 2.443536
880 2.158367
881 2.210798
882 2.225589
883 2.815314
884 2.818250
885 2.506773
886 2.204126
887 2.232028
888 2.960474
889 2.238527
890 2.865257
891 2.244342
892 2.378995
893 2.393471
894 2.454095
895 2.448133
896 2.469064
897 2.480097
898 2.486972
899 2.495175
900 2.496364
901 2.453012
902 2.410707
903 2.420702
904 2.419545
905 2.330639
906 2.432378
907 2.443841
908 2.451615
909 2.454002
910 2.453492
911 2.450580
912 2.445502
913 2.438468
914 2.429601
915 2.418942
916 2.406613
917 2.392978
918 2.376801
919 2.349006
920 2.271557
921 2.098702
922 2.336042
923 2.314929
924 2.253242
925 2.054025
926 2.311820
927 2.225263
928 2.065918
929 2.276853
930 2.086071
931 2.217858
932 2.066206
933 2.232215
934 2.072630
935 2.225807
936 2.070692
937 2.215796
938 2.149606
939 2.137102
940 2.207806
941 2.209911
942 2.204752
943 2.179437
944 2.097127
945 2.108233
946 2.105904
947 2.101059
948 2.097787
949 2.096875
950 2.097464
951 2.099108
952 2.101755
953 2.105624
954 2.111345
955 2.120655
956 2.140121
957 2.169093
958 2.148841
959 2.234075
960 2.258366
961 2.247086
962 2.268569
963 2.274093
964 2.284542
965 2.287926
966 2.284829
967 2.290209
968 2.278226
969 2.294449
970 2.252694
971 2.296186
972 2.278366
973 2.304066
974 2.298682
975 2.304574
976 2.320972
977 2.297092
978 2.355648
979 2.373256
980 2.379549
981 2.382594
982 2.383265
983 2.387295
984 2.385533
985 2.395957
986 2.372580
987 2.424319
988 2.311498
989 2.362018
990 2.364957
991 2.434554
992 2.357472
993 2.363714
994 2.401398
995 2.438294
996 2.395922
997 2.438662
998 2.384984
999 2.464769
1000 2.315036
1001 2.365733
1002 2.441681
1003 2.368343
1004 2.470086
1005 2.297021
1006 2.454097
1007 2.322744
1008 2.376376
1009 2.444515
1010 2.474441
1011 2.294913
1012 2.453714
1013 2.299774
1014 2.460960
1015 2.368058
1016 2.383762
1017 2.483881
1018 2.305492
1019 2.465562
1020 2.369836
1021 2.458187
1022 2.318747
1023 2.472336
1024 2.372274
1025 2.465855
1026 2.336710
1027 2.437437
1028 2.428834
1029 2.247631
1030 1.764384
1031 1.708022
1032 1.700002
1033 1.733352
1034 2.129455
1035 2.605510
1036 2.397802
1037 3.328433
1038 1.929619
1039 2.545041
1040 2.610299
1041 2.605105
1042 2.588316
1043 2.522038
1044 2.390122
1045 2.435177
1046 2.413963
1047 2.383423
1048 2.329077
1049 2.322774
1050 2.332592
1051 2.332991
1052 2.330385
1053 2.339669
1054 2.344463
1055 2.350789
1056 2.370384
1057 2.389779
1058 2.391161
1059 2.400676
1060 2.357606
1061 2.435711
1062 2.987990
1063 1.738683
1064 1.599891
1065 1.604963
1066 1.635988
1067 1.708652
1068 2.128834
1069 1.867723
1070 2.607098
1071 1.794468
1072 2.484248
1073 2.848722
1074 2.833997
1075 2.809996
1076 2.854046
1077 2.791398
1078 2.822653
1079 2.716835
1080 2.582429
1081 2.521161
1082 2.591335
1083 2.569485
1084 2.436688
1085 2.415938
1086 2.381356
1087 2.386016
1088 2.390235
1089 2.400613
1090 2.400872
1091 2.407687
1092 2.393703
1093 1.573326
1094 1.712045
1095 1.743683
1096 2.699288
1097 2.739596
1098 2.557768
1099 2.394110
1100 2.387626
1101 2.393591
1102 2.399662
1103 2.403119
1104 2.384713
1105 1.817760
1106 2.530619
1107 2.455403
1108 2.437909
1109 1.688261
1110 2.213528
1111 2.715642
1112 2.394381
1113 2.388778
1114 2.413034
1115 2.441864
1116 1.690894
1117 3.027160
1118 1.637195
1119 3.441911
1120 1.725785
1121 2.686883
1122 3.029653
1123 2.728604
1124 2.607070
1125 2.579303
1126 2.911368
1127 2.829195
1128 2.777664
1129 2.457239
1130 2.831116
1131 2.404146
1132 2.822778
1133 2.419715
1134 2.664864
1135 1.659977
1136 2.540621
1137 2.389196
1138 2.827004
1139 2.452056
1140 1.542117
1141 2.574431
1142 2.461305
1143 2.439263
1144 2.772690
1145 2.499548
1146 1.672493
1147 2.423274
1148 2.714236
1149 2.476644
1150 2.575459
1151 1.716752
1152 2.554450
1153 2.496613
1154 1.658062
1155 2.425191
1156 2.138203
1157 2.609003
1158 2.674919
1159 1.634109
1160 2.478912
1161 1.626334
1162 2.477891
1163 1.676283
1164 2.470303
1165 1.629884
1166 2.491879
1167 1.696348
1168 2.553225
1169 2.906477
1170 2.912090
1171 3.477821
1172 1.705524
1173 2.588756
1174 4.805772
1175 2.207868
1176 2.121419
1177 2.600735
1178 2.880553
1179 2.442079
1180 2.463916
1181 2.631671
1182 3.449840
1183 2.623291
1184 4.562121
1185 3.075942
1186 2.186534
1187 2.676131
1188 1.755219
1189 2.547228
1190 2.725402
1191 2.511269
1192 2.555078
1193 1.878441
1194 3.457217
1195 2.271630
1196 2.004582
1197 2.134058
1198 2.826815
1199 3.263595
1200 3.283498
1201 3.246348
1202 3.258982
1203 3.133054
1204 3.045527
1205 3.182200
1206 3.115054
1207 3.152899
1208 3.174642
1209 3.169319
1210 3.179077
1211 3.169284
1212 3.185547
1213 3.162922
1214 3.199679
1215 3.742899
1216 3.721310
1217 3.298809
1218 2.913411
1219 3.144463
1220 3.202080
1221 3.745277
1222 3.330462
1223 3.113965
1224 3.108910
1225 3.461492
1226 3.422354
1227 3.572547
1228 3.280381
1229 3.422824
1230 3.669866
1231 3.523923
1232 3.300935
1233 3.482836
1234 3.519573
1235 3.408066
1236 3.577406
1237 3.310768
1238 3.510426
1239 3.425276
1240 3.532079
1241 3.343622
1242 3.530216
1243 3.352166
1244 3.520196
1245 3.356597
1246 3.504595
1247 3.367224
1248 3.486403
1249 3.378924
1250 3.465399
1251 3.391034
1252 3.443288
1253 3.400316
1254 3.423744
1255 3.403992
1256 3.409860
1257 3.402030
1258 3.400851
1259 3.396847
1260 3.393893
1261 3.390561
1262 3.387286
1263 3.383939
1264 3.380536
1265 3.377062
1266 3.373501
1267 3.369838
1268 3.366048
1269 3.362105
1270 3.357974
1271 3.353614
1272 3.348972
1273 3.343987
1274 3.338587
1275 3.332689
1276 3.326207
1277 3.319055
1278 3.311164
1279 3.302502
1280 3.293096
1281 3.283053
1282 3.272568
1283 3.261905
1284 3.251362
1285 3.241216
1286 3.231672
1287 3.222838
1288 3.214732
1289 3.207300
1290 3.200453
1291 3.194092
1292 3.188120
1293 3.182455
1294 3.177027
1295 3.171781
1296 3.166670
1297 3.161660
1298 3.156724
1299 3.151839
1300 3.146991
1301 3.142165
1302 3.137352
1303 3.132544
1304 3.127732
1305 3.122912
1306 3.118077
1307 3.113222
1308 3.108340
1309 3.103427
1310 3.098478
1311 3.093489
1312 3.088466
1313 3.083421
1314 3.078399
1315 3.073507
1316 3.069001
1317 3.065464
1318 3.064116
1319 3.066956
1320 3.075302
1321 3.086353
1322 3.095904
1323 3.104865
1324 3.114409
1325 3.124490
1326 3.135357
1327 3.146941
1328 3.158280
1329 3.163860
1330 3.142128
1331 3.077113
1332 3.034826
1333 2.996283
1334 2.967036
1335 2.943127
1336 2.923017
1337 2.905697
1338 2.890214
1339 2.876113
1340 2.863070
1341 2.850904
1342 2.839503
1343 2.828801
1344 2.818753
1345 2.809327
1346 2.800501
1347 2.792250
1348 2.784555
1349 2.777391
1350 2.770734
1351 2.764556
1352 2.758823
1353 2.753493
1354 2.748509
1355 2.743780
1356 2.739144
1357 2.734309
1358 2.728902
1359 2.723245
1360 2.718954
1361 2.716057
1362 2.713491
1363 2.711133
1364 2.708901
1365 2.706757
1366 2.704678
1367 2.702651
1368 2.700664
1369 2.698712
1370 2.696788
1371 2.694889
1372 2.693009
1373 2.691148
1374 2.689301
1375 2.687468
1376 2.685644
1377 2.683830
1378 2.682022
1379 2.680220
1380 2.678421
1381 2.676625
1382 2.674829
1383 2.673033
1384 2.671235
1385 2.669432
1386 2.667625
1387 2.665812
1388 2.663991
1389 2.662161
1390 2.660320
1391 2.658467
1392 2.656600
1393 2.654719
1394 2.652820
1395 2.650903
1396 2.648967
1397 2.647008
1398 2.645025
1399 2.643017
1400 2.640981
1401 2.638915
1402 2.636817
1403 2.634684
1404 2.632514
1405 2.630304
1406 2.628050
1407 2.625751
1408 2.623402
1409 2.620999
1410 2.618539
1411 2.616016
1412 2.613427
1413 2.610765
1414 2.608025
1415 2.605200
1416 2.602283
1417 2.599266
1418 2.596139
1419 2.592892
1420 2.589513
1421 2.585991
1422 2.582309
1423 2.578451
1424 2.574399
1425 2.570132
1426 2.565626
1427 2.560856
1428 2.555795
1429 2.550416
1430 2.544693
1431 2.538601
1432 2.532124
1433 2.525249
1434 2.517960
1435 2.510200
1436 2.501756
1437 2.491849
1438 2.477677
1439 2.450554
1440 2.401925
1441 2.350671
1442 2.304821
1443 2.262260
1444 2.221125
1445 2.181354
1446 2.144266
1447 2.112323
1448 2.087423
1449 2.069355
1450 2.056344
1451 2.046651
1452 2.039216
1453 2.033453
1454 2.028992
1455 2.025571
1456 2.022994
1457 2.021109
1458 2.019795
1459 2.018952
1460 2.018498
1461 2.018362
1462 2.018487
1463 2.018819
1464 2.019316
1465 2.019939
1466 2.020655
1467 2.021436
1468 2.022257
1469 2.023098
1470 2.023942
1471 2.024775
1472 2.025587
1473 2.026369
1474 2.027114
1475 2.027818
1476 2.028478
1477 2.029092
1478 2.029659
1479 2.030179
1480 2.030653
1481 2.031082
1482 2.031468
1483 2.031811
1484 2.032115
1485 2.032380
1486 2.032608
1487 2.032801
1488 2.032962
1489 2.033091
1490 2.033191
1491 2.033262
1492 2.033308
1493 2.033328
1494 2.033325
1495 2.033300
1496 2.033254
1497 2.033188
1498 2.033104
1499 2.033002
1500 2.032884
1501 2.032751
1502 2.032603
1503 2.032442
1504 2.032269
1505 2.032084
1506 2.031889
1507 2.031684
1508 2.031471
1509 2.031249
1510 2.031020
1511 2.030785
1512 2.030545
1513 2.030300
1514 2.030050
1515 2.029798
1516 2.029542
1517 2.029285
1518 2.029026
1519 2.028767
1520 2.028507
1521 2.028247
1522 2.027988
1523 2.027730
1524 2.027474
1525 2.027220
1526 2.026969
1527 2.026720
1528 2.026474
1529 2.026232
1530 2.025994
1531 2.025759
1532 2.025529
1533 2.025304
1534 2.025083
1535 2.024867
1536 2.024656
1537 2.024450
1538 2.024250
1539 2.024055
1540 2.023866
1541 2.023683
1542 2.023506
1543 2.023335
1544 2.023171
1545 2.023012
1546 2.022861
1547 2.022716
1548 2.022577
1549 2.022446
1550 2.022322
1551 2.022205
1552 2.022095
1553 2.021993
1554 2.021899
1555 2.021812
1556 2.021733
1557 2.021663
1558 2.021601
1559 2.021547
1560 2.021502
1561 2.021466
1562 2.021440
1563 2.021422
1564 2.021415
1565 2.021417
1566 2.021430
1567 2.021453
1568 2.021487
1569 2.021532
1570 2.021588
1571 2.021656
1572 2.021736
1573 2.021829
1574 2.021934
1575 2.022053
1576 2.022186
1577 2.022333
1578 2.022494
1579 2.022671
1580 2.022863
1581 2.023072
1582 2.023297
1583 2.023540
1584 2.023801
1585 2.024081
1586 2.024380
1587 2.024700
1588 2.025040
1589 2.025403
1590 2.025788
1591 2.026197
1592 2.026631
1593 2.027090
1594 2.027576
1595 2.028090
1596 2.028634
1597 2.029207
1598 2.029813
1599 2.030451
1600 2.031125
1601 2.031835
1602 2.032583
1603 2.033371
1604 2.034201
1605 2.035074
1606 2.035994
1607 2.036962
1608 2.037981
1609 2.039053
1610 2.040181
1611 2.041368
1612 2.042618
1613 2.043933
1614 2.045317
1615 2.046773
1616 2.048306
1617 2.049920
1618 2.051619
1619 2.053407
1620 2.055290
1621 2.057272
1622 2.059359
1623 2.061556
1624 2.063869
1625 2.066304
1626 2.068866
1627 2.071561
1628 2.074396
1629 2.077376
1630 2.080507
1631 2.083794
1632 2.087242
1633 2.090856
1634 2.094641
1635 2.098600
1636 2.102736
1637 2.107051
1638 2.111548
1639 2.116228
1640 2.121092
1641 2.126141
1642 2.131376
1643 2.136798
1644 2.142407
1645 2.148206
1646 2.154195
1647 2.160378
1648 2.166757
1649 2.173336
1650 2.180119
1651 2.187110
1652 2.194316
1653 2.201739
1654 2.209384
1655 2.217254
1656 2.225348
1657 2.233662
1658 2.242189
1659 2.250914
1660 2.259813
1661 2.268854
1662 2.277996
1663 2.287189
1664 2.296374
1665 2.305490
1666 2.314479
1667 2.323284
1668 2.331861
1669 2.340174
1670 2.348199
1671 2.355921
1672 2.363332
1673 2.370431
1674 2.377220
1675 2.383703
1676 2.389887
1677 2.395780
1678 2.401391
1679 2.406731
1680 2.411812
1681 2.416645
1682 2.421243
1683 2.425618
1684 2.429781
1685 2.433745
1686 2.437518
1687 2.441111
1688 2.444532
1689 2.447789
1690 2.450890
1691 2.453842
1692 2.456650
1693 2.459319
1694 2.461856
1695 2.464265
1696 2.466551
1697 2.468719
1698 2.470772
1699 2.472716
1700 2.474555
1701 2.476292
1702 2.477932
1703 2.479479
1704 2.480936
1705 2.482307
1706 2.483597
1707 2.484808
1708 2.485943
1709 2.487007
1710 2.488003
1711 2.488933
1712 2.489801
1713 2.490609
1714 2.491360
1715 2.492057
1716 2.492703
1717 2.493299
1718 2.493848
1719 2.494353
1720 2.494815
1721 2.495236
1722 2.495619
1723 2.495965
1724 2.496275
1725 2.496552
1726 2.496798
1727 2.497012
1728 2.497198
1729 2.497356
1730 2.497488
1731 2.497595
1732 2.497677
1733 2.497737
1734 2.497775
1735 2.497792
1736 2.497790
1737 2.497768
1738 2.497729
1739 2.497672
1740 2.497599
1741 2.497510
1742 2.497406
1743 2.497288
1744 2.497157
1745 2.497012
1746 2.496855
1747 2.496687
1748 2.496507
1749 2.496317
1750 2.496116
1751 2.495905
1752 2.495686
1753 2.495457
1754 2.495220
1755 2.494975
1756 2.494722
1757 2.494462
1758 2.494195
1759 2.493922
1760 2.493642
1761 2.493357
1762 2.493065
1763 2.492769
1764 2.492467
1765 2.492160
1766 2.491849
1767 2.491533
1768 2.491213
1769 2.490889
1770 2.490562
1771 2.490231
1772 2.489897
1773 2.489559
1774 2.489219
1775 2.488876
1776 2.488530
1777 2.488182
1778 2.487831
1779 2.487478
1780 2.487124
1781 2.486767
1782 2.486408
1783 2.486048
1784 2.485686
1785 2.485323
1786 2.484959
1787 2.484593
1788 2.484226
1789 2.483859
1790 2.483490
1791 2.483120
1792 2.482750
1793 2.482379
1794 2.482007
1795 2.481635
1796 2.481263
1797 2.480889
1798 2.480516
1799 2.480143
1800 2.479769
1801 2.479395
1802 2.479021
1803 2.478647
1804 2.478272
1805 2.477898
1806 2.477524
1807 2.477151
1808 2.476777
1809 2.476404
1810 2.476031
1811 2.475658
1812 2.475285
1813 2.474913
1814 2.474542
1815 2.474170
1816 2.473800
1817 2.473429
1818 2.473059
1819 2.472690
1820 2.472322
1821 2.471954
1822 2.471586
1823 2.471219
1824 2.470853
1825 2.470488
1826 2.470123
1827 2.469759
1828 2.469396
1829 2.469033
1830 2.468671
1831 2.468310
1832 2.467950
1833 2.467591
1834 2.467232
1835 2.466874
1836 2.466517
1837 2.466161
1838 2.465806
1839 2.465452
1840 2.465098
1841 2.464745
1842 2.464394
1843 2.464043
1844 2.463693
1845 2.463344
1846 2.462996
1847 2.462648
1848 2.462302
1849 2.461957
1850 2.461612
1851 2.461268
1852 2.460926
1853 2.460584
1854 2.460243
1855 2.459904
1856 2.459565
1857 2.459227
1858 2.458890
1859 2.458554
1860 2.458219
1861 2.457885
1862 2.457552
1863 2.457220
1864 2.456888
1865 2.456558
1866 2.456229
1867 2.455900
1868 2.455573
1869 2.455246
1870 2.454921
1871 2.454596
1872 2.454273
1873 2.453950
1874 2.453629
1875 2.453308
1876 2.452988
1877 2.452669
1878 2.452351
1879 2.452034
1880 2.451718
1881 2.451403
1882 2.451089
1883 2.450776
1884 2.450464
1885 2.450152
1886 2.449842
1887 2.449533
1888 2.449224
1889 2.448917
1890 2.448610
1891 2.448304
1892 2.447999
1893 2.447696
1894 2.447393
1895 2.447091
1896 2.446789
1897 2.446489
1898 2.446190
1899 2.445892
1900 2.445594
1901 2.445298
1902 2.445002
1903 2.444707
1904 2.444413
1905 2.444120
1906 2.443828
1907 2.443537
1908 2.443247
1909 2.442958
1910 2.442669
1911 2.442382
1912 2.442095
1913 2.441809
1914 2.441524
1915 2.441240
1916 2.440957
1917 2.440675
1918 2.440393
1919 2.440113
1920 2.439833
1921 2.439554
1922 2.439276
1923 2.438999
1924 2.438723
1925 2.438448
1926 2.438173
1927 2.437900
1928 2.437627
1929 2.437355
1930 2.437084
1931 2.436814
1932 2.436545
1933 2.436276
1934 2.436009
1935 2.435742
1936 2.435476
1937 2.435211
1938 2.434947
1939 2.434683
1940 2.434421
1941 2.434159
1942 2.433898
1943 2.433638
1944 2.433379
1945 2.433121
1946 2.432863
1947 2.432607
1948 2.432351
1949 2.432096
1950 2.431842
1951 2.431589
1952 2.431336
1953 2.431084
1954 2.430834
1955 2.430584
1956 2.430335
1957 2.430086
1958 2.429839
1959 2.429592
1960 2.429346
1961 2.429101
1962 2.428857
1963 2.428614
1964 2.428371
1965 2.428129
1966 2.427888
1967 2.427648
1968 2.427409
1969 2.427171
1970 2.426933
1971 2.426696
1972 2.426460
1973 2.426225
1974 2.425991
1975 2.425757
1976 2.425524
1977 2.425293
1978 2.425061
1979 2.424831
1980 2.424602
1981 2.424373
1982 2.424145
1983 2.423918
1984 2.423692
1985 2.423467
1986 2.423242
1987 2.423018
1988 2.422795
1989 2.422573
1990 2.422352
1991 2.422131
1992 2.421911
1993 2.421692
1994 2.421474
1995 2.421257
1996 2.421040
1997 2.420824
1998 2.420610
1999 2.420395
2000 2.420182
2001 2.419970
2002 2.419758
2003 2.419547
2004 2.419337
2005 2.419127
2006 2.418919
2007 2.418711
2008 2.418504
2009 2.418298
2010 2.418093
2011 2.417888
2012 2.417684
2013 2.417481
2014 2.417279
2015 2.417078
2016 2.416877
2017 2.416677
2018 2.416478
2019 2.416280
2020 2.416083
2021 2.415886
2022 2.415690
2023 2.415495
2024 2.415301
2025 2.415108
2026 2.414915
2027 2.414723
2028 2.414532
2029 2.414342
2030 2.414152
2031 2.413963
2032 2.413775
2033 2.413588
2034 2.413402
2035 2.413216
2036 2.413031
2037 2.412847
2038 2.412664
2039 2.412481
2040 2.412299
2041 2.412118
2042 2.411938
2043 2.411759
2044 2.411580
2045 2.411402
2046 2.411225
2047 2.411048
2048 2.410873
2049 2.410698
2050 2.410524
2051 2.410350
2052 2.410178
2053 2.410006
2054 2.409835
2055 2.409665
2056 2.409495
2057 2.409326
2058 2.409158
2059 2.408991
2060 2.408825
2061 2.408659
2062 2.408494
2063 2.408330
2064 2.408166
2065 2.408003
2066 2.407841
2067 2.407680
2068 2.407520
2069 2.407360
2070 2.407201
2071 2.407042
2072 2.406885
2073 2.406728
2074 2.406572
2075 2.406417
2076 2.406262
2077 2.406108
2078 2.405955
2079 2.405802
2080 2.405651
2081 2.405500
2082 2.405350
2083 2.405200
2084 2.405051
2085 2.404903
2086 2.404756
2087 2.404609
2088 2.404463
2089 2.404318
2090 2.404173
2091 2.404029
2092 2.403886
2093 2.403744
2094 2.403602
2095 2.403461
2096 2.403321
2097 2.403181
2098 2.403042
2099 2.402904
2100 2.402767
2101 2.402630
2102 2.402494
2103 2.402358
2104 2.402223
2105 2.402089
2106 2.401956
2107 2.401823
2108 2.401691
2109 2.401560
2110 2.401429
2111 2.401299
2112 2.401170
2113 2.401041
2114 2.400913
2115 2.400786
2116 2.400659
2117 2.400533
2118 2.400408
2119 2.400283
2120 2.400159
2121 2.400036
2122 2.399913
2123 2.399791
2124 2.399670
2125 2.399549
2126 2.399429
2127 2.399310
2128 2.399191
2129 2.399073
2130 2.398955
2131 2.398838
2132 2.398722
2133 2.398606
2134 2.398491
2135 2.398377
2136 2.398263
2137 2.398150
2138 2.398037
2139 2.397926
2140 2.397814
2141 2.397704
2142 2.397594
2143 2.397484
2144 2.397375
2145 2.397267
2146 2.397160
2147 2.397053
2148 2.396946
2149 2.396840
2150 2.396735
2151 2.396631
2152 2.396527
2153 2.396423
2154 2.396320
2155 2.396218
2156 2.396117
2157 2.396016
2158 2.395915
2159 2.395815
2160 2.395716
2161 2.395617
2162 2.395519
2163 2.395421
2164 2.395324
2165 2.395228
2166 2.395132
2167 2.395037
2168 2.394942
2169 2.394848
2170 2.394754
2171 2.394661
2172 2.394568
2173 2.394476
2174 2.394385
2175 2.394294
2176 2.394203
2177 2.394114
2178 2.394024
2179 2.393936
2180 2.393847
2181 2.393760
2182 2.393673
2183 2.393586
2184 2.393500
2185 2.393414
2186 2.393329
2187 2.393245
2188 2.393161
2189 2.393077
2190 2.392994
2191 2.392912
2192 2.392830
2193 2.392748
2194 2.392667
2195 2.392587
2196 2.392507
2197 2.392428
2198 2.392349
2199 2.392270
2200 2.392192
2201 2.392115
2202 2.392038
2203 2.391961
2204 2.391885
2205 2.391810
2206 2.391735
2207 2.391660
2208 2.391586
2209 2.391513
2210 2.391439
2211 2.391367
2212 2.391295
2213 2.391223
2214 2.391152
2215 2.391081
2216 2.391011
2217 2.390941
2218 2.390871
2219 2.390802
2220 2.390734
2221 2.390666
2222 2.390598
2223 2.390531
2224 2.390464
2225 2.390398
2226 2.390332
2227 2.390267
2228 2.390202
2229 2.390137
2230 2.390073
2231 2.390010
2232 2.389946
2233 2.389884
2234 2.389821
2235 2.389759
2236 2.389698
2237 2.389637
2238 2.389576
2239 2.389516
2240 2.389456
2241 2.389397
2242 2.389338
2243 2.389279
2244 2.389221
2245 2.389163
2246 2.389106
2247 2.389049
2248 2.388992
2249 2.388936
2250 2.388880
2251 2.388825
2252 2.388770
2253 2.388715
2254 2.388661
2255 2.388607
2256 2.388553
2257 2.388500
2258 2.388448
2259 2.388395
2260 2.388343
2261 2.388292
2262 2.388241
2263 2.388190
2264 2.388139
2265 2.388089
2266 2.388040
2267 2.387990
2268 2.387941
2269 2.387893
2270 2.387845
2271 2.387797
2272 2.387749
2273 2.387702
2274 2.387655
2275 2.387609
2276 2.387563
2277 2.387517
2278 2.387471
2279 2.387426
2280 2.387382
2281 2.387337
2282 2.387293
2283 2.387250
2284 2.387206
2285 2.387163
2286 2.387120
2287 2.387078
2288 2.387036
2289 2.386994
2290 2.386953
2291 2.386912
2292 2.386871
2293 2.386831
2294 2.386791
2295 2.386751
2296 2.386712
2297 2.386672
2298 2.386634
2299 2.386595
2300 2.386557
2301 2.386519
2302 2.386482
2303 2.386444
2304 2.386407
2305 2.386371
2306 2.386334
2307 2.386298
2308 2.386263
2309 2.386227
2310 2.386192
2311 2.386157
2312 2.386123
2313 2.386088
2314 2.386054
2315 2.386021
2316 2.385987
2317 2.385954
2318 2.385921
2319 2.385889
2320 2.385857
2321 2.385825
2322 2.385793
2323 2.385762
2324 2.385730
2325 2.385700
2326 2.385669
2327 2.385639
2328 2.385609
2329 2.385579
2330 2.385549
2331 2.385520
2332 2.385491
2333 2.385463
2334 2.385434
2335 2.385406
2336 2.385378
2337 2.385350
2338 2.385323
2339 2.385296
2340 2.385269
2341 2.385242
2342 2.385216
2343 2.385190
2344 2.385164
2345 2.385138
2346 2.385113
2347 2.385088
2348 2.385063
2349 2.385038
2350 2.385014
2351 2.384989
2352 2.384966
2353 2.384942
2354 2.384918
2355 2.384895
2356 2.384872
2357 2.384849
2358 2.384827
2359 2.384805
2360 2.384782
2361 2.384761
2362 2.384739
2363 2.384718
2364 2.384696
2365 2.384675
2366 2.384655
2367 2.384634
2368 2.384614
2369 2.384594
2370 2.384574
2371 2.384554
2372 2.384535
2373 2.384516
2374 2.384497
2375 2.384478
2376 2.384459
2377 2.384441
2378 2.384423
2379 2.384405
2380 2.384387
2381 2.384369
2382 2.384352
2383 2.384335
2384 2.384318
2385 2.384301
2386 2.384285
2387 2.384268
2388 2.384252
2389 2.384236
2390 2.384220
2391 2.384205
2392 2.384189
2393 2.384174
2394 2.384159
2395 2.384144
2396 2.384129
2397 2.384115
2398 2.384101
2399 2.384086
2400 2.384073
2401 2.384059
2402 2.384045
2403 2.384032
2404 2.384019
2405 2.384005
2406 2.383993
2407 2.383980
2408 2.383967
2409 2.383955
2410 2.383943
2411 2.383931
2412 2.383919
2413 2.383907
2414 2.383896
2415 2.383884
2416 2.383873
2417 2.383862
2418 2.383851
2419 2.383840
2420 2.383830
2421 2.383819
2422 2.383809
2423 2.383799
2424 2.383789
2425 2.383779
2426 2.383769
2427 2.383760
2428 2.383750
2429 2.383741
2430 2.383732
2431 2.383723
2432 2.383714
2433 2.383706
2434 2.383697
2435 2.383689
2436 2.383681
2437 2.383672
2438 2.383664
2439 2.383657
2440 2.383649
2441 2.383641
2442 2.383634
2443 2.383627
2444 2.383619
2445 2.383612
2446 2.383606
2447 2.383599
2448 2.383592
2449 2.383586
2450 2.383579
2451 2.383573
2452 2.383567
2453 2.383561
2454 2.383555
2455 2.383549
2456 2.383543
2457 2.383538
2458 2.383532
2459 2.383527
2460 2.383521
2461 2.383516
2462 2.383511
2463 2.383506
2464 2.383501
2465 2.383497
2466 2.383492
2467 2.383488
2468 2.383483
2469 2.383479
2470 2.383475
2471 2.383471
2472 2.383467
2473 2.383463
2474 2.383459
2475 2.383455
2476 2.383452
2477 2.383448
2478 2.383445
2479 2.383441
2480 2.383438
2481 2.383435
2482 2.383432
2483 2.383429
2484 2.383426
2485 2.383423
2486 2.383420
2487 2.383417
2488 2.383415
2489 2.383412
2490 2.383410
2491 2.383408
2492 2.383405
2493 2.383403
2494 2.383401
2495 2.383399
2496 2.383397
2497 2.383395
2498 2.383393
2499 2.383391
2500 2.383389
2501 2.383388
2502 2.383386
2503 2.383385
2504 2.383383
2505 2.383382
2506 2.383380
2507 2.383379
2508 2.383378
2509 2.383376
2510 2.383375
2511 2.383374
2512 2.383373
2513 2.383372
2514 2.383371
2515 2.383370
2516 2.383369
2517 2.383369
2518 2.383368
2519 2.383367
2520 2.383366
2521 2.383366
2522 2.383365
2523 2.383365
2524 2.383364
2525 2.383363
2526 2.383363
2527 2.383363
2528 2.383362
2529 2.383362
2530 2.383361
2531 2.383361
2532 2.383361
2533 2.383361
2534 2.383360
2535 2.383360
2536 2.383360
2537 2.383360
2538 2.383360
2539 2.383359
2540 2.383359
2541 2.383359
2542 2.383359
2543 2.383359
2544 2.383359
2545 2.383359
2546 2.383359
2547 2.383359
2548 2.383359
2549 2.383359
2550 2.383359
2551 2.383359
2552 2.383359
2553 2.383359
2554 2.383358
2555 2.383358
2556 2.383358
2557 2.383358
2558 2.383358
2559 2.383358
2560 2.383358
2561 2.383358
2562 2.383358
2563 2.383358
2564 2.383358
2565 2.383358
2566 2.383358
2567 2.383357
2568 2.383357
2569 2.383357
2570 2.383357
2571 2.383357
2572 2.383356
2573 2.383356
2574 2.383356
2575 2.383355
2576 2.383355
2577 2.383355
2578 2.383354
2579 2.383354
2580 2.383353
2581 2.383353
2582 2.383352
2583 2.383351
2584 2.383351
2585 2.383350
2586 2.383349
2587 2.383348
2588 2.383348
2589 2.383347
2590 2.383346
2591 2.383345
2592 2.383344
2593 2.383343
2594 2.383341
2595 2.383340
2596 2.383339
2597 2.383338
2598 2.383336
2599 2.383335
2600 2.383333
2601 2.383332
2602 2.383330
2603 2.383329
2604 2.383327
2605 2.383325
2606 2.383323
2607 2.383321
2608 2.383319
2609 2.383317
2610 2.383315
2611 2.383312
2612 2.383310
2613 2.383308
2614 2.383305
2615 2.383303
2616 2.383300
2617 2.383297
2618 2.383294
2619 2.383291
2620 2.383288
2621 2.383285
2622 2.383282
2623 2.383279
2624 2.383275
2625 2.383272
2626 2.383268
2627 2.383265
2628 2.383261
2629 2.383257
2630 2.383253
2631 2.383249
2632 2.383245
2633 2.383240
2634 2.383236
2635 2.383231
2636 2.383227
2637 2.383222
2638 2.383217
2639 2.383212
2640 2.383207
2641 2.383202
2642 2.383197
2643 2.383191
2644 2.383186
2645 2.383180
2646 2.383174
2647 2.383168
2648 2.383162
2649 2.383156
2650 2.383149
2651 2.383143
2652 2.383136
2653 2.383130
2654 2.383123
2655 2.383116
2656 2.383108
2657 2.383101
2658 2.383094
2659 2.383086
2660 2.383078
2661 2.383071
2662 2.383063
2663 2.383054
2664 2.383046
2665 2.383038
2666 2.383029
2667 2.383020
2668 2.383011
2669 2.383002
2670 2.382993
2671 2.382983
2672 2.382974
2673 2.382964
2674 2.382954
2675 2.382944
2676 2.382934
2677 2.382923
2678 2.382913
2679 2.382902
2680 2.382891
2681 2.382880
2682 2.382869
2683 2.382857
2684 2.382846
2685 2.382834
2686 2.382822
2687 2.382810
2688 2.382797
2689 2.382785
2690 2.382772
2691 2.382759
2692 2.382746
2693 2.382733
2694 2.382719
2695 2.382706
2696 2.382692
2697 2.382678
2698 2.382663
2699 2.382649
2700 2.382634
2701 2.382619
2702 2.382604
2703 2.382589
2704 2.382574
2705 2.382558
2706 2.382542
2707 2.382526
2708 2.382510
2709 2.382493
2710 2.382476
2711 2.382459
2712 2.382442
2713 2.382425
2714 2.382407
2715 2.382389
2716 2.382371
2717 2.382353
2718 2.382335
2719 2.382316
2720 2.382297
2721 2.382278
2722 2.382258
2723 2.382239
2724 2.382219
2725 2.382199
2726 2.382179
2727 2.382158
2728 2.382137
2729 2.382116
2730 2.382095
2731 2.382073
2732 2.382052
2733 2.382030
2734 2.382007
2735 2.381985
2736 2.381962
2737 2.381939
2738 2.381916
2739 2.381892
2740 2.381869
2741 2.381845
2742 2.381820
2743 2.381796
2744 2.381771
2745 2.381746
2746 2.381721
2747 2.381695
2748 2.381670
2749 2.381644
2750 2.381617
2751 2.381591
2752 2.381564
2753 2.381537
2754 2.381509
2755 2.381482
2756 2.381454
2757 2.381425
2758 2.381397
2759 2.381368
2760 2.381339
2761 2.381310
2762 2.381280
2763 2.381251
2764 2.381220
2765 2.381190
2766 2.381159
2767 2.381128
2768 2.381097
2769 2.381066
2770 2.381034
2771 2.381002
2772 2.380969
2773 2.380936
2774 2.380903
2775 2.380870
2776 2.380837
2777 2.380803
2778 2.380769
2779 2.380734
2780 2.380699
2781 2.380664
2782 2.380629
2783 2.380593
2784 2.380557
2785 2.380521
2786 2.380485
2787 2.380448
2788 2.380411
2789 2.380373
2790 2.380335
2791 2.380297
2792 2.380259
2793 2.380220
2794 2.380181
2795 2.380142
2796 2.380102
2797 2.380062
2798 2.380022
2799 2.379982
2800 2.379941
2801 2.379899
2802 2.379858
2803 2.379816
2804 2.379774
2805 2.379731
2806 2.379689
2807 2.379646
2808 2.379602
2809 2.379558
2810 2.379514
2811 2.379470
2812 2.379425
2813 2.379380
2814 2.379335
2815 2.379289
2816 2.379243
2817 2.379196
2818 2.379150
2819 2.379103
2820 2.379055
2821 2.379008
2822 2.378960
2823 2.378911
2824 2.378863
2825 2.378813
2826 2.378764
2827 2.378714
2828 2.378664
2829 2.378614
2830 2.378563
2831 2.378512
2832 2.378461
2833 2.378409
2834 2.378357
2835 2.378304
2836 2.378252
2837 2.378199
2838 2.378145
2839 2.378091
2840 2.378037
2841 2.377983
2842 2.377928
2843 2.377873
2844 2.377817
2845 2.377761
2846 2.377705
2847 2.377648
2848 2.377591
2849 2.377534
2850 2.377477
2851 2.377419
2852 2.377360
2853 2.377302
2854 2.377242
2855 2.377183
2856 2.377123
2857 2.377063
2858 2.377003
2859 2.376942
2860 2.376881
2861 2.376819
2862 2.376757
2863 2.376695
2864 2.376633
2865 2.376570
2866 2.376506
2867 2.376443
2868 2.376379
2869 2.376314
2870 2.376250
2871 2.376184
2872 2.376119
2873 2.376053
2874 2.375987
2875 2.375921
2876 2.375854
2877 2.375786
2878 2.375719
2879 2.375651
2880 2.375582
2881 2.375514
2882 2.375445
2883 2.375375
2884 2.375306
2885 2.375235
2886 2.375165
2887 2.375094
2888 2.375023
2889 2.374951
2890 2.374879
2891 2.374807
2892 2.374734
2893 2.374661
2894 2.374588
2895 2.374514
2896 2.374440
2897 2.374365
2898 2.374291
2899 2.374215
2900 2.374140
2901 2.374064
2902 2.373987
2903 2.373911
2904 2.373834
2905 2.373756
2906 2.373679
2907 2.373600
2908 2.373522
2909 2.373443
2910 2.373364
2911 2.373284
2912 2.373204
2913 2.373124
2914 2.373043
2915 2.372962
2916 2.372881
2917 2.372799
2918 2.372717
2919 2.372634
2920 2.372551
2921 2.372468
2922 2.372385
2923 2.372301
2924 2.372216
2925 2.372132
2926 2.372047
2927 2.371961
2928 2.371876
2929 2.371789
2930 2.371703
2931 2.371616
2932 2.371529
2933 2.371441
2934 2.371353
2935 2.371265
2936 2.371176
2937 2.371087
2938 2.370998
2939 2.370908
2940 2.370818
2941 2.370728
2942 2.370637
2943 2.370546
2944 2.370454
2945 2.370362
2946 2.370270
2947 2.370178
2948 2.370085
2949 2.369991
2950 2.369898
2951 2.369804
2952 2.369709
2953 2.369615
2954 2.369520
2955 2.369424
2956 2.369328
2957 2.369232
2958 2.369136
2959 2.369039
2960 2.368942
2961 2.368844
2962 2.368746
2963 2.368648
2964 2.368550
2965 2.368451
2966 2.368351
2967 2.368252
2968 2.368152
2969 2.368051
2970 2.367951
2971 2.367850
2972 2.367748
2973 2.367647
2974 2.367545
2975 2.367442
2976 2.367339
2977 2.367236
2978 2.367133
2979 2.367029
2980 2.366925
2981 2.366821
2982 2.366716
2983 2.366611
2984 2.366505
2985 2.366400
2986 2.366293
2987 2.366187
2988 2.366080
2989 2.365973
2990 2.365866
2991 2.365758
2992 2.365650
2993 2.365541
2994 2.365432
2995 2.365323
2996 2.365214
2997 2.365104
2998 2.364994
2999 2.364883
3000 2.364773
3001 2.364661
3002 2.364550
3003 2.364438
3004 2.364326
3005 2.364214
3006 2.364101
3007 2.363988
3008 2.363875
3009 2.363761
3010 2.363647
3011 2.363533
3012 2.363418
3013 2.363303
3014 2.363188
3015 2.363072
3016 2.362956
3017 2.362840
3018 2.362723
3019 2.362606
3020 2.362489
3021 2.362372
3022 2.362254
3023 2.362136
3024 2.362017
3025 2.361899
3026 2.361780
3027 2.361660
3028 2.361541
3029 2.361421
3030 2.361300
3031 2.361180
3032 2.361059
3033 2.360938
3034 2.360816
3035 2.360695
3036 2.360573
3037 2.360450
3038 2.360328
3039 2.360205
3040 2.360081
3041 2.359958
3042 2.359834
3043 2.359710
3044 2.359585
3045 2.359461
3046 2.359336
3047 2.359210
3048 2.359085
3049 2.358959
3050 2.358833
3051 2.358706
3052 2.358580
3053 2.358453
3054 2.358325
3055 2.358198
3056 2.358070
3057 2.357942
3058 2.357813
3059 2.357685
3060 2.357556
3061 2.357426
3062 2.357297
3063 2.357167
3064 2.357037
3065 2.356907
3066 2.356776
3067 2.356645
3068 2.356514
3069 2.356382
3070 2.356251
3071 2.356119
3072 2.355987
3073 2.355854
3074 2.355721
3075 2.355588
3076 2.355455
3077 2.355321
3078 2.355188
3079 2.355053
3080 2.354919
3081 2.354785
3082 2.354650
3083 2.354515
3084 2.354379
3085 2.354244
3086 2.354108
3087 2.353972
3088 2.353835
3089 2.353699
3090 2.353562
3091 2.353425
3092 2.353287
3093 2.353150
3094 2.353012
3095 2.352874
3096 2.352735
3097 2.352597
3098 2.352458
3099 2.352319
3100 2.352180
3101 2.352040
3102 2.351900
3103 2.351760
3104 2.351620
3105 2.351480
3106 2.351339
3107 2.351198
3108 2.351057
3109 2.350915
3110 2.350774
3111 2.350632
3112 2.350490
3113 2.350347
3114 2.350205
3115 2.350062
3116 2.349919
3117 2.349776
3118 2.349632
3119 2.349489
3120 2.349345
3121 2.349201
3122 2.349056
3123 2.348912
3124 2.348767
3125 2.348622
3126 2.348477
3127 2.348331
3128 2.348186
3129 2.348040
3130 2.347894
3131 2.347748
3132 2.347601
3133 2.347455
3134 2.347308
3135 2.347161
3136 2.347013
3137 2.346866
3138 2.346718
3139 2.346570
3140 2.346422
3141 2.346274
3142 2.346125
3143 2.345977
3144 2.345828
3145 2.345679
3146 2.345529
3147 2.345380
3148 2.345230
3149 2.345080
3150 2.344930
3151 2.344780
3152 2.344630
3153 2.344479
3154 2.344328
3155 2.344177
3156 2.344026
3157 2.343875
3158 2.343723
3159 2.343572
3160 2.343420
3161 2.343268
3162 2.343115
3163 2.342963
3164 2.342810
3165 2.342657
3166 2.342504
3167 2.342351
3168 2.342198
3169 2.342044
3170 2.341891
3171 2.341737
3172 2.341583
3173 2.341429
3174 2.341274
3175 2.341120
3176 2.340965
3177 2.340810
3178 2.340655
3179 2.340500
3180 2.340345
3181 2.340189
3182 2.340033
3183 2.339877
3184 2.339721
3185 2.339565
3186 2.339409
3187 2.339252
3188 2.339096
3189 2.338939
3190 2.338782
3191 2.338625
3192 2.338468
3193 2.338310
3194 2.338153
3195 2.337995
3196 2.337837
3197 2.337679
3198 2.337521
3199 2.337362
3200 2.337204
3201 2.337045
3202 2.336887
3203 2.336728
3204 2.336569
3205 2.336409
3206 2.336250
3207 2.336091
3208 2.335931
3209 2.335771
3210 2.335611
3211 2.335451
3212 2.335291
3213 2.335131
3214 2.334970
3215 2.334810
3216 2.334649
3217 2.334488
3218 2.334327
3219 2.334166
3220 2.334005
3221 2.333844
3222 2.333682
3223 2.333520
3224 2.333359
3225 2.333197
3226 2.333035
3227 2.332873
3228 2.332710
3229 2.332548
3230 2.332386
3231 2.332223
3232 2.332060
3233 2.331897
3234 2.331734
3235 2.331571
3236 2.331408
3237 2.331245
3238 2.331081
3239 2.330918
3240 2.330754
3241 2.330590
3242 2.330426
3243 2.330262
3244 2.330098
3245 2.329934
3246 2.329769
3247 2.329605
3248 2.329440
3249 2.329276
3250 2.329111
3251 2.328946
3252 2.328781
3253 2.328616
3254 2.328450
3255 2.328285
3256 2.328120
3257 2.327954
3258 2.327788
3259 2.327623
3260 2.327457
3261 2.327291
3262 2.327125
3263 2.326959
3264 2.326792
3265 2.326626
3266 2.326459
3267 2.326293
3268 2.326126
3269 2.325959
3270 2.325793
3271 2.325626
3272 2.325459
3273 2.325292
3274 2.325124
3275 2.324957
3276 2.324790
3277 2.324622
3278 2.324455
3279 2.324287
3280 2.324119
3281 2.323951
3282 2.323783
3283 2.323615
3284 2.323447
3285 2.323279
3286 2.323111
3287 2.322942
3288 2.322774
3289 2.322605
3290 2.322437
3291 2.322268
3292 2.322099
3293 2.321930
3294 2.321761
3295 2.321592
3296 2.321423
3297 2.321254
3298 2.321085
3299 2.320915
3300 2.320746
3301 2.320577
3302 2.320407
3303 2.320237
3304 2.320068
3305 2.319898
3306 2.319728
3307 2.319558
3308 2.319388
3309 2.319218
3310 2.319048
3311 2.318877
3312 2.318707
3313 2.318537
3314 2.318366
3315 2.318196
3316 2.318025
3317 2.317855
3318 2.317684
3319 2.317513
3320 2.317342
3321 2.317171
3322 2.317000
3323 2.316829
3324 2.316658
3325 2.316487
3326 2.316316
3327 2.316144
3328 2.315973
3329 2.315801
3330 2.315630
3331 2.315458
3332 2.315287
3333 2.315115
3334 2.314943
3335 2.314771
3336 2.314599
3337 2.314427
3338 2.314255
3339 2.314083
3340 2.313911
3341 2.313739
3342 2.313567
3343 2.313395
3344 2.313222
3345 2.313050
3346 2.312877
3347 2.312705
3348 2.312532
3349 2.312359
3350 2.312187
3351 2.312014
3352 2.311841
3353 2.311668
3354 2.311495
3355 2.311322
3356 2.311149
3357 2.310976
3358 2.310803
3359 2.310630
3360 2.310457
3361 2.310284
3362 2.310110
3363 2.309937
3364 2.309763
3365 2.309590
3366 2.309416
3367 2.309243
3368 2.309069
3369 2.308895
3370 2.308722
3371 2.308548
3372 2.308374
3373 2.308200
3374 2.308026
3375 2.307852
3376 2.307678
3377 2.307504
3378 2.307330
3379 2.307156
3380 2.306981
3381 2.306807
3382 2.306633
3383 2.306458
3384 2.306284
3385 2.306110
3386 2.305935
3387 2.305760
3388 2.305586
3389 2.305411
3390 2.305237
3391 2.305062
3392 2.304887
3393 2.304712
3394 2.304537
3395 2.304362
3396 2.304187
3397 2.304012
3398 2.303837
3399 2.303662
3400 2.303487
3401 2.303312
3402 2.303137
3403 2.302961
3404 2.302786
3405 2.302611
3406 2.302435
3407 2.302260
3408 2.302084
3409 2.301909
3410 2.301733
3411 2.301557
3412 2.301382
3413 2.301206
3414 2.301030
3415 2.300855
3416 2.300679
3417 2.300503
3418 2.300327
3419 2.300151
3420 2.299975
3421 2.299799
3422 2.299623
3423 2.299446
3424 2.299270
3425 2.299094
3426 2.298918
3427 2.298741
3428 2.298565
3429 2.298389
3430 2.298212
3431 2.298036
3432 2.297859
3433 2.297682
3434 2.297506
3435 2.297329
3436 2.297152
3437 2.296975
3438 2.296799
3439 2.296622
3440 2.296445
3441 2.296268
3442 2.296091
3443 2.295914
3444 2.295737
3445 2.295560
3446 2.295382
3447 2.295205
3448 2.295028
3449 2.294850
3450 2.294673
3451 2.294496
3452 2.294318
3453 2.294141
3454 2.293963
3455 2.293785
3456 2.293608
3457 2.293430
3458 2.293252
3459 2.293074
3460 2.292896
3461 2.292719
3462 2.292541
3463 2.292363
3464 2.292184
3465 2.292006
3466 2.291828
3467 2.291650
3468 2.291472
3469 2.291293
3470 2.291115
3471 2.290936
3472 2.290758
3473 2.290579
3474 2.290401
3475 2.290222
3476 2.290043
3477 2.289865
3478 2.289686
3479 2.289507
3480 2.289328
3481 2.289149
3482 2.288970
3483 2.288791
3484 2.288611
3485 2.288432
3486 2.288253
3487 2.288073
3488 2.287894
3489 2.287715
3490 2.287535
3491 2.287355
3492 2.287176
3493 2.286996
3494 2.286816
3495 2.286636
3496 2.286456
3497 2.286276
3498 2.286096
3499 2.285916
3500 2.285736
3501 2.285556
3502 2.285375
3503 2.285195
3504 2.285014
3505 2.284834
3506 2.284653
3507 2.284473
3508 2.284292
3509 2.284111
3510 2.283930
3511 2.283749
3512 2.283568
3513 2.283387
3514 2.283206
3515 2.283024
3516 2.282843
3517 2.282661
3518 2.282480
3519 2.282298
3520 2.282117
3521 2.281935
3522 2.281753
3523 2.281571
3524 2.281389
3525 2.281207
3526 2.281025
3527 2.280842
3528 2.280660
3529 2.280477
3530 2.280295
3531 2.280112
3532 2.279929
3533 2.279747
3534 2.279564
3535 2.279381
3536 2.279197
3537 2.279014
3538 2.278831
3539 2.278648
3540 2.278464
3541 2.278280
3542 2.278097
3543 2.277913
3544 2.277729
3545 2.277545
3546 2.277361
3547 2.277177
3548 2.276992
3549 2.276808
3550 2.276623
3551 2.276439
3552 2.276254
3553 2.276069
3554 2.275884
3555 2.275699
3556 2.275514
3557 2.275328
3558 2.275143
3559 2.274957
3560 2.274771
3561 2.274586
3562 2.274400
3563 2.274214
3564 2.274027
3565 2.273841
3566 2.273655
3567 2.273468
3568 2.273281
3569 2.273094
3570 2.272907
3571 2.272720
3572 2.272533
3573 2.272346
3574 2.272158
3575 2.271971
3576 2.271783
3577 2.271595
3578 2.271407
3579 2.271219
3580 2.271030
3581 2.270842
3582 2.270653
3583 2.270464
3584 2.270275
3585 2.270086
3586 2.269897
3587 2.269708
3588 2.269518
3589 2.269328
3590 2.269138
3591 2.268948
3592 2.268758
3593 2.268568
3594 2.268377
3595 2.268187
3596 2.267996
3597 2.267805
3598 2.267613
3599 2.267422
3600 2.267231
3601 2.267039
3602 2.266847
3603 2.266655
3604 2.266463
3605 2.266270
3606 2.266078
3607 2.265885
3608 2.265692
3609 2.265499
3610 2.265305
3611 2.265112
3612 2.264918
3613 2.264724
3614 2.264530
3615 2.264336
3616 2.264141
3617 2.263946
3618 2.263751
3619 2.263556
3620 2.263361
3621 2.263165
3622 2.262970
3623 2.262774
3624 2.262577
3625 2.262381
3626 2.262184
3627 2.261988
3628 2.261790
3629 2.261593
3630 2.261396
3631 2.261198
3632 2.261000
3633 2.260802
3634 2.260604
3635 2.260405
3636 2.260206
3637 2.260007
3638 2.259808
3639 2.259608
3640 2.259408
3641 2.259208
3642 2.259008
3643 2.258807
3644 2.258606
3645 2.258405
3646 2.258204
3647 2.258003
3648 2.257801
3649 2.257599
3650 2.257396
3651 2.257194
3652 2.256991
3653 2.256788
3654 2.256584
3655 2.256381
3656 2.256177
3657 2.255972
3658 2.255768
3659 2.255563
3660 2.255358
3661 2.255153
3662 2.254947
3663 2.254741
3664 2.254535
3665 2.254329
3666 2.254122
3667 2.253915
3668 2.253707
3669 2.253500
3670 2.253292
3671 2.253084
3672 2.252875
3673 2.252666
3674 2.252457
3675 2.252247
3676 2.252038
3677 2.251828
3678 2.251617
3679 2.251406
3680 2.251195
3681 2.250984
3682 2.250772
3683 2.250560
3684 2.250348
3685 2.250135
3686 2.249922
3687 2.249708
3688 2.249495
3689 2.249281
3690 2.249066
3691 2.248851
3692 2.248636
3693 2.248421
3694 2.248205
3695 2.247989
3696 2.247772
3697 2.247555
3698 2.247338
3699 2.247121
3700 2.246903
3701 2.246684
3702 2.246465
3703 2.246246
3704 2.246027
3705 2.245807
3706 2.245587
3707 2.245366
3708 2.245145
3709 2.244924
3710 2.244702
3711 2.244480
3712 2.244257
3713 2.244034
3714 2.243811
3715 2.243587
3716 2.243363
3717 2.243138
3718 2.242913
3719 2.242688
3720 2.242462
3721 2.242236
3722 2.242009
3723 2.241782
3724 2.241555
3725 2.241327
3726 2.241099
3727 2.240870
3728 2.240641
3729 2.240411
3730 2.240181
3731 2.239951
3732 2.239720
3733 2.239488
3734 2.239256
3735 2.239024
3736 2.238791
3737 2.238558
3738 2.238325
3739 2.238091
3740 2.237856
3741 2.237621
3742 2.237386
3743 2.237150
3744 2.236913
3745 2.236676
3746 2.236439
3747 2.236201
3748 2.235963
3749 2.235724
3750 2.235485
3751 2.235245
3752 2.235005
3753 2.234764
3754 2.234523
3755 2.234281
3756 2.234039
3757 2.233796
3758 2.233553
3759 2.233309
3760 2.233065
3761 2.232820
3762 2.232575
3763 2.232329
3764 2.232083
3765 2.231836
3766 2.231588
3767 2.231341
3768 2.231092
3769 2.230843
3770 2.230594
3771 2.230344
3772 2.230093
3773 2.229842
3774 2.229591
3775 2.229338
3776 2.229086
3777 2.228832
3778 2.228579
3779 2.228324
3780 2.228069
3781 2.227814
3782 2.227558
3783 2.227301
3784 2.227044
3785 2.226786
3786 2.226528
3787 2.226269
3788 2.226010
3789 2.225750
3790 2.225489
3791 2.225228
3792 2.224966
3793 2.224704
3794 2.224441
3795 2.224178
3796 2.223913
3797 2.223649
3798 2.223383
3799 2.223118
3800 2.222851
3801 2.222584
3802 2.222316
3803 2.222048
3804 2.221779
3805 2.221509
3806 2.221239
3807 2.220968
3808 2.220697
3809 2.220425
3810 2.220152
3811 2.219879
3812 2.219605
3813 2.219331
3814 2.219056
3815 2.218780
3816 2.218503
3817 2.218226
3818 2.217949
3819 2.217670
3820 2.217391
3821 2.217112
3822 2.216831
3823 2.216550
3824 2.216269
3825 2.215986
3826 2.215704
3827 2.215420
3828 2.215136
3829 2.214851
3830 2.214565
3831 2.214279
3832 2.213992
3833 2.213704
3834 2.213416
3835 2.213127
3836 2.212838
3837 2.212547
3838 2.212256
3839 2.211965
3840 2.211672
3841 2.211379
3842 2.211086
3843 2.210791
3844 2.210496
3845 2.210200
3846 2.209904
3847 2.209607
3848 2.209309
3849 2.209010
3850 2.208711
3851 2.208411
3852 2.208110
3853 2.207809
3854 2.207506
3855 2.207204
3856 2.206900
3857 2.206596
3858 2.206291
3859 2.205985
3860 2.205678
3861 2.205371
3862 2.205063
3863 2.204755
3864 2.204445
3865 2.204135
3866 2.203824
3867 2.203513
3868 2.203201
3869 2.202888
3870 2.202574
3871 2.202259
3872 2.201944
3873 2.201628
3874 2.201311
3875 2.200994
3876 2.200675
3877 2.200356
3878 2.200037
3879 2.199716
3880 2.199395
3881 2.199073
3882 2.198750
3883 2.198427
3884 2.198102
3885 2.197777
3886 2.197452
3887 2.197125
3888 2.196798
3889 2.196470
3890 2.196141
3891 2.195811
3892 2.195481
3893 2.195150
3894 2.194818
3895 2.194485
3896 2.194152
3897 2.193817
3898 2.193482
3899 2.193146
3900 2.192810
3901 2.192472
3902 2.192134
3903 2.191795
3904 2.191456
3905 2.191115
3906 2.190774
3907 2.190432
3908 2.190089
3909 2.189745
3910 2.189401
3911 2.189056
3912 2.188710
3913 2.188363
3914 2.188016
3915 2.187667
3916 2.187318
3917 2.186968
3918 2.186617
3919 2.186266
3920 2.185914
3921 2.185561
3922 2.185207
3923 2.184852
3924 2.184496
3925 2.184140
3926 2.183783
3927 2.183425
3928 2.183067
3929 2.182707
3930 2.182347
3931 2.181986
3932 2.181624
3933 2.181261
3934 2.180898
3935 2.180534
3936 2.180169
3937 2.179803
3938 2.179436
3939 2.179069
3940 2.178700
3941 2.178331
3942 2.177961
3943 2.177591
3944 2.177219
3945 2.176847
3946 2.176474
3947 2.176100
3948 2.175726
3949 2.175350
3950 2.174974
3951 2.174597
3952 2.174219
3953 2.173840
3954 2.173461
3955 2.173081
3956 2.172700
3957 2.172318
3958 2.171935
3959 2.171552
3960 2.171168
3961 2.170783
3962 2.170397
3963 2.170010
3964 2.169623
3965 2.169235
3966 2.168846
3967 2.168456
3968 2.168065
3969 2.167674
3970 2.167282
3971 2.166889
3972 2.166495
3973 2.166101
3974 2.165706
3975 2.165310
3976 2.164913
3977 2.164515
3978 2.164117
3979 2.163718
3980 2.163318
3981 2.162917
3982 2.162516
3983 2.162113
3984 2.161710
3985 2.161307
3986 2.160902
3987 2.160497
3988 2.160091
3989 2.159684
3990 2.159276
3991 2.158868
3992 2.158459
3993 2.158049
3994 2.157638
3995 2.157227
3996 2.156815
3997 2.156402
3998 2.155988
3999 2.155574
4000 2.155159
4001 2.154743
4002 2.154326
4003 2.153909
4004 2.153491
4005 2.153072
4006 2.152652
4007 2.152232
4008 2.151811
4009 2.151389
4010 2.150967
4011 2.150543
4012 2.150120
4013 2.149695
4014 2.149270
4015 2.148843
4016 2.148417
4017 2.147989
4018 2.147561
4019 2.147132
4020 2.146703
4021 2.146272
4022 2.145841
4023 2.145410
4024 2.144978
4025 2.144545
4026 2.144111
4027 2.143676
4028 2.143241
4029 2.142806
4030 2.142369
4031 2.141932
4032 2.141495
4033 2.141056
4034 2.140617
4035 2.140178
4036 2.139737
4037 2.139296
4038 2.138855
4039 2.138413
4040 2.137970
4041 2.137526
4042 2.137082
4043 2.136637
4044 2.136192
4045 2.135746
4046 2.135299
4047 2.134852
4048 2.134404
4049 2.133956
4050 2.133507
4051 2.133058
4052 2.132607
4053 2.132157
4054 2.131705
4055 2.131253
4056 2.130801
4057 2.130348
4058 2.129894
4059 2.129440
4060 2.128985
4061 2.128530
4062 2.128074
4063 2.127618
4064 2.127161
4065 2.126704
4066 2.126246
4067 2.125788
4068 2.125329
4069 2.124869
4070 2.124409
4071 2.123949
4072 2.123488
4073 2.123026
4074 2.122564
4075 2.122102
4076 2.121639
4077 2.121176
4078 2.120712
4079 2.120248
4080 2.119783
4081 2.119318
4082 2.118852
4083 2.118386
4084 2.117920
4085 2.117453
4086 2.116985
4087 2.116517
4088 2.116049
4089 2.115581
4090 2.115112
4091 2.114642
4092 2.114173
4093 2.113702
4094 2.113232
4095 2.112761
4096 2.112290
4097 2.111818
4098 2.111346
4099 2.110874
4100 2.110401
4101 2.109928
4102 2.109455
4103 2.108981
4104 2.108507
4105 2.108033
4106 2.107558
4107 2.107084
4108 2.106608
4109 2.106133
4110 2.105657
4111 2.105181
4112 2.104705
4113 2.104228
4114 2.103751
4115 2.103274
4116 2.102797
4117 2.102320
4118 2.101842
4119 2.101364
4120 2.100886
4121 2.100407
4122 2.099929
4123 2.099450
4124 2.098971
4125 2.098492
4126 2.098012
4127 2.097533
4128 2.097053
4129 2.096573
4130 2.096093
4131 2.095613
4132 2.095133
4133 2.094652
4134 2.094172
4135 2.093691
4136 2.093211
4137 2.092730
4138 2.092249
4139 2.091768
4140 2.091287
4141 2.090805
4142 2.090324
4143 2.089843
4144 2.089361
4145 2.088880
4146 2.088398
4147 2.087917
4148 2.087435
4149 2.086954
4150 2.086472
4151 2.085991
4152 2.085509
4153 2.085027
4154 2.084546
4155 2.084064
4156 2.083583
4157 2.083101
4158 2.082620
4159 2.082139
4160 2.081657
4161 2.081176
4162 2.080695
4163 2.080214
4164 2.079733
4165 2.079252
4166 2.078771
4167 2.078290
4168 2.077809
4169 2.077329
4170 2.076848
4171 2.076368
4172 2.075888
4173 2.075408
4174 2.074928
4175 2.074448
4176 2.073969
4177 2.073489
4178 2.073010
4179 2.072531
4180 2.072052
4181 2.071574
4182 2.071095
4183 2.070617
4184 2.070139
4185 2.069661
4186 2.069184
4187 2.068706
4188 2.068229
4189 2.067753
4190 2.067276
4191 2.066800
4192 2.066324
4193 2.065848
4194 2.065372
4195 2.064897
4196 2.064422
4197 2.063948
4198 2.063473
4199 2.062999
4200 2.062526
4201 2.062052
4202 2.061579
4203 2.061107
4204 2.060634
4205 2.060162
4206 2.059691
4207 2.059219
4208 2.058749
4209 2.058278
4210 2.057808
4211 2.057338
4212 2.056869
4213 2.056400
4214 2.055931
4215 2.055463
4216 2.054995
4217 2.054528
4218 2.054061
4219 2.053594
4220 2.053128
4221 2.052662
4222 2.052197
4223 2.051732
4224 2.051268
4225 2.050804
4226 2.050341
4227 2.049878
4228 2.049415
4229 2.048953
4230 2.048492
4231 2.048031
4232 2.047570
4233 2.047110
4234 2.046651
4235 2.046191
4236 2.045733
4237 2.045275
4238 2.044817
4239 2.044360
4240 2.043904
4241 2.043448
4242 2.042993
4243 2.042538
4244 2.042084
4245 2.041630
4246 2.041177
4247 2.040724
4248 2.040272
4249 2.039820
4250 2.039369
4251 2.038919
4252 2.038469
4253 2.038020
4254 2.037571
4255 2.037123
4256 2.036676
4257 2.036229
4258 2.035783
4259 2.035337
4260 2.034892
4261 2.034447
4262 2.034004
4263 2.033560
4264 2.033118
4265 2.032676
4266 2.032234
4267 2.031793
4268 2.031353
4269 2.030914
4270 2.030475
4271 2.030037
4272 2.029599
4273 2.029162
4274 2.028726
4275 2.028290
4276 2.027855
4277 2.027421
4278 2.026987
4279 2.026554
4280 2.026121
4281 2.025690
4282 2.025259
4283 2.024828
4284 2.024398
4285 2.023969
4286 2.023541
4287 2.023113
4288 2.022686
4289 2.022260
4290 2.021834
4291 2.021409
4292 2.020984
4293 2.020561
4294 2.020138
4295 2.019715
4296 2.019294
4297 2.018873
4298 2.018452
4299 2.018033
4300 2.017614
4301 2.017196
4302 2.016778
4303 2.016361
4304 2.015945
4305 2.015530
4306 2.015115
4307 2.014701
4308 2.014287
4309 2.013875
4310 2.013463
4311 2.013052
4312 2.012641
4313 2.012231
4314 2.011822
4315 2.011413
4316 2.011006
4317 2.010599
4318 2.010192
4319 2.009787
4320 2.009382
4321 2.008977
4322 2.008574
4323 2.008171
4324 2.007769
4325 2.007367
4326 2.006966
4327 2.006566
4328 2.006167
4329 2.005768
4330 2.005370
4331 2.004973
4332 2.004576
4333 2.004181
4334 2.003785
4335 2.003391
4336 2.002997
4337 2.002604
4338 2.002212
4339 2.001820
4340 2.001429
4341 2.001039
4342 2.000649
4343 2.000260
4344 1.999872
4345 1.999484
4346 1.999097
4347 1.998711
4348 1.998326
4349 1.997941
4350 1.997557
4351 1.997173
4352 1.996791
4353 1.996409
4354 1.996027
4355 1.995646
4356 1.995266
4357 1.994887
4358 1.994508
4359 1.994130
4360 1.993753
4361 1.993376
4362 1.993000
4363 1.992625
4364 1.992250
4365 1.991876
4366 1.991503
4367 1.991130
4368 1.990758
4369 1.990387
4370 1.990016
4371 1.989646
4372 1.989276
4373 1.988907
4374 1.988539
4375 1.988172
4376 1.987805
4377 1.987439
4378 1.987073
4379 1.986708
4380 1.986344
4381 1.985980
4382 1.985617
4383 1.985255
4384 1.984893
4385 1.984532
4386 1.984171
4387 1.983811
4388 1.983452
4389 1.983093
4390 1.982735
4391 1.982377
4392 1.982020
4393 1.981664
4394 1.981308
4395 1.980953
4396 1.980599
4397 1.980245
4398 1.979891
4399 1.979539
4400 1.979187
4401 1.978835
4402 1.978484
4403 1.978133
4404 1.977784
4405 1.977434
4406 1.977086
4407 1.976737
4408 1.976390
4409 1.976043
4410 1.975696
4411 1.975350
4412 1.975005
4413 1.974660
4414 1.974316
4415 1.973972
4416 1.973629
4417 1.973286
4418 1.972944
4419 1.972602
4420 1.972261
4421 1.971920
4422 1.971580
4423 1.971240
4424 1.970901
4425 1.970563
4426 1.970225
4427 1.969887
4428 1.969550
4429 1.969213
4430 1.968877
4431 1.968542
4432 1.968206
4433 1.967872
4434 1.967538
4435 1.967204
4436 1.966870
4437 1.966538
4438 1.966205
4439 1.965873
4440 1.965542
4441 1.965211
4442 1.964880
4443 1.964550
4444 1.964220
4445 1.963891
4446 1.963562
4447 1.963234
4448 1.962906
4449 1.962578
4450 1.962251
4451 1.961924
4452 1.961598
4453 1.961272
4454 1.960946
4455 1.960621
4456 1.960296
4457 1.959972
4458 1.959648
4459 1.959324
4460 1.959001
4461 1.958678
4462 1.958355
4463 1.958033
4464 1.957711
4465 1.957390
4466 1.957068
4467 1.956748
4468 1.956427
4469 1.956107
4470 1.955787
4471 1.955467
4472 1.955148
4473 1.954829
4474 1.954510
4475 1.954192
4476 1.953874
4477 1.953556
4478 1.953239
4479 1.952921
4480 1.952604
4481 1.952288
4482 1.951971
4483 1.951655
4484 1.951339
4485 1.951024
4486 1.950708
4487 1.950393
4488 1.950078
4489 1.949763
4490 1.949449
4491 1.949134
4492 1.948820
4493 1.948506
4494 1.948193
4495 1.947879
4496 1.947566
4497 1.947253
4498 1.946940
4499 1.946627
4500 1.946314
4501 1.946002
4502 1.945689
4503 1.945377
4504 1.945065
4505 1.944753
4506 1.944442
4507 1.944130
4508 1.943818
4509 1.943507
4510 1.943196
4511 1.942884
4512 1.942573
4513 1.942262
4514 1.941951
4515 1.941640
4516 1.941329
4517 1.941019
4518 1.940708
4519 1.940397
4520 1.940087
4521 1.939776
4522 1.939465
4523 1.939155
4524 1.938844
4525 1.938534
4526 1.938223
4527 1.937912
4528 1.937602
4529 1.937291
4530 1.936980
4531 1.936670
4532 1.936359
4533 1.936048
4534 1.935737
4535 1.935426
4536 1.935115
4537 1.934804
4538 1.934493
4539 1.934181
4540 1.933870
4541 1.933558
4542 1.933247
4543 1.932935
4544 1.932623
4545 1.932311
4546 1.931999
4547 1.931686
4548 1.931373
4549 1.931061
4550 1.930748
4551 1.930434
4552 1.930121
4553 1.929807
4554 1.929493
4555 1.929179
4556 1.928865
4557 1.928550
4558 1.928235
4559 1.927920
4560 1.927604
4561 1.927289
4562 1.926972
4563 1.926656
4564 1.926339
4565 1.926022
4566 1.925705
4567 1.925387
4568 1.925068
4569 1.924750
4570 1.924431
4571 1.924111
4572 1.923792
4573 1.923471
4574 1.923151
4575 1.922829
4576 1.922508
4577 1.922186
4578 1.921863
4579 1.921540
4580 1.921216
4581 1.920892
4582 1.920568
4583 1.920242
4584 1.919916
4585 1.919590
4586 1.919263
4587 1.918936
4588 1.918607
4589 1.918279
4590 1.917949
4591 1.917619
4592 1.917288
4593 1.916957
4594 1.916624
4595 1.916291
4596 1.915958
4597 1.915623
4598 1.915288
4599 1.914952
4600 1.914615
4601 1.914278
4602 1.913939
4603 1.913600
4604 1.913260
4605 1.912919
4606 1.912577
4607 1.912234
4608 1.911891
4609 1.911546
4610 1.911200
4611 1.910854
4612 1.910506
4613 1.910157
4614 1.909808
4615 1.909457
4616 1.909105
4617 1.908752
4618 1.908398
4619 1.908042
4620 1.907686
4621 1.907328
4622 1.906969
4623 1.906609
4624 1.906248
4625 1.905885
4626 1.905521
4627 1.905156
4628 1.904789
4629 1.904421
4630 1.904052
4631 1.903681
4632 1.903309
4633 1.902935
4634 1.902560
4635 1.902183
4636 1.901804
4637 1.901424
4638 1.901043
4639 1.900660
4640 1.900275
4641 1.899888
4642 1.899500
4643 1.899109
4644 1.898717
4645 1.898323
4646 1.897928
4647 1.897530
4648 1.897131
4649 1.896729
4650 1.896325
4651 1.895920
4652 1.895512
4653 1.895102
4654 1.894690
4655 1.894276
4656 1.893860
4657 1.893441
4658 1.893020
4659 1.892596
4660 1.892170
4661 1.891742
4662 1.891311
4663 1.890878
4664 1.890442
4665 1.890003
4666 1.889562
4667 1.889118
4668 1.888671
4669 1.888221
4670 1.887768
4671 1.887313
4672 1.886854
4673 1.886392
4674 1.885927
4675 1.885459
4676 1.884988
4677 1.884513
4678 1.884035
4679 1.883554
4680 1.883069
4681 1.882580
4682 1.882087
4683 1.881591
4684 1.881091
4685 1.880588
4686 1.880080
4687 1.879568
4688 1.879052
4689 1.878532
4690 1.878007
4691 1.877478
4692 1.876945
4693 1.876407
4694 1.875864
4695 1.875317
4696 1.874764
4697 1.874207
4698 1.873644
4699 1.873077
4700 1.872504
4701 1.871925
4702 1.871341
4703 1.870752
4704 1.870156
4705 1.869555
4706 1.868948
4707 1.868334
4708 1.867714
4709 1.867088
4710 1.866455
4711 1.865815
4712 1.865168
4713 1.864514
4714 1.863853
4715 1.863185
4716 1.862509
4717 1.861825
4718 1.861133
4719 1.860433
4720 1.859725
4721 1.859008
4722 1.858282
4723 1.857548
4724 1.856804
4725 1.856051
4726 1.855288
4727 1.854516
4728 1.853733
4729 1.852941
4730 1.852137
4731 1.851323
4732 1.850497
4733 1.849661
4734 1.848812
4735 1.847952
4736 1.847080
4737 1.846195
4738 1.845297
4739 1.844386
4740 1.843462
4741 1.842524
4742 1.841572
4743 1.840605
4744 1.839624
4745 1.838628
4746 1.837617
4747 1.836589
4748 1.835546
4749 1.834487
4750 1.833411
4751 1.832318
4752 1.831207
4753 1.830080
4754 1.828934
4755 1.827770
4756 1.826588
4757 1.825387
4758 1.824167
4759 1.822928
4760 1.821670
4761 1.820392
4762 1.819095
4763 1.817778
4764 1.816442
4765 1.815087
4766 1.813712
4767 1.812318
4768 1.810905
4769 1.809474
4770 1.808024
4771 1.806556
4772 1.805071
4773 1.803570
4774 1.802053
4775 1.800522
4776 1.798976
4777 1.797417
4778 1.795847
4779 1.794267
4780 1.792677
4781 1.791080
4782 1.789477
4783 1.787869
4784 1.786259
4785 1.784648
4786 1.783037
4787 1.781429
4788 1.779825
4789 1.778227
4790 1.776636
4791 1.775055
4792 1.773484
4793 1.771926
4794 1.770382
4795 1.768853
4796 1.767339
4797 1.765843
4798 1.764364
4799 1.762904
4800 1.761463
4801 1.760041
4802 1.758639
4803 1.757256
4804 1.755893
4805 1.754550
4806 1.753226
4807 1.751920
4808 1.750633
4809 1.749364
4810 1.748113
4811 1.746878
4812 1.745660
4813 1.744457
4814 1.743270
4815 1.742096
4816 1.740936
4817 1.739789
4818 1.738655
4819 1.737532
4820 1.736421
4821 1.735320
4822 1.734230
4823 1.733148
4824 1.732076
4825 1.731013
4826 1.729957
4827 1.728910
4828 1.727869
4829 1.726836
4830 1.725809
4831 1.724788
4832 1.723773
4833 1.722764
4834 1.721760
4835 1.720761
4836 1.719767
4837 1.718778
4838 1.717793
4839 1.716813
4840 1.715837
4841 1.714865
4842 1.713897
4843 1.712934
4844 1.711974
4845 1.711017
4846 1.710065
4847 1.709116
4848 1.708171
4849 1.707230
4850 1.706292
4851 1.705358
4852 1.704428
4853 1.703501
4854 1.702579
4855 1.701660
4856 1.700745
4857 1.699833
4858 1.698926
4859 1.698023
4860 1.697123
4861 1.696228
4862 1.695337
4863 1.694450
4864 1.693567
4865 1.692689
4866 1.691815
4867 1.690945
4868 1.690079
4869 1.689219
4870 1.688362
4871 1.687510
4872 1.686663
4873 1.685820
4874 1.684982
4875 1.684148
4876 1.683319
4877 1.682495
4878 1.681675
4879 1.680860
4880 1.680050
4881 1.679245
4882 1.678444
4883 1.677648
4884 1.676856
4885 1.676070
4886 1.675287
4887 1.674510
4888 1.673737
4889 1.672969
4890 1.672205
4891 1.671445
4892 1.670691
4893 1.669940
4894 1.669194
4895 1.668453
4896 1.667716
4897 1.666983
4898 1.666254
4899 1.665529
4900 1.664809
4901 1.664093
4902 1.663380
4903 1.662672
4904 1.661968
4905 1.661267
4906 1.660571
4907 1.659878
4908 1.659189
4909 1.658503
4910 1.657822
4911 1.657143
4912 1.656468
4913 1.655797
4914 1.655129
4915 1.654464
4916 1.653803
4917 1.653145
4918 1.652489
4919 1.651837
4920 1.651188
4921 1.650542
4922 1.649899
4923 1.649259
4924 1.648621
4925 1.647986
4926 1.647354
4927 1.646725
4928 1.646097
4929 1.645473
4930 1.644851
4931 1.644231
4932 1.643614
4933 1.642999
4934 1.642386
4935 1.641775
4936 1.641167
4937 1.640560
4938 1.639956
4939 1.639353
4940 1.638753
4941 1.638154
4942 1.637557
4943 1.636962
4944 1.636369
4945 1.635777
4946 1.635187
4947 1.634598
4948 1.634011
4949 1.633426
4950 1.632842
4951 1.632259
4952 1.631677
4953 1.631097
4954 1.630518
4955 1.629941
4956 1.629364
4957 1.628789
4958 1.628215
4959 1.627641
4960 1.627069
4961 1.626498
4962 1.625927
4963 1.625358
4964 1.624789
4965 1.624221
4966 1.623654
4967 1.623087
4968 1.622521
4969 1.621956
4970 1.621391
4971 1.620827
4972 1.620264
4973 1.619700
4974 1.619138
4975 1.618576
4976 1.618014
4977 1.617452
4978 1.616891
4979 1.616330
4980 1.615769
4981 1.615208
4982 1.614648
4983 1.614087
4984 1.613527
4985 1.612967
4986 1.612406
4987 1.611846
4988 1.611286
4989 1.610725
4990 1.610164
4991 1.609604
4992 1.609043
4993 1.608481
4994 1.607920
4995 1.607358
4996 1.606796
4997 1.606233
4998 1.605671
4999 1.605107
