0 32.783450
1 33.576683
2 34.210582
3 34.465045
4 34.626879
5 34.753548
6 34.850132
7 34.905923
8 34.895442
9 34.762002
10 34.366448
11 33.556479
12 32.410468
13 30.859435
14 28.817355
15 26.454277
16 24.190506
17 22.311999
18 20.846814
19 19.711401
20 18.799315
21 18.003495
22 17.239328
23 16.480709
24 15.737873
25 15.018711
26 14.319549
27 13.630813
28 12.944376
29 12.256974
30 11.570579
31 10.891048
32 10.226229
33 9.584060
34 8.970898
35 8.390337
36 7.843415
37 7.330043
38 6.850109
39 6.403491
40 5.989632
41 5.607251
42 5.254297
43 4.928292
44 4.626925
45 4.348432
46 4.091537
47 3.855145
48 3.638096
49 3.439089
50 3.256742
51 3.089712
52 2.936767
53 2.796818
54 2.668905
55 2.552167
56 2.445809
57 2.349078
58 2.261246
59 2.181604
60 2.109461
61 2.044147
62 1.985019
63 1.931465
64 1.882906
65 1.838804
66 1.798663
67 1.762031
68 1.728500
69 1.697706
70 1.669329
71 1.643088
72 1.618737
73 1.596068
74 1.574897
75 1.555071
76 1.536457
77 1.518941
78 1.502426
79 1.486829
80 1.472077
81 1.458108
82 1.444867
83 1.432306
84 1.420381
85 1.409054
86 1.398288
87 1.388051
88 1.378312
89 1.369044
90 1.360219
91 1.351811
92 1.343797
93 1.336153
94 1.328857
95 1.321888
96 1.315224
97 1.308846
98 1.302735
99 1.296872
100 1.291241
101 1.285824
102 1.280605
103 1.275570
104 1.270704
105 1.265994
106 1.261427
107 1.256991
108 1.252676
109 1.248473
110 1.244371
111 1.240363
112 1.236442
113 1.232601
114 1.228836
115 1.225140
116 1.221511
117 1.217946
118 1.214442
119 1.210997
120 1.207611
121 1.204283
122 1.201012
123 1.197799
124 1.194644
125 1.191549
126 1.188514
127 1.185539
128 1.182625
129 1.179773
130 1.176983
131 1.174254
132 1.171587
133 1.168979
134 1.166428
135 1.163934
136 1.161492
137 1.159100
138 1.156752
139 1.154444
140 1.152171
141 1.149927
142 1.147704
143 1.145497
144 1.143298
145 1.141098
146 1.138890
147 1.136666
148 1.134416
149 1.132133
150 1.129806
151 1.127428
152 1.124990
153 1.122482
154 1.119895
155 1.117222
156 1.114454
157 1.111583
158 1.108601
159 1.105502
160 1.102279
161 1.098926
162 1.095439
163 1.091813
164 1.088047
165 1.084138
166 1.080087
167 1.075893
168 1.071561
169 1.067094
170 1.062497
171 1.057779
172 1.052947
173 1.048011
174 1.042985
175 1.037880
176 1.032710
177 1.027491
178 1.022240
179 1.016972
180 1.011704
181 1.006455
182 1.001242
183 0.996081
184 0.990988
185 0.985980
186 0.981070
187 0.976273
188 0.971601
189 0.967064
190 0.962672
191 0.958433
192 0.954353
193 0.950438
194 0.946692
195 0.943118
196 0.939718
197 0.936492
198 0.933440
199 0.930562
200 0.927857
201 0.925323
202 0.922957
203 0.920758
204 0.918721
205 0.916845
206 0.915126
207 0.913561
208 0.912147
209 0.910879
210 0.909755
211 0.908771
212 0.907923
213 0.907209
214 0.906624
215 0.906166
216 0.905832
217 0.905617
218 0.905518
219 0.905534
220 0.905659
221 0.905893
222 0.906230
223 0.906669
224 0.907206
225 0.907840
226 0.908566
227 0.909383
228 0.910288
229 0.911279
230 0.912353
231 0.913507
232 0.914740
233 0.916049
234 0.917432
235 0.918888
236 0.920414
237 0.922008
238 0.923669
239 0.925394
240 0.927182
241 0.929031
242 0.930939
243 0.932904
244 0.934924
245 0.936997
246 0.939121
247 0.941294
248 0.943514
249 0.945778
250 0.948084
251 0.950430
252 0.952811
253 0.955227
254 0.957673
255 0.960146
256 0.962643
257 0.965162
258 0.967698
259 0.970249
260 0.972810
261 0.975379
262 0.977951
263 0.980525
264 0.983097
265 0.985663
266 0.988221
267 0.990770
268 0.993305
269 0.995826
270 0.998330
271 1.000816
272 1.003283
273 1.005731
274 1.008158
275 1.010564
276 1.012951
277 1.015316
278 1.017663
279 1.019991
280 1.022302
281 1.024598
282 1.026879
283 1.029149
284 1.031409
285 1.033662
286 1.035911
287 1.038158
288 1.040408
289 1.042664
290 1.044930
291 1.047210
292 1.049508
293 1.051830
294 1.054181
295 1.056568
296 1.058995
297 1.061471
298 1.064004
299 1.066601
300 1.069272
301 1.072028
302 1.074881
303 1.077843
304 1.080931
305 1.084161
306 1.087554
307 1.091134
308 1.094931
309 1.098978
310 1.103321
311 1.108015
312 1.113132
313 1.118772
314 1.125070
315 1.132223
316 1.140529
317 1.150450
318 1.162728
319 1.178544
320 1.199537
321 1.227113
322 1.261527
323 1.306841
324 1.387757
325 1.500050
326 1.588697
327 1.669440
328 1.713643
329 1.743201
330 1.764687
331 1.778879
332 1.788098
333 1.795798
334 1.803692
335 1.811557
336 1.819138
337 1.826429
338 1.833459
339 1.840264
340 1.846879
341 1.853340
342 1.859680
343 1.865930
344 1.872117
345 1.878264
346 1.884389
347 1.890507
348 1.896624
349 1.902743
350 1.908861
351 1.914968
352 1.921049
353 1.927089
354 1.933065
355 1.938956
356 1.944736
357 1.950377
358 1.955847
359 1.961109
360 1.966118
361 1.970827
362 1.975183
363 1.979138
364 1.982651
365 1.985699
366 1.988284
367 1.990436
368 1.992213
369 1.993684
370 1.994919
371 1.995959
372 1.996796
373 1.997336
374 1.997350
375 1.996382
376 1.993563
377 1.987125
378 1.973131
379 1.944938
380 1.912934
381 1.913959
382 1.902914
383 1.906187
384 1.893253
385 1.899182
386 1.885792
387 1.888034
388 1.881841
389 1.876654
390 1.870979
391 1.865511
392 1.861623
393 1.860550
394 1.862100
395 1.865005
396 1.867833
397 1.869036
398 1.867020
399 1.860704
400 1.850534
401 1.842454
402 1.844392
403 1.849633
404 1.855110
405 1.860719
406 1.866095
407 1.869595
408 1.866718
409 1.848858
410 1.809471
411 1.856883
412 1.827944
413 1.818703
414 1.842523
415 1.816154
416 1.854342
417 1.832736
418 1.813285
419 1.862019
420 1.849633
421 1.796762
422 1.899218
423 1.818865
424 1.783405
425 1.894802
426 1.830158
427 1.679700
428 1.520293
429 1.912092
430 1.505046
431 1.888940
432 1.489293
433 1.871420
434 1.473772
435 1.861657
436 1.460811
437 1.857576
438 1.451325
439 1.855762
440 1.444964
441 1.854473
442 1.441022
443 1.853137
444 1.438831
445 1.851601
446 1.437836
447 1.849809
448 1.437596
449 1.847705
450 1.437776
451 1.845212
452 1.438142
453 1.842235
454 1.438556
455 1.838692
456 1.438982
457 1.834611
458 1.439520
459 1.830348
460 1.440469
461 1.826947
462 1.442281
463 1.826101
464 1.444913
465 1.828400
466 1.447516
467 1.832099
468 1.450211
469 1.836737
470 1.453170
471 1.842275
472 1.456581
473 1.848849
474 1.460750
475 1.856833
476 1.466181
477 1.866887
478 1.473881
479 1.880082
480 1.482889
481 1.894712
482 1.763928
483 1.849694
484 1.700426
485 1.529723
486 1.503397
487 1.485059
488 1.467063
489 1.671353
490 1.506686
491 1.486907
492 1.440558
493 1.829288
494 1.328663
495 1.493140
496 1.504827
497 1.482278
498 1.732988
499 1.382630
500 1.442188
501 1.805019
502 1.723892
503 1.354587
504 1.508401
505 1.482707
506 1.448944
507 1.484202
508 1.486962
509 1.458496
510 1.412978
511 1.326533
512 1.428050
513 1.271502
514 1.526630
515 1.430190
516 1.181085
517 1.193128
518 1.497422
519 1.424036
520 1.169667
521 1.222364
522 1.371378
523 1.211725
524 1.387652
525 1.347946
526 1.359104
527 1.454140
528 1.572676
529 1.449273
530 1.403898
531 1.381769
532 1.298678
533 1.408948
534 1.195198
535 1.240487
536 1.222993
537 1.339246
538 1.376843
539 1.252070
540 1.387648
541 1.198710
542 1.245085
543 1.208633
544 1.301983
545 1.180962
546 1.247231
547 1.342999
548 1.448417
549 1.622239
550 1.661691
551 1.395959
552 1.201234
553 1.339296
554 1.356421
555 1.355318
556 1.293477
557 1.417222
558 1.608913
559 1.723015
560 1.370714
561 1.234496
562 1.255617
563 1.754182
564 1.668187
565 1.195982
566 1.587305
567 1.612132
568 1.561193
569 1.575261
570 1.472239
571 1.539407
572 1.542902
573 1.580997
574 1.561255
575 1.584986
576 1.569721
577 1.587619
578 1.575617
579 1.591146
580 1.581394
581 1.596266
582 1.588421
583 1.603837
584 1.597162
585 1.614576
586 1.607051
587 1.628759
588 1.616329
589 1.646242
590 1.621742
591 1.667432
592 1.618892
593 1.702924
594 1.609051
595 1.810089
596 1.614058
597 2.036027
598 1.822790
599 2.203458
600 2.204654
601 2.223549
602 1.932649
603 1.853654
604 1.936419
605 1.857826
606 1.794320
607 1.791348
608 1.732069
609 1.630231
610 1.884476
611 1.761145
612 2.054262
613 2.088503
614 1.636524
615 2.117915
616 1.718453
617 2.129840
618 2.122950
619 2.072472
620 2.136949
621 2.136647
622 2.126191
623 2.127476
624 2.072754
625 2.171066
626 1.841756
627 1.855506
628 1.853705
629 1.858837
630 1.917202
631 2.352240
632 2.062339
633 1.921343
634 2.247164
635 2.244240
636 2.256029
637 2.270823
638 2.283498
639 2.298118
640 2.311593
641 2.323244
642 2.331537
643 2.347508
644 2.348239
645 2.342313
646 2.333431
647 2.330228
648 2.305151
649 2.165887
650 2.113941
651 2.652198
652 2.330314
653 2.304487
654 2.191516
655 2.359956
656 2.575719
657 2.301218
658 2.336353
659 2.341989
660 2.326036
661 2.247638
662 2.330270
663 2.181685
664 2.451404
665 2.351354
666 2.272300
667 2.347620
668 2.355449
669 2.250318
670 2.304114
671 2.324511
672 2.317350
673 2.312542
674 2.357774
675 2.328933
676 2.329092
677 2.362971
678 2.331541
679 2.360456
680 2.356641
681 2.364309
682 2.350717
683 2.365376
684 2.362639
685 2.371295
686 2.355461
687 2.336167
688 2.330410
689 2.357124
690 2.328886
691 2.376163
692 2.376121
693 2.383123
694 2.379198
695 2.371718
696 2.325072
697 2.382554
698 2.355441
699 2.347859
700 2.329301
701 2.328208
702 2.380964
703 2.322418
704 2.366747
705 2.359038
706 2.339083
707 2.325525
708 2.372339
709 2.317891
710 2.361958
711 2.316312
712 2.397532
713 2.349740
714 2.347401
715 2.333359
716 2.361284
717 2.355400
718 2.362803
719 2.327958
720 2.312045
721 2.332360
722 2.317756
723 2.323233
724 2.358477
725 2.074650
726 2.324645
727 2.365282
728 1.909395
729 2.331010
730 2.276170
731 2.145707
732 2.353852
733 1.934605
734 2.352923
735 2.031954
736 2.362657
737 2.143673
738 2.360358
739 2.069108
740 2.367848
741 2.047666
742 2.367604
743 2.113020
744 2.371710
745 2.056012
746 2.372866
747 2.110130
748 2.378242
749 2.041163
750 2.376693
751 2.171377
752 2.379974
753 2.128377
754 2.387378
755 2.078882
756 2.388909
757 2.107129
758 2.394394
759 2.140530
760 2.395950
761 2.152193
762 2.396237
763 2.167577
764 2.396208
765 2.184481
766 2.396862
767 2.203882
768 2.397977
769 2.223119
770 2.398874
771 2.241238
772 2.399225
773 2.258576
774 2.398937
775 2.275871
776 2.397996
777 2.293531
778 2.396402
779 2.311188
780 2.394292
781 2.326734
782 2.392317
783 2.333760
784 2.391463
785 2.319320
786 2.388311
787 2.290100
788 2.377955
789 2.282485
790 2.372404
791 2.221995
792 2.369082
793 2.169487
794 2.335596
795 2.315470
796 2.342673
797 2.345495
798 2.347502
799 2.347966
800 2.348561
801 2.347757
802 2.343840
803 2.334409
804 2.316196
805 2.286105
806 2.254953
807 2.258483
808 2.211663
809 2.188848
810 1.965734
811 2.300733
812 2.244780
813 2.204195
814 2.001294
815 2.279397
816 2.218128
817 2.205134
818 2.215872
819 2.321372
820 2.295770
821 2.223553
822 2.210845
823 1.979845
824 2.266894
825 2.213937
826 1.992103
827 2.284042
828 2.227520
829 2.352094
830 2.305890
831 2.240268
832 2.315832
833 2.156117
834 2.199365
835 2.287531
836 2.220573
837 2.001531
838 2.292108
839 2.262403
840 2.324745
841 2.149685
842 2.352297
843 2.177592
844 2.016685
845 2.334256
846 2.298960
847 2.314515
848 2.253342
849 2.100907
850 2.296216
851 2.352954
852 2.235652
853 2.085615
854 2.330675
855 2.330103
856 2.306329
857 2.322670
858 2.281537
859 2.086080
860 2.341010
861 2.328866
862 2.302138
863 2.123136
864 2.311155
865 2.175652
866 2.398432
867 2.387087
868 2.377649
869 2.362766
870 2.326909
871 2.173734
872 2.109370
873 2.398677
874 2.384408
875 2.365677
876 2.255432
877 2.385427
878 2.232941
879 2.176221
880 2.300599
881 2.123231
882 2.247318
883 2.416791
884 2.229827
885 2.108177
886 2.299877
887 2.406538
888 2.208767
889 2.412684
890 2.212463
891 2.511572
892 2.165771
893 2.405622
894 2.197982
895 2.424209
896 2.170284
897 2.509800
898 2.234493
899 2.178220
900 2.507463
901 2.168604
902 2.409963
903 2.244728
904 2.191795
905 2.408162
906 2.418014
907 2.199011
908 2.189966
909 2.423266
910 2.169195
911 2.516315
912 2.209632
913 2.190808
914 2.430986
915 2.191071
916 2.284223
917 2.886772
918 2.418105
919 2.239914
920 2.194208
921 2.175953
922 2.521694
923 2.518597
924 2.511688
925 3.118205
926 2.925742
927 2.164284
928 2.530759
929 2.464366
930 2.160869
931 2.505754
932 2.509499
933 2.520339
934 2.504986
935 2.493450
936 2.490269
937 2.464039
938 2.458457
939 2.451223
940 2.443285
941 2.433674
942 2.416432
943 2.381930
944 2.282619
945 2.385637
946 2.441462
947 2.421493
948 2.377497
949 2.250001
950 2.222779
951 2.384740
952 2.153054
953 2.359751
954 2.104916
955 2.240406
956 2.460089
957 2.491417
958 2.097008
959 2.202963
960 2.414541
961 2.103643
962 2.217328
963 2.359408
964 2.317836
965 2.120840
966 2.233686
967 2.145555
968 2.171045
969 2.171769
970 2.163958
971 2.159423
972 2.119965
973 2.122575
974 2.130325
975 2.140121
976 2.150605
977 2.159613
978 2.164985
979 2.166049
980 2.163569
981 2.159012
982 2.154272
983 2.151817
984 2.154720
985 2.163983
986 2.183804
987 2.251863
988 2.280226
989 2.180169
990 2.419001
991 2.239930
992 2.271769
993 2.325508
994 2.321580
995 2.439060
996 2.388658
997 2.444844
998 2.285028
999 2.322488
1000 2.460469
1001 2.328643
1002 2.328066
1003 2.326091
1004 2.325243
1005 2.323284
1006 2.204202
1007 1.740170
1008 1.736180
1009 1.703595
1010 1.677844
1011 1.682503
1012 1.792193
1013 2.341976
1014 2.489665
1015 2.632838
1016 2.564406
1017 2.485954
1018 2.523432
1019 2.429126
1020 2.334267
1021 2.362013
1022 2.258506
1023 2.280124
1024 2.329276
1025 2.296292
1026 2.303562
1027 2.289598
1028 2.288069
1029 2.284775
1030 2.272420
1031 2.259671
1032 2.844609
1033 1.738926
1034 1.673711
1035 1.640609
1036 1.623759
1037 1.661101
1038 1.776582
1039 2.432445
1040 2.866028
1041 2.730210
1042 2.521412
1043 2.626143
1044 2.772675
1045 2.417952
1046 2.309033
1047 2.582144
1048 2.313575
1049 2.553546
1050 2.297708
1051 2.333998
1052 2.359618
1053 2.318623
1054 2.488703
1055 2.485539
1056 2.401244
1057 2.355789
1058 2.410286
1059 2.422345
1060 2.385945
1061 2.371419
1062 2.366421
1063 2.348710
1064 2.335149
1065 2.555485
1066 2.489631
1067 1.869573
1068 2.390356
1069 2.343842
1070 2.463044
1071 1.930598
1072 1.516572
1073 1.529269
1074 1.655881
1075 1.569283
1076 1.818864
1077 2.667780
1078 2.406894
1079 2.850368
1080 2.431361
1081 2.845494
1082 2.762375
1083 2.385628
1084 2.632925
1085 2.447866
1086 2.634033
1087 2.569640
1088 2.620373
1089 2.505082
1090 2.526833
1091 2.504648
1092 2.484561
1093 2.469811
1094 2.457496
1095 2.450385
1096 2.450704
1097 2.457425
1098 2.453965
1099 2.410853
1100 1.964771
1101 1.591219
1102 1.553543
1103 1.534427
1104 2.539290
1105 2.562078
1106 2.579163
1107 2.588372
1108 2.457024
1109 2.552742
1110 2.513622
1111 2.494073
1112 2.478535
1113 2.467476
1114 2.445459
1115 1.775738
1116 2.410087
1117 2.569183
1118 1.640457
1119 1.516509
1120 2.441528
1121 2.903472
1122 1.696856
1123 2.446114
1124 2.486859
1125 2.552287
1126 4.316817
1127 1.556372
1128 2.511937
1129 2.580175
1130 2.592093
1131 2.573532
1132 2.547985
1133 2.578375
1134 2.481146
1135 2.453976
1136 2.507750
1137 1.531374
1138 2.633534
1139 2.486483
1140 2.432212
1141 2.945941
1142 2.479637
1143 4.427412
1144 1.507653
1145 2.859427
1146 2.480808
1147 2.621457
1148 2.486301
1149 2.556248
1150 2.900076
1151 2.438582
1152 2.455199
1153 2.410053
1154 2.896000
1155 2.197101
1156 2.572427
1157 2.658444
1158 2.523521
1159 4.019364
1160 2.701165
1161 4.042156
1162 1.638744
1163 2.896027
1164 1.669079
1165 2.928557
1166 1.578726
1167 3.843524
1168 1.592410
1169 3.460555
1170 2.833006
1171 2.541238
1172 2.437762
1173 4.854334
1174 2.202114
1175 2.871092
1176 1.722654
1177 2.869260
1178 2.517387
1179 2.622016
1180 1.680698
1181 2.225223
1182 2.476107
1183 2.062485
1184 1.677622
1185 3.837659
1186 1.594808
1187 2.697111
1188 2.849711
1189 2.843677
1190 2.550543
1191 4.846717
1192 2.607353
1193 1.584841
1194 2.686310
1195 2.939850
1196 1.598672
1197 2.882652
1198 2.799527
1199 1.727540
1200 2.803648
1201 2.016160
1202 2.048586
1203 2.722884
1204 1.696625
1205 3.477850
1206 2.326531
1207 2.498286
1208 2.132537
1209 2.429560
1210 2.070199
1211 2.764609
1212 3.077878
1213 2.741569
1214 3.090197
1215 2.996074
1216 3.367638
1217 2.966787
1218 3.027279
1219 3.019642
1220 3.020734
1221 3.012267
1222 2.998959
1223 2.982495
1224 2.961675
1225 2.935013
1226 2.904031
1227 2.872864
1228 2.842693
1229 2.811394
1230 2.775792
1231 2.733683
1232 2.685876
1233 2.636249
1234 2.588809
1235 2.545666
1236 2.507330
1237 2.473493
1238 2.443546
1239 2.416835
1240 2.392780
1241 2.370899
1242 2.350813
1243 2.332229
1244 2.314926
1245 2.298737
1246 2.283541
1247 2.269241
1248 2.255767
1249 2.243061
1250 2.231073
1251 2.219762
1252 2.209089
1253 2.199017
1254 2.189513
1255 2.180544
1256 2.172079
1257 2.164087
1258 2.156539
1259 2.149410
1260 2.142671
1261 2.136300
1262 2.130273
1263 2.124568
1264 2.119165
1265 2.114044
1266 2.109189
1267 2.104582
1268 2.100208
1269 2.096052
1270 2.092101
1271 2.088343
1272 2.084765
1273 2.081357
1274 2.078110
1275 2.075013
1276 2.072058
1277 2.069237
1278 2.066542
1279 2.063967
1280 2.061504
1281 2.059147
1282 2.056892
1283 2.054732
1284 2.052663
1285 2.050680
1286 2.048778
1287 2.046954
1288 2.045203
1289 2.043522
1290 2.041908
1291 2.040357
1292 2.038867
1293 2.037433
1294 2.036055
1295 2.034729
1296 2.033453
1297 2.032224
1298 2.031041
1299 2.029901
1300 2.028803
1301 2.027744
1302 2.026724
1303 2.025739
1304 2.024789
1305 2.023873
1306 2.022988
1307 2.022133
1308 2.021308
1309 2.020510
1310 2.019740
1311 2.018995
1312 2.018274
1313 2.017577
1314 2.016902
1315 2.016250
1316 2.015617
1317 2.015005
1318 2.014412
1319 2.013838
1320 2.013280
1321 2.012740
1322 2.012216
1323 2.011708
1324 2.011214
1325 2.010735
1326 2.010270
1327 2.009818
1328 2.009379
1329 2.008952
1330 2.008537
1331 2.008133
1332 2.007740
1333 2.007358
1334 2.006986
1335 2.006624
1336 2.006271
1337 2.005927
1338 2.005592
1339 2.005265
1340 2.004946
1341 2.004635
1342 2.004332
1343 2.004036
1344 2.003747
1345 2.003464
1346 2.003189
1347 2.002919
1348 2.002656
1349 2.002398
1350 2.002147
1351 2.001900
1352 2.001659
1353 2.001424
1354 2.001193
1355 2.000967
1356 2.000746
1357 2.000529
1358 2.000317
1359 2.000109
1360 1.999906
1361 1.999706
1362 1.999510
1363 1.999318
1364 1.999130
1365 1.998945
1366 1.998764
1367 1.998587
1368 1.998412
1369 1.998241
1370 1.998073
1371 1.997908
1372 1.997746
1373 1.997588
1374 1.997431
1375 1.997278
1376 1.997128
1377 1.996980
1378 1.996835
1379 1.996692
1380 1.996552
1381 1.996414
1382 1.996279
1383 1.996146
1384 1.996016
1385 1.995888
1386 1.995762
1387 1.995638
1388 1.995517
1389 1.995397
1390 1.995281
1391 1.995163
1392 1.995055
1393 1.994934
1394 1.994842
1395 1.994703
1396 1.994659
1397 1.994437
1398 1.994567
1399 1.994015
1400 1.994819
1401 1.992953
1402 1.996522
1403 1.989456
1404 2.005642
1405 1.978708
1406 2.070983
1407 1.957427
1408 2.201311
1409 1.954101
1410 2.194231
1411 1.953532
1412 2.200369
1413 1.953527
1414 2.208304
1415 1.953703
1416 2.216781
1417 1.954035
1418 2.225633
1419 1.954532
1420 2.234750
1421 1.955204
1422 2.243937
1423 1.956046
1424 2.252870
1425 1.957024
1426 2.261108
1427 1.958069
1428 2.268213
1429 1.959086
1430 2.273955
1431 1.959995
1432 2.278424
1433 1.960768
1434 2.281894
1435 1.961422
1436 2.284618
1437 1.961980
1438 2.286773
1439 1.962460
1440 2.288486
1441 1.962878
1442 2.289850
1443 1.963245
1444 2.290934
1445 1.963571
1446 2.291791
1447 1.963860
1448 2.292460
1449 1.964120
1450 2.292972
1451 1.964354
1452 2.293351
1453 1.964565
1454 2.293613
1455 1.964755
1456 2.293773
1457 1.964926
1458 2.293840
1459 1.965078
1460 2.293822
1461 1.965213
1462 2.293719
1463 1.965328
1464 2.293538
1465 1.965426
1466 2.293270
1467 1.965502
1468 2.292926
1469 1.965558
1470 2.292476
1471 1.965586
1472 2.291947
1473 1.965593
1474 2.291274
1475 1.965561
1476 2.290517
1477 1.965504
1478 2.289552
1479 1.965391
1480 2.288480
1481 1.965248
1482 2.287111
1483 1.965025
1484 2.285554
1485 1.964752
1486 2.283587
1487 1.964373
1488 2.281224
1489 1.963894
1490 2.278234
1491 1.963264
1492 2.274407
1493 1.962443
1494 2.269331
1495 1.961355
1496 2.262312
1497 1.959894
1498 2.252098
1499 1.957916
1500 2.236448
1501 1.955303
1502 2.211894
1503 1.952236
1504 2.176039
1505 1.949601
1506 2.136063
1507 1.948376
1508 2.110269
1509 1.948267
1510 2.102063
1511 1.948475
1512 2.097558
1513 1.948718
1514 2.093004
1515 1.948975
1516 2.088734
1517 1.949245
1518 2.084655
1519 1.949524
1520 2.080770
1521 1.949810
1522 2.077057
1523 1.950102
1524 2.073507
1525 1.950397
1526 2.070107
1527 1.950694
1528 2.066850
1529 1.950992
1530 2.063726
1531 1.951290
1532 2.060728
1533 1.951586
1534 2.057850
1535 1.951881
1536 2.055084
1537 1.952171
1538 2.052426
1539 1.952459
1540 2.049871
1541 1.952741
1542 2.047413
1543 1.953019
1544 2.045047
1545 1.953292
1546 2.042771
1547 1.953559
1548 2.040580
1549 1.953820
1550 2.038470
1551 1.954075
1552 2.036438
1553 1.954325
1554 2.034481
1555 1.954569
1556 2.032596
1557 1.954807
1558 2.030781
1559 1.955040
1560 2.029033
1561 1.955268
1562 2.027349
1563 1.955492
1564 2.025727
1565 1.955711
1566 2.024166
1567 1.955928
1568 2.022664
1569 1.956141
1570 2.021218
1571 1.956354
1572 2.019829
1573 1.956565
1574 2.018491
1575 1.956776
1576 2.017209
1577 1.956988
1578 2.015974
1579 1.957203
1580 2.014797
1581 1.957421
1582 2.013654
1583 1.957645
1584 2.012587
1585 1.957870
1586 2.011516
1587 1.958113
1588 2.010589
1589 1.958343
1590 2.009517
1591 1.958634
1592 2.008870
1593 1.958821
1594 2.007494
1595 1.959296
1596 2.007781
1597 1.959154
1598 2.004742
1599 1.960680
1600 2.009331
1601 1.958791
1602 1.998759
1603 1.969055
1604 2.028665
1605 1.961530
1606 1.987899
1607 2.007898
1608 1.966091
1609 2.014171
1610 1.959485
1611 1.990689
1612 1.997724
1613 1.997676
1614 1.998672
1615 1.997002
1616 2.001425
1617 1.990374
1618 2.012473
1619 1.961913
1620 1.993998
1621 1.988861
1622 2.012087
1623 1.961797
1624 1.991465
1625 1.996500
1626 2.001927
1627 1.988612
1628 2.009301
1629 1.963646
1630 1.991790
1631 1.995005
1632 2.002781
1633 1.983707
1634 2.006735
1635 1.964131
1636 1.989116
1637 1.999113
1638 1.993470
1639 2.001935
1640 1.982871
1641 2.002929
1642 1.969061
1643 1.992144
1644 1.991139
1645 2.000817
1646 1.981516
1647 1.999565
1648 1.975094
1649 1.994730
1650 1.983833
1651 1.998398
1652 1.978636
1653 1.995095
1654 1.982689
1655 1.995966
1656 1.981985
1657 1.994593
1658 1.983495
1659 1.993938
1660 1.984409
1661 1.992917
1662 1.985325
1663 1.991721
1664 1.986057
1665 1.990317
1666 1.986465
1667 1.988754
1668 1.986408
1669 1.987154
1670 1.985823
1671 1.985635
1672 1.984792
1673 1.984202
1674 1.983479
1675 1.982758
1676 1.982006
1677 1.981222
1678 1.980409
1679 1.979563
1680 1.978681
1681 1.977762
1682 1.976803
1683 1.975801
1684 1.974751
1685 1.973649
1686 1.972491
1687 1.971270
1688 1.969979
1689 1.968609
1690 1.967151
1691 1.965595
1692 1.963927
1693 1.962135
1694 1.960213
1695 1.958158
1696 1.955989
1697 1.953757
1698 1.951558
1699 1.949530
1700 1.947804
1701 1.946432
1702 1.945354
1703 1.944447
1704 1.943609
1705 1.942782
1706 1.941947
1707 1.941102
1708 1.940248
1709 1.939389
1710 1.938528
1711 1.937668
1712 1.936809
1713 1.935952
1714 1.935099
1715 1.934250
1716 1.933404
1717 1.932563
1718 1.931726
1719 1.930892
1720 1.930063
1721 1.929238
1722 1.928416
1723 1.927599
1724 1.926785
1725 1.925974
1726 1.925168
1727 1.924364
1728 1.923564
1729 1.922767
1730 1.921974
1731 1.921183
1732 1.920395
1733 1.919611
1734 1.918829
1735 1.918050
1736 1.917273
1737 1.916499
1738 1.915728
1739 1.914959
1740 1.914192
1741 1.913427
1742 1.912665
1743 1.911905
1744 1.911147
1745 1.910391
1746 1.909637
1747 1.908885
1748 1.908135
1749 1.907387
1750 1.906640
1751 1.905895
1752 1.905152
1753 1.904411
1754 1.903670
1755 1.902932
1756 1.902195
1757 1.901459
1758 1.900725
1759 1.899992
1760 1.899260
1761 1.898530
1762 1.897801
1763 1.897073
1764 1.896346
1765 1.895620
1766 1.894896
1767 1.894172
1768 1.893450
1769 1.892728
1770 1.892007
1771 1.891287
1772 1.890569
1773 1.889850
1774 1.889133
1775 1.888417
1776 1.887701
1777 1.886986
1778 1.886272
1779 1.885558
1780 1.884845
1781 1.884132
1782 1.883420
1783 1.882709
1784 1.881998
1785 1.881288
1786 1.880578
1787 1.879868
1788 1.879159
1789 1.878451
1790 1.877742
1791 1.877034
1792 1.876327
1793 1.875619
1794 1.874912
1795 1.874205
1796 1.873498
1797 1.872792
1798 1.872086
1799 1.871379
1800 1.870673
1801 1.869967
1802 1.869261
1803 1.868555
1804 1.867850
1805 1.867144
1806 1.866438
1807 1.865732
1808 1.865026
1809 1.864320
1810 1.863614
1811 1.862908
1812 1.862201
1813 1.861495
1814 1.860788
1815 1.860081
1816 1.859374
1817 1.858667
1818 1.857959
1819 1.857251
1820 1.856543
1821 1.855835
1822 1.855126
1823 1.854417
1824 1.853708
1825 1.852998
1826 1.852288
1827 1.851578
1828 1.850867
1829 1.850156
1830 1.849444
1831 1.848732
1832 1.848020
1833 1.847307
1834 1.846594
1835 1.845880
1836 1.845166
1837 1.844451
1838 1.843735
1839 1.843020
1840 1.842303
1841 1.841587
1842 1.840869
1843 1.840151
1844 1.839433
1845 1.838714
1846 1.837994
1847 1.837274
1848 1.836554
1849 1.835833
1850 1.835111
1851 1.834389
1852 1.833666
1853 1.832942
1854 1.832218
1855 1.831494
1856 1.830769
1857 1.830043
1858 1.829317
1859 1.828590
1860 1.827863
1861 1.827135
1862 1.826407
1863 1.825678
1864 1.824949
1865 1.824219
1866 1.823488
1867 1.822758
1868 1.822026
1869 1.821294
1870 1.820562
1871 1.819829
1872 1.819096
1873 1.818363
1874 1.817629
1875 1.816894
1876 1.816160
1877 1.815425
1878 1.814689
1879 1.813954
1880 1.813218
1881 1.812481
1882 1.811745
1883 1.811008
1884 1.810271
1885 1.809534
1886 1.808797
1887 1.808060
1888 1.807323
1889 1.806585
1890 1.805848
1891 1.805111
1892 1.804373
1893 1.803636
1894 1.802899
1895 1.802162
1896 1.801425
1897 1.800689
1898 1.799952
1899 1.799217
1900 1.798481
1901 1.797746
1902 1.797011
1903 1.796277
1904 1.795543
1905 1.794810
1906 1.794078
1907 1.793346
1908 1.792615
1909 1.791885
1910 1.791156
1911 1.790428
1912 1.789700
1913 1.788974
1914 1.788249
1915 1.787525
1916 1.786802
1917 1.786081
1918 1.785361
1919 1.784642
1920 1.783925
1921 1.783210
1922 1.782496
1923 1.781784
1924 1.781074
1925 1.780365
1926 1.779659
1927 1.778955
1928 1.778253
1929 1.777553
1930 1.776856
1931 1.776161
1932 1.775468
1933 1.774778
1934 1.774091
1935 1.773407
1936 1.772726
1937 1.772048
1938 1.771373
1939 1.770701
1940 1.770033
1941 1.769368
1942 1.768707
1943 1.768049
1944 1.767396
1945 1.766746
1946 1.766101
1947 1.765459
1948 1.764823
1949 1.764190
1950 1.763563
1951 1.762940
1952 1.762322
1953 1.761709
1954 1.761101
1955 1.760499
1956 1.759902
1957 1.759311
1958 1.758725
1959 1.758145
1960 1.757570
1961 1.757002
1962 1.756440
1963 1.755883
1964 1.755333
1965 1.754788
1966 1.754250
1967 1.753717
1968 1.753190
1969 1.752669
1970 1.752153
1971 1.751642
1972 1.751137
1973 1.750636
1974 1.750138
1975 1.749645
1976 1.749155
1977 1.748668
1978 1.748182
1979 1.747699
1980 1.747216
1981 1.746733
1982 1.746250
1983 1.745765
1984 1.745279
1985 1.744790
1986 1.744299
1987 1.743803
1988 1.743303
1989 1.742799
1990 1.742289
1991 1.741774
1992 1.741253
1993 1.740727
1994 1.740195
1995 1.739657
1996 1.739113
1997 1.738564
1998 1.738010
1999 1.737451
2000 1.736888
2001 1.736322
2002 1.735753
2003 1.735182
2004 1.734611
2005 1.734041
2006 1.733473
2007 1.732908
2008 1.732351
2009 1.731802
2010 1.731265
2011 1.730745
2012 1.730246
2013 1.729775
2014 1.729340
2015 1.728951
2016 1.728622
2017 1.728367
2018 1.728206
2019 1.728161
2020 1.728253
2021 1.728502
2022 1.728918
2023 1.729497
2024 1.730208
2025 1.730993
2026 1.731770
2027 1.732447
2028 1.732941
2029 1.733192
2030 1.733170
2031 1.732873
2032 1.732314
2033 1.731519
2034 1.730514
2035 1.729325
2036 1.727973
2037 1.726474
2038 1.724833
2039 1.723049
2040 1.721106
2041 1.718968
2042 1.716572
2043 1.713799
2044 1.710429
2045 1.706033
2046 1.699720
2047 1.689314
2048 1.659088
2049 1.640338
2050 1.785378
2051 1.715111
2052 1.722277
2053 1.727349
2054 1.733067
2055 1.738040
2056 1.741429
2057 1.743234
2058 1.743786
2059 1.743415
2060 1.742381
2061 1.740879
2062 1.739052
2063 1.736997
2064 1.734782
2065 1.732452
2066 1.730034
2067 1.727544
2068 1.724990
2069 1.722368
2070 1.719671
2071 1.716878
2072 1.713956
2073 1.710852
2074 1.707476
2075 1.703676
2076 1.699178
2077 1.693447
2078 1.685382
2079 1.672141
2080 1.634885
2081 1.660038
2082 1.737431
2083 1.669057
2084 1.639272
2085 1.704953
2086 1.680113
2087 1.652809
2088 1.725832
2089 1.675871
2090 1.663251
2091 1.728099
2092 1.688687
2093 1.685422
2094 1.693582
2095 1.706791
2096 1.702348
2097 1.705086
2098 1.709640
2099 1.715747
2100 1.728345
2101 1.765247
2102 1.805717
2103 1.820297
2104 1.830770
2105 1.837426
2106 1.841152
2107 1.842875
2108 1.843267
2109 1.842779
2110 1.841706
2111 1.840238
2112 1.838499
2113 1.836568
2114 1.834495
2115 1.832313
2116 1.830044
2117 1.827703
2118 1.825297
2119 1.822833
2120 1.820316
2121 1.817748
2122 1.815131
2123 1.812468
2124 1.809759
2125 1.807006
2126 1.804211
2127 1.801375
2128 1.798499
2129 1.795585
2130 1.792634
2131 1.789649
2132 1.786630
2133 1.783579
2134 1.780498
2135 1.777388
2136 1.774251
2137 1.771088
2138 1.767900
2139 1.764689
2140 1.761455
2141 1.758200
2142 1.754925
2143 1.751630
2144 1.748316
2145 1.744983
2146 1.741631
2147 1.738259
2148 1.734867
2149 1.731452
2150 1.728014
2151 1.724547
2152 1.721046
2153 1.717505
2154 1.713913
2155 1.710256
2156 1.706512
2157 1.702651
2158 1.698626
2159 1.694369
2160 1.689766
2161 1.684636
2162 1.678663
2163 1.671315
2164 1.661818
2165 1.648906
2166 1.611831
2167 1.756979
2168 1.646441
2169 1.621798
2170 1.763305
2171 1.662435
2172 1.659167
2173 1.640441
2174 1.757029
2175 1.676166
2176 1.680907
2177 1.677089
2178 1.670333
2179 1.669880
2180 1.722513
2181 1.682569
2182 1.683865
2183 1.693973
2184 1.703933
2185 1.699885
2186 1.702291
2187 1.706207
2188 1.713122
2189 1.738460
2190 1.789899
2191 1.814835
2192 1.833391
2193 1.848708
2194 1.861516
2195 1.872578
2196 1.882496
2197 1.891720
2198 1.900583
2199 1.909324
2200 1.918110
2201 1.927032
2202 1.936111
2203 1.945302
2204 1.954501
2205 1.963574
2206 1.972390
2207 1.980856
2208 1.988938
2209 1.996662
2210 2.004096
2211 2.011332
2212 2.018466
2213 2.025584
2214 2.032765
2215 2.040080
2216 2.047599
2217 2.055391
2218 2.063538
2219 2.072134
2220 2.081300
2221 2.091193
2222 2.102028
2223 2.114112
2224 2.127909
2225 2.144157
2226 2.164123
2227 2.190209
2228 2.227566
2229 2.289397
2230 2.416925
2231 2.670006
2232 2.805074
2233 2.718509
2234 2.648445
2235 2.601889
2236 2.557290
2237 2.520576
2238 2.488682
2239 2.461640
2240 2.438389
2241 2.418385
2242 2.401010
2243 2.385828
2244 2.372458
2245 2.360611
2246 2.350047
2247 2.340578
2248 2.332048
2249 2.324332
2250 2.317322
2251 2.310933
2252 2.305091
2253 2.299731
2254 2.294801
2255 2.290254
2256 2.286050
2257 2.282155
2258 2.278537
2259 2.275171
2260 2.272032
2261 2.269100
2262 2.266357
2263 2.263787
2264 2.261375
2265 2.259108
2266 2.256975
2267 2.254966
2268 2.253071
2269 2.251283
2270 2.249594
2271 2.247996
2272 2.246485
2273 2.245055
2274 2.243700
2275 2.242417
2276 2.241201
2277 2.240048
2278 2.238956
2279 2.237920
2280 2.236939
2281 2.236009
2282 2.235128
2283 2.234293
2284 2.233504
2285 2.232757
2286 2.232052
2287 2.231386
2288 2.230758
2289 2.230166
2290 2.229610
2291 2.229088
2292 2.228598
2293 2.228141
2294 2.227714
2295 2.227317
2296 2.226949
2297 2.226609
2298 2.226297
2299 2.226011
2300 2.225751
2301 2.225516
2302 2.225306
2303 2.225121
2304 2.224958
2305 2.224819
2306 2.224702
2307 2.224607
2308 2.224534
2309 2.224482
2310 2.224450
2311 2.224439
2312 2.224448
2313 2.224477
2314 2.224524
2315 2.224591
2316 2.224676
2317 2.224780
2318 2.224902
2319 2.225041
2320 2.225198
2321 2.225373
2322 2.225564
2323 2.225772
2324 2.225996
2325 2.226238
2326 2.226495
2327 2.226769
2328 2.227057
2329 2.227363
2330 2.227682
2331 2.228020
2332 2.228368
2333 2.228736
2334 2.229114
2335 2.229513
2336 2.229919
2337 2.230348
2338 2.230782
2339 2.231241
2340 2.231702
2341 2.232190
2342 2.232678
2343 2.233196
2344 2.233710
2345 2.234257
2346 2.234797
2347 2.235373
2348 2.235938
2349 2.236543
2350 2.237134
2351 2.237767
2352 2.238383
2353 2.239044
2354 2.239686
2355 2.240375
2356 2.241043
2357 2.241759
2358 2.242453
2359 2.243196
2360 2.243917
2361 2.244685
2362 2.245434
2363 2.246229
2364 2.247005
2365 2.247825
2366 2.248631
2367 2.249476
2368 2.250311
2369 2.251181
2370 2.252045
2371 2.252942
2372 2.253836
2373 2.254758
2374 2.255683
2375 2.256632
2376 2.257587
2377 2.258564
2378 2.259550
2379 2.260555
2380 2.261572
2381 2.262607
2382 2.263656
2383 2.264722
2384 2.265803
2385 2.266901
2386 2.268015
2387 2.269147
2388 2.270295
2389 2.271462
2390 2.272646
2391 2.273848
2392 2.275069
2393 2.276309
2394 2.277569
2395 2.278850
2396 2.280150
2397 2.281473
2398 2.282817
2399 2.284183
2400 2.285573
2401 2.286987
2402 2.288426
2403 2.289890
2404 2.291381
2405 2.292900
2406 2.294448
2407 2.296026
2408 2.297635
2409 2.299276
2410 2.300952
2411 2.302664
2412 2.304414
2413 2.306204
2414 2.308035
2415 2.309911
2416 2.311834
2417 2.313807
2418 2.315833
2419 2.317917
2420 2.320061
2421 2.322271
2422 2.324552
2423 2.326910
2424 2.329352
2425 2.331886
2426 2.334520
2427 2.337265
2428 2.340134
2429 2.343141
2430 2.346304
2431 2.349644
2432 2.353186
2433 2.356964
2434 2.361016
2435 2.365394
2436 2.370162
2437 2.375408
2438 2.381243
2439 2.387823
2440 2.395356
2441 2.404128
2442 2.414515
2443 2.426976
2444 2.441913
2445 2.459178
2446 2.476914
2447 2.490516
2448 2.495845
2449 2.496209
2450 2.497164
2451 2.498856
2452 2.500593
2453 2.502285
2454 2.503924
2455 2.505514
2456 2.507059
2457 2.508563
2458 2.510028
2459 2.511457
2460 2.512852
2461 2.514215
2462 2.515548
2463 2.516852
2464 2.518129
2465 2.519380
2466 2.520605
2467 2.521807
2468 2.522986
2469 2.524142
2470 2.525278
2471 2.526392
2472 2.527487
2473 2.528562
2474 2.529619
2475 2.530657
2476 2.531678
2477 2.532682
2478 2.533668
2479 2.534639
2480 2.535593
2481 2.536533
2482 2.537456
2483 2.538366
2484 2.539260
2485 2.540141
2486 2.541007
2487 2.541861
2488 2.542700
2489 2.543527
2490 2.544341
2491 2.545143
2492 2.545932
2493 2.546710
2494 2.547475
2495 2.548229
2496 2.548971
2497 2.549703
2498 2.550423
2499 2.551133
2500 2.551832
2501 2.552520
2502 2.553199
2503 2.553867
2504 2.554525
2505 2.555174
2506 2.555813
2507 2.556442
2508 2.557062
2509 2.557674
2510 2.558276
2511 2.558869
2512 2.559453
2513 2.560029
2514 2.560596
2515 2.561155
2516 2.561706
2517 2.562249
2518 2.562783
2519 2.563311
2520 2.563829
2521 2.564343
2522 2.564840
2523 2.565354
2524 2.565800
2525 2.566388
2526 2.566600
2527 2.567720
2528 2.566539
2529 2.571141
2530 2.560861
2531 2.588243
2532 2.513818
2533 2.678394
2534 2.277773
2535 2.902698
2536 2.146615
2537 2.916965
2538 2.129165
2539 2.660471
2540 2.294317
2541 2.886789
2542 2.147962
2543 2.952404
2544 2.119624
2545 2.476957
2546 2.715436
2547 2.242360
2548 3.035934
2549 2.118711
2550 2.290105
2551 2.942245
2552 2.123654
2553 2.637830
2554 2.353359
2555 2.776221
2556 2.205818
2557 3.068602
2558 2.128138
2559 2.219907
2560 3.072181
2561 2.129603
2562 2.207036
2563 3.079509
2564 2.135317
2565 2.185889
2566 3.076549
2567 2.139419
2568 2.170418
2569 3.058382
2570 2.134911
2571 2.171682
2572 3.062660
2573 2.138026
2574 2.159323
2575 3.029569
2576 2.124861
2577 2.180226
2578 3.077749
2579 2.146520
2580 2.134858
2581 2.847722
2582 2.123920
2583 2.721967
2584 2.215719
2585 3.096947
2586 2.152734
2587 2.122004
2588 2.651895
2589 2.317397
2590 2.872086
2591 2.127914
2592 2.747124
2593 2.191770
2594 3.073936
2595 2.145918
2596 2.129625
2597 2.719070
2598 2.219636
2599 3.086649
2600 2.150718
2601 2.119067
2602 2.574424
2603 2.528648
2604 2.599683
2605 2.503950
2606 2.617430
2607 2.461547
2608 2.631397
2609 2.440712
2610 2.642960
2611 2.409731
2612 2.660564
2613 2.365157
2614 2.709543
2615 2.271474
2616 3.004902
2617 2.116201
2618 2.227271
2619 3.046888
2620 2.134107
2621 2.167878
2622 2.944877
2623 2.107198
2624 2.273764
2625 3.012864
2626 2.120097
2627 2.197730
2628 3.024791
2629 2.128469
2630 2.167162
2631 2.925389
2632 2.105704
2633 2.284640
2634 2.986964
2635 2.112507
2636 2.219501
2637 3.041174
2638 2.136385
2639 2.140197
2640 2.667546
2641 2.289288
2642 2.969670
2643 2.110572
2644 2.232742
2645 3.036844
2646 2.136660
2647 2.137986
2648 2.613270
2649 2.398572
2650 2.610348
2651 2.505916
2652 2.591648
2653 2.501118
2654 2.601906
2655 2.474327
2656 2.618240
2657 2.436649
2658 2.635593
2659 2.398666
2660 2.660084
2661 2.343750
2662 2.738424
2663 2.239346
2664 2.965093
2665 2.120847
2666 2.247730
2667 2.967248
2668 2.121112
2669 2.240395
2670 2.968490
2671 2.121601
2672 2.232923
2673 2.964129
2674 2.121053
2675 2.232501
2676 2.961939
2677 2.121028
2678 2.230366
2679 2.956635
2680 2.120569
2681 2.232311
2682 2.954724
2683 2.120866
2684 2.230805
2685 2.947569
2686 2.120474
2687 2.235922
2688 2.947826
2689 2.121375
2690 2.232716
2691 2.936496
2692 2.120940
2693 2.243635
2694 2.941146
2695 2.122558
2696 2.236174
2697 2.923968
2698 2.122380
2699 2.254538
2700 2.929597
2701 2.124060
2702 2.247627
2703 2.916579
2704 2.125089
2705 2.261091
2706 2.909331
2707 2.127113
2708 2.270577
2709 2.890593
2710 2.131733
2711 2.296109
2712 2.811938
2713 2.176588
2714 2.573093
2715 2.477909
2716 2.568842
2717 2.524808
2718 2.555546
2719 2.531765
2720 2.555414
2721 2.532030
2722 2.558480
2723 2.528264
2724 2.564951
2725 2.518443
2726 2.576936
2727 2.497088
2728 2.596936
2729 2.456898
2730 2.623246
2731 2.404434
2732 2.652926
2733 2.354016
2734 2.696576
2735 2.300281
2736 2.755171
2737 2.246967
2738 2.712371
2739 2.281197
2740 2.759855
2741 2.243735
2742 2.697774
2743 2.296609
2744 2.759818
2745 2.246424
2746 2.697183
2747 2.299666
2748 2.758384
2749 2.249715
2750 2.697824
2751 2.301607
2752 2.756901
2753 2.253070
2754 2.698196
2755 2.303835
2756 2.755090
2757 2.256791
2758 2.699036
2759 2.305650
2760 2.753076
2761 2.260737
2762 2.699996
2763 2.307377
2764 2.750817
2765 2.264957
2766 2.701160
2767 2.308935
2768 2.748311
2769 2.269449
2770 2.702488
2771 2.310362
2772 2.745546
2773 2.274224
2774 2.703956
2775 2.311682
2776 2.742512
2777 2.279293
2778 2.705523
2779 2.312933
2780 2.739209
2781 2.284661
2782 2.707130
2783 2.314173
2784 2.735656
2785 2.290318
2786 2.708689
2787 2.315488
2788 2.731902
2789 2.296227
2790 2.710081
2791 2.316987
2792 2.728040
2793 2.302316
2794 2.711164
2795 2.318804
2796 2.724200
2797 2.308475
2798 2.711800
2799 2.321066
2800 2.720534
2801 2.314570
2802 2.711890
2803 2.323861
2804 2.717164
2805 2.320482
2806 2.711410
2807 2.327213
2808 2.714149
2809 2.326145
2810 2.710412
2811 2.331072
2812 2.711465
2813 2.331562
2814 2.709002
2815 2.335342
2816 2.709036
2817 2.336790
2818 2.707301
2819 2.339911
2820 2.706769
2821 2.341900
2822 2.705411
2823 2.344683
2824 2.704588
2825 2.346957
2826 2.703403
2827 2.349586
2828 2.702438
2829 2.352006
2830 2.701321
2831 2.354576
2832 2.700286
2833 2.357069
2834 2.699188
2835 2.359627
2836 2.698114
2837 2.362162
2838 2.697011
2839 2.364726
2840 2.695910
2841 2.367288
2842 2.694791
2843 2.369866
2844 2.693665
2845 2.372450
2846 2.692524
2847 2.375047
2848 2.691372
2849 2.377652
2850 2.690205
2851 2.380268
2852 2.689024
2853 2.382895
2854 2.687826
2855 2.385534
2856 2.686611
2857 2.388184
2858 2.685378
2859 2.390847
2860 2.684125
2861 2.393523
2862 2.682851
2863 2.396213
2864 2.681556
2865 2.398918
2866 2.680237
2867 2.401638
2868 2.678893
2869 2.404375
2870 2.677523
2871 2.407129
2872 2.676126
2873 2.409902
2874 2.674699
2875 2.412694
2876 2.673241
2877 2.415507
2878 2.671751
2879 2.418343
2880 2.670226
2881 2.421202
2882 2.668666
2883 2.424086
2884 2.667068
2885 2.426997
2886 2.665429
2887 2.429936
2888 2.663749
2889 2.432905
2890 2.662025
2891 2.435905
2892 2.660254
2893 2.438940
2894 2.658434
2895 2.442011
2896 2.656562
2897 2.445120
2898 2.654635
2899 2.448270
2900 2.652651
2901 2.451464
2902 2.650606
2903 2.454704
2904 2.648496
2905 2.457994
2906 2.646317
2907 2.461337
2908 2.644066
2909 2.464736
2910 2.641737
2911 2.468196
2912 2.639325
2913 2.471720
2914 2.636825
2915 2.475312
2916 2.634231
2917 2.478978
2918 2.631535
2919 2.482722
2920 2.628732
2921 2.486548
2922 2.625813
2923 2.490461
2924 2.622771
2925 2.494465
2926 2.619598
2927 2.498562
2928 2.616285
2929 2.502755
2930 2.612826
2931 2.507040
2932 2.609215
2933 2.511414
2934 2.605451
2935 2.515864
2936 2.601537
2937 2.520371
2938 2.597484
2939 2.524904
2940 2.593315
2941 2.529415
2942 2.589070
2943 2.533843
2944 2.584807
2945 2.538107
2946 2.580606
2947 2.542110
2948 2.576565
2949 2.545751
2950 2.572794
2951 2.548934
2952 2.569398
2953 2.551588
2954 2.566458
2955 2.553679
2956 2.564018
2957 2.555218
2958 2.562073
2959 2.556261
2960 2.560576
2961 2.556888
2962 2.559453
2963 2.557195
2964 2.558618
2965 2.557271
2966 2.557989
2967 2.557192
2968 2.557499
2969 2.557018
2970 2.557099
2971 2.556789
2972 2.556752
2973 2.556531
2974 2.556437
2975 2.556261
2976 2.556140
2977 2.555986
2978 2.555855
2979 2.555711
2980 2.555576
2981 2.555437
2982 2.555301
2983 2.555165
2984 2.555030
2985 2.554895
2986 2.554761
2987 2.554627
2988 2.554493
2989 2.554359
2990 2.554226
2991 2.554093
2992 2.553960
2993 2.553827
2994 2.553694
2995 2.553561
2996 2.553428
2997 2.553295
2998 2.553161
2999 2.553028
3000 2.552894
3001 2.552760
3002 2.552625
3003 2.552491
3004 2.552356
3005 2.552220
3006 2.552084
3007 2.551948
3008 2.551811
3009 2.551674
3010 2.551536
3011 2.551398
3012 2.551259
3013 2.551120
3014 2.550980
3015 2.550839
3016 2.550698
3017 2.550556
3018 2.550414
3019 2.550271
3020 2.550127
3021 2.549983
3022 2.549837
3023 2.549691
3024 2.549545
3025 2.549397
3026 2.549249
3027 2.549100
3028 2.548951
3029 2.548800
3030 2.548649
3031 2.548497
3032 2.548344
3033 2.548190
3034 2.548035
3035 2.547880
3036 2.547724
3037 2.547567
3038 2.547409
3039 2.547250
3040 2.547090
3041 2.546929
3042 2.546768
3043 2.546606
3044 2.546442
3045 2.546278
3046 2.546113
3047 2.545947
3048 2.545780
3049 2.545612
3050 2.545443
3051 2.545273
3052 2.545102
3053 2.544930
3054 2.544758
3055 2.544584
3056 2.544409
3057 2.544234
3058 2.544057
3059 2.543879
3060 2.543701
3061 2.543521
3062 2.543340
3063 2.543159
3064 2.542976
3065 2.542792
3066 2.542607
3067 2.542421
3068 2.542234
3069 2.542047
3070 2.541857
3071 2.541667
3072 2.541476
3073 2.541284
3074 2.541091
3075 2.540896
3076 2.540701
3077 2.540504
3078 2.540306
3079 2.540107
3080 2.539907
3081 2.539706
3082 2.539504
3083 2.539300
3084 2.539096
3085 2.538890
3086 2.538683
3087 2.538475
3088 2.538265
3089 2.538055
3090 2.537843
3091 2.537630
3092 2.537416
3093 2.537200
3094 2.536984
3095 2.536766
3096 2.536546
3097 2.536326
3098 2.536104
3099 2.535881
3100 2.535657
3101 2.535431
3102 2.535204
3103 2.534975
3104 2.534746
3105 2.534514
3106 2.534282
3107 2.534048
3108 2.533813
3109 2.533576
3110 2.533338
3111 2.533098
3112 2.532857
3113 2.532615
3114 2.532371
3115 2.532125
3116 2.531878
3117 2.531630
3118 2.531380
3119 2.531128
3120 2.530875
3121 2.530620
3122 2.530364
3123 2.530106
3124 2.529846
3125 2.529585
3126 2.529322
3127 2.529057
3128 2.528791
3129 2.528523
3130 2.528253
3131 2.527981
3132 2.527708
3133 2.527433
3134 2.527155
3135 2.526877
3136 2.526596
3137 2.526313
3138 2.526029
3139 2.525742
3140 2.525453
3141 2.525163
3142 2.524870
3143 2.524576
3144 2.524279
3145 2.523980
3146 2.523680
3147 2.523377
3148 2.523071
3149 2.522764
3150 2.522454
3151 2.522143
3152 2.521828
3153 2.521512
3154 2.521193
3155 2.520872
3156 2.520548
3157 2.520222
3158 2.519893
3159 2.519562
3160 2.519228
3161 2.518892
3162 2.518553
3163 2.518211
3164 2.517867
3165 2.517519
3166 2.517169
3167 2.516816
3168 2.516461
3169 2.516102
3170 2.515740
3171 2.515375
3172 2.515007
3173 2.514636
3174 2.514262
3175 2.513885
3176 2.513504
3177 2.513120
3178 2.512732
3179 2.512342
3180 2.511947
3181 2.511549
3182 2.511147
3183 2.510742
3184 2.510333
3185 2.509920
3186 2.509503
3187 2.509082
3188 2.508657
3189 2.508228
3190 2.507794
3191 2.507357
3192 2.506915
3193 2.506469
3194 2.506018
3195 2.505562
3196 2.505102
3197 2.504638
3198 2.504168
3199 2.503693
3200 2.503214
3201 2.502729
3202 2.502239
3203 2.501744
3204 2.501243
3205 2.500737
3206 2.500225
3207 2.499708
3208 2.499185
3209 2.498656
3210 2.498121
3211 2.497580
3212 2.497032
3213 2.496479
3214 2.495919
3215 2.495353
3216 2.494780
3217 2.494201
3218 2.493614
3219 2.493022
3220 2.492422
3221 2.491815
3222 2.491202
3223 2.490581
3224 2.489954
3225 2.489319
3226 2.488678
3227 2.488029
3228 2.487374
3229 2.486711
3230 2.486042
3231 2.485366
3232 2.484683
3233 2.483994
3234 2.483299
3235 2.482598
3236 2.481891
3237 2.481178
3238 2.480461
3239 2.479739
3240 2.479012
3241 2.478282
3242 2.477549
3243 2.476813
3244 2.476075
3245 2.475336
3246 2.474597
3247 2.473858
3248 2.473120
3249 2.472385
3250 2.471653
3251 2.470925
3252 2.470202
3253 2.469486
3254 2.468778
3255 2.468078
3256 2.467388
3257 2.466709
3258 2.466043
3259 2.465390
3260 2.464752
3261 2.464129
3262 2.463524
3263 2.462937
3264 2.462368
3265 2.461820
3266 2.461293
3267 2.460787
3268 2.460305
3269 2.459845
3270 2.459410
3271 2.459000
3272 2.458616
3273 2.458257
3274 2.457924
3275 2.457619
3276 2.457341
3277 2.457091
3278 2.456868
3279 2.456674
3280 2.456509
3281 2.456373
3282 2.456266
3283 2.456189
3284 2.456142
3285 2.456125
3286 2.456140
3287 2.456186
3288 2.456265
3289 2.456376
3290 2.456522
3291 2.456702
3292 2.456919
3293 2.457174
3294 2.457468
3295 2.457804
3296 2.458183
3297 2.458610
3298 2.459087
3299 2.459619
3300 2.460210
3301 2.460866
3302 2.461595
3303 2.462406
3304 2.463308
3305 2.464316
3306 2.465446
3307 2.466718
3308 2.468158
3309 2.469801
3310 2.471688
3311 2.473877
3312 2.476444
3313 2.479488
3314 2.483150
3315 2.487618
3316 2.493153
3317 2.500104
3318 2.508888
3319 2.519847
3320 2.532799
3321 2.546232
3322 2.557079
3323 2.562670
3324 2.563099
3325 2.560214
3326 2.555529
3327 2.549803
3328 2.543349
3329 2.536266
3330 2.528554
3331 2.520162
3332 2.511017
3333 2.501053
3334 2.490255
3335 2.478758
3336 2.466964
3337 2.455543
3338 2.445207
3339 2.436396
3340 2.429136
3341 2.423164
3342 2.418132
3343 2.413724
3344 2.409691
3345 2.405830
3346 2.401966
3347 2.397926
3348 2.393507
3349 2.388419
3350 2.382156
3351 2.373710
3352 2.361079
3353 2.341255
3354 2.312809
3355 2.281681
3356 2.258249
3357 2.244759
3358 2.237675
3359 2.233994
3360 2.232090
3361 2.231143
3362 2.230730
3363 2.230623
3364 2.230697
3365 2.230880
3366 2.231130
3367 2.231422
3368 2.231741
3369 2.232076
3370 2.232421
3371 2.232773
3372 2.233129
3373 2.233487
3374 2.233845
3375 2.234203
3376 2.234559
3377 2.234913
3378 2.235264
3379 2.235612
3380 2.235956
3381 2.236297
3382 2.236633
3383 2.236965
3384 2.237292
3385 2.237615
3386 2.237932
3387 2.238244
3388 2.238552
3389 2.238853
3390 2.239150
3391 2.239441
3392 2.239727
3393 2.240007
3394 2.240282
3395 2.240551
3396 2.240815
3397 2.241073
3398 2.241327
3399 2.241574
3400 2.241817
3401 2.242054
3402 2.242286
3403 2.242514
3404 2.242735
3405 2.242952
3406 2.243164
3407 2.243372
3408 2.243574
3409 2.243772
3410 2.243965
3411 2.244153
3412 2.244337
3413 2.244517
3414 2.244692
3415 2.244863
3416 2.245030
3417 2.245192
3418 2.245351
3419 2.245506
3420 2.245657
3421 2.245804
3422 2.245947
3423 2.246087
3424 2.246223
3425 2.246356
3426 2.246485
3427 2.246611
3428 2.246734
3429 2.246853
3430 2.246970
3431 2.247083
3432 2.247193
3433 2.247300
3434 2.247405
3435 2.247507
3436 2.247606
3437 2.247702
3438 2.247796
3439 2.247887
3440 2.247975
3441 2.248061
3442 2.248145
3443 2.248227
3444 2.248306
3445 2.248383
3446 2.248458
3447 2.248531
3448 2.248601
3449 2.248670
3450 2.248737
3451 2.248801
3452 2.248864
3453 2.248925
3454 2.248985
3455 2.249042
3456 2.249098
3457 2.249152
3458 2.249205
3459 2.249256
3460 2.249305
3461 2.249353
3462 2.249400
3463 2.249445
3464 2.249489
3465 2.249531
3466 2.249572
3467 2.249612
3468 2.249651
3469 2.249688
3470 2.249724
3471 2.249759
3472 2.249793
3473 2.249826
3474 2.249857
3475 2.249888
3476 2.249918
3477 2.249947
3478 2.249974
3479 2.250001
3480 2.250027
3481 2.250052
3482 2.250076
3483 2.250100
3484 2.250122
3485 2.250144
3486 2.250165
3487 2.250185
3488 2.250205
3489 2.250224
3490 2.250242
3491 2.250259
3492 2.250276
3493 2.250292
3494 2.250308
3495 2.250323
3496 2.250338
3497 2.250352
3498 2.250365
3499 2.250378
3500 2.250390
3501 2.250402
3502 2.250414
3503 2.250425
3504 2.250435
3505 2.250445
3506 2.250455
3507 2.250465
3508 2.250474
3509 2.250482
3510 2.250490
3511 2.250498
3512 2.250506
3513 2.250513
3514 2.250520
3515 2.250527
3516 2.250533
3517 2.250539
3518 2.250545
3519 2.250551
3520 2.250556
3521 2.250561
3522 2.250566
3523 2.250571
3524 2.250576
3525 2.250580
3526 2.250584
3527 2.250588
3528 2.250592
3529 2.250596
3530 2.250600
3531 2.250603
3532 2.250607
3533 2.250610
3534 2.250613
3535 2.250616
3536 2.250619
3537 2.250622
3538 2.250625
3539 2.250628
3540 2.250630
3541 2.250633
3542 2.250636
3543 2.250638
3544 2.250641
3545 2.250643
3546 2.250646
3547 2.250648
3548 2.250651
3549 2.250653
3550 2.250656
3551 2.250658
3552 2.250661
3553 2.250664
3554 2.250666
3555 2.250669
3556 2.250672
3557 2.250675
3558 2.250678
3559 2.250680
3560 2.250683
3561 2.250687
3562 2.250690
3563 2.250693
3564 2.250696
3565 2.250700
3566 2.250703
3567 2.250707
3568 2.250711
3569 2.250715
3570 2.250719
3571 2.250723
3572 2.250727
3573 2.250732
3574 2.250736
3575 2.250741
3576 2.250746
3577 2.250751
3578 2.250756
3579 2.250761
3580 2.250767
3581 2.250773
3582 2.250779
3583 2.250785
3584 2.250791
3585 2.250797
3586 2.250804
3587 2.250811
3588 2.250818
3589 2.250825
3590 2.250833
3591 2.250840
3592 2.250848
3593 2.250856
3594 2.250865
3595 2.250873
3596 2.250882
3597 2.250891
3598 2.250901
3599 2.250910
3600 2.250920
3601 2.250930
3602 2.250941
3603 2.250951
3604 2.250962
3605 2.250973
3606 2.250985
3607 2.250996
3608 2.251009
3609 2.251021
3610 2.251033
3611 2.251046
3612 2.251059
3613 2.251073
3614 2.251087
3615 2.251101
3616 2.251115
3617 2.251130
3618 2.251145
3619 2.251160
3620 2.251176
3621 2.251192
3622 2.251209
3623 2.251225
3624 2.251242
3625 2.251260
3626 2.251278
3627 2.251296
3628 2.251314
3629 2.251333
3630 2.251352
3631 2.251372
3632 2.251392
3633 2.251412
3634 2.251433
3635 2.251454
3636 2.251475
3637 2.251497
3638 2.251520
3639 2.251542
3640 2.251565
3641 2.251589
3642 2.251613
3643 2.251637
3644 2.251662
3645 2.251687
3646 2.251712
3647 2.251738
3648 2.251765
3649 2.251792
3650 2.251819
3651 2.251847
3652 2.251875
3653 2.251904
3654 2.251933
3655 2.251962
3656 2.251992
3657 2.252023
3658 2.252054
3659 2.252085
3660 2.252117
3661 2.252150
3662 2.252182
3663 2.252216
3664 2.252250
3665 2.252284
3666 2.252319
3667 2.252354
3668 2.252390
3669 2.252426
3670 2.252463
3671 2.252501
3672 2.252539
3673 2.252577
3674 2.252616
3675 2.252656
3676 2.252696
3677 2.252737
3678 2.252778
3679 2.252819
3680 2.252862
3681 2.252905
3682 2.252948
3683 2.252992
3684 2.253037
3685 2.253082
3686 2.253128
3687 2.253174
3688 2.253221
3689 2.253268
3690 2.253316
3691 2.253365
3692 2.253414
3693 2.253464
3694 2.253515
3695 2.253566
3696 2.253618
3697 2.253670
3698 2.253723
3699 2.253777
3700 2.253831
3701 2.253886
3702 2.253942
3703 2.253998
3704 2.254055
3705 2.254113
3706 2.254171
3707 2.254230
3708 2.254290
3709 2.254350
3710 2.254411
3711 2.254473
3712 2.254535
3713 2.254598
3714 2.254662
3715 2.254726
3716 2.254792
3717 2.254858
3718 2.254924
3719 2.254992
3720 2.255060
3721 2.255129
3722 2.255198
3723 2.255269
3724 2.255340
3725 2.255412
3726 2.255484
3727 2.255558
3728 2.255632
3729 2.255707
3730 2.255783
3731 2.255859
3732 2.255937
3733 2.256015
3734 2.256094
3735 2.256174
3736 2.256254
3737 2.256336
3738 2.256418
3739 2.256501
3740 2.256585
3741 2.256669
3742 2.256755
3743 2.256842
3744 2.256929
3745 2.257017
3746 2.257106
3747 2.257196
3748 2.257287
3749 2.257378
3750 2.257471
3751 2.257564
3752 2.257659
3753 2.257754
3754 2.257850
3755 2.257947
3756 2.258045
3757 2.258144
3758 2.258244
3759 2.258345
3760 2.258447
3761 2.258550
3762 2.258653
3763 2.258758
3764 2.258864
3765 2.258970
3766 2.259078
3767 2.259187
3768 2.259296
3769 2.259407
3770 2.259519
3771 2.259631
3772 2.259745
3773 2.259859
3774 2.259975
3775 2.260092
3776 2.260210
3777 2.260329
3778 2.260448
3779 2.260569
3780 2.260691
3781 2.260815
3782 2.260939
3783 2.261064
3784 2.261190
3785 2.261318
3786 2.261447
3787 2.261576
3788 2.261707
3789 2.261839
3790 2.261972
3791 2.262106
3792 2.262242
3793 2.262378
3794 2.262516
3795 2.262655
3796 2.262795
3797 2.262936
3798 2.263079
3799 2.263222
3800 2.263367
3801 2.263513
3802 2.263660
3803 2.263809
3804 2.263959
3805 2.264110
3806 2.264262
3807 2.264415
3808 2.264570
3809 2.264726
3810 2.264883
3811 2.265042
3812 2.265202
3813 2.265363
3814 2.265525
3815 2.265689
3816 2.265854
3817 2.266020
3818 2.266188
3819 2.266357
3820 2.266527
3821 2.266699
3822 2.266872
3823 2.267046
3824 2.267222
3825 2.267399
3826 2.267578
3827 2.267758
3828 2.267939
3829 2.268122
3830 2.268306
3831 2.268492
3832 2.268679
3833 2.268868
3834 2.269057
3835 2.269249
3836 2.269442
3837 2.269636
3838 2.269832
3839 2.270029
3840 2.270228
3841 2.270428
3842 2.270630
3843 2.270833
3844 2.271038
3845 2.271244
3846 2.271452
3847 2.271661
3848 2.271872
3849 2.272085
3850 2.272299
3851 2.272514
3852 2.272731
3853 2.272950
3854 2.273170
3855 2.273392
3856 2.273616
3857 2.273841
3858 2.274067
3859 2.274296
3860 2.274525
3861 2.274757
3862 2.274990
3863 2.275225
3864 2.275461
3865 2.275700
3866 2.275939
3867 2.276181
3868 2.276424
3869 2.276669
3870 2.276915
3871 2.277163
3872 2.277413
3873 2.277664
3874 2.277917
3875 2.278172
3876 2.278429
3877 2.278687
3878 2.278947
3879 2.279209
3880 2.279472
3881 2.279737
3882 2.280004
3883 2.280273
3884 2.280543
3885 2.280815
3886 2.281089
3887 2.281365
3888 2.281642
3889 2.281921
3890 2.282202
3891 2.282484
3892 2.282769
3893 2.283055
3894 2.283342
3895 2.283632
3896 2.283923
3897 2.284216
3898 2.284511
3899 2.284808
3900 2.285106
3901 2.285406
3902 2.285708
3903 2.286011
3904 2.286317
3905 2.286624
3906 2.286932
3907 2.287243
3908 2.287555
3909 2.287869
3910 2.288185
3911 2.288502
3912 2.288821
3913 2.289142
3914 2.289465
3915 2.289789
3916 2.290115
3917 2.290442
3918 2.290772
3919 2.291103
3920 2.291435
3921 2.291769
3922 2.292105
3923 2.292443
3924 2.292782
3925 2.293123
3926 2.293465
3927 2.293809
3928 2.294155
3929 2.294502
3930 2.294850
3931 2.295201
3932 2.295552
3933 2.295906
3934 2.296260
3935 2.296617
3936 2.296974
3937 2.297333
3938 2.297694
3939 2.298056
3940 2.298419
3941 2.298784
3942 2.299150
3943 2.299518
3944 2.299886
3945 2.300256
3946 2.300628
3947 2.301000
3948 2.301374
3949 2.301749
3950 2.302125
3951 2.302503
3952 2.302881
3953 2.303261
3954 2.303641
3955 2.304023
3956 2.304406
3957 2.304789
3958 2.305174
3959 2.305560
3960 2.305946
3961 2.306334
3962 2.306722
3963 2.307111
3964 2.307501
3965 2.307892
3966 2.308283
3967 2.308675
3968 2.309068
3969 2.309461
3970 2.309855
3971 2.310250
3972 2.310645
3973 2.311040
3974 2.311436
3975 2.311833
3976 2.312230
3977 2.312627
3978 2.313024
3979 2.313422
3980 2.313820
3981 2.314218
3982 2.314616
3983 2.315014
3984 2.315413
3985 2.315811
3986 2.316209
3987 2.316608
3988 2.317006
3989 2.317404
3990 2.317802
3991 2.318200
3992 2.318597
3993 2.318995
3994 2.319392
3995 2.319788
3996 2.320184
3997 2.320580
3998 2.320975
3999 2.321370
4000 2.321764
4001 2.322157
4002 2.322550
4003 2.322942
4004 2.323333
4005 2.323724
4006 2.324114
4007 2.324503
4008 2.324891
4009 2.325278
4010 2.325664
4011 2.326049
4012 2.326433
4013 2.326816
4014 2.327198
4015 2.327579
4016 2.327958
4017 2.328337
4018 2.328714
4019 2.329089
4020 2.329464
4021 2.329837
4022 2.330208
4023 2.330579
4024 2.330947
4025 2.331314
4026 2.331680
4027 2.332044
4028 2.332407
4029 2.332767
4030 2.333126
4031 2.333484
4032 2.333839
4033 2.334193
4034 2.334545
4035 2.334896
4036 2.335244
4037 2.335590
4038 2.335935
4039 2.336277
4040 2.336618
4041 2.336957
4042 2.337293
4043 2.337628
4044 2.337960
4045 2.338290
4046 2.338618
4047 2.338944
4048 2.339267
4049 2.339589
4050 2.339908
4051 2.340224
4052 2.340539
4053 2.340851
4054 2.341160
4055 2.341467
4056 2.341772
4057 2.342074
4058 2.342373
4059 2.342670
4060 2.342964
4061 2.343256
4062 2.343545
4063 2.343831
4064 2.344115
4065 2.344395
4066 2.344673
4067 2.344948
4068 2.345220
4069 2.345489
4070 2.345755
4071 2.346018
4072 2.346278
4073 2.346534
4074 2.346788
4075 2.347038
4076 2.347285
4077 2.347529
4078 2.347769
4079 2.348006
4080 2.348239
4081 2.348469
4082 2.348695
4083 2.348917
4084 2.349136
4085 2.349351
4086 2.349562
4087 2.349769
4088 2.349973
4089 2.350172
4090 2.350367
4091 2.350558
4092 2.350744
4093 2.350927
4094 2.351104
4095 2.351278
4096 2.351447
4097 2.351611
4098 2.351770
4099 2.351925
4100 2.352075
4101 2.352220
4102 2.352359
4103 2.352494
4104 2.352623
4105 2.352747
4106 2.352866
4107 2.352979
4108 2.353087
4109 2.353189
4110 2.353284
4111 2.353375
4112 2.353459
4113 2.353537
4114 2.353608
4115 2.353674
4116 2.353733
4117 2.353785
4118 2.353831
4119 2.353870
4120 2.353902
4121 2.353927
4122 2.353945
4123 2.353956
4124 2.353960
4125 2.353956
4126 2.353945
4127 2.353926
4128 2.353899
4129 2.353865
4130 2.353823
4131 2.353772
4132 2.353714
4133 2.353647
4134 2.353572
4135 2.353488
4136 2.353396
4137 2.353296
4138 2.353186
4139 2.353068
4140 2.352942
4141 2.352806
4142 2.352661
4143 2.352507
4144 2.352345
4145 2.352173
4146 2.351992
4147 2.351801
4148 2.351602
4149 2.351394
4150 2.351176
4151 2.350949
4152 2.350713
4153 2.350467
4154 2.350213
4155 2.349950
4156 2.349677
4157 2.349396
4158 2.349106
4159 2.348807
4160 2.348500
4161 2.348184
4162 2.347860
4163 2.347528
4164 2.347188
4165 2.346840
4166 2.346485
4167 2.346123
4168 2.345753
4169 2.345377
4170 2.344994
4171 2.344605
4172 2.344210
4173 2.343810
4174 2.343404
4175 2.342993
4176 2.342578
4177 2.342158
4178 2.341735
4179 2.341308
4180 2.340878
4181 2.340445
4182 2.340011
4183 2.339574
4184 2.339135
4185 2.338696
4186 2.338256
4187 2.337815
4188 2.337375
4189 2.336934
4190 2.336495
4191 2.336057
4192 2.335620
4193 2.335186
4194 2.334753
4195 2.334323
4196 2.333896
4197 2.333472
4198 2.333051
4199 2.332634
4200 2.332221
4201 2.331812
4202 2.331407
4203 2.331007
4204 2.330612
4205 2.330222
4206 2.329837
4207 2.329457
4208 2.329082
4209 2.328713
4210 2.328350
4211 2.327992
4212 2.327640
4213 2.327294
4214 2.326953
4215 2.326619
4216 2.326291
4217 2.325968
4218 2.325652
4219 2.325341
4220 2.325036
4221 2.324738
4222 2.324445
4223 2.324158
4224 2.323877
4225 2.323601
4226 2.323332
4227 2.323068
4228 2.322809
4229 2.322557
4230 2.322309
4231 2.322068
4232 2.321831
4233 2.321600
4234 2.321374
4235 2.321153
4236 2.320937
4237 2.320726
4238 2.320519
4239 2.320318
4240 2.320121
4241 2.319929
4242 2.319741
4243 2.319558
4244 2.319379
4245 2.319204
4246 2.319034
4247 2.318867
4248 2.318704
4249 2.318545
4250 2.318390
4251 2.318239
4252 2.318091
4253 2.317947
4254 2.317806
4255 2.317669
4256 2.317535
4257 2.317404
4258 2.317276
4259 2.317151
4260 2.317030
4261 2.316911
4262 2.316794
4263 2.316681
4264 2.316570
4265 2.316462
4266 2.316357
4267 2.316253
4268 2.316153
4269 2.316054
4270 2.315958
4271 2.315864
4272 2.315772
4273 2.315682
4274 2.315594
4275 2.315508
4276 2.315424
4277 2.315342
4278 2.315261
4279 2.315183
4280 2.315106
4281 2.315030
4282 2.314956
4283 2.314884
4284 2.314813
4285 2.314743
4286 2.314675
4287 2.314608
4288 2.314543
4289 2.314478
4290 2.314415
4291 2.314353
4292 2.314292
4293 2.314232
4294 2.314174
4295 2.314116
4296 2.314059
4297 2.314003
4298 2.313948
4299 2.313893
4300 2.313840
4301 2.313787
4302 2.313735
4303 2.313684
4304 2.313633
4305 2.313583
4306 2.313534
4307 2.313485
4308 2.313437
4309 2.313389
4310 2.313342
4311 2.313295
4312 2.313249
4313 2.313203
4314 2.313158
4315 2.313113
4316 2.313068
4317 2.313023
4318 2.312979
4319 2.312935
4320 2.312892
4321 2.312848
4322 2.312805
4323 2.312762
4324 2.312719
4325 2.312676
4326 2.312634
4327 2.312591
4328 2.312549
4329 2.312507
4330 2.312464
4331 2.312422
4332 2.312380
4333 2.312338
4334 2.312296
4335 2.312253
4336 2.312211
4337 2.312169
4338 2.312126
4339 2.312084
4340 2.312041
4341 2.311999
4342 2.311956
4343 2.311913
4344 2.311870
4345 2.311826
4346 2.311783
4347 2.311739
4348 2.311695
4349 2.311651
4350 2.311607
4351 2.311563
4352 2.311518
4353 2.311473
4354 2.311427
4355 2.311382
4356 2.311336
4357 2.311290
4358 2.311243
4359 2.311197
4360 2.311149
4361 2.311102
4362 2.311054
4363 2.311006
4364 2.310957
4365 2.310909
4366 2.310859
4367 2.310810
4368 2.310760
4369 2.310709
4370 2.310658
4371 2.310607
4372 2.310555
4373 2.310503
4374 2.310451
4375 2.310398
4376 2.310344
4377 2.310290
4378 2.310236
4379 2.310181
4380 2.310126
4381 2.310070
4382 2.310014
4383 2.309957
4384 2.309900
4385 2.309842
4386 2.309784
4387 2.309725
4388 2.309666
4389 2.309606
4390 2.309546
4391 2.309485
4392 2.309424
4393 2.309362
4394 2.309299
4395 2.309236
4396 2.309173
4397 2.309108
4398 2.309044
4399 2.308978
4400 2.308913
4401 2.308846
4402 2.308779
4403 2.308712
4404 2.308643
4405 2.308575
4406 2.308505
4407 2.308435
4408 2.308365
4409 2.308294
4410 2.308222
4411 2.308150
4412 2.308077
4413 2.308003
4414 2.307929
4415 2.307854
4416 2.307779
4417 2.307703
4418 2.307626
4419 2.307549
4420 2.307471
4421 2.307392
4422 2.307313
4423 2.307233
4424 2.307152
4425 2.307071
4426 2.306989
4427 2.306907
4428 2.306824
4429 2.306740
4430 2.306656
4431 2.306570
4432 2.306485
4433 2.306398
4434 2.306311
4435 2.306223
4436 2.306135
4437 2.306046
4438 2.305956
4439 2.305865
4440 2.305774
4441 2.305682
4442 2.305590
4443 2.305497
4444 2.305403
4445 2.305308
4446 2.305213
4447 2.305117
4448 2.305020
4449 2.304923
4450 2.304825
4451 2.304726
4452 2.304627
4453 2.304527
4454 2.304426
4455 2.304324
4456 2.304222
4457 2.304119
4458 2.304016
4459 2.303911
4460 2.303806
4461 2.303701
4462 2.303594
4463 2.303487
4464 2.303379
4465 2.303271
4466 2.303162
4467 2.303052
4468 2.302941
4469 2.302830
4470 2.302718
4471 2.302605
4472 2.302491
4473 2.302377
4474 2.302262
4475 2.302147
4476 2.302030
4477 2.301913
4478 2.301796
4479 2.301677
4480 2.301558
4481 2.301438
4482 2.301318
4483 2.301196
4484 2.301075
4485 2.300952
4486 2.300828
4487 2.300704
4488 2.300580
4489 2.300454
4490 2.300328
4491 2.300201
4492 2.300073
4493 2.299945
4494 2.299816
4495 2.299687
4496 2.299556
4497 2.299425
4498 2.299293
4499 2.299161
4500 2.299028
4501 2.298894
4502 2.298759
4503 2.298624
4504 2.298488
4505 2.298352
4506 2.298214
4507 2.298076
4508 2.297938
4509 2.297799
4510 2.297659
4511 2.297518
4512 2.297377
4513 2.297235
4514 2.297092
4515 2.296949
4516 2.296805
4517 2.296660
4518 2.296515
4519 2.296369
4520 2.296222
4521 2.296075
4522 2.295927
4523 2.295779
4524 2.295629
4525 2.295480
4526 2.295329
4527 2.295178
4528 2.295026
4529 2.294874
4530 2.294721
4531 2.294568
4532 2.294413
4533 2.294259
4534 2.294103
4535 2.293947
4536 2.293791
4537 2.293634
4538 2.293476
4539 2.293317
4540 2.293158
4541 2.292999
4542 2.292839
4543 2.292678
4544 2.292517
4545 2.292355
4546 2.292193
4547 2.292030
4548 2.291867
4549 2.291703
4550 2.291538
4551 2.291373
4552 2.291208
4553 2.291041
4554 2.290875
4555 2.290708
4556 2.290540
4557 2.290372
4558 2.290203
4559 2.290034
4560 2.289865
4561 2.289695
4562 2.289524
4563 2.289353
4564 2.289182
4565 2.289010
4566 2.288838
4567 2.288665
4568 2.288492
4569 2.288318
4570 2.288144
4571 2.287969
4572 2.287795
4573 2.287619
4574 2.287444
4575 2.287268
4576 2.287091
4577 2.286914
4578 2.286737
4579 2.286560
4580 2.286382
4581 2.286204
4582 2.286025
4583 2.285846
4584 2.285667
4585 2.285487
4586 2.285308
4587 2.285128
4588 2.284947
4589 2.284766
4590 2.284586
4591 2.284404
4592 2.284223
4593 2.284041
4594 2.283859
4595 2.283677
4596 2.283495
4597 2.283312
4598 2.283129
4599 2.282946
4600 2.282763
4601 2.282580
4602 2.282396
4603 2.282213
4604 2.282029
4605 2.281845
4606 2.281661
4607 2.281476
4608 2.281292
4609 2.281108
4610 2.280923
4611 2.280739
4612 2.280554
4613 2.280369
4614 2.280184
4615 2.280000
4616 2.279815
4617 2.279630
4618 2.279445
4619 2.279260
4620 2.279075
4621 2.278890
4622 2.278705
4623 2.278520
4624 2.278335
4625 2.278151
4626 2.277966
4627 2.277781
4628 2.277597
4629 2.277412
4630 2.277228
4631 2.277044
4632 2.276860
4633 2.276676
4634 2.276492
4635 2.276308
4636 2.276125
4637 2.275942
4638 2.275758
4639 2.275575
4640 2.275393
4641 2.275210
4642 2.275028
4643 2.274846
4644 2.274664
4645 2.274483
4646 2.274301
4647 2.274120
4648 2.273940
4649 2.273759
4650 2.273579
4651 2.273399
4652 2.273220
4653 2.273041
4654 2.272862
4655 2.272684
4656 2.272506
4657 2.272328
4658 2.272151
4659 2.271974
4660 2.271797
4661 2.271621
4662 2.271446
4663 2.271271
4664 2.271096
4665 2.270922
4666 2.270748
4667 2.270574
4668 2.270402
4669 2.270229
4670 2.270057
4671 2.269886
4672 2.269715
4673 2.269545
4674 2.269375
4675 2.269206
4676 2.269037
4677 2.268869
4678 2.268701
4679 2.268534
4680 2.268368
4681 2.268202
4682 2.268037
4683 2.267872
4684 2.267709
4685 2.267545
4686 2.267382
4687 2.267220
4688 2.267059
4689 2.266898
4690 2.266738
4691 2.266579
4692 2.266420
4693 2.266262
4694 2.266104
4695 2.265947
4696 2.265791
4697 2.265636
4698 2.265481
4699 2.265328
4700 2.265174
4701 2.265022
4702 2.264870
4703 2.264719
4704 2.264569
4705 2.264419
4706 2.264271
4707 2.264123
4708 2.263975
4709 2.263829
4710 2.263683
4711 2.263538
4712 2.263394
4713 2.263250
4714 2.263108
4715 2.262966
4716 2.262825
4717 2.262684
4718 2.262545
4719 2.262406
4720 2.262268
4721 2.262131
4722 2.261995
4723 2.261859
4724 2.261724
4725 2.261590
4726 2.261457
4727 2.261325
4728 2.261193
4729 2.261062
4730 2.260933
4731 2.260803
4732 2.260675
4733 2.260547
4734 2.260421
4735 2.260295
4736 2.260170
4737 2.260045
4738 2.259922
4739 2.259799
4740 2.259677
4741 2.259556
4742 2.259436
4743 2.259316
4744 2.259197
4745 2.259079
4746 2.258962
4747 2.258846
4748 2.258730
4749 2.258615
4750 2.258501
4751 2.258388
4752 2.258276
4753 2.258164
4754 2.258053
4755 2.257943
4756 2.257833
4757 2.257724
4758 2.257616
4759 2.257509
4760 2.257403
4761 2.257297
4762 2.257192
4763 2.257088
4764 2.256984
4765 2.256881
4766 2.256779
4767 2.256678
4768 2.256577
4769 2.256477
4770 2.256378
4771 2.256279
4772 2.256181
4773 2.256084
4774 2.255987
4775 2.255891
4776 2.255796
4777 2.255701
4778 2.255607
4779 2.255514
4780 2.255421
4781 2.255329
4782 2.255237
4783 2.255147
4784 2.255056
4785 2.254967
4786 2.254878
4787 2.254789
4788 2.254701
4789 2.254614
4790 2.254527
4791 2.254441
4792 2.254355
4793 2.254270
4794 2.254185
4795 2.254101
4796 2.254018
4797 2.253935
4798 2.253852
4799 2.253770
4800 2.253689
4801 2.253608
4802 2.253527
4803 2.253447
4804 2.253367
4805 2.253288
4806 2.253209
4807 2.253131
4808 2.253053
4809 2.252976
4810 2.252899
4811 2.252822
4812 2.252746
4813 2.252670
4814 2.252594
4815 2.252519
4816 2.252445
4817 2.252370
4818 2.252296
4819 2.252223
4820 2.252149
4821 2.252076
4822 2.252004
4823 2.251932
4824 2.251860
4825 2.251788
4826 2.251716
4827 2.251645
4828 2.251574
4829 2.251504
4830 2.251433
4831 2.251363
4832 2.251294
4833 2.251224
4834 2.251155
4835 2.251086
4836 2.251017
4837 2.250948
4838 2.250880
4839 2.250811
4840 2.250743
4841 2.250675
4842 2.250608
4843 2.250540
4844 2.250473
4845 2.250406
4846 2.250338
4847 2.250272
4848 2.250205
4849 2.250138
4850 2.250072
4851 2.250005
4852 2.249939
4853 2.249873
4854 2.249807
4855 2.249741
4856 2.249675
4857 2.249609
4858 2.249543
4859 2.249477
4860 2.249412
4861 2.249346
4862 2.249281
4863 2.249215
4864 2.249150
4865 2.249084
4866 2.249019
4867 2.248953
4868 2.248888
4869 2.248823
4870 2.248757
4871 2.248692
4872 2.248626
4873 2.248561
4874 2.248496
4875 2.248430
4876 2.248365
4877 2.248299
4878 2.248234
4879 2.248168
4880 2.248103
4881 2.248037
4882 2.247971
4883 2.247905
4884 2.247839
4885 2.247774
4886 2.247708
4887 2.247641
4888 2.247575
4889 2.247509
4890 2.247443
4891 2.247376
4892 2.247310
4893 2.247243
4894 2.247176
4895 2.247109
4896 2.247042
4897 2.246975
4898 2.246908
4899 2.246840
4900 2.246773
4901 2.246705
4902 2.246637
4903 2.246569
4904 2.246501
4905 2.246433
4906 2.246364
4907 2.246296
4908 2.246227
4909 2.246158
4910 2.246089
4911 2.246020
4912 2.245950
4913 2.245881
4914 2.245811
4915 2.245741
4916 2.245671
4917 2.245600
4918 2.245530
4919 2.245459
4920 2.245388
4921 2.245317
4922 2.245246
4923 2.245174
4924 2.245102
4925 2.245031
4926 2.244958
4927 2.244886
4928 2.244813
4929 2.244741
4930 2.244668
4931 2.244594
4932 2.244521
4933 2.244447
4934 2.244373
4935 2.244299
4936 2.244225
4937 2.244150
4938 2.244075
4939 2.244000
4940 2.243925
4941 2.243849
4942 2.243773
4943 2.243697
4944 2.243621
4945 2.243544
4946 2.243467
4947 2.243390
4948 2.243313
4949 2.243235
4950 2.243157
4951 2.243079
4952 2.243001
4953 2.242922
4954 2.242843
4955 2.242764
4956 2.242685
4957 2.242605
4958 2.242525
4959 2.242445
4960 2.242365
4961 2.242284
4962 2.242203
4963 2.242122
4964 2.242040
4965 2.241958
4966 2.241876
4967 2.241794
4968 2.241711
4969 2.241629
4970 2.241545
4971 2.241462
4972 2.241378
4973 2.241294
4974 2.241210
4975 2.241126
4976 2.241041
4977 2.240956
4978 2.240870
4979 2.240785
4980 2.240699
4981 2.240613
4982 2.240526
4983 2.240439
4984 2.240352
4985 2.240265
4986 2.240177
4987 2.240090
4988 2.240001
4989 2.239913
4990 2.239824
4991 2.239735
4992 2.239646
4993 2.239557
4994 2.239467
4995 2.239377
4996 2.239286
4997 2.239196
4998 2.239105
4999 2.239013
