0 31.830877
1 33.382952
2 34.064017
3 34.346190
4 34.539243
5 34.689172
6 34.794493
7 34.837866
8 34.780848
9 34.529015
10 33.873289
11 32.725588
12 31.243158
13 29.247690
14 26.835562
15 24.483356
16 22.484774
17 20.873777
18 19.575905
19 18.502446
20 17.586451
21 16.778413
22 16.040451
23 15.348314
24 14.690195
25 14.060059
26 13.451819
27 12.858234
28 12.274210
29 11.698869
30 11.132554
31 10.574984
32 10.025654
33 9.483937
34 8.949508
35 8.423421
36 7.908983
37 7.411468
38 6.936657
39 6.489214
40 6.071840
41 5.685338
42 5.329148
43 5.001909
44 4.701852
45 4.427039
46 4.175507
47 3.945351
48 3.734767
49 3.542084
50 3.365763
51 3.204395
52 3.056691
53 2.921468
54 2.797641
55 2.684212
56 2.580264
57 2.484956
58 2.397518
59 2.317248
60 2.243503
61 2.175701
62 2.113310
63 2.055847
64 2.002874
65 1.953993
66 1.908842
67 1.867094
68 1.828451
69 1.792642
70 1.759423
71 1.728571
72 1.699884
73 1.673180
74 1.648292
75 1.625071
76 1.603379
77 1.583093
78 1.564100
79 1.546298
80 1.529595
81 1.513907
82 1.499157
83 1.485277
84 1.472202
85 1.459876
86 1.448246
87 1.437265
88 1.426889
89 1.417079
90 1.407797
91 1.399009
92 1.390687
93 1.382799
94 1.375321
95 1.368227
96 1.361495
97 1.355103
98 1.349032
99 1.343263
100 1.337778
101 1.332561
102 1.327596
103 1.322868
104 1.318365
105 1.314071
106 1.309976
107 1.306066
108 1.302332
109 1.298761
110 1.295345
111 1.292073
112 1.288936
113 1.285926
114 1.283034
115 1.280254
116 1.277576
117 1.274996
118 1.272506
119 1.270100
120 1.267773
121 1.265519
122 1.263333
123 1.261211
124 1.259149
125 1.257143
126 1.255188
127 1.253282
128 1.251422
129 1.249605
130 1.247829
131 1.246090
132 1.244388
133 1.242720
134 1.241085
135 1.239481
136 1.237907
137 1.236362
138 1.234845
139 1.233355
140 1.231891
141 1.230453
142 1.229040
143 1.227652
144 1.226288
145 1.224948
146 1.223631
147 1.222338
148 1.221067
149 1.219819
150 1.218592
151 1.217388
152 1.216205
153 1.215044
154 1.213903
155 1.212782
156 1.211681
157 1.210600
158 1.209538
159 1.208495
160 1.207469
161 1.206461
162 1.205469
163 1.204495
164 1.203535
165 1.202592
166 1.201662
167 1.200747
168 1.199846
169 1.198957
170 1.198081
171 1.197218
172 1.196366
173 1.195525
174 1.194695
175 1.193876
176 1.193067
177 1.192268
178 1.191479
179 1.190701
180 1.189932
181 1.189172
182 1.188423
183 1.187684
184 1.186955
185 1.186237
186 1.185529
187 1.184833
188 1.184149
189 1.183476
190 1.182817
191 1.182170
192 1.181538
193 1.180920
194 1.180317
195 1.179731
196 1.179161
197 1.178610
198 1.178077
199 1.177563
200 1.177070
201 1.176598
202 1.176149
203 1.175723
204 1.175321
205 1.174944
206 1.174594
207 1.174271
208 1.173975
209 1.173709
210 1.173473
211 1.173268
212 1.173094
213 1.172953
214 1.172845
215 1.172772
216 1.172733
217 1.172731
218 1.172764
219 1.172835
220 1.172944
221 1.173091
222 1.173277
223 1.173503
224 1.173768
225 1.174074
226 1.174421
227 1.174809
228 1.175239
229 1.175711
230 1.176226
231 1.176783
232 1.177382
233 1.178026
234 1.178712
235 1.179442
236 1.180216
237 1.181034
238 1.181896
239 1.182802
240 1.183753
241 1.184749
242 1.185789
243 1.186875
244 1.188006
245 1.189183
246 1.190405
247 1.191674
248 1.192989
249 1.194351
250 1.195760
251 1.197217
252 1.198722
253 1.200275
254 1.201878
255 1.203532
256 1.205235
257 1.206990
258 1.208798
259 1.210659
260 1.212574
261 1.214545
262 1.216572
263 1.218657
264 1.220802
265 1.223007
266 1.225275
267 1.227606
268 1.230003
269 1.232468
270 1.235002
271 1.237608
272 1.240287
273 1.243042
274 1.245875
275 1.248789
276 1.251786
277 1.254868
278 1.258039
279 1.261300
280 1.264655
281 1.268105
282 1.271654
283 1.275305
284 1.279059
285 1.282920
286 1.286890
287 1.290971
288 1.295165
289 1.299474
290 1.303899
291 1.308443
292 1.313105
293 1.317887
294 1.322789
295 1.327810
296 1.332950
297 1.338207
298 1.343579
299 1.349063
300 1.354657
301 1.360355
302 1.366154
303 1.372049
304 1.378032
305 1.384097
306 1.390237
307 1.396444
308 1.402710
309 1.409024
310 1.415379
311 1.421765
312 1.428171
313 1.434588
314 1.441005
315 1.447414
316 1.453804
317 1.460167
318 1.466493
319 1.472775
320 1.479003
321 1.485172
322 1.491275
323 1.497305
324 1.503258
325 1.509129
326 1.514914
327 1.520610
328 1.526215
329 1.531727
330 1.537144
331 1.542466
332 1.547692
333 1.552822
334 1.557857
335 1.562798
336 1.567646
337 1.572401
338 1.577067
339 1.581643
340 1.586133
341 1.590539
342 1.594862
343 1.599104
344 1.603269
345 1.607357
346 1.611372
347 1.615316
348 1.619190
349 1.622997
350 1.626740
351 1.630420
352 1.634039
353 1.637600
354 1.641104
355 1.644554
356 1.647950
357 1.651295
358 1.654591
359 1.657839
360 1.661041
361 1.664198
362 1.667311
363 1.670382
364 1.673413
365 1.676403
366 1.679355
367 1.682270
368 1.685148
369 1.687991
370 1.690799
371 1.693573
372 1.696314
373 1.699022
374 1.701698
375 1.704343
376 1.706957
377 1.709540
378 1.712093
379 1.714617
380 1.717110
381 1.719575
382 1.722010
383 1.724415
384 1.726792
385 1.729139
386 1.731457
387 1.733745
388 1.736003
389 1.738232
390 1.740430
391 1.742597
392 1.744732
393 1.746836
394 1.748907
395 1.750945
396 1.752950
397 1.754919
398 1.756853
399 1.758751
400 1.760611
401 1.762433
402 1.764214
403 1.765956
404 1.767655
405 1.769310
406 1.770921
407 1.772486
408 1.774003
409 1.775472
410 1.776890
411 1.778257
412 1.779571
413 1.780830
414 1.782033
415 1.783179
416 1.784267
417 1.785296
418 1.786264
419 1.787171
420 1.788017
421 1.788799
422 1.789519
423 1.790175
424 1.790769
425 1.791299
426 1.791766
427 1.792171
428 1.792514
429 1.792797
430 1.793020
431 1.793185
432 1.793293
433 1.793345
434 1.793344
435 1.793291
436 1.793188
437 1.793037
438 1.792841
439 1.792601
440 1.792321
441 1.792001
442 1.791646
443 1.791256
444 1.790835
445 1.790385
446 1.789908
447 1.789407
448 1.788884
449 1.788341
450 1.787781
451 1.787206
452 1.786618
453 1.786018
454 1.785410
455 1.784795
456 1.784175
457 1.783551
458 1.782926
459 1.782301
460 1.781678
461 1.781058
462 1.780444
463 1.779836
464 1.779236
465 1.778646
466 1.778067
467 1.777499
468 1.776946
469 1.776407
470 1.775885
471 1.775379
472 1.774893
473 1.774427
474 1.773981
475 1.773558
476 1.773159
477 1.772784
478 1.772435
479 1.772113
480 1.771819
481 1.771555
482 1.771321
483 1.771119
484 1.770950
485 1.770815
486 1.770716
487 1.770653
488 1.770628
489 1.770643
490 1.770698
491 1.770795
492 1.770935
493 1.771120
494 1.771351
495 1.771630
496 1.771958
497 1.772336
498 1.772766
499 1.773250
500 1.773788
501 1.774384
502 1.775037
503 1.775750
504 1.776524
505 1.777360
506 1.778260
507 1.779225
508 1.780256
509 1.781354
510 1.782521
511 1.783756
512 1.785061
513 1.786436
514 1.787881
515 1.789397
516 1.790984
517 1.792642
518 1.794369
519 1.796166
520 1.798032
521 1.799965
522 1.801964
523 1.804028
524 1.806154
525 1.808342
526 1.810588
527 1.812890
528 1.815246
529 1.817652
530 1.820107
531 1.822607
532 1.825149
533 1.827732
534 1.830351
535 1.833007
536 1.835695
537 1.838417
538 1.841170
539 1.843954
540 1.846771
541 1.849620
542 1.852505
543 1.855427
544 1.858388
545 1.861393
546 1.864445
547 1.867548
548 1.870707
549 1.873926
550 1.877210
551 1.880563
552 1.883990
553 1.887495
554 1.891082
555 1.894754
556 1.898512
557 1.902356
558 1.906285
559 1.910293
560 1.914374
561 1.918513
562 1.922695
563 1.926897
564 1.931091
565 1.935243
566 1.939315
567 1.943265
568 1.947055
569 1.950648
570 1.954016
571 1.957143
572 1.960022
573 1.962660
574 1.965071
575 1.967275
576 1.969295
577 1.971153
578 1.972872
579 1.974471
580 1.975965
581 1.977370
582 1.978698
583 1.979959
584 1.981161
585 1.982313
586 1.983419
587 1.984486
588 1.985517
589 1.986517
590 1.987488
591 1.988434
592 1.989356
593 1.990258
594 1.991140
595 1.992004
596 1.992852
597 1.993684
598 1.994503
599 1.995310
600 1.996104
601 1.996887
602 1.997659
603 1.998422
604 1.999176
605 1.999921
606 2.000658
607 2.001388
608 2.002110
609 2.002825
610 2.003534
611 2.004236
612 2.004933
613 2.005623
614 2.006308
615 2.006988
616 2.007662
617 2.008332
618 2.008996
619 2.009656
620 2.010310
621 2.010961
622 2.011606
623 2.012248
624 2.012885
625 2.013517
626 2.014146
627 2.014770
628 2.015390
629 2.016006
630 2.016618
631 2.017226
632 2.017830
633 2.018431
634 2.019028
635 2.019621
636 2.020210
637 2.020797
638 2.021379
639 2.021959
640 2.022535
641 2.023108
642 2.023678
643 2.024244
644 2.024808
645 2.025370
646 2.025928
647 2.026484
648 2.027037
649 2.027587
650 2.028135
651 2.028681
652 2.029224
653 2.029765
654 2.030303
655 2.030840
656 2.031374
657 2.031905
658 2.032435
659 2.032962
660 2.033487
661 2.034010
662 2.034531
663 2.035049
664 2.035565
665 2.036078
666 2.036589
667 2.037096
668 2.037602
669 2.038104
670 2.038603
671 2.039099
672 2.039591
673 2.040080
674 2.040565
675 2.041045
676 2.041522
677 2.041994
678 2.042460
679 2.042922
680 2.043378
681 2.043828
682 2.044271
683 2.044709
684 2.045139
685 2.045561
686 2.045976
687 2.046382
688 2.046780
689 2.047169
690 2.047548
691 2.047918
692 2.048277
693 2.048625
694 2.048962
695 2.049288
696 2.049602
697 2.049904
698 2.050194
699 2.050471
700 2.050735
701 2.050986
702 2.051224
703 2.051449
704 2.051660
705 2.051858
706 2.052042
707 2.052213
708 2.052371
709 2.052515
710 2.052646
711 2.052764
712 2.052870
713 2.052962
714 2.053042
715 2.053110
716 2.053167
717 2.053211
718 2.053244
719 2.053266
720 2.053277
721 2.053278
722 2.053269
723 2.053249
724 2.053220
725 2.053182
726 2.053135
727 2.053079
728 2.053015
729 2.052943
730 2.052863
731 2.052776
732 2.052681
733 2.052579
734 2.052471
735 2.052356
736 2.052235
737 2.052108
738 2.051975
739 2.051837
740 2.051693
741 2.051545
742 2.051391
743 2.051233
744 2.051071
745 2.050904
746 2.050733
747 2.050559
748 2.050381
749 2.050199
750 2.050014
751 2.049826
752 2.049635
753 2.049441
754 2.049245
755 2.049046
756 2.048845
757 2.048643
758 2.048438
759 2.048232
760 2.048024
761 2.047814
762 2.047604
763 2.047393
764 2.047181
765 2.046968
766 2.046755
767 2.046542
768 2.046329
769 2.046116
770 2.045904
771 2.045692
772 2.045481
773 2.045271
774 2.045063
775 2.044856
776 2.044650
777 2.044447
778 2.044246
779 2.044047
780 2.043851
781 2.043658
782 2.043469
783 2.043282
784 2.043100
785 2.042921
786 2.042747
787 2.042577
788 2.042412
789 2.042253
790 2.042098
791 2.041950
792 2.041807
793 2.041671
794 2.041541
795 2.041419
796 2.041303
797 2.041196
798 2.041096
799 2.041004
800 2.040921
801 2.040847
802 2.040782
803 2.040727
804 2.040682
805 2.040647
806 2.040622
807 2.040609
808 2.040607
809 2.040617
810 2.040638
811 2.040672
812 2.040719
813 2.040779
814 2.040851
815 2.040938
816 2.041038
817 2.041152
818 2.041281
819 2.041424
820 2.041581
821 2.041753
822 2.041940
823 2.042142
824 2.042357
825 2.042588
826 2.042832
827 2.043089
828 2.043360
829 2.043643
830 2.043937
831 2.044242
832 2.044557
833 2.044879
834 2.045208
835 2.045542
836 2.045879
837 2.046217
838 2.046554
839 2.046888
840 2.047218
841 2.047540
842 2.047854
843 2.048157
844 2.048448
845 2.048726
846 2.048989
847 2.049238
848 2.049471
849 2.049688
850 2.049888
851 2.050070
852 2.050233
853 2.050377
854 2.050499
855 2.050599
856 2.050674
857 2.050722
858 2.050741
859 2.050729
860 2.050681
861 2.050595
862 2.050465
863 2.050286
864 2.050052
865 2.049754
866 2.049384
867 2.048929
868 2.048374
869 2.047701
870 2.046885
871 2.045894
872 2.044683
873 2.043189
874 2.041319
875 2.038927
876 2.035763
877 2.031352
878 2.024611
879 2.012456
880 1.982131
881 1.773023
882 2.139995
883 2.118340
884 2.073097
885 2.256553
886 2.208804
887 1.932930
888 2.282076
889 1.840048
890 1.939964
891 2.419692
892 1.782995
893 2.445165
894 1.780026
895 2.429310
896 1.987701
897 2.346271
898 2.335805
899 2.376237
900 2.397384
901 2.401254
902 2.397354
903 2.394325
904 2.391618
905 2.388761
906 2.385386
907 2.381205
908 2.376102
909 2.370445
910 2.365492
911 2.362916
912 2.362884
913 2.363549
914 2.363089
915 2.361065
916 2.358348
917 2.355997
918 2.354193
919 2.352613
920 2.351114
921 2.349632
922 2.348029
923 2.346081
924 2.343447
925 2.339668
926 2.334222
927 2.326669
928 2.316827
929 2.304942
930 2.291944
931 2.279508
932 2.269217
933 2.261379
934 2.255218
935 2.249923
936 2.245019
937 2.240227
938 2.235346
939 2.230219
940 2.224745
941 2.218882
942 2.212651
943 2.206121
944 2.199394
945 2.192587
946 2.185820
947 2.179206
948 2.172843
949 2.166809
950 2.161157
951 2.155918
952 2.151097
953 2.146679
954 2.142642
955 2.138961
956 2.135619
957 2.132610
958 2.129938
959 2.127614
960 2.125647
961 2.124042
962 2.122790
963 2.121870
964 2.121245
965 2.120863
966 2.120663
967 2.120570
968 2.120505
969 2.120382
970 2.120116
971 2.119619
972 2.118812
973 2.117623
974 2.115995
975 2.113894
976 2.111312
977 2.108277
978 2.104849
979 2.101124
980 2.097223
981 2.093306
982 2.089588
983 2.086352
984 2.083924
985 2.082632
986 2.082763
987 2.084551
988 2.088134
989 2.093473
990 2.100247
991 2.107857
992 2.115604
993 2.122962
994 2.129772
995 2.136338
996 2.143477
997 2.152566
998 2.165654
999 2.185418
1000 2.214063
1001 2.251875
1002 2.298701
1003 2.351373
1004 2.400306
1005 2.443411
1006 2.481897
1007 2.511887
1008 2.535234
1009 2.552373
1010 2.561411
1011 2.567729
1012 2.562658
1013 2.464734
1014 2.413132
1015 2.654292
1016 2.255859
1017 2.425533
1018 2.563403
1019 2.174371
1020 2.159507
1021 2.258662
1022 2.562777
1023 2.561472
1024 2.534563
1025 2.317658
1026 2.922364
1027 2.214515
1028 2.480095
1029 2.472781
1030 2.274755
1031 2.237948
1032 2.476445
1033 2.194573
1034 2.930884
1035 2.386255
1036 2.727205
1037 2.560127
1038 2.447611
1039 2.617572
1040 2.403239
1041 2.563054
1042 2.493538
1043 2.520648
1044 3.014381
1045 2.323350
1046 3.028376
1047 2.262751
1048 2.710098
1049 2.422713
1050 2.994324
1051 2.287073
1052 2.636434
1053 2.302280
1054 2.974879
1055 2.246706
1056 2.627173
1057 2.287054
1058 2.932604
1059 2.253227
1060 2.918394
1061 2.365195
1062 2.998063
1063 2.292296
1064 2.929497
1065 2.286707
1066 2.986105
1067 2.254010
1068 2.983223
1069 2.231754
1070 2.997539
1071 2.215239
1072 3.025025
1073 3.029998
1074 2.212556
1075 3.009159
1076 2.216418
1077 2.851315
1078 2.575667
1079 2.289903
1080 2.724164
1081 2.213942
1082 2.449281
1083 2.453879
1084 2.440214
1085 2.489176
1086 2.509850
1087 2.480067
1088 2.438202
1089 2.326238
1090 2.313888
1091 2.306934
1092 2.295507
1093 2.284742
1094 2.271474
1095 2.255569
1096 2.236961
1097 2.218177
1098 2.204068
1099 2.196384
1100 2.192736
1101 2.191004
1102 2.190341
1103 2.190433
1104 2.191123
1105 2.192319
1106 2.193961
1107 2.196017
1108 2.198472
1109 2.201326
1110 2.204593
1111 2.208288
1112 2.212434
1113 2.217049
1114 2.222145
1115 2.227719
1116 2.233745
1117 2.240162
1118 2.246860
1119 2.253679
1120 2.260428
1121 2.266921
1122 2.273033
1123 2.278732
1124 2.284068
1125 2.289128
1126 2.294004
1127 2.298772
1128 2.303493
1129 2.308205
1130 2.312916
1131 2.317603
1132 2.322222
1133 2.326723
1134 2.331084
1135 2.335310
1136 2.339420
1137 2.343433
1138 2.347369
1139 2.351250
1140 2.355104
1141 2.358969
1142 2.362901
1143 2.366978
1144 2.371306
1145 2.376038
1146 2.381371
1147 2.387507
1148 2.394409
1149 2.401113
1150 2.405566
1151 2.407852
1152 2.410152
1153 2.412248
1154 2.414308
1155 2.416245
1156 2.418182
1157 2.420002
1158 2.421895
1159 2.423582
1160 2.425578
1161 2.426890
1162 2.429656
1163 2.428934
1164 2.436935
1165 2.421272
1166 2.463515
1167 2.384036
1168 2.402335
1169 2.462144
1170 2.401683
1171 2.466652
1172 2.407002
1173 2.487722
1174 2.412773
1175 2.495667
1176 2.411113
1177 2.495774
1178 2.411638
1179 2.497645
1180 2.413593
1181 2.499611
1182 2.416250
1183 2.499796
1184 2.422895
1185 2.500384
1186 2.440515
1187 2.514875
1188 2.418039
1189 2.505156
1190 2.426045
1191 2.504466
1192 2.468531
1193 2.505090
1194 2.463164
1195 2.516050
1196 2.462255
1197 2.524038
1198 2.447935
1199 2.533126
1200 2.434436
1201 2.510239
1202 2.502059
1203 2.494222
1204 2.517033
1205 2.490647
1206 2.514493
1207 2.517548
1208 2.515016
1209 2.513378
1210 2.521976
1211 2.521244
1212 2.524285
1213 2.524982
1214 2.523764
1215 2.520943
1216 2.532344
1217 2.523188
1218 2.533691
1219 2.524051
1220 2.532288
1221 2.526860
1222 2.533439
1223 2.528427
1224 2.534423
1225 2.530402
1226 2.535551
1227 2.532423
1228 2.536801
1229 2.534460
1230 2.538155
1231 2.536509
1232 2.539604
1233 2.538567
1234 2.541145
1235 2.540632
1236 2.542781
1237 2.542703
1238 2.544510
1239 2.544785
1240 2.546332
1241 2.546881
1242 2.548244
1243 2.549000
1244 2.550245
1245 2.551152
1246 2.552333
1247 2.553346
1248 2.554505
1249 2.555596
1250 2.556761
1251 2.557911
1252 2.559102
1253 2.560302
1254 2.561530
1255 2.562776
1256 2.564047
1257 2.565340
1258 2.566657
1259 2.567998
1260 2.569362
1261 2.570749
1262 2.572160
1263 2.573594
1264 2.575049
1265 2.576525
1266 2.578020
1267 2.579532
1268 2.581059
1269 2.582598
1270 2.584147
1271 2.585703
1272 2.587261
1273 2.588819
1274 2.590372
1275 2.591916
1276 2.593446
1277 2.594959
1278 2.596451
1279 2.597917
1280 2.599353
1281 2.600758
1282 2.602128
1283 2.603461
1284 2.604755
1285 2.606009
1286 2.607222
1287 2.608396
1288 2.609529
1289 2.610622
1290 2.611675
1291 2.612691
1292 2.613668
1293 2.614608
1294 2.615512
1295 2.616379
1296 2.617211
1297 2.618008
1298 2.618769
1299 2.619495
1300 2.620186
1301 2.620842
1302 2.621463
1303 2.622048
1304 2.622598
1305 2.623111
1306 2.623589
1307 2.624030
1308 2.624434
1309 2.624800
1310 2.625129
1311 2.625420
1312 2.625671
1313 2.625883
1314 2.626054
1315 2.626184
1316 2.626272
1317 2.626315
1318 2.626312
1319 2.626261
1320 2.626158
1321 2.626001
1322 2.625784
1323 2.625501
1324 2.625145
1325 2.624704
1326 2.624166
1327 2.623512
1328 2.622717
1329 2.621747
1330 2.620561
1331 2.619074
1332 2.617248
1333 2.614722
1334 2.611803
1335 2.606396
1336 2.598976
1337 2.583587
1338 2.208192
1339 2.822890
1340 1.484862
1341 2.610591
1342 2.663258
1343 2.639399
1344 2.600908
1345 2.612836
1346 1.657759
1347 2.667546
1348 2.621370
1349 1.791664
1350 2.156279
1351 2.710800
1352 2.698203
1353 2.671867
1354 2.662134
1355 2.655869
1356 2.638951
1357 2.622071
1358 1.563781
1359 2.689062
1360 2.661150
1361 2.648795
1362 2.601998
1363 4.666183
1364 2.747697
1365 2.840937
1366 4.145402
1367 2.118364
1368 1.588018
1369 2.379568
1370 1.562966
1371 2.742696
1372 2.951868
1373 2.123883
1374 1.602126
1375 4.177367
1376 2.351522
1377 2.009637
1378 2.547024
1379 2.459022
1380 2.060007
1381 1.957509
1382 1.938860
1383 1.927858
1384 1.919156
1385 1.912447
1386 1.907755
1387 1.904578
1388 1.902335
1389 1.900627
1390 1.899224
1391 1.898005
1392 1.896906
1393 1.895895
1394 1.894952
1395 1.894068
1396 1.893237
1397 1.892455
1398 1.891718
1399 1.891024
1400 1.890372
1401 1.889759
1402 1.889184
1403 1.888647
1404 1.888144
1405 1.887676
1406 1.887240
1407 1.886836
1408 1.886462
1409 1.886118
1410 1.885802
1411 1.885513
1412 1.885251
1413 1.885013
1414 1.884801
1415 1.884611
1416 1.884444
1417 1.884299
1418 1.884175
1419 1.884071
1420 1.883986
1421 1.883920
1422 1.883872
1423 1.883841
1424 1.883826
1425 1.883827
1426 1.883844
1427 1.883876
1428 1.883921
1429 1.883980
1430 1.884052
1431 1.884137
1432 1.884234
1433 1.884342
1434 1.884461
1435 1.884592
1436 1.884732
1437 1.884882
1438 1.885042
1439 1.885211
1440 1.885389
1441 1.885575
1442 1.885769
1443 1.885971
1444 1.886180
1445 1.886396
1446 1.886620
1447 1.886850
1448 1.887086
1449 1.887329
1450 1.887577
1451 1.887831
1452 1.888090
1453 1.888355
1454 1.888625
1455 1.888899
1456 1.889178
1457 1.889462
1458 1.889750
1459 1.890042
1460 1.890338
1461 1.890637
1462 1.890941
1463 1.891248
1464 1.891558
1465 1.891872
1466 1.892189
1467 1.892509
1468 1.892832
1469 1.893157
1470 1.893486
1471 1.893817
1472 1.894150
1473 1.894486
1474 1.894825
1475 1.895165
1476 1.895508
1477 1.895853
1478 1.896200
1479 1.896550
1480 1.896901
1481 1.897254
1482 1.897609
1483 1.897965
1484 1.898323
1485 1.898683
1486 1.899045
1487 1.899408
1488 1.899773
1489 1.900139
1490 1.900507
1491 1.900877
1492 1.901247
1493 1.901619
1494 1.901993
1495 1.902367
1496 1.902744
1497 1.903121
1498 1.903500
1499 1.903880
1500 1.904261
1501 1.904643
1502 1.905027
1503 1.905412
1504 1.905798
1505 1.906185
1506 1.906573
1507 1.906963
1508 1.907353
1509 1.907745
1510 1.908138
1511 1.908533
1512 1.908928
1513 1.909325
1514 1.909723
1515 1.910122
1516 1.910522
1517 1.910923
1518 1.911326
1519 1.911730
1520 1.912135
1521 1.912541
1522 1.912948
1523 1.913357
1524 1.913767
1525 1.914179
1526 1.914591
1527 1.915005
1528 1.915421
1529 1.915838
1530 1.916256
1531 1.916675
1532 1.917096
1533 1.917519
1534 1.917943
1535 1.918368
1536 1.918795
1537 1.919224
1538 1.919654
1539 1.920085
1540 1.920519
1541 1.920954
1542 1.921391
1543 1.921829
1544 1.922269
1545 1.922711
1546 1.923155
1547 1.923601
1548 1.924049
1549 1.924498
1550 1.924950
1551 1.925404
1552 1.925859
1553 1.926317
1554 1.926777
1555 1.927239
1556 1.927704
1557 1.928170
1558 1.928639
1559 1.929111
1560 1.929585
1561 1.930061
1562 1.930540
1563 1.931021
1564 1.931505
1565 1.931992
1566 1.932481
1567 1.932973
1568 1.933468
1569 1.933966
1570 1.934467
1571 1.934971
1572 1.935477
1573 1.935987
1574 1.936501
1575 1.937017
1576 1.937537
1577 1.938060
1578 1.938587
1579 1.939117
1580 1.939650
1581 1.940188
1582 1.940729
1583 1.941274
1584 1.941823
1585 1.942375
1586 1.942932
1587 1.943493
1588 1.944058
1589 1.944627
1590 1.945201
1591 1.945779
1592 1.946362
1593 1.946949
1594 1.947541
1595 1.948138
1596 1.948739
1597 1.949346
1598 1.949957
1599 1.950574
1600 1.951196
1601 1.951824
1602 1.952457
1603 1.953095
1604 1.953739
1605 1.954389
1606 1.955045
1607 1.955707
1608 1.956375
1609 1.957049
1610 1.957730
1611 1.958417
1612 1.959111
1613 1.959811
1614 1.960518
1615 1.961233
1616 1.961954
1617 1.962682
1618 1.963418
1619 1.964162
1620 1.964913
1621 1.965671
1622 1.966438
1623 1.967213
1624 1.967996
1625 1.968787
1626 1.969587
1627 1.970396
1628 1.971213
1629 1.972039
1630 1.972875
1631 1.973719
1632 1.974574
1633 1.975437
1634 1.976311
1635 1.977195
1636 1.978088
1637 1.978992
1638 1.979907
1639 1.980832
1640 1.981768
1641 1.982715
1642 1.983673
1643 1.984643
1644 1.985624
1645 1.986617
1646 1.987622
1647 1.988639
1648 1.989668
1649 1.990710
1650 1.991765
1651 1.992832
1652 1.993913
1653 1.995007
1654 1.996114
1655 1.997236
1656 1.998371
1657 1.999520
1658 2.000683
1659 2.001861
1660 2.003054
1661 2.004261
1662 2.005484
1663 2.006721
1664 2.007974
1665 2.009243
1666 2.010527
1667 2.011828
1668 2.013144
1669 2.014477
1670 2.015826
1671 2.017192
1672 2.018575
1673 2.019974
1674 2.021390
1675 2.022824
1676 2.024275
1677 2.025743
1678 2.027228
1679 2.028731
1680 2.030252
1681 2.031790
1682 2.033346
1683 2.034920
1684 2.036512
1685 2.038121
1686 2.039748
1687 2.041393
1688 2.043055
1689 2.044735
1690 2.046433
1691 2.048148
1692 2.049881
1693 2.051630
1694 2.053397
1695 2.055180
1696 2.056980
1697 2.058797
1698 2.060629
1699 2.062478
1700 2.064341
1701 2.066220
1702 2.068114
1703 2.070022
1704 2.071944
1705 2.073879
1706 2.075828
1707 2.077788
1708 2.079761
1709 2.081745
1710 2.083740
1711 2.085745
1712 2.087759
1713 2.089783
1714 2.091814
1715 2.093852
1716 2.095897
1717 2.097948
1718 2.100004
1719 2.102064
1720 2.104128
1721 2.106194
1722 2.108261
1723 2.110329
1724 2.112398
1725 2.114464
1726 2.116529
1727 2.118592
1728 2.120650
1729 2.122703
1730 2.124751
1731 2.126792
1732 2.128826
1733 2.130852
1734 2.132868
1735 2.134874
1736 2.136869
1737 2.138852
1738 2.140822
1739 2.142779
1740 2.144722
1741 2.146650
1742 2.148562
1743 2.150457
1744 2.152336
1745 2.154197
1746 2.156039
1747 2.157863
1748 2.159667
1749 2.161451
1750 2.163214
1751 2.164957
1752 2.166679
1753 2.168378
1754 2.170056
1755 2.171711
1756 2.173344
1757 2.174954
1758 2.176541
1759 2.178104
1760 2.179644
1761 2.181161
1762 2.182654
1763 2.184123
1764 2.185568
1765 2.186990
1766 2.188388
1767 2.189763
1768 2.191113
1769 2.192441
1770 2.193745
1771 2.195025
1772 2.196283
1773 2.197517
1774 2.198729
1775 2.199918
1776 2.201085
1777 2.202230
1778 2.203353
1779 2.204454
1780 2.205534
1781 2.206592
1782 2.207630
1783 2.208647
1784 2.209645
1785 2.210622
1786 2.211579
1787 2.212518
1788 2.213437
1789 2.214337
1790 2.215220
1791 2.216084
1792 2.216931
1793 2.217760
1794 2.218572
1795 2.219368
1796 2.220147
1797 2.220910
1798 2.221658
1799 2.222390
1800 2.223108
1801 2.223810
1802 2.224498
1803 2.225173
1804 2.225833
1805 2.226480
1806 2.227114
1807 2.227736
1808 2.228344
1809 2.228941
1810 2.229526
1811 2.230099
1812 2.230661
1813 2.231212
1814 2.231752
1815 2.232282
1816 2.232802
1817 2.233312
1818 2.233812
1819 2.234303
1820 2.234785
1821 2.235258
1822 2.235722
1823 2.236178
1824 2.236626
1825 2.237066
1826 2.237498
1827 2.237923
1828 2.238341
1829 2.238751
1830 2.239155
1831 2.239552
1832 2.239943
1833 2.240327
1834 2.240706
1835 2.241078
1836 2.241445
1837 2.241807
1838 2.242163
1839 2.242514
1840 2.242860
1841 2.243201
1842 2.243538
1843 2.243870
1844 2.244197
1845 2.244520
1846 2.244840
1847 2.245155
1848 2.245466
1849 2.245774
1850 2.246078
1851 2.246379
1852 2.246676
1853 2.246970
1854 2.247261
1855 2.247549
1856 2.247834
1857 2.248116
1858 2.248396
1859 2.248672
1860 2.248947
1861 2.249219
1862 2.249488
1863 2.249756
1864 2.250021
1865 2.250284
1866 2.250545
1867 2.250804
1868 2.251061
1869 2.251316
1870 2.251570
1871 2.251822
1872 2.252072
1873 2.252321
1874 2.252568
1875 2.252814
1876 2.253059
1877 2.253302
1878 2.253544
1879 2.253784
1880 2.254024
1881 2.254262
1882 2.254499
1883 2.254736
1884 2.254971
1885 2.255205
1886 2.255439
1887 2.255671
1888 2.255903
1889 2.256134
1890 2.256364
1891 2.256593
1892 2.256822
1893 2.257050
1894 2.257277
1895 2.257504
1896 2.257730
1897 2.257955
1898 2.258180
1899 2.258405
1900 2.258629
1901 2.258852
1902 2.259075
1903 2.259298
1904 2.259520
1905 2.259742
1906 2.259963
1907 2.260184
1908 2.260405
1909 2.260625
1910 2.260845
1911 2.261065
1912 2.261284
1913 2.261503
1914 2.261722
1915 2.261941
1916 2.262159
1917 2.262378
1918 2.262596
1919 2.262814
1920 2.263031
1921 2.263249
1922 2.263466
1923 2.263683
1924 2.263900
1925 2.264117
1926 2.264333
1927 2.264550
1928 2.264766
1929 2.264982
1930 2.265198
1931 2.265414
1932 2.265630
1933 2.265846
1934 2.266062
1935 2.266277
1936 2.266493
1937 2.266708
1938 2.266923
1939 2.267139
1940 2.267354
1941 2.267569
1942 2.267784
1943 2.267999
1944 2.268213
1945 2.268428
1946 2.268643
1947 2.268858
1948 2.269072
1949 2.269287
1950 2.269501
1951 2.269715
1952 2.269930
1953 2.270144
1954 2.270358
1955 2.270572
1956 2.270786
1957 2.271000
1958 2.271214
1959 2.271428
1960 2.271642
1961 2.271856
1962 2.272070
1963 2.272283
1964 2.272497
1965 2.272710
1966 2.272924
1967 2.273137
1968 2.273351
1969 2.273564
1970 2.273777
1971 2.273990
1972 2.274204
1973 2.274417
1974 2.274630
1975 2.274843
1976 2.275055
1977 2.275268
1978 2.275481
1979 2.275694
1980 2.275906
1981 2.276119
1982 2.276331
1983 2.276544
1984 2.276756
1985 2.276968
1986 2.277180
1987 2.277392
1988 2.277604
1989 2.277816
1990 2.278028
1991 2.278240
1992 2.278451
1993 2.278663
1994 2.278874
1995 2.279086
1996 2.279297
1997 2.279508
1998 2.279719
1999 2.279930
2000 2.280141
2001 2.280352
2002 2.280563
2003 2.280773
2004 2.280984
2005 2.281194
2006 2.281405
2007 2.281615
2008 2.281825
2009 2.282035
2010 2.282245
2011 2.282455
2012 2.282665
2013 2.282874
2014 2.283084
2015 2.283293
2016 2.283502
2017 2.283711
2018 2.283920
2019 2.284129
2020 2.284338
2021 2.284547
2022 2.284755
2023 2.284964
2024 2.285172
2025 2.285380
2026 2.285589
2027 2.285796
2028 2.286004
2029 2.286212
2030 2.286420
2031 2.286627
2032 2.286834
2033 2.287042
2034 2.287249
2035 2.287456
2036 2.287663
2037 2.287869
2038 2.288076
2039 2.288282
2040 2.288489
2041 2.288695
2042 2.288901
2043 2.289107
2044 2.289312
2045 2.289518
2046 2.289724
2047 2.289929
2048 2.290134
2049 2.290339
2050 2.290544
2051 2.290749
2052 2.290954
2053 2.291158
2054 2.291363
2055 2.291567
2056 2.291771
2057 2.291975
2058 2.292179
2059 2.292383
2060 2.292586
2061 2.292790
2062 2.292993
2063 2.293196
2064 2.293399
2065 2.293602
2066 2.293805
2067 2.294007
2068 2.294210
2069 2.294412
2070 2.294614
2071 2.294816
2072 2.295018
2073 2.295220
2074 2.295421
2075 2.295623
2076 2.295824
2077 2.296025
2078 2.296226
2079 2.296427
2080 2.296628
2081 2.296828
2082 2.297028
2083 2.297229
2084 2.297429
2085 2.297629
2086 2.297829
2087 2.298028
2088 2.298228
2089 2.298427
2090 2.298627
2091 2.298826
2092 2.299025
2093 2.299223
2094 2.299422
2095 2.299621
2096 2.299819
2097 2.300017
2098 2.300215
2099 2.300413
2100 2.300611
2101 2.300809
2102 2.301006
2103 2.301204
2104 2.301401
2105 2.301598
2106 2.301795
2107 2.301992
2108 2.302188
2109 2.302385
2110 2.302581
2111 2.302778
2112 2.302974
2113 2.303170
2114 2.303365
2115 2.303561
2116 2.303757
2117 2.303952
2118 2.304147
2119 2.304342
2120 2.304537
2121 2.304732
2122 2.304927
2123 2.305121
2124 2.305316
2125 2.305510
2126 2.305704
2127 2.305898
2128 2.306092
2129 2.306286
2130 2.306479
2131 2.306673
2132 2.306866
2133 2.307059
2134 2.307252
2135 2.307445
2136 2.307638
2137 2.307830
2138 2.308023
2139 2.308215
2140 2.308407
2141 2.308599
2142 2.308791
2143 2.308983
2144 2.309175
2145 2.309366
2146 2.309558
2147 2.309749
2148 2.309940
2149 2.310131
2150 2.310322
2151 2.310512
2152 2.310703
2153 2.310893
2154 2.311084
2155 2.311274
2156 2.311464
2157 2.311654
2158 2.311844
2159 2.312033
2160 2.312223
2161 2.312412
2162 2.312601
2163 2.312791
2164 2.312979
2165 2.313168
2166 2.313357
2167 2.313546
2168 2.313734
2169 2.313922
2170 2.314111
2171 2.314299
2172 2.314487
2173 2.314674
2174 2.314862
2175 2.315050
2176 2.315237
2177 2.315424
2178 2.315611
2179 2.315798
2180 2.315985
2181 2.316172
2182 2.316359
2183 2.316545
2184 2.316732
2185 2.316918
2186 2.317104
2187 2.317290
2188 2.317476
2189 2.317661
2190 2.317847
2191 2.318033
2192 2.318218
2193 2.318403
2194 2.318588
2195 2.318773
2196 2.318958
2197 2.319143
2198 2.319327
2199 2.319512
2200 2.319696
2201 2.319880
2202 2.320064
2203 2.320248
2204 2.320432
2205 2.320615
2206 2.320799
2207 2.320982
2208 2.321166
2209 2.321349
2210 2.321532
2211 2.321715
2212 2.321897
2213 2.322080
2214 2.322262
2215 2.322445
2216 2.322627
2217 2.322809
2218 2.322991
2219 2.323173
2220 2.323355
2221 2.323536
2222 2.323718
2223 2.323899
2224 2.324080
2225 2.324261
2226 2.324442
2227 2.324623
2228 2.324803
2229 2.324984
2230 2.325164
2231 2.325344
2232 2.325525
2233 2.325705
2234 2.325884
2235 2.326064
2236 2.326244
2237 2.326423
2238 2.326602
2239 2.326781
2240 2.326960
2241 2.327139
2242 2.327318
2243 2.327497
2244 2.327675
2245 2.327853
2246 2.328032
2247 2.328210
2248 2.328388
2249 2.328565
2250 2.328743
2251 2.328920
2252 2.329098
2253 2.329275
2254 2.329452
2255 2.329629
2256 2.329806
2257 2.329982
2258 2.330159
2259 2.330335
2260 2.330511
2261 2.330687
2262 2.330863
2263 2.331039
2264 2.331214
2265 2.331390
2266 2.331565
2267 2.331740
2268 2.331915
2269 2.332090
2270 2.332265
2271 2.332439
2272 2.332614
2273 2.332788
2274 2.332962
2275 2.333136
2276 2.333309
2277 2.333483
2278 2.333656
2279 2.333830
2280 2.334003
2281 2.334176
2282 2.334349
2283 2.334521
2284 2.334694
2285 2.334866
2286 2.335038
2287 2.335210
2288 2.335382
2289 2.335554
2290 2.335725
2291 2.335896
2292 2.336067
2293 2.336238
2294 2.336409
2295 2.336580
2296 2.336750
2297 2.336921
2298 2.337091
2299 2.337261
2300 2.337430
2301 2.337600
2302 2.337769
2303 2.337939
2304 2.338108
2305 2.338277
2306 2.338445
2307 2.338614
2308 2.338782
2309 2.338950
2310 2.339118
2311 2.339286
2312 2.339453
2313 2.339621
2314 2.339788
2315 2.339955
2316 2.340122
2317 2.340288
2318 2.340455
2319 2.340621
2320 2.340787
2321 2.340953
2322 2.341119
2323 2.341284
2324 2.341449
2325 2.341614
2326 2.341779
2327 2.341944
2328 2.342108
2329 2.342272
2330 2.342436
2331 2.342600
2332 2.342764
2333 2.342927
2334 2.343090
2335 2.343253
2336 2.343416
2337 2.343579
2338 2.343741
2339 2.343903
2340 2.344065
2341 2.344226
2342 2.344388
2343 2.344549
2344 2.344710
2345 2.344871
2346 2.345031
2347 2.345191
2348 2.345352
2349 2.345511
2350 2.345671
2351 2.345830
2352 2.345989
2353 2.346148
2354 2.346307
2355 2.346465
2356 2.346623
2357 2.346781
2358 2.346939
2359 2.347096
2360 2.347254
2361 2.347411
2362 2.347567
2363 2.347724
2364 2.347880
2365 2.348036
2366 2.348191
2367 2.348347
2368 2.348502
2369 2.348657
2370 2.348811
2371 2.348966
2372 2.349120
2373 2.349274
2374 2.349427
2375 2.349581
2376 2.349734
2377 2.349886
2378 2.350039
2379 2.350191
2380 2.350343
2381 2.350494
2382 2.350646
2383 2.350797
2384 2.350948
2385 2.351098
2386 2.351248
2387 2.351398
2388 2.351548
2389 2.351697
2390 2.351846
2391 2.351995
2392 2.352143
2393 2.352292
2394 2.352439
2395 2.352587
2396 2.352734
2397 2.352881
2398 2.353028
2399 2.353174
2400 2.353320
2401 2.353466
2402 2.353611
2403 2.353756
2404 2.353901
2405 2.354045
2406 2.354189
2407 2.354333
2408 2.354477
2409 2.354620
2410 2.354762
2411 2.354905
2412 2.355047
2413 2.355189
2414 2.355330
2415 2.355471
2416 2.355612
2417 2.355753
2418 2.355893
2419 2.356032
2420 2.356172
2421 2.356311
2422 2.356449
2423 2.356588
2424 2.356726
2425 2.356863
2426 2.357001
2427 2.357137
2428 2.357274
2429 2.357410
2430 2.357546
2431 2.357681
2432 2.357816
2433 2.357951
2434 2.358085
2435 2.358219
2436 2.358353
2437 2.358486
2438 2.358619
2439 2.358751
2440 2.358883
2441 2.359015
2442 2.359146
2443 2.359277
2444 2.359408
2445 2.359538
2446 2.359667
2447 2.359797
2448 2.359925
2449 2.360054
2450 2.360182
2451 2.360310
2452 2.360437
2453 2.360564
2454 2.360690
2455 2.360816
2456 2.360941
2457 2.361067
2458 2.361191
2459 2.361316
2460 2.361440
2461 2.361563
2462 2.361686
2463 2.361809
2464 2.361931
2465 2.362052
2466 2.362174
2467 2.362294
2468 2.362415
2469 2.362535
2470 2.362654
2471 2.362773
2472 2.362892
2473 2.363010
2474 2.363128
2475 2.363245
2476 2.363362
2477 2.363478
2478 2.363594
2479 2.363709
2480 2.363824
2481 2.363938
2482 2.364052
2483 2.364166
2484 2.364279
2485 2.364391
2486 2.364503
2487 2.364615
2488 2.364726
2489 2.364836
2490 2.364946
2491 2.365056
2492 2.365165
2493 2.365274
2494 2.365382
2495 2.365489
2496 2.365596
2497 2.365703
2498 2.365809
2499 2.365915
2500 2.366020
2501 2.366124
2502 2.366228
2503 2.366332
2504 2.366435
2505 2.366537
2506 2.366639
2507 2.366740
2508 2.366841
2509 2.366941
2510 2.367041
2511 2.367140
2512 2.367239
2513 2.367337
2514 2.367435
2515 2.367532
2516 2.367629
2517 2.367725
2518 2.367820
2519 2.367915
2520 2.368009
2521 2.368103
2522 2.368196
2523 2.368289
2524 2.368381
2525 2.368472
2526 2.368563
2527 2.368653
2528 2.368743
2529 2.368832
2530 2.368921
2531 2.369009
2532 2.369097
2533 2.369183
2534 2.369270
2535 2.369355
2536 2.369440
2537 2.369525
2538 2.369609
2539 2.369692
2540 2.369775
2541 2.369857
2542 2.369938
2543 2.370019
2544 2.370099
2545 2.370179
2546 2.370258
2547 2.370336
2548 2.370414
2549 2.370491
2550 2.370568
2551 2.370644
2552 2.370719
2553 2.370794
2554 2.370868
2555 2.370941
2556 2.371014
2557 2.371086
2558 2.371157
2559 2.371228
2560 2.371298
2561 2.371368
2562 2.371437
2563 2.371505
2564 2.371573
2565 2.371639
2566 2.371706
2567 2.371771
2568 2.371836
2569 2.371900
2570 2.371964
2571 2.372027
2572 2.372089
2573 2.372151
2574 2.372212
2575 2.372272
2576 2.372331
2577 2.372390
2578 2.372448
2579 2.372506
2580 2.372562
2581 2.372618
2582 2.372674
2583 2.372728
2584 2.372782
2585 2.372836
2586 2.372888
2587 2.372940
2588 2.372991
2589 2.373042
2590 2.373091
2591 2.373140
2592 2.373189
2593 2.373236
2594 2.373283
2595 2.373329
2596 2.373374
2597 2.373419
2598 2.373463
2599 2.373506
2600 2.373549
2601 2.373590
2602 2.373631
2603 2.373672
2604 2.373711
2605 2.373750
2606 2.373788
2607 2.373825
2608 2.373862
2609 2.373897
2610 2.373932
2611 2.373967
2612 2.374000
2613 2.374033
2614 2.374065
2615 2.374096
2616 2.374126
2617 2.374156
2618 2.374185
2619 2.374213
2620 2.374240
2621 2.374267
2622 2.374292
2623 2.374317
2624 2.374342
2625 2.374365
2626 2.374388
2627 2.374410
2628 2.374431
2629 2.374451
2630 2.374470
2631 2.374489
2632 2.374507
2633 2.374524
2634 2.374540
2635 2.374555
2636 2.374570
2637 2.374584
2638 2.374597
2639 2.374609
2640 2.374620
2641 2.374631
2642 2.374641
2643 2.374650
2644 2.374658
2645 2.374665
2646 2.374672
2647 2.374677
2648 2.374682
2649 2.374686
2650 2.374689
2651 2.374691
2652 2.374693
2653 2.374693
2654 2.374693
2655 2.374692
2656 2.374690
2657 2.374687
2658 2.374684
2659 2.374679
2660 2.374674
2661 2.374668
2662 2.374661
2663 2.374653
2664 2.374644
2665 2.374635
2666 2.374624
2667 2.374613
2668 2.374601
2669 2.374588
2670 2.374574
2671 2.374559
2672 2.374543
2673 2.374527
2674 2.374510
2675 2.374491
2676 2.374472
2677 2.374452
2678 2.374431
2679 2.374410
2680 2.374387
2681 2.374363
2682 2.374339
2683 2.374314
2684 2.374287
2685 2.374260
2686 2.374232
2687 2.374204
2688 2.374174
2689 2.374143
2690 2.374112
2691 2.374079
2692 2.374046
2693 2.374012
2694 2.373977
2695 2.373941
2696 2.373904
2697 2.373866
2698 2.373827
2699 2.373787
2700 2.373747
2701 2.373705
2702 2.373663
2703 2.373620
2704 2.373576
2705 2.373531
2706 2.373485
2707 2.373438
2708 2.373390
2709 2.373341
2710 2.373291
2711 2.373241
2712 2.373189
2713 2.373137
2714 2.373084
2715 2.373029
2716 2.372974
2717 2.372918
2718 2.372861
2719 2.372803
2720 2.372744
2721 2.372684
2722 2.372624
2723 2.372562
2724 2.372499
2725 2.372436
2726 2.372371
2727 2.372306
2728 2.372240
2729 2.372173
2730 2.372104
2731 2.372035
2732 2.371965
2733 2.371894
2734 2.371823
2735 2.371750
2736 2.371676
2737 2.371601
2738 2.371526
2739 2.371449
2740 2.371372
2741 2.371293
2742 2.371214
2743 2.371134
2744 2.371052
2745 2.370970
2746 2.370887
2747 2.370803
2748 2.370718
2749 2.370632
2750 2.370546
2751 2.370458
2752 2.370369
2753 2.370280
2754 2.370189
2755 2.370097
2756 2.370005
2757 2.369912
2758 2.369817
2759 2.369722
2760 2.369626
2761 2.369529
2762 2.369431
2763 2.369332
2764 2.369232
2765 2.369131
2766 2.369029
2767 2.368927
2768 2.368823
2769 2.368719
2770 2.368613
2771 2.368507
2772 2.368399
2773 2.368291
2774 2.368182
2775 2.368072
2776 2.367961
2777 2.367849
2778 2.367736
2779 2.367622
2780 2.367507
2781 2.367392
2782 2.367275
2783 2.367158
2784 2.367039
2785 2.366920
2786 2.366800
2787 2.366679
2788 2.366556
2789 2.366433
2790 2.366310
2791 2.366185
2792 2.366059
2793 2.365932
2794 2.365805
2795 2.365676
2796 2.365547
2797 2.365417
2798 2.365286
2799 2.365154
2800 2.365021
2801 2.364887
2802 2.364752
2803 2.364617
2804 2.364480
2805 2.364343
2806 2.364204
2807 2.364065
2808 2.363925
2809 2.363784
2810 2.363642
2811 2.363500
2812 2.363356
2813 2.363212
2814 2.363066
2815 2.362920
2816 2.362773
2817 2.362625
2818 2.362476
2819 2.362326
2820 2.362176
2821 2.362025
2822 2.361872
2823 2.361719
2824 2.361565
2825 2.361410
2826 2.361255
2827 2.361098
2828 2.360941
2829 2.360783
2830 2.360624
2831 2.360464
2832 2.360303
2833 2.360142
2834 2.359979
2835 2.359816
2836 2.359652
2837 2.359487
2838 2.359322
2839 2.359155
2840 2.358988
2841 2.358820
2842 2.358651
2843 2.358481
2844 2.358311
2845 2.358139
2846 2.357967
2847 2.357794
2848 2.357621
2849 2.357446
2850 2.357271
2851 2.357095
2852 2.356918
2853 2.356741
2854 2.356562
2855 2.356383
2856 2.356203
2857 2.356023
2858 2.355841
2859 2.355659
2860 2.355476
2861 2.355293
2862 2.355108
2863 2.354923
2864 2.354737
2865 2.354551
2866 2.354364
2867 2.354176
2868 2.353987
2869 2.353797
2870 2.353607
2871 2.353416
2872 2.353225
2873 2.353032
2874 2.352839
2875 2.352646
2876 2.352451
2877 2.352256
2878 2.352060
2879 2.351864
2880 2.351667
2881 2.351469
2882 2.351270
2883 2.351071
2884 2.350871
2885 2.350671
2886 2.350470
2887 2.350268
2888 2.350066
2889 2.349863
2890 2.349659
2891 2.349455
2892 2.349250
2893 2.349044
2894 2.348838
2895 2.348631
2896 2.348424
2897 2.348216
2898 2.348007
2899 2.347798
2900 2.347588
2901 2.347377
2902 2.347166
2903 2.346955
2904 2.346743
2905 2.346530
2906 2.346316
2907 2.346103
2908 2.345888
2909 2.345673
2910 2.345457
2911 2.345241
2912 2.345025
2913 2.344807
2914 2.344590
2915 2.344371
2916 2.344153
2917 2.343933
2918 2.343713
2919 2.343493
2920 2.343272
2921 2.343051
2922 2.342829
2923 2.342607
2924 2.342384
2925 2.342160
2926 2.341937
2927 2.341712
2928 2.341488
2929 2.341262
2930 2.341037
2931 2.340810
2932 2.340584
2933 2.340357
2934 2.340129
2935 2.339901
2936 2.339673
2937 2.339444
2938 2.339215
2939 2.338985
2940 2.338755
2941 2.338524
2942 2.338294
2943 2.338062
2944 2.337831
2945 2.337598
2946 2.337366
2947 2.337133
2948 2.336900
2949 2.336666
2950 2.336432
2951 2.336198
2952 2.335963
2953 2.335728
2954 2.335492
2955 2.335256
2956 2.335020
2957 2.334784
2958 2.334547
2959 2.334309
2960 2.334072
2961 2.333834
2962 2.333596
2963 2.333357
2964 2.333119
2965 2.332879
2966 2.332640
2967 2.332400
2968 2.332160
2969 2.331920
2970 2.331679
2971 2.331438
2972 2.331197
2973 2.330956
2974 2.330714
2975 2.330472
2976 2.330230
2977 2.329987
2978 2.329745
2979 2.329502
2980 2.329259
2981 2.329015
2982 2.328771
2983 2.328527
2984 2.328283
2985 2.328039
2986 2.327794
2987 2.327549
2988 2.327304
2989 2.327059
2990 2.326814
2991 2.326568
2992 2.326322
2993 2.326076
2994 2.325830
2995 2.325584
2996 2.325337
2997 2.325090
2998 2.324843
2999 2.324596
3000 2.324349
3001 2.324102
3002 2.323854
3003 2.323606
3004 2.323358
3005 2.323110
3006 2.322862
3007 2.322614
3008 2.322365
3009 2.322117
3010 2.321868
3011 2.321619
3012 2.321370
3013 2.321121
3014 2.320872
3015 2.320623
3016 2.320373
3017 2.320124
3018 2.319874
3019 2.319624
3020 2.319375
3021 2.319125
3022 2.318875
3023 2.318625
3024 2.318375
3025 2.318124
3026 2.317874
3027 2.317624
3028 2.317373
3029 2.317123
3030 2.316872
3031 2.316621
3032 2.316371
3033 2.316120
3034 2.315869
3035 2.315618
3036 2.315367
3037 2.315116
3038 2.314866
3039 2.314614
3040 2.314363
3041 2.314112
3042 2.313861
3043 2.313610
3044 2.313359
3045 2.313108
3046 2.312857
3047 2.312605
3048 2.312354
3049 2.312103
3050 2.311852
3051 2.311600
3052 2.311349
3053 2.311098
3054 2.310847
3055 2.310595
3056 2.310344
3057 2.310093
3058 2.309842
3059 2.309590
3060 2.309339
3061 2.309088
3062 2.308837
3063 2.308586
3064 2.308334
3065 2.308083
3066 2.307832
3067 2.307581
3068 2.307330
3069 2.307079
3070 2.306828
3071 2.306577
3072 2.306326
3073 2.306076
3074 2.305825
3075 2.305574
3076 2.305323
3077 2.305073
3078 2.304822
3079 2.304572
3080 2.304321
3081 2.304071
3082 2.303820
3083 2.303570
3084 2.303320
3085 2.303069
3086 2.302819
3087 2.302569
3088 2.302319
3089 2.302069
3090 2.301819
3091 2.301569
3092 2.301320
3093 2.301070
3094 2.300820
3095 2.300571
3096 2.300321
3097 2.300072
3098 2.299822
3099 2.299573
3100 2.299324
3101 2.299075
3102 2.298826
3103 2.298577
3104 2.298328
3105 2.298079
3106 2.297831
3107 2.297582
3108 2.297333
3109 2.297085
3110 2.296837
3111 2.296588
3112 2.296340
3113 2.296092
3114 2.295844
3115 2.295596
3116 2.295349
3117 2.295101
3118 2.294853
3119 2.294606
3120 2.294358
3121 2.294111
3122 2.293864
3123 2.293617
3124 2.293370
3125 2.293123
3126 2.292876
3127 2.292629
3128 2.292382
3129 2.292136
3130 2.291889
3131 2.291643
3132 2.291397
3133 2.291151
3134 2.290904
3135 2.290659
3136 2.290413
3137 2.290167
3138 2.289921
3139 2.289676
3140 2.289430
3141 2.289185
3142 2.288940
3143 2.288695
3144 2.288449
3145 2.288205
3146 2.287960
3147 2.287715
3148 2.287470
3149 2.287226
3150 2.286981
3151 2.286737
3152 2.286493
3153 2.286249
3154 2.286005
3155 2.285761
3156 2.285517
3157 2.285273
3158 2.285030
3159 2.284786
3160 2.284543
3161 2.284299
3162 2.284056
3163 2.283813
3164 2.283570
3165 2.283327
3166 2.283084
3167 2.282841
3168 2.282599
3169 2.282356
3170 2.282114
3171 2.281871
3172 2.281629
3173 2.281387
3174 2.281145
3175 2.280903
3176 2.280661
3177 2.280419
3178 2.280178
3179 2.279936
3180 2.279695
3181 2.279453
3182 2.279212
3183 2.278971
3184 2.278729
3185 2.278488
3186 2.278247
3187 2.278007
3188 2.277766
3189 2.277525
3190 2.277284
3191 2.277044
3192 2.276803
3193 2.276563
3194 2.276323
3195 2.276083
3196 2.275842
3197 2.275602
3198 2.275363
3199 2.275123
3200 2.274883
3201 2.274643
3202 2.274403
3203 2.274164
3204 2.273924
3205 2.273685
3206 2.273446
3207 2.273206
3208 2.272967
3209 2.272728
3210 2.272489
3211 2.272250
3212 2.272011
3213 2.271772
3214 2.271533
3215 2.271295
3216 2.271056
3217 2.270817
3218 2.270579
3219 2.270340
3220 2.270102
3221 2.269864
3222 2.269625
3223 2.269387
3224 2.269149
3225 2.268911
3226 2.268673
3227 2.268434
3228 2.268196
3229 2.267959
3230 2.267721
3231 2.267483
3232 2.267245
3233 2.267007
3234 2.266770
3235 2.266532
3236 2.266294
3237 2.266057
3238 2.265819
3239 2.265582
3240 2.265344
3241 2.265107
3242 2.264869
3243 2.264632
3244 2.264395
3245 2.264157
3246 2.263920
3247 2.263683
3248 2.263446
3249 2.263209
3250 2.262971
3251 2.262734
3252 2.262497
3253 2.262260
3254 2.262023
3255 2.261786
3256 2.261549
3257 2.261312
3258 2.261075
3259 2.260838
3260 2.260601
3261 2.260364
3262 2.260127
3263 2.259890
3264 2.259653
3265 2.259416
3266 2.259180
3267 2.258943
3268 2.258706
3269 2.258469
3270 2.258232
3271 2.257995
3272 2.257758
3273 2.257521
3274 2.257284
3275 2.257047
3276 2.256810
3277 2.256574
3278 2.256337
3279 2.256100
3280 2.255863
3281 2.255626
3282 2.255389
3283 2.255152
3284 2.254915
3285 2.254677
3286 2.254440
3287 2.254203
3288 2.253966
3289 2.253729
3290 2.253492
3291 2.253255
3292 2.253017
3293 2.252780
3294 2.252543
3295 2.252305
3296 2.252068
3297 2.251830
3298 2.251593
3299 2.251355
3300 2.251118
3301 2.250880
3302 2.250643
3303 2.250405
3304 2.250167
3305 2.249929
3306 2.249692
3307 2.249454
3308 2.249216
3309 2.248978
3310 2.248740
3311 2.248502
3312 2.248263
3313 2.248025
3314 2.247787
3315 2.247549
3316 2.247310
3317 2.247072
3318 2.246833
3319 2.246594
3320 2.246356
3321 2.246117
3322 2.245878
3323 2.245639
3324 2.245400
3325 2.245161
3326 2.244922
3327 2.244683
3328 2.244443
3329 2.244204
3330 2.243964
3331 2.243725
3332 2.243485
3333 2.243245
3334 2.243005
3335 2.242766
3336 2.242525
3337 2.242285
3338 2.242045
3339 2.241805
3340 2.241564
3341 2.241324
3342 2.241083
3343 2.240842
3344 2.240601
3345 2.240360
3346 2.240119
3347 2.239878
3348 2.239637
3349 2.239395
3350 2.239154
3351 2.238912
3352 2.238670
3353 2.238428
3354 2.238186
3355 2.237944
3356 2.237702
3357 2.237459
3358 2.237217
3359 2.236974
3360 2.236731
3361 2.236488
3362 2.236245
3363 2.236002
3364 2.235759
3365 2.235515
3366 2.235272
3367 2.235028
3368 2.234784
3369 2.234540
3370 2.234296
3371 2.234051
3372 2.233807
3373 2.233562
3374 2.233317
3375 2.233072
3376 2.232827
3377 2.232582
3378 2.232336
3379 2.232091
3380 2.231845
3381 2.231599
3382 2.231353
3383 2.231107
3384 2.230860
3385 2.230613
3386 2.230367
3387 2.230120
3388 2.229872
3389 2.229625
3390 2.229378
3391 2.229130
3392 2.228882
3393 2.228634
3394 2.228386
3395 2.228137
3396 2.227889
3397 2.227640
3398 2.227391
3399 2.227142
3400 2.226892
3401 2.226643
3402 2.226393
3403 2.226143
3404 2.225893
3405 2.225642
3406 2.225392
3407 2.225141
3408 2.224890
3409 2.224639
3410 2.224387
3411 2.224136
3412 2.223884
3413 2.223632
3414 2.223379
3415 2.223127
3416 2.222874
3417 2.222621
3418 2.222368
3419 2.222114
3420 2.221861
3421 2.221607
3422 2.221353
3423 2.221099
3424 2.220844
3425 2.220589
3426 2.220334
3427 2.220079
3428 2.219823
3429 2.219568
3430 2.219312
3431 2.219055
3432 2.218799
3433 2.218542
3434 2.218285
3435 2.218028
3436 2.217770
3437 2.217513
3438 2.217255
3439 2.216996
3440 2.216738
3441 2.216479
3442 2.216220
3443 2.215961
3444 2.215701
3445 2.215441
3446 2.215181
3447 2.214921
3448 2.214660
3449 2.214399
3450 2.214138
3451 2.213877
3452 2.213615
3453 2.213353
3454 2.213090
3455 2.212828
3456 2.212565
3457 2.212302
3458 2.212038
3459 2.211775
3460 2.211511
3461 2.211246
3462 2.210982
3463 2.210717
3464 2.210451
3465 2.210186
3466 2.209920
3467 2.209654
3468 2.209387
3469 2.209121
3470 2.208854
3471 2.208586
3472 2.208319
3473 2.208051
3474 2.207782
3475 2.207514
3476 2.207245
3477 2.206976
3478 2.206706
3479 2.206436
3480 2.206166
3481 2.205895
3482 2.205624
3483 2.205353
3484 2.205082
3485 2.204810
3486 2.204538
3487 2.204265
3488 2.203992
3489 2.203719
3490 2.203445
3491 2.203171
3492 2.202897
3493 2.202623
3494 2.202348
3495 2.202072
3496 2.201797
3497 2.201521
3498 2.201244
3499 2.200968
3500 2.200691
3501 2.200413
3502 2.200135
3503 2.199857
3504 2.199579
3505 2.199300
3506 2.199021
3507 2.198741
3508 2.198461
3509 2.198181
3510 2.197900
3511 2.197619
3512 2.197337
3513 2.197055
3514 2.196773
3515 2.196490
3516 2.196207
3517 2.195924
3518 2.195640
3519 2.195356
3520 2.195071
3521 2.194787
3522 2.194501
3523 2.194215
3524 2.193929
3525 2.193643
3526 2.193356
3527 2.193068
3528 2.192781
3529 2.192492
3530 2.192204
3531 2.191915
3532 2.191625
3533 2.191336
3534 2.191045
3535 2.190755
3536 2.190464
3537 2.190172
3538 2.189880
3539 2.189588
3540 2.189295
3541 2.189002
3542 2.188708
3543 2.188414
3544 2.188120
3545 2.187825
3546 2.187530
3547 2.187234
3548 2.186938
3549 2.186641
3550 2.186344
3551 2.186046
3552 2.185749
3553 2.185450
3554 2.185151
3555 2.184852
3556 2.184552
3557 2.184252
3558 2.183951
3559 2.183650
3560 2.183348
3561 2.183046
3562 2.182744
3563 2.182441
3564 2.182137
3565 2.181834
3566 2.181529
3567 2.181224
3568 2.180919
3569 2.180613
3570 2.180307
3571 2.180000
3572 2.179693
3573 2.179385
3574 2.179077
3575 2.178768
3576 2.178459
3577 2.178150
3578 2.177839
3579 2.177529
3580 2.177218
3581 2.176906
3582 2.176594
3583 2.176281
3584 2.175968
3585 2.175655
3586 2.175341
3587 2.175026
3588 2.174711
3589 2.174395
3590 2.174079
3591 2.173763
3592 2.173445
3593 2.173128
3594 2.172810
3595 2.172491
3596 2.172172
3597 2.171852
3598 2.171532
3599 2.171211
3600 2.170890
3601 2.170568
3602 2.170246
3603 2.169923
3604 2.169599
3605 2.169275
3606 2.168951
3607 2.168626
3608 2.168300
3609 2.167974
3610 2.167648
3611 2.167321
3612 2.166993
3613 2.166665
3614 2.166336
3615 2.166007
3616 2.165677
3617 2.165346
3618 2.165015
3619 2.164684
3620 2.164352
3621 2.164019
3622 2.163686
3623 2.163352
3624 2.163018
3625 2.162683
3626 2.162348
3627 2.162012
3628 2.161675
3629 2.161338
3630 2.161000
3631 2.160662
3632 2.160323
3633 2.159984
3634 2.159644
3635 2.159303
3636 2.158962
3637 2.158620
3638 2.158278
3639 2.157935
3640 2.157591
3641 2.157247
3642 2.156903
3643 2.156558
3644 2.156212
3645 2.155865
3646 2.155518
3647 2.155171
3648 2.154823
3649 2.154474
3650 2.154124
3651 2.153774
3652 2.153424
3653 2.153073
3654 2.152721
3655 2.152369
3656 2.152016
3657 2.151662
3658 2.151308
3659 2.150953
3660 2.150598
3661 2.150242
3662 2.149885
3663 2.149528
3664 2.149170
3665 2.148811
3666 2.148452
3667 2.148093
3668 2.147732
3669 2.147371
3670 2.147010
3671 2.146648
3672 2.146285
3673 2.145922
3674 2.145558
3675 2.145193
3676 2.144828
3677 2.144462
3678 2.144095
3679 2.143728
3680 2.143360
3681 2.142992
3682 2.142623
3683 2.142253
3684 2.141883
3685 2.141512
3686 2.141140
3687 2.140768
3688 2.140395
3689 2.140022
3690 2.139648
3691 2.139273
3692 2.138897
3693 2.138521
3694 2.138145
3695 2.137767
3696 2.137389
3697 2.137011
3698 2.136632
3699 2.136252
3700 2.135871
3701 2.135490
3702 2.135108
3703 2.134726
3704 2.134343
3705 2.133959
3706 2.133574
3707 2.133189
3708 2.132804
3709 2.132417
3710 2.132030
3711 2.131643
3712 2.131254
3713 2.130865
3714 2.130476
3715 2.130085
3716 2.129695
3717 2.129303
3718 2.128911
3719 2.128518
3720 2.128124
3721 2.127730
3722 2.127335
3723 2.126940
3724 2.126544
3725 2.126147
3726 2.125750
3727 2.125352
3728 2.124953
3729 2.124553
3730 2.124153
3731 2.123753
3732 2.123351
3733 2.122949
3734 2.122547
3735 2.122143
3736 2.121739
3737 2.121335
3738 2.120930
3739 2.120524
3740 2.120117
3741 2.119710
3742 2.119302
3743 2.118893
3744 2.118484
3745 2.118074
3746 2.117664
3747 2.117253
3748 2.116841
3749 2.116429
3750 2.116015
3751 2.115602
3752 2.115187
3753 2.114772
3754 2.114357
3755 2.113940
3756 2.113523
3757 2.113106
3758 2.112688
3759 2.112269
3760 2.111849
3761 2.111429
3762 2.111008
3763 2.110587
3764 2.110164
3765 2.109742
3766 2.109318
3767 2.108894
3768 2.108470
3769 2.108044
3770 2.107618
3771 2.107192
3772 2.106765
3773 2.106337
3774 2.105908
3775 2.105479
3776 2.105049
3777 2.104619
3778 2.104188
3779 2.103756
3780 2.103324
3781 2.102891
3782 2.102458
3783 2.102023
3784 2.101589
3785 2.101153
3786 2.100717
3787 2.100281
3788 2.099843
3789 2.099406
3790 2.098967
3791 2.098528
3792 2.098088
3793 2.097648
3794 2.097207
3795 2.096766
3796 2.096324
3797 2.095881
3798 2.095438
3799 2.094994
3800 2.094549
3801 2.094104
3802 2.093658
3803 2.093212
3804 2.092765
3805 2.092317
3806 2.091869
3807 2.091421
3808 2.090971
3809 2.090522
3810 2.090071
3811 2.089620
3812 2.089168
3813 2.088716
3814 2.088263
3815 2.087810
3816 2.087356
3817 2.086902
3818 2.086447
3819 2.085991
3820 2.085535
3821 2.085078
3822 2.084621
3823 2.084163
3824 2.083705
3825 2.083246
3826 2.082786
3827 2.082326
3828 2.081865
3829 2.081404
3830 2.080942
3831 2.080480
3832 2.080017
3833 2.079554
3834 2.079090
3835 2.078626
3836 2.078161
3837 2.077695
3838 2.077229
3839 2.076763
3840 2.076295
3841 2.075828
3842 2.075360
3843 2.074891
3844 2.074422
3845 2.073952
3846 2.073482
3847 2.073012
3848 2.072540
3849 2.072069
3850 2.071597
3851 2.071124
3852 2.070651
3853 2.070177
3854 2.069703
3855 2.069228
3856 2.068753
3857 2.068278
3858 2.067802
3859 2.067325
3860 2.066848
3861 2.066370
3862 2.065892
3863 2.065414
3864 2.064935
3865 2.064456
3866 2.063976
3867 2.063496
3868 2.063015
3869 2.062534
3870 2.062052
3871 2.061570
3872 2.061088
3873 2.060605
3874 2.060121
3875 2.059637
3876 2.059153
3877 2.058668
3878 2.058183
3879 2.057698
3880 2.057212
3881 2.056726
3882 2.056239
3883 2.055752
3884 2.055264
3885 2.054776
3886 2.054288
3887 2.053799
3888 2.053310
3889 2.052820
3890 2.052330
3891 2.051840
3892 2.051349
3893 2.050858
3894 2.050366
3895 2.049874
3896 2.049382
3897 2.048890
3898 2.048397
3899 2.047903
3900 2.047410
3901 2.046916
3902 2.046421
3903 2.045927
3904 2.045431
3905 2.044936
3906 2.044440
3907 2.043944
3908 2.043448
3909 2.042951
3910 2.042454
3911 2.041957
3912 2.041459
3913 2.040961
3914 2.040462
3915 2.039964
3916 2.039465
3917 2.038966
3918 2.038466
3919 2.037966
3920 2.037466
3921 2.036966
3922 2.036465
3923 2.035964
3924 2.035463
3925 2.034961
3926 2.034460
3927 2.033958
3928 2.033455
3929 2.032953
3930 2.032450
3931 2.031947
3932 2.031444
3933 2.030940
3934 2.030436
3935 2.029932
3936 2.029428
3937 2.028924
3938 2.028419
3939 2.027914
3940 2.027409
3941 2.026904
3942 2.026398
3943 2.025893
3944 2.025387
3945 2.024881
3946 2.024374
3947 2.023868
3948 2.023361
3949 2.022855
3950 2.022348
3951 2.021841
3952 2.021333
3953 2.020826
3954 2.020318
3955 2.019811
3956 2.019303
3957 2.018795
3958 2.018287
3959 2.017778
3960 2.017270
3961 2.016762
3962 2.016253
3963 2.015744
3964 2.015236
3965 2.014727
3966 2.014218
3967 2.013709
3968 2.013199
3969 2.012690
3970 2.012181
3971 2.011672
3972 2.011162
3973 2.010653
3974 2.010143
3975 2.009634
3976 2.009124
3977 2.008614
3978 2.008105
3979 2.007595
3980 2.007085
3981 2.006576
3982 2.006066
3983 2.005556
3984 2.005046
3985 2.004537
3986 2.004027
3987 2.003517
3988 2.003008
3989 2.002498
3990 2.001989
3991 2.001479
3992 2.000970
3993 2.000460
3994 1.999951
3995 1.999442
3996 1.998932
3997 1.998423
3998 1.997914
3999 1.997405
4000 1.996897
4001 1.996388
4002 1.995879
4003 1.995371
4004 1.994863
4005 1.994355
4006 1.993847
4007 1.993339
4008 1.992831
4009 1.992324
4010 1.991816
4011 1.991309
4012 1.990802
4013 1.990295
4014 1.989789
4015 1.989282
4016 1.988776
4017 1.988270
4018 1.987765
4019 1.987259
4020 1.986754
4021 1.986249
4022 1.985744
4023 1.985240
4024 1.984736
4025 1.984232
4026 1.983729
4027 1.983225
4028 1.982723
4029 1.982220
4030 1.981718
4031 1.981216
4032 1.980714
4033 1.980213
4034 1.979712
4035 1.979212
4036 1.978712
4037 1.978212
4038 1.977713
4039 1.977214
4040 1.976716
4041 1.976218
4042 1.975720
4043 1.975223
4044 1.974727
4045 1.974230
4046 1.973735
4047 1.973240
4048 1.972745
4049 1.972251
4050 1.971757
4051 1.971264
4052 1.970771
4053 1.970279
4054 1.969788
4055 1.969297
4056 1.968807
4057 1.968317
4058 1.967828
4059 1.967339
4060 1.966851
4061 1.966364
4062 1.965877
4063 1.965391
4064 1.964906
4065 1.964421
4066 1.963938
4067 1.963454
4068 1.962972
4069 1.962490
4070 1.962009
4071 1.961529
4072 1.961049
4073 1.960570
4074 1.960092
4075 1.959615
4076 1.959139
4077 1.958663
4078 1.958189
4079 1.957715
4080 1.957242
4081 1.956770
4082 1.956298
4083 1.955828
4084 1.955358
4085 1.954890
4086 1.954422
4087 1.953956
4088 1.953490
4089 1.953025
4090 1.952561
4091 1.952099
4092 1.951637
4093 1.951176
4094 1.950717
4095 1.950258
4096 1.949801
4097 1.949344
4098 1.948889
4099 1.948434
4100 1.947981
4101 1.947529
4102 1.947079
4103 1.946629
4104 1.946181
4105 1.945733
4106 1.945287
4107 1.944842
4108 1.944399
4109 1.943956
4110 1.943515
4111 1.943076
4112 1.942637
4113 1.942200
4114 1.941764
4115 1.941330
4116 1.940897
4117 1.940465
4118 1.940035
4119 1.939606
4120 1.939178
4121 1.938752
4122 1.938328
4123 1.937905
4124 1.937483
4125 1.937063
4126 1.936644
4127 1.936227
4128 1.935812
4129 1.935398
4130 1.934986
4131 1.934575
4132 1.934166
4133 1.933759
4134 1.933353
4135 1.932949
4136 1.932546
4137 1.932146
4138 1.931747
4139 1.931350
4140 1.930954
4141 1.930561
4142 1.930169
4143 1.929779
4144 1.929391
4145 1.929004
4146 1.928620
4147 1.928237
4148 1.927856
4149 1.927478
4150 1.927101
4151 1.926726
4152 1.926353
4153 1.925982
4154 1.925613
4155 1.925247
4156 1.924882
4157 1.924519
4158 1.924159
4159 1.923800
4160 1.923444
4161 1.923089
4162 1.922737
4163 1.922388
4164 1.922040
4165 1.921695
4166 1.921351
4167 1.921010
4168 1.920672
4169 1.920336
4170 1.920002
4171 1.919670
4172 1.919341
4173 1.919014
4174 1.918689
4175 1.918367
4176 1.918047
4177 1.917730
4178 1.917416
4179 1.917103
4180 1.916794
4181 1.916487
4182 1.916182
4183 1.915880
4184 1.915581
4185 1.915284
4186 1.914990
4187 1.914698
4188 1.914410
4189 1.914123
4190 1.913840
4191 1.913560
4192 1.913282
4193 1.913007
4194 1.912734
4195 1.912465
4196 1.912198
4197 1.911935
4198 1.911674
4199 1.911416
4200 1.911161
4201 1.910909
4202 1.910660
4203 1.910414
4204 1.910171
4205 1.909931
4206 1.909694
4207 1.909460
4208 1.909229
4209 1.909002
4210 1.908777
4211 1.908556
4212 1.908337
4213 1.908122
4214 1.907910
4215 1.907702
4216 1.907496
4217 1.907294
4218 1.907095
4219 1.906900
4220 1.906708
4221 1.906519
4222 1.906333
4223 1.906151
4224 1.905972
4225 1.905797
4226 1.905625
4227 1.905456
4228 1.905291
4229 1.905130
4230 1.904972
4231 1.904817
4232 1.904666
4233 1.904518
4234 1.904374
4235 1.904234
4236 1.904097
4237 1.903964
4238 1.903834
4239 1.903708
4240 1.903586
4241 1.903467
4242 1.903352
4243 1.903240
4244 1.903133
4245 1.903028
4246 1.902928
4247 1.902831
4248 1.902738
4249 1.902649
4250 1.902563
4251 1.902481
4252 1.902403
4253 1.902328
4254 1.902257
4255 1.902190
4256 1.902127
4257 1.902067
4258 1.902011
4259 1.901959
4260 1.901910
4261 1.901865
4262 1.901824
4263 1.901787
4264 1.901753
4265 1.901723
4266 1.901696
4267 1.901674
4268 1.901655
4269 1.901639
4270 1.901627
4271 1.901619
4272 1.901614
4273 1.901613
4274 1.901615
4275 1.901621
4276 1.901631
4277 1.901644
4278 1.901660
4279 1.901680
4280 1.901703
4281 1.901729
4282 1.901759
4283 1.901792
4284 1.901829
4285 1.901868
4286 1.901911
4287 1.901957
4288 1.902006
4289 1.902058
4290 1.902114
4291 1.902172
4292 1.902233
4293 1.902297
4294 1.902364
4295 1.902434
4296 1.902506
4297 1.902581
4298 1.902659
4299 1.902740
4300 1.902823
4301 1.902908
4302 1.902996
4303 1.903086
4304 1.903179
4305 1.903273
4306 1.903370
4307 1.903470
4308 1.903571
4309 1.903674
4310 1.903779
4311 1.903886
4312 1.903995
4313 1.904105
4314 1.904217
4315 1.904331
4316 1.904446
4317 1.904563
4318 1.904681
4319 1.904800
4320 1.904921
4321 1.905043
4322 1.905166
4323 1.905289
4324 1.905414
4325 1.905540
4326 1.905667
4327 1.905794
4328 1.905922
4329 1.906050
4330 1.906179
4331 1.906309
4332 1.906438
4333 1.906569
4334 1.906699
4335 1.906829
4336 1.906960
4337 1.907091
4338 1.907221
4339 1.907352
4340 1.907482
4341 1.907612
4342 1.907741
4343 1.907870
4344 1.907999
4345 1.908127
4346 1.908255
4347 1.908382
4348 1.908508
4349 1.908633
4350 1.908758
4351 1.908881
4352 1.909004
4353 1.909125
4354 1.909245
4355 1.909364
4356 1.909482
4357 1.909599
4358 1.909714
4359 1.909828
4360 1.909940
4361 1.910050
4362 1.910159
4363 1.910267
4364 1.910372
4365 1.910476
4366 1.910578
4367 1.910678
4368 1.910776
4369 1.910872
4370 1.910966
4371 1.911058
4372 1.911148
4373 1.911235
4374 1.911320
4375 1.911403
4376 1.911484
4377 1.911561
4378 1.911637
4379 1.911710
4380 1.911780
4381 1.911847
4382 1.911912
4383 1.911974
4384 1.912033
4385 1.912090
4386 1.912143
4387 1.912194
4388 1.912241
4389 1.912285
4390 1.912327
4391 1.912364
4392 1.912399
4393 1.912431
4394 1.912459
4395 1.912483
4396 1.912505
4397 1.912523
4398 1.912537
4399 1.912547
4400 1.912554
4401 1.912558
4402 1.912557
4403 1.912553
4404 1.912545
4405 1.912533
4406 1.912517
4407 1.912497
4408 1.912473
4409 1.912445
4410 1.912413
4411 1.912376
4412 1.912336
4413 1.912291
4414 1.912241
4415 1.912187
4416 1.912129
4417 1.912066
4418 1.911999
4419 1.911927
4420 1.911851
4421 1.911770
4422 1.911684
4423 1.911593
4424 1.911497
4425 1.911397
4426 1.911291
4427 1.911181
4428 1.911065
4429 1.910944
4430 1.910818
4431 1.910687
4432 1.910551
4433 1.910410
4434 1.910263
4435 1.910110
4436 1.909953
4437 1.909789
4438 1.909621
4439 1.909446
4440 1.909266
4441 1.909081
4442 1.908889
4443 1.908692
4444 1.908489
4445 1.908280
4446 1.908065
4447 1.907845
4448 1.907618
4449 1.907385
4450 1.907146
4451 1.906901
4452 1.906650
4453 1.906393
4454 1.906129
4455 1.905859
4456 1.905583
4457 1.905300
4458 1.905011
4459 1.904715
4460 1.904413
4461 1.904104
4462 1.903788
4463 1.903466
4464 1.903137
4465 1.902802
4466 1.902460
4467 1.902110
4468 1.901754
4469 1.901392
4470 1.901022
4471 1.900645
4472 1.900261
4473 1.899870
4474 1.899472
4475 1.899067
4476 1.898655
4477 1.898235
4478 1.897809
4479 1.897375
4480 1.896933
4481 1.896485
4482 1.896029
4483 1.895565
4484 1.895094
4485 1.894616
4486 1.894130
4487 1.893636
4488 1.893135
4489 1.892626
4490 1.892110
4491 1.891586
4492 1.891054
4493 1.890514
4494 1.889966
4495 1.889411
4496 1.888848
4497 1.888276
4498 1.887697
4499 1.887110
4500 1.886515
4501 1.885912
4502 1.885300
4503 1.884681
4504 1.884053
4505 1.883417
4506 1.882773
4507 1.882121
4508 1.881460
4509 1.880791
4510 1.880114
4511 1.879428
4512 1.878734
4513 1.878031
4514 1.877320
4515 1.876601
4516 1.875872
4517 1.875136
4518 1.874390
4519 1.873636
4520 1.872873
4521 1.872102
4522 1.871322
4523 1.870532
4524 1.869735
4525 1.868928
4526 1.868112
4527 1.867288
4528 1.866454
4529 1.865612
4530 1.864760
4531 1.863900
4532 1.863030
4533 1.862151
4534 1.861263
4535 1.860366
4536 1.859460
4537 1.858544
4538 1.857620
4539 1.856686
4540 1.855742
4541 1.854789
4542 1.853827
4543 1.852856
4544 1.851875
4545 1.850884
4546 1.849884
4547 1.848875
4548 1.847856
4549 1.846827
4550 1.845789
4551 1.844741
4552 1.843684
4553 1.842617
4554 1.841540
4555 1.840454
4556 1.839357
4557 1.838251
4558 1.837135
4559 1.836010
4560 1.834874
4561 1.833729
4562 1.832574
4563 1.831409
4564 1.830234
4565 1.829049
4566 1.827854
4567 1.826650
4568 1.825435
4569 1.824210
4570 1.822976
4571 1.821731
4572 1.820476
4573 1.819212
4574 1.817937
4575 1.816652
4576 1.815357
4577 1.814052
4578 1.812737
4579 1.811413
4580 1.810077
4581 1.808732
4582 1.807377
4583 1.806012
4584 1.804637
4585 1.803251
4586 1.801856
4587 1.800450
4588 1.799035
4589 1.797609
4590 1.796174
4591 1.794728
4592 1.793273
4593 1.791807
4594 1.790331
4595 1.788846
4596 1.787350
4597 1.785845
4598 1.784329
4599 1.782804
4600 1.781269
4601 1.779724
4602 1.778169
4603 1.776604
4604 1.775030
4605 1.773446
4606 1.771852
4607 1.770248
4608 1.768635
4609 1.767012
4610 1.765380
4611 1.763738
4612 1.762086
4613 1.760425
4614 1.758755
4615 1.757075
4616 1.755386
4617 1.753688
4618 1.751980
4619 1.750263
4620 1.748537
4621 1.746802
4622 1.745058
4623 1.743305
4624 1.741543
4625 1.739772
4626 1.737992
4627 1.736203
4628 1.734406
4629 1.732600
4630 1.730786
4631 1.728963
4632 1.727132
4633 1.725292
4634 1.723444
4635 1.721588
4636 1.719723
4637 1.717851
4638 1.715971
4639 1.714082
4640 1.712186
4641 1.710282
4642 1.708371
4643 1.706452
4644 1.704525
4645 1.702591
4646 1.700649
4647 1.698701
4648 1.696745
4649 1.694782
4650 1.692813
4651 1.690836
4652 1.688853
4653 1.686863
4654 1.684866
4655 1.682863
4656 1.680853
4657 1.678838
4658 1.676816
4659 1.674788
4660 1.672754
4661 1.670714
4662 1.668669
4663 1.666618
4664 1.664561
4665 1.662499
4666 1.660432
4667 1.658360
4668 1.656282
4669 1.654200
4670 1.652113
4671 1.650021
4672 1.647924
4673 1.645823
4674 1.643718
4675 1.641609
4676 1.639495
4677 1.637378
4678 1.635257
4679 1.633132
4680 1.631003
4681 1.628871
4682 1.626736
4683 1.624598
4684 1.622457
4685 1.620312
4686 1.618165
4687 1.616016
4688 1.613864
4689 1.611709
4690 1.609553
4691 1.607394
4692 1.605234
4693 1.603071
4694 1.600908
4695 1.598742
4696 1.596576
4697 1.594408
4698 1.592239
4699 1.590070
4700 1.587900
4701 1.585729
4702 1.583558
4703 1.581387
4704 1.579216
4705 1.577045
4706 1.574874
4707 1.572704
4708 1.570535
4709 1.568366
4710 1.566199
4711 1.564032
4712 1.561867
4713 1.559704
4714 1.557543
4715 1.555383
4716 1.553226
4717 1.551071
4718 1.548919
4719 1.546770
4720 1.544624
4721 1.542481
4722 1.540341
4723 1.538205
4724 1.536073
4725 1.533945
4726 1.531821
4727 1.529702
4728 1.527588
4729 1.525479
4730 1.523375
4731 1.521276
4732 1.519184
4733 1.517097
4734 1.515016
4735 1.512941
4736 1.510874
4737 1.508813
4738 1.506759
4739 1.504712
4740 1.502673
4741 1.500641
4742 1.498617
4743 1.496601
4744 1.494594
4745 1.492595
4746 1.490604
4747 1.488622
4748 1.486649
4749 1.484685
4750 1.482730
4751 1.480784
4752 1.478847
4753 1.476920
4754 1.475002
4755 1.473094
4756 1.471196
4757 1.469307
4758 1.467428
4759 1.465558
4760 1.463699
4761 1.461848
4762 1.460008
4763 1.458177
4764 1.456356
4765 1.454544
4766 1.452742
4767 1.450949
4768 1.449165
4769 1.447391
4770 1.445625
4771 1.443869
4772 1.442121
4773 1.440382
4774 1.438652
4775 1.436930
4776 1.435216
4777 1.433510
4778 1.431812
4779 1.430122
4780 1.428440
4781 1.426765
4782 1.425097
4783 1.423436
4784 1.421783
4785 1.420136
4786 1.418495
4787 1.416861
4788 1.415233
4789 1.413611
4790 1.411995
4791 1.410385
4792 1.408780
4793 1.407181
4794 1.405587
4795 1.403998
4796 1.402414
4797 1.400834
4798 1.399260
4799 1.397689
4800 1.396123
4801 1.394562
4802 1.393004
4803 1.391451
4804 1.389901
4805 1.388355
4806 1.386813
4807 1.385275
4808 1.383740
4809 1.382208
4810 1.380680
4811 1.379155
4812 1.377633
4813 1.376115
4814 1.374599
4815 1.373087
4816 1.371577
4817 1.370071
4818 1.368567
4819 1.367067
4820 1.365569
4821 1.364074
4822 1.362582
4823 1.361093
4824 1.359607
4825 1.358123
4826 1.356643
4827 1.355165
4828 1.353690
4829 1.352218
4830 1.350749
4831 1.349283
4832 1.347820
4833 1.346360
4834 1.344904
4835 1.343450
4836 1.341999
4837 1.340552
4838 1.339108
4839 1.337667
4840 1.336230
4841 1.334796
4842 1.333365
4843 1.331938
4844 1.330515
4845 1.329096
4846 1.327680
4847 1.326268
4848 1.324860
4849 1.323456
4850 1.322056
4851 1.320660
4852 1.319268
4853 1.317881
4854 1.316497
4855 1.315119
4856 1.313744
4857 1.312375
4858 1.311010
4859 1.309649
4860 1.308294
4861 1.306943
4862 1.305597
4863 1.304256
4864 1.302920
4865 1.301589
4866 1.300264
4867 1.298944
4868 1.297629
4869 1.296319
4870 1.295015
4871 1.293716
4872 1.292423
4873 1.291135
4874 1.289853
4875 1.288577
4876 1.287307
4877 1.286042
4878 1.284784
4879 1.283531
4880 1.282284
4881 1.281043
4882 1.279808
4883 1.278579
4884 1.277357
4885 1.276140
4886 1.274930
4887 1.273726
4888 1.272528
4889 1.271336
4890 1.270151
4891 1.268972
4892 1.267799
4893 1.266632
4894 1.265473
4895 1.264319
4896 1.263172
4897 1.262031
4898 1.260897
4899 1.259769
4900 1.258647
4901 1.257532
4902 1.256424
4903 1.255322
4904 1.254226
4905 1.253137
4906 1.252055
4907 1.250978
4908 1.249909
4909 1.248846
4910 1.247789
4911 1.246739
4912 1.245695
4913 1.244657
4914 1.243626
4915 1.242602
4916 1.241584
4917 1.240572
4918 1.239567
4919 1.238568
4920 1.237575
4921 1.236588
4922 1.235608
4923 1.234635
4924 1.233667
4925 1.232706
4926 1.231751
4927 1.230802
4928 1.229859
4929 1.228923
4930 1.227992
4931 1.227068
4932 1.226150
4933 1.225238
4934 1.224332
4935 1.223431
4936 1.222537
4937 1.221649
4938 1.220767
4939 1.219890
4940 1.219019
4941 1.218154
4942 1.217295
4943 1.216442
4944 1.215594
4945 1.214752
4946 1.213916
4947 1.213085
4948 1.212260
4949 1.211441
4950 1.210626
4951 1.209818
4952 1.209015
4953 1.208217
4954 1.207424
4955 1.206637
4956 1.205856
4957 1.205079
4958 1.204308
4959 1.203542
4960 1.202781
4961 1.202025
4962 1.201274
4963 1.200528
4964 1.199787
4965 1.199052
4966 1.198321
4967 1.197595
4968 1.196874
4969 1.196158
4970 1.195446
4971 1.194739
4972 1.194037
4973 1.193340
4974 1.192647
4975 1.191959
4976 1.191276
4977 1.190597
4978 1.189922
4979 1.189252
4980 1.188586
4981 1.187925
4982 1.187268
4983 1.186616
4984 1.185968
4985 1.185324
4986 1.184684
4987 1.184048
4988 1.183417
4989 1.182789
4990 1.182166
4991 1.181547
4992 1.180931
4993 1.180320
4994 1.179713
4995 1.179109
4996 1.178510
4997 1.177914
4998 1.177322
4999 1.176734
