0 35.477721
1 37.739751
2 38.587307
3 38.975004
4 39.270822
5 39.509595
6 39.675085
7 39.738703
8 39.653633
9 39.294637
10 38.354099
11 36.752507
12 34.625863
13 31.812138
14 28.822626
15 26.240337
16 24.166422
17 22.531379
18 21.238817
19 20.142690
20 19.120788
21 18.129460
22 17.160392
23 16.207652
24 15.265789
25 14.333225
26 13.413450
27 12.514588
28 11.646995
29 10.820431
30 10.042909
31 9.319624
32 8.652595
33 8.041401
34 7.484006
35 6.977249
36 6.517179
37 6.099442
38 5.719693
39 5.373901
40 5.058481
41 4.770296
42 4.506614
43 4.265053
44 4.043525
45 3.840189
46 3.653418
47 3.481759
48 3.323917
49 3.178724
50 3.045130
51 2.922178
52 2.808995
53 2.704777
54 2.608784
55 2.520329
56 2.438781
57 2.363556
58 2.294118
59 2.229975
60 2.170676
61 2.115808
62 2.064995
63 2.017892
64 1.974186
65 1.933590
66 1.895844
67 1.860711
68 1.827974
69 1.797435
70 1.768916
71 1.742253
72 1.717297
73 1.693912
74 1.671974
75 1.651372
76 1.632002
77 1.613770
78 1.596593
79 1.580391
80 1.565094
81 1.550639
82 1.536965
83 1.524020
84 1.511754
85 1.500122
86 1.489085
87 1.478603
88 1.468643
89 1.459173
90 1.450164
91 1.441589
92 1.433424
93 1.425644
94 1.418229
95 1.411159
96 1.404414
97 1.397978
98 1.391834
99 1.385966
100 1.380360
101 1.375001
102 1.369877
103 1.364975
104 1.360283
105 1.355790
106 1.351485
107 1.347359
108 1.343400
109 1.339600
110 1.335951
111 1.332444
112 1.329070
113 1.325823
114 1.322695
115 1.319679
116 1.316769
117 1.313960
118 1.311244
119 1.308618
120 1.306076
121 1.303612
122 1.301224
123 1.298906
124 1.296655
125 1.294467
126 1.292339
127 1.290268
128 1.288250
129 1.286284
130 1.284367
131 1.282496
132 1.280669
133 1.278886
134 1.277143
135 1.275439
136 1.273773
137 1.272144
138 1.270549
139 1.268989
140 1.267462
141 1.265966
142 1.264502
143 1.263067
144 1.261663
145 1.260286
146 1.258938
147 1.257617
148 1.256322
149 1.255053
150 1.253809
151 1.252589
152 1.251393
153 1.250221
154 1.249071
155 1.247943
156 1.246837
157 1.245751
158 1.244686
159 1.243640
160 1.242613
161 1.241605
162 1.240615
163 1.239643
164 1.238688
165 1.237749
166 1.236827
167 1.235920
168 1.235029
169 1.234154
170 1.233293
171 1.232447
172 1.231616
173 1.230799
174 1.229996
175 1.229208
176 1.228434
177 1.227674
178 1.226929
179 1.226199
180 1.225483
181 1.224783
182 1.224098
183 1.223429
184 1.222777
185 1.222141
186 1.221522
187 1.220921
188 1.220338
189 1.219774
190 1.219229
191 1.218705
192 1.218202
193 1.217720
194 1.217260
195 1.216823
196 1.216410
197 1.216022
198 1.215659
199 1.215322
200 1.215012
201 1.214729
202 1.214475
203 1.214250
204 1.214055
205 1.213891
206 1.213758
207 1.213656
208 1.213588
209 1.213553
210 1.213552
211 1.213585
212 1.213654
213 1.213759
214 1.213899
215 1.214077
216 1.214292
217 1.214544
218 1.214835
219 1.215164
220 1.215531
221 1.215938
222 1.216385
223 1.216871
224 1.217397
225 1.217964
226 1.218570
227 1.219218
228 1.219906
229 1.220635
230 1.221406
231 1.222217
232 1.223070
233 1.223965
234 1.224901
235 1.225879
236 1.226898
237 1.227960
238 1.229063
239 1.230209
240 1.231397
241 1.232628
242 1.233901
243 1.235217
244 1.236577
245 1.237979
246 1.239425
247 1.240915
248 1.242449
249 1.244028
250 1.245651
251 1.247320
252 1.249035
253 1.250796
254 1.252604
255 1.254459
256 1.256363
257 1.258315
258 1.260317
259 1.262369
260 1.264472
261 1.266627
262 1.268835
263 1.271096
264 1.273412
265 1.275785
266 1.278213
267 1.280700
268 1.283246
269 1.285852
270 1.288520
271 1.291250
272 1.294043
273 1.296902
274 1.299827
275 1.302819
276 1.305880
277 1.309010
278 1.312211
279 1.315483
280 1.318828
281 1.322247
282 1.325740
283 1.329308
284 1.332952
285 1.336672
286 1.340468
287 1.344340
288 1.348289
289 1.352314
290 1.356414
291 1.360590
292 1.364839
293 1.369161
294 1.373555
295 1.378018
296 1.382549
297 1.387145
298 1.391804
299 1.396523
300 1.401299
301 1.406128
302 1.411008
303 1.415933
304 1.420900
305 1.425904
306 1.430941
307 1.436006
308 1.441095
309 1.446202
310 1.451322
311 1.456450
312 1.461582
313 1.466711
314 1.471833
315 1.476943
316 1.482036
317 1.487107
318 1.492152
319 1.497167
320 1.502147
321 1.507090
322 1.511990
323 1.516845
324 1.521652
325 1.526409
326 1.531112
327 1.535759
328 1.540350
329 1.544882
330 1.549353
331 1.553764
332 1.558112
333 1.562398
334 1.566620
335 1.570780
336 1.574876
337 1.578909
338 1.582880
339 1.586788
340 1.590634
341 1.594419
342 1.598144
343 1.601809
344 1.605416
345 1.608964
346 1.612456
347 1.615892
348 1.619273
349 1.622601
350 1.625876
351 1.629099
352 1.632272
353 1.635396
354 1.638472
355 1.641500
356 1.644482
357 1.647419
358 1.650311
359 1.653160
360 1.655967
361 1.658733
362 1.661457
363 1.664142
364 1.666789
365 1.669396
366 1.671967
367 1.674500
368 1.676997
369 1.679459
370 1.681886
371 1.684278
372 1.686636
373 1.688961
374 1.691252
375 1.693511
376 1.695738
377 1.697932
378 1.700095
379 1.702226
380 1.704325
381 1.706394
382 1.708431
383 1.710438
384 1.712413
385 1.714358
386 1.716272
387 1.718155
388 1.720008
389 1.721829
390 1.723619
391 1.725378
392 1.727106
393 1.728802
394 1.730466
395 1.732098
396 1.733698
397 1.735266
398 1.736801
399 1.738302
400 1.739771
401 1.741206
402 1.742606
403 1.743973
404 1.745304
405 1.746601
406 1.747862
407 1.749088
408 1.750278
409 1.751432
410 1.752549
411 1.753629
412 1.754673
413 1.755679
414 1.756648
415 1.757579
416 1.758473
417 1.759329
418 1.760148
419 1.760929
420 1.761672
421 1.762378
422 1.763046
423 1.763678
424 1.764273
425 1.764831
426 1.765354
427 1.765840
428 1.766292
429 1.766710
430 1.767094
431 1.767444
432 1.767763
433 1.768050
434 1.768306
435 1.768533
436 1.768731
437 1.768902
438 1.769046
439 1.769165
440 1.769259
441 1.769331
442 1.769380
443 1.769410
444 1.769420
445 1.769412
446 1.769388
447 1.769349
448 1.769296
449 1.769231
450 1.769155
451 1.769070
452 1.768977
453 1.768877
454 1.768773
455 1.768665
456 1.768555
457 1.768445
458 1.768335
459 1.768228
460 1.768125
461 1.768027
462 1.767936
463 1.767852
464 1.767779
465 1.767715
466 1.767665
467 1.767627
468 1.767604
469 1.767598
470 1.767608
471 1.767637
472 1.767686
473 1.767756
474 1.767847
475 1.767962
476 1.768102
477 1.768266
478 1.768457
479 1.768675
480 1.768922
481 1.769198
482 1.769505
483 1.769842
484 1.770212
485 1.770614
486 1.771050
487 1.771521
488 1.772027
489 1.772569
490 1.773147
491 1.773763
492 1.774416
493 1.775108
494 1.775839
495 1.776609
496 1.777420
497 1.778271
498 1.779163
499 1.780096
500 1.781071
501 1.782088
502 1.783147
503 1.784248
504 1.785392
505 1.786579
506 1.787809
507 1.789082
508 1.790398
509 1.791757
510 1.793160
511 1.794605
512 1.796094
513 1.797626
514 1.799200
515 1.800817
516 1.802477
517 1.804179
518 1.805923
519 1.807709
520 1.809537
521 1.811407
522 1.813318
523 1.815271
524 1.817264
525 1.819299
526 1.821375
527 1.823491
528 1.825649
529 1.827848
530 1.830089
531 1.832371
532 1.834696
533 1.837063
534 1.839473
535 1.841927
536 1.844425
537 1.846969
538 1.849560
539 1.852198
540 1.854885
541 1.857621
542 1.860408
543 1.863247
544 1.866139
545 1.869086
546 1.872087
547 1.875144
548 1.878256
549 1.881425
550 1.884649
551 1.887927
552 1.891256
553 1.894635
554 1.898059
555 1.901523
556 1.905020
557 1.908542
558 1.912079
559 1.915621
560 1.919154
561 1.922663
562 1.926134
563 1.929551
564 1.932896
565 1.936155
566 1.939314
567 1.942359
568 1.945282
569 1.948076
570 1.950736
571 1.953262
572 1.955657
573 1.957923
574 1.960068
575 1.962098
576 1.964021
577 1.965845
578 1.967577
579 1.969226
580 1.970798
581 1.972300
582 1.973739
583 1.975120
584 1.976447
585 1.977727
586 1.978962
587 1.980156
588 1.981313
589 1.982436
590 1.983527
591 1.984589
592 1.985623
593 1.986633
594 1.987618
595 1.988582
596 1.989526
597 1.990451
598 1.991357
599 1.992247
600 1.993121
601 1.993980
602 1.994825
603 1.995656
604 1.996475
605 1.997282
606 1.998078
607 1.998863
608 1.999638
609 2.000403
610 2.001159
611 2.001906
612 2.002645
613 2.003375
614 2.004098
615 2.004814
616 2.005523
617 2.006225
618 2.006920
619 2.007610
620 2.008293
621 2.008971
622 2.009643
623 2.010310
624 2.010972
625 2.011628
626 2.012280
627 2.012927
628 2.013570
629 2.014208
630 2.014842
631 2.015471
632 2.016096
633 2.016717
634 2.017334
635 2.017947
636 2.018555
637 2.019160
638 2.019760
639 2.020357
640 2.020949
641 2.021537
642 2.022121
643 2.022701
644 2.023276
645 2.023847
646 2.024414
647 2.024976
648 2.025534
649 2.026087
650 2.026635
651 2.027179
652 2.027717
653 2.028251
654 2.028779
655 2.029302
656 2.029819
657 2.030331
658 2.030837
659 2.031337
660 2.031831
661 2.032319
662 2.032800
663 2.033275
664 2.033744
665 2.034206
666 2.034661
667 2.035108
668 2.035549
669 2.035982
670 2.036408
671 2.036827
672 2.037237
673 2.037640
674 2.038035
675 2.038422
676 2.038801
677 2.039172
678 2.039535
679 2.039889
680 2.040235
681 2.040573
682 2.040902
683 2.041223
684 2.041536
685 2.041840
686 2.042136
687 2.042424
688 2.042703
689 2.042974
690 2.043237
691 2.043492
692 2.043740
693 2.043979
694 2.044210
695 2.044434
696 2.044650
697 2.044859
698 2.045061
699 2.045256
700 2.045443
701 2.045624
702 2.045798
703 2.045966
704 2.046128
705 2.046283
706 2.046432
707 2.046576
708 2.046714
709 2.046847
710 2.046974
711 2.047097
712 2.047214
713 2.047327
714 2.047435
715 2.047539
716 2.047639
717 2.047735
718 2.047828
719 2.047916
720 2.048002
721 2.048084
722 2.048163
723 2.048240
724 2.048313
725 2.048385
726 2.048454
727 2.048521
728 2.048586
729 2.048649
730 2.048711
731 2.048771
732 2.048830
733 2.048889
734 2.048946
735 2.049003
736 2.049059
737 2.049115
738 2.049170
739 2.049226
740 2.049282
741 2.049339
742 2.049395
743 2.049453
744 2.049512
745 2.049571
746 2.049632
747 2.049694
748 2.049758
749 2.049823
750 2.049891
751 2.049960
752 2.050032
753 2.050106
754 2.050183
755 2.050262
756 2.050344
757 2.050430
758 2.050518
759 2.050610
760 2.050705
761 2.050804
762 2.050907
763 2.051014
764 2.051125
765 2.051241
766 2.051360
767 2.051485
768 2.051613
769 2.051747
770 2.051886
771 2.052029
772 2.052178
773 2.052332
774 2.052491
775 2.052656
776 2.052826
777 2.053001
778 2.053182
779 2.053368
780 2.053560
781 2.053757
782 2.053960
783 2.054167
784 2.054380
785 2.054598
786 2.054820
787 2.055047
788 2.055277
789 2.055511
790 2.055749
791 2.055988
792 2.056230
793 2.056472
794 2.056714
795 2.056954
796 2.057191
797 2.057424
798 2.057651
799 2.057868
800 2.058073
801 2.058263
802 2.058434
803 2.058581
804 2.058697
805 2.058777
806 2.058812
807 2.058790
808 2.058701
809 2.058528
810 2.058253
811 2.057851
812 2.057293
813 2.056540
814 2.055541
815 2.054227
816 2.052503
817 2.050225
818 2.047173
819 2.042965
820 2.036867
821 2.027215
822 2.009197
823 1.966396
824 1.761942
825 1.798346
826 1.776421
827 1.766922
828 2.186678
829 2.224850
830 2.220835
831 2.217892
832 2.214709
833 2.211806
834 2.208855
835 2.205877
836 2.202782
837 2.199552
838 2.196175
839 2.192668
840 2.189061
841 2.185388
842 2.181665
843 2.177879
844 2.173996
845 2.169973
846 2.165774
847 2.161394
848 2.156865
849 2.152263
850 2.147694
851 2.143276
852 2.139116
853 2.135300
854 2.131874
855 2.128831
856 2.126105
857 2.123592
858 2.121190
859 2.118827
860 2.116467
861 2.114093
862 2.111699
863 2.109274
864 2.106812
865 2.104306
866 2.101752
867 2.099150
868 2.096503
869 2.093818
870 2.091106
871 2.088383
872 2.085661
873 2.082953
874 2.080272
875 2.077627
876 2.075031
877 2.072508
878 2.070095
879 2.067849
880 2.065849
881 2.064207
882 2.063090
883 2.062748
884 2.063567
885 2.066088
886 2.070913
887 2.078372
888 2.088112
889 2.099232
890 2.110977
891 2.122907
892 2.134593
893 2.145562
894 2.155395
895 2.163816
896 2.170725
897 2.176170
898 2.180281
899 2.183218
900 2.185139
901 2.186184
902 2.186475
903 2.186116
904 2.185198
905 2.183804
906 2.182009
907 2.179887
908 2.177507
909 2.174939
910 2.172249
911 2.169500
912 2.166753
913 2.164060
914 2.161470
915 2.159023
916 2.156752
917 2.154679
918 2.152821
919 2.151186
920 2.149777
921 2.148592
922 2.147622
923 2.146856
924 2.146281
925 2.145878
926 2.145625
927 2.145499
928 2.145471
929 2.145509
930 2.145575
931 2.145630
932 2.145631
933 2.145532
934 2.145288
935 2.144851
936 2.144179
937 2.143235
938 2.141989
939 2.140426
940 2.138549
941 2.136385
942 2.133988
943 2.131444
944 2.128868
945 2.126397
946 2.124183
947 2.122376
948 2.121123
949 2.120560
950 2.120812
951 2.121997
952 2.124212
953 2.127541
954 2.132058
955 2.137851
956 2.145057
957 2.153889
958 2.164661
959 2.177763
960 2.193604
961 2.212547
962 2.234911
963 2.261040
964 2.291061
965 2.324068
966 2.357877
967 2.390325
968 2.420233
969 2.447322
970 2.471417
971 2.492088
972 2.509489
973 2.524168
974 2.536289
975 2.545479
976 2.551800
977 2.556111
978 2.558826
979 2.559641
980 2.555982
981 2.513325
982 2.402814
983 2.434070
984 2.431320
985 2.287137
986 2.537477
987 2.543690
988 2.548044
989 2.550099
990 2.550173
991 2.546395
992 2.512970
993 2.937871
994 2.240656
995 2.464724
996 2.921058
997 2.297605
998 2.471591
999 2.638883
1000 2.433583
1001 2.541995
1002 2.537598
1003 2.530581
1004 2.525764
1005 2.520927
1006 2.515434
1007 2.509443
1008 2.502864
1009 2.495564
1010 2.487414
1011 2.478330
1012 2.468304
1013 2.457430
1014 2.445903
1015 2.433979
1016 2.421922
1017 2.409997
1018 2.398475
1019 2.387605
1020 2.377568
1021 2.368407
1022 2.360008
1023 2.352167
1024 2.344678
1025 2.337368
1026 2.330099
1027 2.322753
1028 2.315225
1029 2.307410
1030 2.299195
1031 2.290453
1032 2.281040
1033 2.270811
1034 2.259673
1035 2.247711
1036 2.235361
1037 2.223487
1038 2.213054
1039 2.204547
1040 2.197832
1041 2.192523
1042 2.188307
1043 2.184986
1044 2.182438
1045 2.180575
1046 2.179326
1047 2.178631
1048 2.178437
1049 2.178701
1050 2.179386
1051 2.180465
1052 2.181918
1053 2.183733
1054 2.185906
1055 2.188437
1056 2.191335
1057 2.194611
1058 2.198280
1059 2.202360
1060 2.206871
1061 2.211834
1062 2.217270
1063 2.223194
1064 2.229609
1065 2.236490
1066 2.243764
1067 2.251286
1068 2.258832
1069 2.266123
1070 2.272898
1071 2.279012
1072 2.284474
1073 2.289401
1074 2.293935
1075 2.298192
1076 2.302256
1077 2.306190
1078 2.310041
1079 2.313848
1080 2.317642
1081 2.321442
1082 2.325260
1083 2.329094
1084 2.332934
1085 2.336771
1086 2.340597
1087 2.344410
1088 2.348200
1089 2.351945
1090 2.355614
1091 2.359177
1092 2.362614
1093 2.365918
1094 2.369097
1095 2.372173
1096 2.375174
1097 2.378138
1098 2.381113
1099 2.384153
1100 2.387329
1101 2.390733
1102 2.394487
1103 2.398756
1104 2.403741
1105 2.409594
1106 2.416075
1107 2.421926
1108 2.425420
1109 2.427137
1110 2.428708
1111 2.430350
1112 2.432009
1113 2.433677
1114 2.435346
1115 2.437014
1116 2.438682
1117 2.440349
1118 2.442017
1119 2.443687
1120 2.445361
1121 2.447039
1122 2.448722
1123 2.450413
1124 2.452112
1125 2.453820
1126 2.455539
1127 2.457269
1128 2.459011
1129 2.460769
1130 2.462537
1131 2.464328
1132 2.466122
1133 2.467963
1134 2.469758
1135 2.471715
1136 2.473365
1137 2.475790
1138 2.476487
1139 2.481252
1140 2.476607
1141 2.492984
1142 2.462257
1143 2.507928
1144 2.451566
1145 2.509306
1146 2.460152
1147 2.509876
1148 2.480095
1149 2.512328
1150 2.478184
1151 2.512566
1152 2.496661
1153 2.512047
1154 2.495580
1155 2.516933
1156 2.505467
1157 2.517407
1158 2.511881
1159 2.519071
1160 2.518440
1161 2.520947
1162 2.522247
1163 2.523381
1164 2.524127
1165 2.524431
1166 2.524292
1167 2.523862
1168 2.523511
1169 2.523609
1170 2.524153
1171 2.524953
1172 2.525891
1173 2.526867
1174 2.527782
1175 2.528573
1176 2.529230
1177 2.529795
1178 2.530331
1179 2.530889
1180 2.531487
1181 2.532118
1182 2.532767
1183 2.533424
1184 2.534084
1185 2.534748
1186 2.535415
1187 2.536087
1188 2.536765
1189 2.537449
1190 2.538140
1191 2.538838
1192 2.539545
1193 2.540262
1194 2.540988
1195 2.541726
1196 2.542477
1197 2.543242
1198 2.544023
1199 2.544821
1200 2.545638
1201 2.546477
1202 2.547339
1203 2.548228
1204 2.549147
1205 2.550098
1206 2.551085
1207 2.552112
1208 2.553183
1209 2.554301
1210 2.555471
1211 2.556697
1212 2.557982
1213 2.559328
1214 2.560737
1215 2.562207
1216 2.563735
1217 2.565314
1218 2.566933
1219 2.568580
1220 2.570238
1221 2.571894
1222 2.573531
1223 2.575141
1224 2.576717
1225 2.578258
1226 2.579766
1227 2.581249
1228 2.582712
1229 2.584163
1230 2.585607
1231 2.587046
1232 2.588479
1233 2.589904
1234 2.591316
1235 2.592710
1236 2.594080
1237 2.595422
1238 2.596736
1239 2.598019
1240 2.599273
1241 2.600498
1242 2.601695
1243 2.602864
1244 2.604004
1245 2.605115
1246 2.606195
1247 2.607242
1248 2.608255
1249 2.609233
1250 2.610175
1251 2.611080
1252 2.611947
1253 2.612775
1254 2.613564
1255 2.614311
1256 2.615016
1257 2.615678
1258 2.616295
1259 2.616866
1260 2.617390
1261 2.617866
1262 2.618291
1263 2.618665
1264 2.618986
1265 2.619252
1266 2.619462
1267 2.619614
1268 2.619706
1269 2.619735
1270 2.619700
1271 2.619598
1272 2.619426
1273 2.619182
1274 2.618862
1275 2.618461
1276 2.617977
1277 2.617402
1278 2.616733
1279 2.615960
1280 2.615075
1281 2.614067
1282 2.612921
1283 2.611617
1284 2.610128
1285 2.608414
1286 2.606413
1287 2.604020
1288 2.601027
1289 2.596937
1290 2.590089
1291 2.574940
1292 2.784392
1293 1.575833
1294 1.731922
1295 3.158353
1296 1.618078
1297 2.403164
1298 2.630267
1299 2.671280
1300 2.665355
1301 2.662207
1302 2.657717
1303 2.653519
1304 2.651063
1305 2.646984
1306 2.641636
1307 2.633365
1308 2.618242
1309 2.618952
1310 1.675544
1311 2.603659
1312 2.634232
1313 2.663136
1314 2.630292
1315 2.625432
1316 2.634593
1317 1.710790
1318 2.953372
1319 1.569802
1320 3.656611
1321 4.132822
1322 2.002431
1323 2.693646
1324 1.653968
1325 2.894406
1326 3.813524
1327 2.661204
1328 2.672853
1329 2.704155
1330 2.674990
1331 2.652023
1332 3.531548
1333 1.642421
1334 4.114389
1335 2.432916
1336 1.913687
1337 2.698371
1338 2.173810
1339 2.695774
1340 2.668884
1341 1.734929
1342 2.681931
1343 1.926365
1344 2.967252
1345 4.499527
1346 2.700474
1347 1.918635
1348 3.252296
1349 1.976801
1350 3.697643
1351 2.201530
1352 2.290228
1353 2.830441
1354 4.412710
1355 2.316300
1356 4.178455
1357 2.861427
1358 4.302537
1359 3.723740
1360 3.349608
1361 2.625669
1362 2.700383
1363 2.607194
1364 2.607201
1365 2.592549
1366 2.581654
1367 2.572766
1368 2.565241
1369 2.558680
1370 2.552819
1371 2.547466
1372 2.542479
1373 2.537746
1374 2.533173
1375 2.528683
1376 2.524208
1377 2.519690
1378 2.515081
1379 2.510344
1380 2.505459
1381 2.500426
1382 2.495273
1383 2.490058
1384 2.484860
1385 2.479773
1386 2.474878
1387 2.470229
1388 2.465840
1389 2.461690
1390 2.457740
1391 2.453947
1392 2.450268
1393 2.446673
1394 2.443135
1395 2.439635
1396 2.436159
1397 2.432698
1398 2.429243
1399 2.425791
1400 2.422337
1401 2.418880
1402 2.415419
1403 2.411951
1404 2.408477
1405 2.404992
1406 2.401495
1407 2.397982
1408 2.394445
1409 2.390880
1410 2.387275
1411 2.383621
1412 2.379903
1413 2.376106
1414 2.372212
1415 2.368197
1416 2.364036
1417 2.359697
1418 2.355146
1419 2.350338
1420 2.345225
1421 2.339747
1422 2.333834
1423 2.327405
1424 2.320362
1425 2.312593
1426 2.303965
1427 2.294327
1428 2.283510
1429 2.271331
1430 2.257606
1431 2.242179
1432 2.224964
1433 2.206019
1434 2.185632
1435 2.164391
1436 2.143160
1437 2.122896
1438 2.104360
1439 2.087905
1440 2.073484
1441 2.060832
1442 2.049646
1443 2.039672
1444 2.030719
1445 2.022649
1446 2.015360
1447 2.008773
1448 2.002823
1449 1.997455
1450 1.992621
1451 1.988279
1452 1.984387
1453 1.980910
1454 1.977811
1455 1.975059
1456 1.972622
1457 1.970472
1458 1.968583
1459 1.966930
1460 1.965490
1461 1.964244
1462 1.963172
1463 1.962256
1464 1.961482
1465 1.960834
1466 1.960300
1467 1.959868
1468 1.959527
1469 1.959267
1470 1.959079
1471 1.958955
1472 1.958889
1473 1.958873
1474 1.958901
1475 1.958968
1476 1.959070
1477 1.959201
1478 1.959358
1479 1.959537
1480 1.959736
1481 1.959951
1482 1.960179
1483 1.960419
1484 1.960669
1485 1.960926
1486 1.961189
1487 1.961458
1488 1.961729
1489 1.962003
1490 1.962279
1491 1.962555
1492 1.962832
1493 1.963107
1494 1.963382
1495 1.963656
1496 1.963927
1497 1.964196
1498 1.964463
1499 1.964727
1500 1.964989
1501 1.965248
1502 1.965503
1503 1.965756
1504 1.966005
1505 1.966252
1506 1.966495
1507 1.966735
1508 1.966972
1509 1.967206
1510 1.967437
1511 1.967664
1512 1.967889
1513 1.968111
1514 1.968330
1515 1.968547
1516 1.968760
1517 1.968971
1518 1.969180
1519 1.969386
1520 1.969589
1521 1.969790
1522 1.969989
1523 1.970186
1524 1.970380
1525 1.970572
1526 1.970762
1527 1.970951
1528 1.971137
1529 1.971322
1530 1.971505
1531 1.971686
1532 1.971866
1533 1.972044
1534 1.972220
1535 1.972396
1536 1.972569
1537 1.972742
1538 1.972913
1539 1.973084
1540 1.973253
1541 1.973421
1542 1.973588
1543 1.973755
1544 1.973920
1545 1.974085
1546 1.974249
1547 1.974412
1548 1.974575
1549 1.974737
1550 1.974899
1551 1.975060
1552 1.975221
1553 1.975382
1554 1.975542
1555 1.975702
1556 1.975862
1557 1.976022
1558 1.976182
1559 1.976342
1560 1.976502
1561 1.976662
1562 1.976822
1563 1.976982
1564 1.977143
1565 1.977304
1566 1.977465
1567 1.977627
1568 1.977789
1569 1.977952
1570 1.978116
1571 1.978280
1572 1.978445
1573 1.978610
1574 1.978776
1575 1.978943
1576 1.979111
1577 1.979280
1578 1.979450
1579 1.979621
1580 1.979793
1581 1.979967
1582 1.980141
1583 1.980317
1584 1.980494
1585 1.980672
1586 1.980852
1587 1.981033
1588 1.981216
1589 1.981400
1590 1.981586
1591 1.981774
1592 1.981963
1593 1.982155
1594 1.982348
1595 1.982543
1596 1.982740
1597 1.982939
1598 1.983140
1599 1.983343
1600 1.983549
1601 1.983756
1602 1.983966
1603 1.984179
1604 1.984394
1605 1.984611
1606 1.984831
1607 1.985054
1608 1.985279
1609 1.985508
1610 1.985739
1611 1.985973
1612 1.986210
1613 1.986450
1614 1.986693
1615 1.986940
1616 1.987190
1617 1.987443
1618 1.987700
1619 1.987960
1620 1.988224
1621 1.988491
1622 1.988763
1623 1.989038
1624 1.989318
1625 1.989601
1626 1.989889
1627 1.990181
1628 1.990477
1629 1.990778
1630 1.991083
1631 1.991393
1632 1.991708
1633 1.992027
1634 1.992352
1635 1.992682
1636 1.993017
1637 1.993357
1638 1.993703
1639 1.994055
1640 1.994412
1641 1.994775
1642 1.995144
1643 1.995520
1644 1.995901
1645 1.996289
1646 1.996684
1647 1.997085
1648 1.997494
1649 1.997909
1650 1.998332
1651 1.998762
1652 1.999199
1653 1.999645
1654 2.000098
1655 2.000560
1656 2.001030
1657 2.001508
1658 2.001995
1659 2.002491
1660 2.002997
1661 2.003512
1662 2.004036
1663 2.004571
1664 2.005115
1665 2.005670
1666 2.006236
1667 2.006813
1668 2.007400
1669 2.008000
1670 2.008611
1671 2.009234
1672 2.009870
1673 2.010519
1674 2.011180
1675 2.011856
1676 2.012545
1677 2.013248
1678 2.013965
1679 2.014698
1680 2.015446
1681 2.016210
1682 2.016990
1683 2.017787
1684 2.018601
1685 2.019433
1686 2.020283
1687 2.021151
1688 2.022039
1689 2.022946
1690 2.023874
1691 2.024822
1692 2.025792
1693 2.026784
1694 2.027799
1695 2.028837
1696 2.029900
1697 2.030987
1698 2.032100
1699 2.033239
1700 2.034406
1701 2.035600
1702 2.036823
1703 2.038076
1704 2.039359
1705 2.040674
1706 2.042021
1707 2.043402
1708 2.044817
1709 2.046267
1710 2.047754
1711 2.049279
1712 2.050843
1713 2.052447
1714 2.054092
1715 2.055780
1716 2.057511
1717 2.059288
1718 2.061111
1719 2.062981
1720 2.064901
1721 2.066872
1722 2.068895
1723 2.070972
1724 2.073104
1725 2.075292
1726 2.077539
1727 2.079846
1728 2.082214
1729 2.084645
1730 2.087141
1731 2.089702
1732 2.092332
1733 2.095030
1734 2.097800
1735 2.100641
1736 2.103556
1737 2.106545
1738 2.109610
1739 2.112752
1740 2.115972
1741 2.119271
1742 2.122649
1743 2.126106
1744 2.129644
1745 2.133261
1746 2.136958
1747 2.140733
1748 2.144587
1749 2.148518
1750 2.152523
1751 2.156602
1752 2.160752
1753 2.164969
1754 2.169251
1755 2.173594
1756 2.177994
1757 2.182446
1758 2.186945
1759 2.191486
1760 2.196063
1761 2.200671
1762 2.205303
1763 2.209952
1764 2.214613
1765 2.219278
1766 2.223942
1767 2.228597
1768 2.233237
1769 2.237857
1770 2.242450
1771 2.247011
1772 2.251536
1773 2.256018
1774 2.260455
1775 2.264842
1776 2.269176
1777 2.273454
1778 2.277673
1779 2.281832
1780 2.285927
1781 2.289959
1782 2.293926
1783 2.297827
1784 2.301662
1785 2.305430
1786 2.309131
1787 2.312765
1788 2.316333
1789 2.319835
1790 2.323271
1791 2.326642
1792 2.329949
1793 2.333193
1794 2.336374
1795 2.339493
1796 2.342552
1797 2.345550
1798 2.348489
1799 2.351369
1800 2.354192
1801 2.356957
1802 2.359667
1803 2.362322
1804 2.364922
1805 2.367468
1806 2.369962
1807 2.372402
1808 2.374791
1809 2.377129
1810 2.379416
1811 2.381653
1812 2.383841
1813 2.385980
1814 2.388070
1815 2.390113
1816 2.392108
1817 2.394057
1818 2.395960
1819 2.397817
1820 2.399629
1821 2.401396
1822 2.403120
1823 2.404800
1824 2.406437
1825 2.408032
1826 2.409585
1827 2.411098
1828 2.412570
1829 2.414002
1830 2.415395
1831 2.416750
1832 2.418067
1833 2.419347
1834 2.420591
1835 2.421798
1836 2.422971
1837 2.424109
1838 2.425214
1839 2.426285
1840 2.427325
1841 2.428332
1842 2.429309
1843 2.430255
1844 2.431172
1845 2.432060
1846 2.432920
1847 2.433752
1848 2.434558
1849 2.435337
1850 2.436090
1851 2.436819
1852 2.437523
1853 2.438204
1854 2.438861
1855 2.439496
1856 2.440109
1857 2.440701
1858 2.441272
1859 2.441823
1860 2.442354
1861 2.442866
1862 2.443359
1863 2.443834
1864 2.444292
1865 2.444732
1866 2.445156
1867 2.445563
1868 2.445955
1869 2.446332
1870 2.446693
1871 2.447040
1872 2.447373
1873 2.447692
1874 2.447998
1875 2.448291
1876 2.448572
1877 2.448840
1878 2.449097
1879 2.449342
1880 2.449576
1881 2.449799
1882 2.450011
1883 2.450213
1884 2.450405
1885 2.450588
1886 2.450761
1887 2.450925
1888 2.451080
1889 2.451226
1890 2.451365
1891 2.451495
1892 2.451617
1893 2.451731
1894 2.451838
1895 2.451938
1896 2.452031
1897 2.452117
1898 2.452196
1899 2.452270
1900 2.452336
1901 2.452397
1902 2.452452
1903 2.452501
1904 2.452545
1905 2.452583
1906 2.452616
1907 2.452645
1908 2.452668
1909 2.452686
1910 2.452700
1911 2.452710
1912 2.452715
1913 2.452716
1914 2.452712
1915 2.452705
1916 2.452694
1917 2.452680
1918 2.452662
1919 2.452640
1920 2.452615
1921 2.452587
1922 2.452555
1923 2.452521
1924 2.452483
1925 2.452443
1926 2.452400
1927 2.452354
1928 2.452305
1929 2.452254
1930 2.452201
1931 2.452145
1932 2.452087
1933 2.452027
1934 2.451965
1935 2.451901
1936 2.451834
1937 2.451766
1938 2.451696
1939 2.451624
1940 2.451551
1941 2.451476
1942 2.451399
1943 2.451321
1944 2.451241
1945 2.451160
1946 2.451077
1947 2.450993
1948 2.450908
1949 2.450822
1950 2.450734
1951 2.450646
1952 2.450556
1953 2.450466
1954 2.450374
1955 2.450281
1956 2.450188
1957 2.450094
1958 2.449999
1959 2.449903
1960 2.449806
1961 2.449709
1962 2.449611
1963 2.449512
1964 2.449413
1965 2.449313
1966 2.449213
1967 2.449112
1968 2.449010
1969 2.448909
1970 2.448807
1971 2.448704
1972 2.448601
1973 2.448498
1974 2.448394
1975 2.448290
1976 2.448186
1977 2.448082
1978 2.447977
1979 2.447872
1980 2.447767
1981 2.447662
1982 2.447557
1983 2.447452
1984 2.447346
1985 2.447241
1986 2.447135
1987 2.447029
1988 2.446924
1989 2.446818
1990 2.446712
1991 2.446607
1992 2.446501
1993 2.446395
1994 2.446290
1995 2.446184
1996 2.446079
1997 2.445974
1998 2.445869
1999 2.445764
2000 2.445659
2001 2.445554
2002 2.445450
2003 2.445345
2004 2.445241
2005 2.445137
2006 2.445033
2007 2.444930
2008 2.444826
2009 2.444723
2010 2.444620
2011 2.444518
2012 2.444415
2013 2.444313
2014 2.444211
2015 2.444110
2016 2.444008
2017 2.443907
2018 2.443807
2019 2.443706
2020 2.443606
2021 2.443506
2022 2.443407
2023 2.443308
2024 2.443209
2025 2.443110
2026 2.443012
2027 2.442914
2028 2.442817
2029 2.442719
2030 2.442623
2031 2.442526
2032 2.442430
2033 2.442334
2034 2.442239
2035 2.442144
2036 2.442049
2037 2.441955
2038 2.441861
2039 2.441768
2040 2.441674
2041 2.441582
2042 2.441489
2043 2.441397
2044 2.441306
2045 2.441214
2046 2.441124
2047 2.441033
2048 2.440943
2049 2.440853
2050 2.440764
2051 2.440675
2052 2.440587
2053 2.440499
2054 2.440411
2055 2.440323
2056 2.440237
2057 2.440150
2058 2.440064
2059 2.439978
2060 2.439893
2061 2.439808
2062 2.439723
2063 2.439639
2064 2.439555
2065 2.439472
2066 2.439389
2067 2.439306
2068 2.439224
2069 2.439142
2070 2.439061
2071 2.438980
2072 2.438899
2073 2.438819
2074 2.438739
2075 2.438660
2076 2.438581
2077 2.438502
2078 2.438424
2079 2.438346
2080 2.438268
2081 2.438191
2082 2.438114
2083 2.438038
2084 2.437962
2085 2.437886
2086 2.437811
2087 2.437736
2088 2.437661
2089 2.437587
2090 2.437513
2091 2.437440
2092 2.437367
2093 2.437294
2094 2.437221
2095 2.437149
2096 2.437078
2097 2.437006
2098 2.436935
2099 2.436865
2100 2.436794
2101 2.436725
2102 2.436655
2103 2.436586
2104 2.436517
2105 2.436448
2106 2.436380
2107 2.436312
2108 2.436244
2109 2.436177
2110 2.436110
2111 2.436044
2112 2.435977
2113 2.435911
2114 2.435846
2115 2.435781
2116 2.435715
2117 2.435651
2118 2.435586
2119 2.435522
2120 2.435459
2121 2.435395
2122 2.435332
2123 2.435269
2124 2.435206
2125 2.435144
2126 2.435082
2127 2.435020
2128 2.434959
2129 2.434898
2130 2.434837
2131 2.434776
2132 2.434716
2133 2.434656
2134 2.434596
2135 2.434537
2136 2.434478
2137 2.434419
2138 2.434360
2139 2.434302
2140 2.434243
2141 2.434185
2142 2.434128
2143 2.434070
2144 2.434013
2145 2.433956
2146 2.433900
2147 2.433843
2148 2.433787
2149 2.433731
2150 2.433675
2151 2.433620
2152 2.433564
2153 2.433509
2154 2.433455
2155 2.433400
2156 2.433346
2157 2.433292
2158 2.433238
2159 2.433184
2160 2.433130
2161 2.433077
2162 2.433024
2163 2.432971
2164 2.432918
2165 2.432866
2166 2.432813
2167 2.432761
2168 2.432709
2169 2.432658
2170 2.432606
2171 2.432555
2172 2.432504
2173 2.432453
2174 2.432402
2175 2.432351
2176 2.432301
2177 2.432250
2178 2.432200
2179 2.432150
2180 2.432101
2181 2.432051
2182 2.432001
2183 2.431952
2184 2.431903
2185 2.431854
2186 2.431805
2187 2.431756
2188 2.431708
2189 2.431659
2190 2.431611
2191 2.431563
2192 2.431515
2193 2.431467
2194 2.431419
2195 2.431372
2196 2.431324
2197 2.431277
2198 2.431229
2199 2.431182
2200 2.431135
2201 2.431088
2202 2.431042
2203 2.430995
2204 2.430949
2205 2.430902
2206 2.430856
2207 2.430810
2208 2.430763
2209 2.430717
2210 2.430671
2211 2.430626
2212 2.430580
2213 2.430534
2214 2.430489
2215 2.430443
2216 2.430398
2217 2.430353
2218 2.430307
2219 2.430262
2220 2.430217
2221 2.430172
2222 2.430127
2223 2.430082
2224 2.430038
2225 2.429993
2226 2.429948
2227 2.429904
2228 2.429859
2229 2.429815
2230 2.429770
2231 2.429726
2232 2.429682
2233 2.429638
2234 2.429593
2235 2.429549
2236 2.429505
2237 2.429461
2238 2.429417
2239 2.429373
2240 2.429329
2241 2.429285
2242 2.429241
2243 2.429198
2244 2.429154
2245 2.429110
2246 2.429066
2247 2.429023
2248 2.428979
2249 2.428935
2250 2.428892
2251 2.428848
2252 2.428804
2253 2.428761
2254 2.428717
2255 2.428674
2256 2.428630
2257 2.428586
2258 2.428543
2259 2.428499
2260 2.428456
2261 2.428412
2262 2.428369
2263 2.428325
2264 2.428281
2265 2.428238
2266 2.428194
2267 2.428151
2268 2.428107
2269 2.428064
2270 2.428020
2271 2.427976
2272 2.427933
2273 2.427889
2274 2.427845
2275 2.427801
2276 2.427758
2277 2.427714
2278 2.427670
2279 2.427626
2280 2.427582
2281 2.427538
2282 2.427494
2283 2.427450
2284 2.427406
2285 2.427362
2286 2.427318
2287 2.427274
2288 2.427230
2289 2.427186
2290 2.427141
2291 2.427097
2292 2.427053
2293 2.427008
2294 2.426964
2295 2.426919
2296 2.426874
2297 2.426830
2298 2.426785
2299 2.426740
2300 2.426695
2301 2.426650
2302 2.426605
2303 2.426560
2304 2.426515
2305 2.426470
2306 2.426425
2307 2.426379
2308 2.426334
2309 2.426288
2310 2.426243
2311 2.426197
2312 2.426151
2313 2.426106
2314 2.426060
2315 2.426014
2316 2.425968
2317 2.425921
2318 2.425875
2319 2.425829
2320 2.425782
2321 2.425736
2322 2.425689
2323 2.425642
2324 2.425596
2325 2.425549
2326 2.425502
2327 2.425455
2328 2.425407
2329 2.425360
2330 2.425313
2331 2.425265
2332 2.425217
2333 2.425170
2334 2.425122
2335 2.425074
2336 2.425026
2337 2.424977
2338 2.424929
2339 2.424880
2340 2.424832
2341 2.424783
2342 2.424734
2343 2.424685
2344 2.424636
2345 2.424587
2346 2.424538
2347 2.424488
2348 2.424439
2349 2.424389
2350 2.424339
2351 2.424289
2352 2.424239
2353 2.424189
2354 2.424138
2355 2.424088
2356 2.424037
2357 2.423987
2358 2.423936
2359 2.423884
2360 2.423833
2361 2.423782
2362 2.423730
2363 2.423679
2364 2.423627
2365 2.423575
2366 2.423523
2367 2.423470
2368 2.423418
2369 2.423365
2370 2.423313
2371 2.423260
2372 2.423207
2373 2.423154
2374 2.423100
2375 2.423047
2376 2.422993
2377 2.422939
2378 2.422885
2379 2.422831
2380 2.422777
2381 2.422722
2382 2.422667
2383 2.422612
2384 2.422557
2385 2.422502
2386 2.422447
2387 2.422391
2388 2.422336
2389 2.422280
2390 2.422224
2391 2.422167
2392 2.422111
2393 2.422054
2394 2.421997
2395 2.421940
2396 2.421883
2397 2.421826
2398 2.421768
2399 2.421711
2400 2.421653
2401 2.421595
2402 2.421536
2403 2.421478
2404 2.421419
2405 2.421360
2406 2.421301
2407 2.421242
2408 2.421182
2409 2.421123
2410 2.421063
2411 2.421003
2412 2.420943
2413 2.420882
2414 2.420822
2415 2.420761
2416 2.420700
2417 2.420638
2418 2.420577
2419 2.420515
2420 2.420453
2421 2.420391
2422 2.420329
2423 2.420266
2424 2.420204
2425 2.420141
2426 2.420078
2427 2.420014
2428 2.419951
2429 2.419887
2430 2.419823
2431 2.419759
2432 2.419694
2433 2.419629
2434 2.419565
2435 2.419499
2436 2.419434
2437 2.419369
2438 2.419303
2439 2.419237
2440 2.419171
2441 2.419104
2442 2.419037
2443 2.418971
2444 2.418903
2445 2.418836
2446 2.418768
2447 2.418701
2448 2.418633
2449 2.418564
2450 2.418496
2451 2.418427
2452 2.418358
2453 2.418289
2454 2.418219
2455 2.418149
2456 2.418080
2457 2.418009
2458 2.417939
2459 2.417868
2460 2.417797
2461 2.417726
2462 2.417655
2463 2.417583
2464 2.417511
2465 2.417439
2466 2.417367
2467 2.417294
2468 2.417221
2469 2.417148
2470 2.417075
2471 2.417001
2472 2.416927
2473 2.416853
2474 2.416779
2475 2.416704
2476 2.416629
2477 2.416554
2478 2.416478
2479 2.416403
2480 2.416327
2481 2.416251
2482 2.416174
2483 2.416097
2484 2.416020
2485 2.415943
2486 2.415866
2487 2.415788
2488 2.415710
2489 2.415632
2490 2.415553
2491 2.415474
2492 2.415395
2493 2.415316
2494 2.415236
2495 2.415156
2496 2.415076
2497 2.414996
2498 2.414915
2499 2.414834
2500 2.414753
2501 2.414671
2502 2.414590
2503 2.414507
2504 2.414425
2505 2.414343
2506 2.414260
2507 2.414176
2508 2.414093
2509 2.414009
2510 2.413925
2511 2.413841
2512 2.413756
2513 2.413672
2514 2.413586
2515 2.413501
2516 2.413415
2517 2.413329
2518 2.413243
2519 2.413157
2520 2.413070
2521 2.412983
2522 2.412895
2523 2.412808
2524 2.412720
2525 2.412631
2526 2.412543
2527 2.412454
2528 2.412365
2529 2.412275
2530 2.412186
2531 2.412096
2532 2.412005
2533 2.411915
2534 2.411824
2535 2.411733
2536 2.411641
2537 2.411549
2538 2.411457
2539 2.411365
2540 2.411272
2541 2.411179
2542 2.411086
2543 2.410992
2544 2.410899
2545 2.410804
2546 2.410710
2547 2.410615
2548 2.410520
2549 2.410425
2550 2.410329
2551 2.410233
2552 2.410137
2553 2.410040
2554 2.409943
2555 2.409846
2556 2.409749
2557 2.409651
2558 2.409553
2559 2.409454
2560 2.409355
2561 2.409256
2562 2.409157
2563 2.409057
2564 2.408957
2565 2.408857
2566 2.408756
2567 2.408655
2568 2.408554
2569 2.408453
2570 2.408351
2571 2.408249
2572 2.408146
2573 2.408043
2574 2.407940
2575 2.407837
2576 2.407733
2577 2.407629
2578 2.407524
2579 2.407420
2580 2.407315
2581 2.407209
2582 2.407104
2583 2.406998
2584 2.406891
2585 2.406785
2586 2.406678
2587 2.406570
2588 2.406463
2589 2.406355
2590 2.406246
2591 2.406138
2592 2.406029
2593 2.405920
2594 2.405810
2595 2.405700
2596 2.405590
2597 2.405479
2598 2.405369
2599 2.405257
2600 2.405146
2601 2.405034
2602 2.404922
2603 2.404809
2604 2.404696
2605 2.404583
2606 2.404470
2607 2.404356
2608 2.404242
2609 2.404127
2610 2.404012
2611 2.403897
2612 2.403781
2613 2.403666
2614 2.403549
2615 2.403433
2616 2.403316
2617 2.403199
2618 2.403081
2619 2.402963
2620 2.402845
2621 2.402727
2622 2.402608
2623 2.402488
2624 2.402369
2625 2.402249
2626 2.402129
2627 2.402008
2628 2.401887
2629 2.401766
2630 2.401644
2631 2.401522
2632 2.401400
2633 2.401277
2634 2.401154
2635 2.401031
2636 2.400907
2637 2.400783
2638 2.400659
2639 2.400534
2640 2.400409
2641 2.400283
2642 2.400158
2643 2.400032
2644 2.399905
2645 2.399778
2646 2.399651
2647 2.399524
2648 2.399396
2649 2.399267
2650 2.399139
2651 2.399010
2652 2.398881
2653 2.398751
2654 2.398621
2655 2.398491
2656 2.398360
2657 2.398229
2658 2.398098
2659 2.397966
2660 2.397834
2661 2.397701
2662 2.397569
2663 2.397435
2664 2.397302
2665 2.397168
2666 2.397034
2667 2.396899
2668 2.396764
2669 2.396629
2670 2.396493
2671 2.396357
2672 2.396221
2673 2.396084
2674 2.395947
2675 2.395810
2676 2.395672
2677 2.395534
2678 2.395395
2679 2.395256
2680 2.395117
2681 2.394977
2682 2.394837
2683 2.394697
2684 2.394556
2685 2.394415
2686 2.394274
2687 2.394132
2688 2.393990
2689 2.393847
2690 2.393704
2691 2.393561
2692 2.393417
2693 2.393273
2694 2.393129
2695 2.392984
2696 2.392839
2697 2.392694
2698 2.392548
2699 2.392402
2700 2.392255
2701 2.392108
2702 2.391961
2703 2.391813
2704 2.391665
2705 2.391517
2706 2.391368
2707 2.391219
2708 2.391070
2709 2.390920
2710 2.390769
2711 2.390619
2712 2.390468
2713 2.390316
2714 2.390165
2715 2.390013
2716 2.389860
2717 2.389707
2718 2.389554
2719 2.389400
2720 2.389246
2721 2.389092
2722 2.388937
2723 2.388782
2724 2.388627
2725 2.388471
2726 2.388315
2727 2.388158
2728 2.388001
2729 2.387844
2730 2.387686
2731 2.387528
2732 2.387369
2733 2.387210
2734 2.387051
2735 2.386891
2736 2.386731
2737 2.386571
2738 2.386410
2739 2.386249
2740 2.386088
2741 2.385926
2742 2.385763
2743 2.385601
2744 2.385438
2745 2.385274
2746 2.385110
2747 2.384946
2748 2.384782
2749 2.384617
2750 2.384451
2751 2.384286
2752 2.384119
2753 2.383953
2754 2.383786
2755 2.383619
2756 2.383451
2757 2.383283
2758 2.383115
2759 2.382946
2760 2.382777
2761 2.382607
2762 2.382437
2763 2.382267
2764 2.382096
2765 2.381925
2766 2.381753
2767 2.381581
2768 2.381409
2769 2.381236
2770 2.381063
2771 2.380890
2772 2.380716
2773 2.380542
2774 2.380367
2775 2.380192
2776 2.380017
2777 2.379841
2778 2.379665
2779 2.379488
2780 2.379311
2781 2.379134
2782 2.378956
2783 2.378778
2784 2.378599
2785 2.378420
2786 2.378241
2787 2.378061
2788 2.377881
2789 2.377701
2790 2.377520
2791 2.377339
2792 2.377157
2793 2.376975
2794 2.376792
2795 2.376609
2796 2.376426
2797 2.376242
2798 2.376058
2799 2.375874
2800 2.375689
2801 2.375504
2802 2.375318
2803 2.375132
2804 2.374946
2805 2.374759
2806 2.374572
2807 2.374384
2808 2.374196
2809 2.374007
2810 2.373819
2811 2.373629
2812 2.373440
2813 2.373250
2814 2.373059
2815 2.372868
2816 2.372677
2817 2.372485
2818 2.372293
2819 2.372101
2820 2.371908
2821 2.371715
2822 2.371521
2823 2.371327
2824 2.371133
2825 2.370938
2826 2.370743
2827 2.370547
2828 2.370351
2829 2.370154
2830 2.369957
2831 2.369760
2832 2.369562
2833 2.369364
2834 2.369166
2835 2.368967
2836 2.368767
2837 2.368568
2838 2.368368
2839 2.368167
2840 2.367966
2841 2.367765
2842 2.367563
2843 2.367361
2844 2.367158
2845 2.366955
2846 2.366752
2847 2.366548
2848 2.366344
2849 2.366139
2850 2.365934
2851 2.365728
2852 2.365523
2853 2.365316
2854 2.365110
2855 2.364902
2856 2.364695
2857 2.364487
2858 2.364279
2859 2.364070
2860 2.363861
2861 2.363651
2862 2.363441
2863 2.363230
2864 2.363020
2865 2.362808
2866 2.362597
2867 2.362385
2868 2.362172
2869 2.361959
2870 2.361746
2871 2.361532
2872 2.361318
2873 2.361103
2874 2.360888
2875 2.360673
2876 2.360457
2877 2.360241
2878 2.360024
2879 2.359807
2880 2.359589
2881 2.359371
2882 2.359153
2883 2.358934
2884 2.358715
2885 2.358495
2886 2.358275
2887 2.358055
2888 2.357834
2889 2.357612
2890 2.357391
2891 2.357168
2892 2.356946
2893 2.356723
2894 2.356499
2895 2.356275
2896 2.356051
2897 2.355826
2898 2.355601
2899 2.355376
2900 2.355149
2901 2.354923
2902 2.354696
2903 2.354469
2904 2.354241
2905 2.354013
2906 2.353784
2907 2.353555
2908 2.353326
2909 2.353096
2910 2.352866
2911 2.352635
2912 2.352404
2913 2.352172
2914 2.351940
2915 2.351707
2916 2.351474
2917 2.351241
2918 2.351007
2919 2.350773
2920 2.350538
2921 2.350303
2922 2.350068
2923 2.349832
2924 2.349595
2925 2.349359
2926 2.349121
2927 2.348884
2928 2.348645
2929 2.348407
2930 2.348168
2931 2.347928
2932 2.347688
2933 2.347448
2934 2.347207
2935 2.346966
2936 2.346724
2937 2.346482
2938 2.346239
2939 2.345996
2940 2.345753
2941 2.345509
2942 2.345265
2943 2.345020
2944 2.344775
2945 2.344529
2946 2.344283
2947 2.344036
2948 2.343789
2949 2.343542
2950 2.343294
2951 2.343045
2952 2.342797
2953 2.342547
2954 2.342298
2955 2.342047
2956 2.341797
2957 2.341546
2958 2.341294
2959 2.341042
2960 2.340790
2961 2.340537
2962 2.340283
2963 2.340030
2964 2.339775
2965 2.339521
2966 2.339265
2967 2.339010
2968 2.338754
2969 2.338497
2970 2.338240
2971 2.337983
2972 2.337725
2973 2.337466
2974 2.337207
2975 2.336948
2976 2.336688
2977 2.336428
2978 2.336167
2979 2.335906
2980 2.335645
2981 2.335383
2982 2.335120
2983 2.334857
2984 2.334593
2985 2.334329
2986 2.334065
2987 2.333800
2988 2.333535
2989 2.333269
2990 2.333003
2991 2.332736
2992 2.332469
2993 2.332201
2994 2.331933
2995 2.331664
2996 2.331395
2997 2.331125
2998 2.330855
2999 2.330584
3000 2.330313
3001 2.330042
3002 2.329770
3003 2.329497
3004 2.329224
3005 2.328951
3006 2.328677
3007 2.328403
3008 2.328128
3009 2.327852
3010 2.327576
3011 2.327300
3012 2.327023
3013 2.326746
3014 2.326468
3015 2.326190
3016 2.325911
3017 2.325632
3018 2.325352
3019 2.325072
3020 2.324791
3021 2.324510
3022 2.324228
3023 2.323946
3024 2.323663
3025 2.323380
3026 2.323096
3027 2.322812
3028 2.322527
3029 2.322242
3030 2.321956
3031 2.321670
3032 2.321384
3033 2.321096
3034 2.320809
3035 2.320520
3036 2.320232
3037 2.319943
3038 2.319653
3039 2.319363
3040 2.319072
3041 2.318781
3042 2.318489
3043 2.318197
3044 2.317904
3045 2.317611
3046 2.317317
3047 2.317023
3048 2.316728
3049 2.316432
3050 2.316137
3051 2.315840
3052 2.315543
3053 2.315246
3054 2.314948
3055 2.314649
3056 2.314351
3057 2.314051
3058 2.313751
3059 2.313450
3060 2.313149
3061 2.312848
3062 2.312546
3063 2.312243
3064 2.311940
3065 2.311636
3066 2.311332
3067 2.311027
3068 2.310722
3069 2.310416
3070 2.310110
3071 2.309803
3072 2.309495
3073 2.309187
3074 2.308879
3075 2.308570
3076 2.308260
3077 2.307950
3078 2.307639
3079 2.307328
3080 2.307016
3081 2.306704
3082 2.306391
3083 2.306078
3084 2.305764
3085 2.305449
3086 2.305134
3087 2.304818
3088 2.304502
3089 2.304185
3090 2.303868
3091 2.303550
3092 2.303232
3093 2.302913
3094 2.302593
3095 2.302273
3096 2.301952
3097 2.301631
3098 2.301309
3099 2.300987
3100 2.300664
3101 2.300340
3102 2.300016
3103 2.299692
3104 2.299366
3105 2.299041
3106 2.298714
3107 2.298387
3108 2.298060
3109 2.297731
3110 2.297403
3111 2.297073
3112 2.296743
3113 2.296413
3114 2.296082
3115 2.295750
3116 2.295418
3117 2.295085
3118 2.294751
3119 2.294417
3120 2.294083
3121 2.293747
3122 2.293412
3123 2.293075
3124 2.292738
3125 2.292400
3126 2.292062
3127 2.291723
3128 2.291384
3129 2.291043
3130 2.290703
3131 2.290361
3132 2.290019
3133 2.289677
3134 2.289334
3135 2.288990
3136 2.288645
3137 2.288300
3138 2.287954
3139 2.287608
3140 2.287261
3141 2.286913
3142 2.286565
3143 2.286216
3144 2.285867
3145 2.285517
3146 2.285166
3147 2.284814
3148 2.284462
3149 2.284110
3150 2.283756
3151 2.283402
3152 2.283047
3153 2.282692
3154 2.282336
3155 2.281979
3156 2.281622
3157 2.281264
3158 2.280905
3159 2.280546
3160 2.280186
3161 2.279825
3162 2.279464
3163 2.279102
3164 2.278739
3165 2.278376
3166 2.278012
3167 2.277647
3168 2.277282
3169 2.276916
3170 2.276549
3171 2.276181
3172 2.275813
3173 2.275444
3174 2.275075
3175 2.274705
3176 2.274334
3177 2.273962
3178 2.273589
3179 2.273216
3180 2.272843
3181 2.272468
3182 2.272093
3183 2.271717
3184 2.271340
3185 2.270963
3186 2.270584
3187 2.270206
3188 2.269826
3189 2.269446
3190 2.269065
3191 2.268683
3192 2.268300
3193 2.267917
3194 2.267533
3195 2.267148
3196 2.266762
3197 2.266376
3198 2.265989
3199 2.265601
3200 2.265213
3201 2.264823
3202 2.264433
3203 2.264042
3204 2.263651
3205 2.263258
3206 2.262865
3207 2.262471
3208 2.262076
3209 2.261680
3210 2.261284
3211 2.260887
3212 2.260489
3213 2.260090
3214 2.259690
3215 2.259290
3216 2.258889
3217 2.258487
3218 2.258084
3219 2.257680
3220 2.257276
3221 2.256871
3222 2.256464
3223 2.256057
3224 2.255650
3225 2.255241
3226 2.254831
3227 2.254421
3228 2.254010
3229 2.253598
3230 2.253185
3231 2.252771
3232 2.252357
3233 2.251941
3234 2.251525
3235 2.251107
3236 2.250689
3237 2.250270
3238 2.249850
3239 2.249430
3240 2.249008
3241 2.248585
3242 2.248162
3243 2.247738
3244 2.247312
3245 2.246886
3246 2.246459
3247 2.246031
3248 2.245602
3249 2.245172
3250 2.244741
3251 2.244310
3252 2.243877
3253 2.243443
3254 2.243009
3255 2.242573
3256 2.242137
3257 2.241699
3258 2.241261
3259 2.240821
3260 2.240381
3261 2.239939
3262 2.239497
3263 2.239054
3264 2.238610
3265 2.238164
3266 2.237718
3267 2.237271
3268 2.236822
3269 2.236373
3270 2.235922
3271 2.235471
3272 2.235019
3273 2.234565
3274 2.234111
3275 2.233655
3276 2.233199
3277 2.232741
3278 2.232282
3279 2.231822
3280 2.231362
3281 2.230900
3282 2.230437
3283 2.229973
3284 2.229507
3285 2.229041
3286 2.228574
3287 2.228105
3288 2.227636
3289 2.227165
3290 2.226693
3291 2.226220
3292 2.225746
3293 2.225271
3294 2.224795
3295 2.224317
3296 2.223838
3297 2.223359
3298 2.222878
3299 2.222395
3300 2.221912
3301 2.221427
3302 2.220942
3303 2.220455
3304 2.219967
3305 2.219477
3306 2.218987
3307 2.218495
3308 2.218002
3309 2.217508
3310 2.217012
3311 2.216516
3312 2.216018
3313 2.215519
3314 2.215018
3315 2.214516
3316 2.214013
3317 2.213509
3318 2.213003
3319 2.212496
3320 2.211988
3321 2.211479
3322 2.210968
3323 2.210456
3324 2.209942
3325 2.209427
3326 2.208911
3327 2.208394
3328 2.207875
3329 2.207355
3330 2.206833
3331 2.206310
3332 2.205786
3333 2.205260
3334 2.204733
3335 2.204204
3336 2.203674
3337 2.203143
3338 2.202610
3339 2.202076
3340 2.201540
3341 2.201003
3342 2.200464
3343 2.199924
3344 2.199383
3345 2.198840
3346 2.198295
3347 2.197749
3348 2.197202
3349 2.196653
3350 2.196102
3351 2.195550
3352 2.194997
3353 2.194442
3354 2.193885
3355 2.193327
3356 2.192767
3357 2.192206
3358 2.191643
3359 2.191078
3360 2.190512
3361 2.189944
3362 2.189375
3363 2.188804
3364 2.188231
3365 2.187657
3366 2.187081
3367 2.186504
3368 2.185925
3369 2.185344
3370 2.184761
3371 2.184177
3372 2.183591
3373 2.183004
3374 2.182414
3375 2.181823
3376 2.181231
3377 2.180636
3378 2.180040
3379 2.179442
3380 2.178842
3381 2.178241
3382 2.177638
3383 2.177033
3384 2.176426
3385 2.175817
3386 2.175207
3387 2.174595
3388 2.173981
3389 2.173365
3390 2.172747
3391 2.172128
3392 2.171506
3393 2.170883
3394 2.170258
3395 2.169631
3396 2.169002
3397 2.168371
3398 2.167738
3399 2.167104
3400 2.166467
3401 2.165829
3402 2.165188
3403 2.164546
3404 2.163902
3405 2.163255
3406 2.162607
3407 2.161957
3408 2.161305
3409 2.160651
3410 2.159994
3411 2.159336
3412 2.158676
3413 2.158014
3414 2.157350
3415 2.156683
3416 2.156015
3417 2.155345
3418 2.154672
3419 2.153998
3420 2.153321
3421 2.152643
3422 2.151962
3423 2.151279
3424 2.150594
3425 2.149907
3426 2.149218
3427 2.148527
3428 2.147833
3429 2.147138
3430 2.146440
3431 2.145740
3432 2.145038
3433 2.144334
3434 2.143628
3435 2.142919
3436 2.142208
3437 2.141496
3438 2.140780
3439 2.140063
3440 2.139344
3441 2.138622
3442 2.137898
3443 2.137172
3444 2.136444
3445 2.135713
3446 2.134980
3447 2.134245
3448 2.133508
3449 2.132768
3450 2.132026
3451 2.131282
3452 2.130536
3453 2.129787
3454 2.129036
3455 2.128283
3456 2.127527
3457 2.126770
3458 2.126009
3459 2.125247
3460 2.124482
3461 2.123715
3462 2.122946
3463 2.122174
3464 2.121400
3465 2.120624
3466 2.119845
3467 2.119064
3468 2.118281
3469 2.117496
3470 2.116708
3471 2.115917
3472 2.115125
3473 2.114330
3474 2.113532
3475 2.112733
3476 2.111930
3477 2.111126
3478 2.110319
3479 2.109510
3480 2.108699
3481 2.107885
3482 2.107069
3483 2.106250
3484 2.105429
3485 2.104606
3486 2.103780
3487 2.102952
3488 2.102121
3489 2.101289
3490 2.100453
3491 2.099616
3492 2.098776
3493 2.097934
3494 2.097089
3495 2.096242
3496 2.095392
3497 2.094541
3498 2.093686
3499 2.092830
3500 2.091971
3501 2.091110
3502 2.090246
3503 2.089380
3504 2.088511
3505 2.087641
3506 2.086767
3507 2.085892
3508 2.085014
3509 2.084133
3510 2.083251
3511 2.082366
3512 2.081478
3513 2.080588
3514 2.079696
3515 2.078802
3516 2.077905
3517 2.077006
3518 2.076104
3519 2.075200
3520 2.074294
3521 2.073385
3522 2.072474
3523 2.071560
3524 2.070645
3525 2.069726
3526 2.068806
3527 2.067883
3528 2.066958
3529 2.066030
3530 2.065101
3531 2.064168
3532 2.063234
3533 2.062297
3534 2.061357
3535 2.060416
3536 2.059472
3537 2.058526
3538 2.057577
3539 2.056626
3540 2.055673
3541 2.054717
3542 2.053759
3543 2.052799
3544 2.051836
3545 2.050871
3546 2.049904
3547 2.048934
3548 2.047963
3549 2.046988
3550 2.046012
3551 2.045033
3552 2.044052
3553 2.043068
3554 2.042082
3555 2.041094
3556 2.040104
3557 2.039111
3558 2.038116
3559 2.037118
3560 2.036119
3561 2.035117
3562 2.034112
3563 2.033106
3564 2.032097
3565 2.031086
3566 2.030072
3567 2.029056
3568 2.028038
3569 2.027018
3570 2.025995
3571 2.024970
3572 2.023943
3573 2.022913
3574 2.021881
3575 2.020847
3576 2.019811
3577 2.018772
3578 2.017731
3579 2.016688
3580 2.015643
3581 2.014595
3582 2.013545
3583 2.012493
3584 2.011438
3585 2.010382
3586 2.009323
3587 2.008262
3588 2.007198
3589 2.006133
3590 2.005065
3591 2.003995
3592 2.002923
3593 2.001849
3594 2.000773
3595 1.999694
3596 1.998613
3597 1.997531
3598 1.996446
3599 1.995359
3600 1.994270
3601 1.993179
3602 1.992085
3603 1.990990
3604 1.989893
3605 1.988794
3606 1.987693
3607 1.986589
3608 1.985484
3609 1.984377
3610 1.983269
3611 1.982158
3612 1.981045
3613 1.979931
3614 1.978815
3615 1.977697
3616 1.976577
3617 1.975456
3618 1.974333
3619 1.973209
3620 1.972083
3621 1.970955
3622 1.969826
3623 1.968695
3624 1.967563
3625 1.966430
3626 1.965295
3627 1.964159
3628 1.963022
3629 1.961883
3630 1.960743
3631 1.959603
3632 1.958461
3633 1.957318
3634 1.956174
3635 1.955030
3636 1.953884
3637 1.952738
3638 1.951591
3639 1.950444
3640 1.949296
3641 1.948147
3642 1.946998
3643 1.945849
3644 1.944699
3645 1.943549
3646 1.942399
3647 1.941249
3648 1.940098
3649 1.938948
3650 1.937798
3651 1.936648
3652 1.935498
3653 1.934349
3654 1.933200
3655 1.932051
3656 1.930903
3657 1.929756
3658 1.928609
3659 1.927463
3660 1.926318
3661 1.925174
3662 1.924031
3663 1.922889
3664 1.921748
3665 1.920609
3666 1.919470
3667 1.918333
3668 1.917197
3669 1.916063
3670 1.914931
3671 1.913800
3672 1.912671
3673 1.911543
3674 1.910417
3675 1.909294
3676 1.908172
3677 1.907052
3678 1.905934
3679 1.904818
3680 1.903705
3681 1.902593
3682 1.901484
3683 1.900377
3684 1.899272
3685 1.898170
3686 1.897070
3687 1.895973
3688 1.894878
3689 1.893786
3690 1.892696
3691 1.891608
3692 1.890524
3693 1.889441
3694 1.888362
3695 1.887285
3696 1.886211
3697 1.885139
3698 1.884070
3699 1.883004
3700 1.881940
3701 1.880879
3702 1.879821
3703 1.878766
3704 1.877713
3705 1.876663
3706 1.875615
3707 1.874570
3708 1.873528
3709 1.872488
3710 1.871451
3711 1.870417
3712 1.869385
3713 1.868356
3714 1.867330
3715 1.866305
3716 1.865284
3717 1.864265
3718 1.863248
3719 1.862234
3720 1.861222
3721 1.860213
3722 1.859205
3723 1.858201
3724 1.857198
3725 1.856198
3726 1.855200
3727 1.854204
3728 1.853210
3729 1.852219
3730 1.851229
3731 1.850242
3732 1.849256
3733 1.848273
3734 1.847291
3735 1.846311
3736 1.845334
3737 1.844358
3738 1.843383
3739 1.842411
3740 1.841440
3741 1.840471
3742 1.839504
3743 1.838538
3744 1.837574
3745 1.836611
3746 1.835650
3747 1.834690
3748 1.833732
3749 1.832775
3750 1.831820
3751 1.830865
3752 1.829913
3753 1.828961
3754 1.828010
3755 1.827061
3756 1.826113
3757 1.825166
3758 1.824220
3759 1.823275
3760 1.822331
3761 1.821388
3762 1.820446
3763 1.819506
3764 1.818565
3765 1.817626
3766 1.816688
3767 1.815750
3768 1.814814
3769 1.813878
3770 1.812942
3771 1.812008
3772 1.811074
3773 1.810141
3774 1.809208
3775 1.808276
3776 1.807345
3777 1.806414
3778 1.805483
3779 1.804554
3780 1.803624
3781 1.802695
3782 1.801767
3783 1.800839
3784 1.799912
3785 1.798984
3786 1.798058
3787 1.797131
3788 1.796205
3789 1.795280
3790 1.794354
3791 1.793429
3792 1.792504
3793 1.791580
3794 1.790655
3795 1.789731
3796 1.788807
3797 1.787884
3798 1.786960
3799 1.786037
3800 1.785114
3801 1.784191
3802 1.783269
3803 1.782346
3804 1.781424
3805 1.780502
3806 1.779579
3807 1.778657
3808 1.777736
3809 1.776814
3810 1.775892
3811 1.774971
3812 1.774049
3813 1.773128
3814 1.772207
3815 1.771285
3816 1.770364
3817 1.769443
3818 1.768523
3819 1.767602
3820 1.766681
3821 1.765760
3822 1.764840
3823 1.763919
3824 1.762999
3825 1.762079
3826 1.761159
3827 1.760239
3828 1.759319
3829 1.758399
3830 1.757479
3831 1.756559
3832 1.755640
3833 1.754721
3834 1.753801
3835 1.752882
3836 1.751963
3837 1.751045
3838 1.750126
3839 1.749208
3840 1.748290
3841 1.747372
3842 1.746454
3843 1.745536
3844 1.744619
3845 1.743702
3846 1.742785
3847 1.741869
3848 1.740953
3849 1.740037
3850 1.739121
3851 1.738206
3852 1.737292
3853 1.736377
3854 1.735463
3855 1.734550
3856 1.733636
3857 1.732724
3858 1.731811
3859 1.730900
3860 1.729989
3861 1.729078
3862 1.728168
3863 1.727258
3864 1.726350
3865 1.725441
3866 1.724534
3867 1.723627
3868 1.722721
3869 1.721815
3870 1.720911
3871 1.720007
3872 1.719104
3873 1.718202
3874 1.717301
3875 1.716400
3876 1.715501
3877 1.714603
3878 1.713705
3879 1.712809
3880 1.711914
3881 1.711020
3882 1.710127
3883 1.709235
3884 1.708345
3885 1.707456
3886 1.706568
3887 1.705682
3888 1.704797
3889 1.703913
3890 1.703031
3891 1.702151
3892 1.701272
3893 1.700394
3894 1.699519
3895 1.698645
3896 1.697773
3897 1.696903
3898 1.696035
3899 1.695169
3900 1.694304
3901 1.693442
3902 1.692582
3903 1.691725
3904 1.690869
3905 1.690016
3906 1.689165
3907 1.688317
3908 1.687471
3909 1.686628
3910 1.685788
3911 1.684950
3912 1.684116
3913 1.683284
3914 1.682455
3915 1.681629
3916 1.680807
3917 1.679988
3918 1.679172
3919 1.678360
3920 1.677552
3921 1.676747
3922 1.675946
3923 1.675149
3924 1.674356
3925 1.673567
3926 1.672783
3927 1.672003
3928 1.671228
3929 1.670457
3930 1.669692
3931 1.668931
3932 1.668176
3933 1.667427
3934 1.666683
3935 1.665945
3936 1.665213
3937 1.664487
3938 1.663768
3939 1.663056
3940 1.662350
3941 1.661652
3942 1.660962
3943 1.660280
3944 1.659606
3945 1.658940
3946 1.658284
3947 1.657637
3948 1.656999
3949 1.656372
3950 1.655756
3951 1.655152
3952 1.654559
3953 1.653979
3954 1.653412
3955 1.652859
3956 1.652321
3957 1.651798
3958 1.651292
3959 1.650804
3960 1.650335
3961 1.649886
3962 1.649458
3963 1.649054
3964 1.648674
3965 1.648321
3966 1.647998
3967 1.647705
3968 1.647448
3969 1.647227
3970 1.647048
3971 1.646913
3972 1.646829
3973 1.646800
3974 1.646833
3975 1.646935
3976 1.647115
3977 1.647384
3978 1.647753
3979 1.648239
3980 1.648859
3981 1.649634
3982 1.650593
3983 1.651769
3984 1.653206
3985 1.654956
3986 1.657090
3987 1.659697
3988 1.662898
3989 1.666849
3990 1.671764
3991 1.677933
3992 1.685749
3993 1.695750
3994 1.708650
3995 1.725340
3996 1.746766
3997 1.773482
3998 1.804769
3999 1.837957
4000 1.869970
4001 1.900781
4002 1.933154
4003 1.967862
4004 1.992260
4005 1.944005
4006 1.872426
4007 1.839151
4008 1.821462
4009 1.810452
4010 1.802680
4011 1.796671
4012 1.791716
4013 1.787431
4014 1.783596
4015 1.780072
4016 1.776769
4017 1.773628
4018 1.770606
4019 1.767674
4020 1.764810
4021 1.761997
4022 1.759223
4023 1.756478
4024 1.753754
4025 1.751044
4026 1.748340
4027 1.745637
4028 1.742929
4029 1.740211
4030 1.737477
4031 1.734723
4032 1.731944
4033 1.729136
4034 1.726296
4035 1.723422
4036 1.720514
4037 1.717572
4038 1.714600
4039 1.711604
4040 1.708592
4041 1.705576
4042 1.702569
4043 1.699587
4044 1.696647
4045 1.693765
4046 1.690956
4047 1.688232
4048 1.685602
4049 1.683073
4050 1.680647
4051 1.678324
4052 1.676100
4053 1.673972
4054 1.671933
4055 1.669977
4056 1.668096
4057 1.666285
4058 1.664537
4059 1.662845
4060 1.661205
4061 1.659612
4062 1.658060
4063 1.656547
4064 1.655068
4065 1.653621
4066 1.652203
4067 1.650811
4068 1.649444
4069 1.648098
4070 1.646774
4071 1.645468
4072 1.644180
4073 1.642909
4074 1.641653
4075 1.640412
4076 1.639184
4077 1.637969
4078 1.636766
4079 1.635574
4080 1.634394
4081 1.633223
4082 1.632062
4083 1.630910
4084 1.629767
4085 1.628633
4086 1.627506
4087 1.626387
4088 1.625275
4089 1.624170
4090 1.623072
4091 1.621980
4092 1.620894
4093 1.619814
4094 1.618740
4095 1.617671
4096 1.616607
4097 1.615549
4098 1.614495
4099 1.613445
4100 1.612401
4101 1.611360
4102 1.610324
4103 1.609292
4104 1.608263
4105 1.607239
4106 1.606218
4107 1.605200
4108 1.604186
4109 1.603175
4110 1.602168
4111 1.601163
4112 1.600162
4113 1.599164
4114 1.598168
4115 1.597175
4116 1.596185
4117 1.595197
4118 1.594212
4119 1.593230
4120 1.592250
4121 1.591272
4122 1.590296
4123 1.589323
4124 1.588352
4125 1.587383
4126 1.586416
4127 1.585451
4128 1.584488
4129 1.583527
4130 1.582568
4131 1.581611
4132 1.580655
4133 1.579702
4134 1.578750
4135 1.577799
4136 1.576851
4137 1.575904
4138 1.574958
4139 1.574014
4140 1.573072
4141 1.572131
4142 1.571191
4143 1.570253
4144 1.569316
4145 1.568381
4146 1.567447
4147 1.566514
4148 1.565583
4149 1.564652
4150 1.563723
4151 1.562795
4152 1.561869
4153 1.560943
4154 1.560018
4155 1.559095
4156 1.558172
4157 1.557251
4158 1.556330
4159 1.555411
4160 1.554492
4161 1.553574
4162 1.552657
4163 1.551741
4164 1.550825
4165 1.549911
4166 1.548997
4167 1.548084
4168 1.547171
4169 1.546259
4170 1.545348
4171 1.544437
4172 1.543527
4173 1.542617
4174 1.541707
4175 1.540798
4176 1.539890
4177 1.538982
4178 1.538074
4179 1.537166
4180 1.536259
4181 1.535351
4182 1.534444
4183 1.533537
4184 1.532630
4185 1.531723
4186 1.530817
4187 1.529910
4188 1.529002
4189 1.528095
4190 1.527188
4191 1.526280
4192 1.525372
4193 1.524464
4194 1.523555
4195 1.522646
4196 1.521737
4197 1.520827
4198 1.519916
4199 1.519005
4200 1.518093
4201 1.517180
4202 1.516267
4203 1.515353
4204 1.514438
4205 1.513522
4206 1.512605
4207 1.511687
4208 1.510768
4209 1.509848
4210 1.508927
4211 1.508004
4212 1.507081
4213 1.506156
4214 1.505229
4215 1.504302
4216 1.503373
4217 1.502442
4218 1.501510
4219 1.500577
4220 1.499642
4221 1.498705
4222 1.497767
4223 1.496827
4224 1.495885
4225 1.494942
4226 1.493997
4227 1.493050
4228 1.492102
4229 1.491151
4230 1.490199
4231 1.489245
4232 1.488289
4233 1.487332
4234 1.486372
4235 1.485411
4236 1.484448
4237 1.483483
4238 1.482516
4239 1.481548
4240 1.480577
4241 1.479605
4242 1.478632
4243 1.477656
4244 1.476680
4245 1.475701
4246 1.474721
4247 1.473739
4248 1.472757
4249 1.471772
4250 1.470787
4251 1.469800
4252 1.468812
4253 1.467823
4254 1.466832
4255 1.465841
4256 1.464849
4257 1.463856
4258 1.462863
4259 1.461869
4260 1.460874
4261 1.459879
4262 1.458883
4263 1.457887
4264 1.456891
4265 1.455895
4266 1.454899
4267 1.453903
4268 1.452907
4269 1.451911
4270 1.450916
4271 1.449921
4272 1.448927
4273 1.447934
4274 1.446941
4275 1.445949
4276 1.444957
4277 1.443967
4278 1.442978
4279 1.441990
4280 1.441003
4281 1.440017
4282 1.439032
4283 1.438049
4284 1.437068
4285 1.436087
4286 1.435109
4287 1.434131
4288 1.433156
4289 1.432182
4290 1.431209
4291 1.430239
4292 1.429270
4293 1.428303
4294 1.427337
4295 1.426374
4296 1.425412
4297 1.424452
4298 1.423494
4299 1.422538
4300 1.421584
4301 1.420631
4302 1.419680
4303 1.418732
4304 1.417785
4305 1.416839
4306 1.415896
4307 1.414955
4308 1.414015
4309 1.413077
4310 1.412141
4311 1.411207
4312 1.410274
4313 1.409343
4314 1.408414
4315 1.407487
4316 1.406561
4317 1.405637
4318 1.404715
4319 1.403794
4320 1.402875
4321 1.401957
4322 1.401041
4323 1.400126
4324 1.399213
4325 1.398302
4326 1.397392
4327 1.396483
4328 1.395576
4329 1.394671
4330 1.393766
4331 1.392864
4332 1.391962
4333 1.391062
4334 1.390163
4335 1.389266
4336 1.388370
4337 1.387475
4338 1.386582
4339 1.385689
4340 1.384798
4341 1.383909
4342 1.383020
4343 1.382133
4344 1.381247
4345 1.380362
4346 1.379479
4347 1.378597
4348 1.377716
4349 1.376836
4350 1.375957
4351 1.375080
4352 1.374203
4353 1.373328
4354 1.372454
4355 1.371581
4356 1.370710
4357 1.369839
4358 1.368970
4359 1.368102
4360 1.367235
4361 1.366369
4362 1.365505
4363 1.364641
4364 1.363779
4365 1.362918
4366 1.362058
4367 1.361200
4368 1.360342
4369 1.359486
4370 1.358630
4371 1.357776
4372 1.356923
4373 1.356072
4374 1.355221
4375 1.354372
4376 1.353524
4377 1.352677
4378 1.351831
4379 1.350987
4380 1.350143
4381 1.349301
4382 1.348460
4383 1.347620
4384 1.346782
4385 1.345944
4386 1.345108
4387 1.344273
4388 1.343439
4389 1.342607
4390 1.341775
4391 1.340945
4392 1.340116
4393 1.339288
4394 1.338462
4395 1.337637
4396 1.336813
4397 1.335990
4398 1.335168
4399 1.334348
4400 1.333529
4401 1.332711
4402 1.331894
4403 1.331079
4404 1.330265
4405 1.329452
4406 1.328640
4407 1.327830
4408 1.327021
4409 1.326213
4410 1.325407
4411 1.324601
4412 1.323797
4413 1.322995
4414 1.322193
4415 1.321393
4416 1.320594
4417 1.319797
4418 1.319001
4419 1.318206
4420 1.317412
4421 1.316620
4422 1.315829
4423 1.315039
4424 1.314251
4425 1.313464
4426 1.312678
4427 1.311894
4428 1.311111
4429 1.310329
4430 1.309549
4431 1.308770
4432 1.307993
4433 1.307216
4434 1.306442
4435 1.305668
4436 1.304896
4437 1.304125
4438 1.303356
4439 1.302588
4440 1.301822
4441 1.301057
4442 1.300293
4443 1.299531
4444 1.298770
4445 1.298011
4446 1.297253
4447 1.296496
4448 1.295741
4449 1.294987
4450 1.294235
4451 1.293484
4452 1.292735
4453 1.291987
4454 1.291241
4455 1.290496
4456 1.289753
4457 1.289011
4458 1.288270
4459 1.287531
4460 1.286793
4461 1.286057
4462 1.285323
4463 1.284590
4464 1.283858
4465 1.283128
4466 1.282399
4467 1.281672
4468 1.280947
4469 1.280223
4470 1.279500
4471 1.278779
4472 1.278059
4473 1.277341
4474 1.276625
4475 1.275910
4476 1.275197
4477 1.274485
4478 1.273774
4479 1.273065
4480 1.272358
4481 1.271652
4482 1.270948
4483 1.270245
4484 1.269544
4485 1.268844
4486 1.268146
4487 1.267450
4488 1.266754
4489 1.266061
4490 1.265369
4491 1.264679
4492 1.263990
4493 1.263302
4494 1.262617
4495 1.261932
4496 1.261250
4497 1.260569
4498 1.259889
4499 1.259211
4500 1.258535
4501 1.257860
4502 1.257186
4503 1.256515
4504 1.255844
4505 1.255176
4506 1.254509
4507 1.253843
4508 1.253179
4509 1.252517
4510 1.251856
4511 1.251197
4512 1.250539
4513 1.249883
4514 1.249228
4515 1.248575
4516 1.247924
4517 1.247274
4518 1.246626
4519 1.245979
4520 1.245334
4521 1.244690
4522 1.244048
4523 1.243408
4524 1.242769
4525 1.242132
4526 1.241496
4527 1.240862
4528 1.240230
4529 1.239599
4530 1.238970
4531 1.238342
4532 1.237716
4533 1.237092
4534 1.236469
4535 1.235848
4536 1.235228
4537 1.234610
4538 1.233994
4539 1.233379
4540 1.232766
4541 1.232155
4542 1.231545
4543 1.230937
4544 1.230330
4545 1.229725
4546 1.229122
4547 1.228520
4548 1.227920
4549 1.227322
4550 1.226725
4551 1.226130
4552 1.225536
4553 1.224945
4554 1.224355
4555 1.223766
4556 1.223180
4557 1.222595
4558 1.222011
4559 1.221429
4560 1.220850
4561 1.220271
4562 1.219695
4563 1.219120
4564 1.218546
4565 1.217975
4566 1.217405
4567 1.216837
4568 1.216271
4569 1.215706
4570 1.215143
4571 1.214582
4572 1.214023
4573 1.213465
4574 1.212909
4575 1.212355
4576 1.211802
4577 1.211251
4578 1.210702
4579 1.210155
4580 1.209609
4581 1.209066
4582 1.208524
4583 1.207984
4584 1.207445
4585 1.206908
4586 1.206373
4587 1.205840
4588 1.205309
4589 1.204779
4590 1.204252
4591 1.203726
4592 1.203201
4593 1.202679
4594 1.202158
4595 1.201640
4596 1.201122
4597 1.200607
4598 1.200094
4599 1.199582
4600 1.199072
4601 1.198564
4602 1.198058
4603 1.197554
4604 1.197051
4605 1.196550
4606 1.196051
4607 1.195554
4608 1.195059
4609 1.194566
4610 1.194074
4611 1.193584
4612 1.193096
4613 1.192610
4614 1.192125
4615 1.191643
4616 1.191162
4617 1.190683
4618 1.190206
4619 1.189731
4620 1.189257
4621 1.188785
4622 1.188316
4623 1.187848
4624 1.187381
4625 1.186917
4626 1.186454
4627 1.185994
4628 1.185535
4629 1.185078
4630 1.184622
4631 1.184169
4632 1.183717
4633 1.183267
4634 1.182819
4635 1.182373
4636 1.181928
4637 1.181486
4638 1.181045
4639 1.180606
4640 1.180168
4641 1.179733
4642 1.179299
4643 1.178867
4644 1.178437
4645 1.178008
4646 1.177582
4647 1.177157
4648 1.176734
4649 1.176312
4650 1.175893
4651 1.175475
4652 1.175059
4653 1.174645
4654 1.174232
4655 1.173821
4656 1.173412
4657 1.173005
4658 1.172599
4659 1.172195
4660 1.171793
4661 1.171392
4662 1.170993
4663 1.170596
4664 1.170201
4665 1.169807
4666 1.169415
4667 1.169025
4668 1.168636
4669 1.168249
4670 1.167864
4671 1.167480
4672 1.167098
4673 1.166718
4674 1.166339
4675 1.165962
4676 1.165587
4677 1.165213
4678 1.164841
4679 1.164470
4680 1.164101
4681 1.163734
4682 1.163368
4683 1.163004
4684 1.162642
4685 1.162281
4686 1.161922
4687 1.161564
4688 1.161208
4689 1.160853
4690 1.160500
4691 1.160148
4692 1.159798
4693 1.159450
4694 1.159103
4695 1.158757
4696 1.158414
4697 1.158071
4698 1.157730
4699 1.157391
4700 1.157053
4701 1.156717
4702 1.156382
4703 1.156048
4704 1.155716
4705 1.155386
4706 1.155057
4707 1.154729
4708 1.154403
4709 1.154078
4710 1.153755
4711 1.153433
4712 1.153112
4713 1.152793
4714 1.152476
4715 1.152159
4716 1.151844
4717 1.151531
4718 1.151219
4719 1.150908
4720 1.150598
4721 1.150290
4722 1.149984
4723 1.149678
4724 1.149374
4725 1.149071
4726 1.148770
4727 1.148470
4728 1.148171
4729 1.147874
4730 1.147577
4731 1.147283
4732 1.146989
4733 1.146697
4734 1.146406
4735 1.146116
4736 1.145827
4737 1.145540
4738 1.145254
4739 1.144969
4740 1.144685
4741 1.144403
4742 1.144122
4743 1.143842
4744 1.143563
4745 1.143286
4746 1.143009
4747 1.142734
4748 1.142460
4749 1.142187
4750 1.141915
4751 1.141645
4752 1.141376
4753 1.141107
4754 1.140840
4755 1.140574
4756 1.140310
4757 1.140046
4758 1.139783
4759 1.139522
4760 1.139262
4761 1.139002
4762 1.138744
4763 1.138487
4764 1.138231
4765 1.137976
4766 1.137722
4767 1.137470
4768 1.137218
4769 1.136967
4770 1.136718
4771 1.136469
4772 1.136221
4773 1.135975
4774 1.135729
4775 1.135485
4776 1.135241
4777 1.134999
4778 1.134757
4779 1.134517
4780 1.134277
4781 1.134039
4782 1.133801
4783 1.133565
4784 1.133329
4785 1.133095
4786 1.132861
4787 1.132628
4788 1.132396
4789 1.132165
4790 1.131936
4791 1.131707
4792 1.131478
4793 1.131251
4794 1.131025
4795 1.130800
4796 1.130575
4797 1.130352
4798 1.130129
4799 1.129907
4800 1.129687
4801 1.129467
4802 1.129247
4803 1.129029
4804 1.128812
4805 1.128595
4806 1.128380
4807 1.128165
4808 1.127951
4809 1.127738
4810 1.127525
4811 1.127314
4812 1.127103
4813 1.126893
4814 1.126684
4815 1.126476
4816 1.126269
4817 1.126062
4818 1.125856
4819 1.125651
4820 1.125447
4821 1.125243
4822 1.125041
4823 1.124839
4824 1.124638
4825 1.124437
4826 1.124238
4827 1.124039
4828 1.123841
4829 1.123643
4830 1.123447
4831 1.123251
4832 1.123056
4833 1.122861
4834 1.122667
4835 1.122474
4836 1.122282
4837 1.122091
4838 1.121900
4839 1.121710
4840 1.121520
4841 1.121332
4842 1.121144
4843 1.120956
4844 1.120770
4845 1.120584
4846 1.120398
4847 1.120214
4848 1.120030
4849 1.119846
4850 1.119664
4851 1.119482
4852 1.119301
4853 1.119120
4854 1.118940
4855 1.118761
4856 1.118582
4857 1.118404
4858 1.118226
4859 1.118050
4860 1.117873
4861 1.117698
4862 1.117523
4863 1.117349
4864 1.117175
4865 1.117002
4866 1.116829
4867 1.116657
4868 1.116486
4869 1.116315
4870 1.116145
4871 1.115976
4872 1.115807
4873 1.115639
4874 1.115471
4875 1.115304
4876 1.115137
4877 1.114971
4878 1.114806
4879 1.114641
4880 1.114476
4881 1.114313
4882 1.114149
4883 1.113987
4884 1.113825
4885 1.113663
4886 1.113502
4887 1.113341
4888 1.113181
4889 1.113022
4890 1.112863
4891 1.112705
4892 1.112547
4893 1.112390
4894 1.112233
4895 1.112076
4896 1.111921
4897 1.111765
4898 1.111611
4899 1.111456
4900 1.111303
4901 1.111149
4902 1.110997
4903 1.110844
4904 1.110693
4905 1.110541
4906 1.110391
4907 1.110240
4908 1.110091
4909 1.109941
4910 1.109792
4911 1.109644
4912 1.109496
4913 1.109349
4914 1.109202
4915 1.109055
4916 1.108909
4917 1.108763
4918 1.108618
4919 1.108474
4920 1.108329
4921 1.108186
4922 1.108042
4923 1.107899
4924 1.107757
4925 1.107615
4926 1.107473
4927 1.107332
4928 1.107192
4929 1.107051
4930 1.106911
4931 1.106772
4932 1.106633
4933 1.106494
4934 1.106356
4935 1.106219
4936 1.106081
4937 1.105944
4938 1.105808
4939 1.105672
4940 1.105536
4941 1.105401
4942 1.105266
4943 1.105132
4944 1.104997
4945 1.104864
4946 1.104731
4947 1.104598
4948 1.104465
4949 1.104333
4950 1.104201
4951 1.104070
4952 1.103939
4953 1.103808
4954 1.103678
4955 1.103548
4956 1.103419
4957 1.103290
4958 1.103161
4959 1.103033
4960 1.102905
4961 1.102777
4962 1.102650
4963 1.102523
4964 1.102397
4965 1.102271
4966 1.102145
4967 1.102019
4968 1.101894
4969 1.101770
4970 1.101645
4971 1.101521
4972 1.101398
4973 1.101274
4974 1.101151
4975 1.101028
4976 1.100906
4977 1.100784
4978 1.100663
4979 1.100541
4980 1.100420
4981 1.100300
4982 1.100179
4983 1.100059
4984 1.099940
4985 1.099820
4986 1.099701
4987 1.099583
4988 1.099464
4989 1.099346
4990 1.099228
4991 1.099111
4992 1.098994
4993 1.098877
4994 1.098761
4995 1.098644
4996 1.098529
4997 1.098413
4998 1.098298
4999 1.098183
