0 39.756582
1 42.158435
2 43.123695
3 43.586113
4 43.969884
5 44.313345
6 44.597700
7 44.786548
8 44.817958
9 44.505453
10 43.328087
11 41.451625
12 39.175538
13 36.125717
14 32.768747
15 29.759905
16 27.328289
17 25.401376
18 23.792839
19 22.342213
20 20.953889
21 19.578791
22 18.225833
23 16.898937
24 15.607002
25 14.377771
26 13.237993
27 12.201945
28 11.268547
29 10.427834
30 9.668025
31 8.978135
32 8.349169
33 7.773844
34 7.244917
35 6.754965
36 6.298480
37 5.873084
38 5.478527
39 5.115254
40 4.783371
41 4.481297
42 4.205573
43 3.952797
44 3.720949
45 3.508976
46 3.315933
47 3.140556
48 2.981297
49 2.836551
50 2.704856
51 2.584975
52 2.475889
53 2.376739
54 2.286775
55 2.205304
56 2.131666
57 2.065214
58 2.005309
59 1.951321
60 1.902637
61 1.858671
62 1.818871
63 1.782730
64 1.749791
65 1.719647
66 1.691940
67 1.666362
68 1.642647
69 1.620568
70 1.599932
71 1.580575
72 1.562359
73 1.545165
74 1.528896
75 1.513466
76 1.498805
77 1.484852
78 1.471555
79 1.458868
80 1.446752
81 1.435173
82 1.424100
83 1.413504
84 1.403360
85 1.393643
86 1.384332
87 1.375405
88 1.366841
89 1.358621
90 1.350726
91 1.343138
92 1.335839
93 1.328813
94 1.322042
95 1.315511
96 1.309205
97 1.303111
98 1.297214
99 1.291502
100 1.285963
101 1.280587
102 1.275364
103 1.270284
104 1.265339
105 1.260523
106 1.255828
107 1.251251
108 1.246785
109 1.242428
110 1.238177
111 1.234028
112 1.229982
113 1.226035
114 1.222189
115 1.218441
116 1.214793
117 1.211243
118 1.207793
119 1.204441
120 1.201188
121 1.198033
122 1.194974
123 1.192010
124 1.189139
125 1.186359
126 1.183665
127 1.181053
128 1.178520
129 1.176059
130 1.173664
131 1.171329
132 1.169046
133 1.166807
134 1.164603
135 1.162426
136 1.160267
137 1.158116
138 1.155962
139 1.153797
140 1.151610
141 1.149392
142 1.147131
143 1.144819
144 1.142445
145 1.140000
146 1.137476
147 1.134863
148 1.132153
149 1.129340
150 1.126417
151 1.123378
152 1.120217
153 1.116933
154 1.113521
155 1.109981
156 1.106313
157 1.102519
158 1.098600
159 1.094562
160 1.090410
161 1.086152
162 1.081794
163 1.077348
164 1.072823
165 1.068232
166 1.063586
167 1.058900
168 1.054186
169 1.049460
170 1.044735
171 1.040028
172 1.035351
173 1.030720
174 1.026149
175 1.021650
176 1.017238
177 1.012923
178 1.008717
179 1.004629
180 1.000670
181 0.996846
182 0.993164
183 0.989630
184 0.986249
185 0.983024
186 0.979958
187 0.977052
188 0.974308
189 0.971727
190 0.969307
191 0.967048
192 0.964950
193 0.963010
194 0.961227
195 0.959599
196 0.958123
197 0.956798
198 0.955620
199 0.954588
200 0.953698
201 0.952948
202 0.952335
203 0.951857
204 0.951511
205 0.951294
206 0.951204
207 0.951238
208 0.951394
209 0.951669
210 0.952060
211 0.952566
212 0.953183
213 0.953910
214 0.954743
215 0.955680
216 0.956720
217 0.957860
218 0.959097
219 0.960429
220 0.961855
221 0.963371
222 0.964976
223 0.966667
224 0.968442
225 0.970299
226 0.972236
227 0.974251
228 0.976341
229 0.978504
230 0.980738
231 0.983040
232 0.985409
233 0.987841
234 0.990334
235 0.992885
236 0.995493
237 0.998153
238 1.000864
239 1.003622
240 1.006424
241 1.009268
242 1.012150
243 1.015067
244 1.018016
245 1.020994
246 1.023998
247 1.027024
248 1.030070
249 1.033132
250 1.036208
251 1.039296
252 1.042392
253 1.045495
254 1.048602
255 1.051713
256 1.054825
257 1.057939
258 1.061052
259 1.064166
260 1.067281
261 1.070397
262 1.073515
263 1.076639
264 1.079769
265 1.082909
266 1.086063
267 1.089235
268 1.092430
269 1.095654
270 1.098913
271 1.102215
272 1.105569
273 1.108985
274 1.112475
275 1.116050
276 1.119727
277 1.123523
278 1.127457
279 1.131553
280 1.135838
281 1.140347
282 1.145117
283 1.150196
284 1.155641
285 1.161522
286 1.167923
287 1.174945
288 1.182707
289 1.191343
290 1.200991
291 1.211783
292 1.223832
293 1.237254
294 1.252248
295 1.269206
296 1.288817
297 1.312266
298 1.341636
299 1.379772
300 1.427977
301 1.482916
302 1.537226
303 1.586251
304 1.631382
305 1.669636
306 1.699078
307 1.721993
308 1.740556
309 1.755966
310 1.768981
311 1.780198
312 1.790101
313 1.799051
314 1.807294
315 1.814991
316 1.822245
317 1.829127
318 1.835691
319 1.841978
320 1.848021
321 1.853850
322 1.859489
323 1.864959
324 1.870278
325 1.875460
326 1.880517
327 1.885459
328 1.890291
329 1.895020
330 1.899646
331 1.904170
332 1.908591
333 1.912906
334 1.917109
335 1.921195
336 1.925157
337 1.928988
338 1.932678
339 1.936220
340 1.939606
341 1.942829
342 1.945882
343 1.948761
344 1.951462
345 1.953986
346 1.956332
347 1.958506
348 1.960513
349 1.962361
350 1.964059
351 1.965617
352 1.967041
353 1.968336
354 1.969500
355 1.970526
356 1.971393
357 1.972065
358 1.972489
359 1.972587
360 1.972255
361 1.971359
362 1.969733
363 1.967194
364 1.963560
365 1.958716
366 1.952705
367 1.945819
368 1.938584
369 1.931585
370 1.925234
371 1.919667
372 1.914801
373 1.910469
374 1.906515
375 1.902809
376 1.899248
377 1.895741
378 1.892214
379 1.888601
380 1.884853
381 1.880948
382 1.876914
383 1.872854
384 1.868965
385 1.865503
386 1.862683
387 1.860563
388 1.859010
389 1.857781
390 1.856631
391 1.855390
392 1.853978
393 1.852405
394 1.850732
395 1.849041
396 1.847394
397 1.845813
398 1.844282
399 1.842772
400 1.841258
401 1.839730
402 1.838191
403 1.836648
404 1.835105
405 1.833562
406 1.832018
407 1.830474
408 1.828928
409 1.827379
410 1.825827
411 1.824272
412 1.822710
413 1.821141
414 1.819563
415 1.817972
416 1.816365
417 1.814738
418 1.813083
419 1.811394
420 1.809661
421 1.807870
422 1.806004
423 1.804040
424 1.801945
425 1.799672
426 1.797148
427 1.794262
428 1.790800
429 1.786370
430 1.779919
431 1.768016
432 1.732379
433 1.582969
434 1.557023
435 1.713600
436 1.645906
437 1.529622
438 1.878315
439 1.781186
440 1.893310
441 1.575461
442 1.547109
443 1.720147
444 1.828597
445 1.868687
446 1.889814
447 1.601213
448 1.511088
449 1.869106
450 1.865289
451 1.873490
452 1.831636
453 1.622692
454 1.532096
455 1.654800
456 1.520994
457 1.778572
458 1.853806
459 1.826700
460 1.743215
461 1.674833
462 1.550882
463 1.527925
464 1.545668
465 1.517669
466 1.632447
467 1.515668
468 1.693147
469 1.766446
470 1.695554
471 1.712205
472 1.811464
473 1.820315
474 1.742972
475 1.617149
476 1.571608
477 1.603840
478 1.593610
479 1.584043
480 1.561968
481 1.528933
482 1.516938
483 1.509800
484 1.520742
485 1.499626
486 1.547728
487 1.491487
488 1.559899
489 1.498729
490 1.529614
491 1.505417
492 1.517007
493 1.512723
494 1.511520
495 1.507333
496 1.500744
497 1.491854
498 1.480697
499 1.467174
500 1.451049
501 1.431807
502 1.407935
503 1.374936
504 1.320951
505 1.269895
506 1.270745
507 1.279328
508 1.294811
509 1.292518
510 1.343876
511 1.292711
512 1.292647
513 1.328150
514 1.289006
515 1.291105
516 1.294322
517 1.295360
518 1.299257
519 1.299044
520 1.303471
521 1.302448
522 1.307032
523 1.306112
524 1.310303
525 1.311013
526 1.313487
527 1.318361
528 1.315972
529 1.327343
530 1.316970
531 1.332756
532 1.318735
533 1.333449
534 1.324501
535 1.334794
536 1.335272
537 1.341583
538 1.346861
539 1.351727
540 1.355794
541 1.359385
542 1.362815
543 1.366188
544 1.369597
545 1.373159
546 1.377087
547 1.381944
548 1.390188
549 1.438197
550 1.526082
551 1.639373
552 1.397258
553 1.429300
554 1.505006
555 1.627076
556 1.523601
557 1.656402
558 1.680636
559 1.415589
560 1.419594
561 1.427977
562 1.527170
563 1.667587
564 1.714542
565 1.464096
566 1.458861
567 1.457753
568 1.483141
569 1.568980
570 1.741093
571 1.562504
572 1.701589
573 1.762702
574 1.681324
575 1.775314
576 1.614542
577 1.857197
578 1.701809
579 2.140917
580 2.144465
581 2.075284
582 2.161804
583 1.912793
584 2.097874
585 1.847271
586 1.790092
587 1.957723
588 1.826805
589 1.746199
590 1.843644
591 1.770556
592 1.813256
593 1.740958
594 1.781734
595 1.980119
596 1.929269
597 2.124274
598 2.155406
599 2.156577
600 2.179377
601 2.161150
602 2.208072
603 2.181305
604 2.231508
605 2.237879
606 2.253451
607 2.261490
608 2.264041
609 2.262583
610 2.257679
611 2.249320
612 2.237841
613 2.224230
614 2.205145
615 2.209742
616 2.171990
617 2.169963
618 2.221039
619 2.091311
620 2.112326
621 2.186609
622 2.233097
623 2.143562
624 2.214378
625 2.158634
626 2.185835
627 2.163254
628 2.156148
629 2.142960
630 2.129596
631 2.116715
632 2.105565
633 2.097052
634 2.091645
635 2.089341
636 2.089469
637 2.091020
638 2.093382
639 2.096488
640 2.101055
641 2.113874
642 2.134197
643 2.133461
644 2.134177
645 2.134159
646 2.149311
647 2.218223
648 1.848919
649 1.866861
650 1.870205
651 1.901558
652 2.247660
653 2.241693
654 2.241226
655 2.228600
656 2.225755
657 2.226219
658 2.227670
659 2.230011
660 2.233045
661 2.236384
662 2.239574
663 2.242244
664 2.244220
665 2.245682
666 2.246871
667 2.247866
668 2.248711
669 2.249458
670 2.250036
671 2.250713
672 2.250730
673 2.252294
674 2.248855
675 2.255416
676 2.245646
677 2.252881
678 2.246174
679 2.257745
680 2.246942
681 2.261664
682 2.247500
683 2.263268
684 2.249149
685 2.262229
686 2.249351
687 2.259912
688 2.249285
689 2.253710
690 2.251206
691 2.250360
692 2.249505
693 2.249212
694 2.249426
695 2.249272
696 2.249274
697 2.249003
698 2.248686
699 2.248138
700 2.247398
701 2.246430
702 2.245242
703 2.243840
704 2.242219
705 2.240347
706 2.238151
707 2.235493
708 2.232138
709 2.227850
710 2.223931
711 2.226384
712 2.232975
713 2.241671
714 2.242840
715 2.238140
716 2.232664
717 2.223407
718 2.210042
719 2.230699
720 2.222281
721 2.213400
722 2.224021
723 2.214977
724 2.220214
725 2.214013
726 2.218708
727 2.212118
728 2.216338
729 2.209801
730 2.212637
731 2.207601
732 2.207265
733 2.203621
734 2.200208
735 2.196022
736 2.191462
737 2.186569
738 2.181727
739 2.178658
740 2.178664
741 2.178491
742 2.177915
743 2.177636
744 2.180031
745 2.232664
746 2.193469
747 2.211233
748 2.217153
749 2.209190
750 2.246704
751 1.988914
752 1.843489
753 1.896708
754 2.089629
755 2.389012
756 2.208027
757 2.276263
758 2.331043
759 2.296336
760 2.312989
761 2.326790
762 2.339157
763 2.350676
764 2.359022
765 2.359454
766 2.348885
767 2.331824
768 2.322118
769 2.319367
770 2.317210
771 2.314844
772 2.312164
773 2.309210
774 2.306184
775 2.303484
776 2.301675
777 2.301340
778 2.302705
779 2.305253
780 2.307921
781 2.309183
782 2.306605
783 2.297113
784 2.278433
785 2.252337
786 2.232016
787 2.221532
788 2.201001
789 2.177563
790 2.079676
791 2.194676
792 2.111397
793 2.201016
794 2.157820
795 1.938866
796 2.284912
797 2.240987
798 2.204313
799 2.112112
800 2.197166
801 2.064256
802 1.960923
803 2.308649
804 2.265941
805 2.222428
806 2.183365
807 1.931160
808 2.316591
809 2.275154
810 2.232431
811 2.190413
812 1.941085
813 2.326473
814 2.290622
815 2.249988
816 2.213818
817 1.959394
818 2.323983
819 2.288422
820 2.251553
821 2.137087
822 2.109515
823 2.314050
824 2.276699
825 2.233667
826 1.980981
827 2.337469
828 2.308126
829 2.266178
830 2.124262
831 1.990512
832 2.361121
833 2.343069
834 2.312800
835 2.247445
836 1.992612
837 2.361591
838 2.343602
839 2.301165
840 2.143274
841 2.145467
842 2.345765
843 2.290101
844 2.062653
845 2.338960
846 2.213425
847 2.327509
848 2.157153
849 2.380527
850 2.245193
851 2.176628
852 2.090332
853 2.290091
854 2.061646
855 2.316221
856 2.125659
857 2.302421
858 2.158023
859 2.321412
860 2.202539
861 2.357610
862 2.232748
863 2.852033
864 2.391152
865 2.248036
866 2.676727
867 2.425861
868 2.226298
869 2.213798
870 2.829581
871 2.486670
872 2.235997
873 2.209480
874 2.240507
875 2.229099
876 2.418851
877 2.473650
878 2.243634
879 2.239627
880 2.494712
881 2.454543
882 2.241075
883 2.451862
884 2.391942
885 2.244057
886 2.968279
887 2.245399
888 2.969739
889 2.249610
890 2.970616
891 2.254212
892 2.721255
893 2.287221
894 2.517100
895 2.389913
896 2.414304
897 2.438981
898 2.448540
899 2.467968
900 2.480627
901 2.487872
902 2.492202
903 2.494559
904 2.500438
905 2.488653
906 2.486822
907 2.480692
908 2.470290
909 2.454456
910 2.447956
911 2.441975
912 2.434635
913 2.425932
914 2.416064
915 2.405189
916 2.392305
917 2.371486
918 2.342041
919 2.353295
920 2.286827
921 2.148601
922 2.345216
923 2.325216
924 2.261556
925 2.075645
926 2.312625
927 2.229506
928 2.243321
929 2.078971
930 2.258203
931 2.080371
932 2.245272
933 2.085021
934 2.232734
935 2.205998
936 2.168342
937 2.130064
938 2.169938
939 2.102904
940 2.159836
941 2.185784
942 2.096867
943 2.134221
944 2.138740
945 2.139779
946 2.135972
947 2.124832
948 2.112862
949 2.109838
950 2.110469
951 2.111974
952 2.114162
953 2.117106
954 2.121080
955 2.126725
956 2.135615
957 2.153008
958 2.173476
959 2.168885
960 2.251925
961 2.262418
962 2.268103
963 2.274631
964 2.280802
965 2.285362
966 2.287550
967 2.288869
968 2.289977
969 2.290901
970 2.291919
971 2.292932
972 2.294292
973 2.296000
974 2.299163
975 2.314876
976 2.368966
977 2.334814
978 2.337767
979 2.352986
980 2.369957
981 2.369618
982 2.376552
983 2.451390
984 2.372195
985 2.433424
986 2.369944
987 2.370634
988 2.386195
989 2.471048
990 2.369278
991 2.371060
992 2.374499
993 2.479406
994 2.370993
995 2.446508
996 2.372641
997 2.374585
998 2.465508
999 2.456229
1000 2.372431
1001 2.375293
1002 2.377338
1003 3.569440
1004 1.643209
1005 1.716339
1006 1.702477
1007 1.711049
1008 1.760685
1009 2.417981
1010 2.285449
1011 2.405061
1012 2.392797
1013 2.368493
1014 2.342260
1015 2.303877
1016 2.249983
1017 2.258379
1018 2.264550
1019 2.280657
1020 2.263366
1021 2.285103
1022 2.287463
1023 2.287233
1024 2.296174
1025 2.297602
1026 2.307577
1027 2.408040
1028 2.476140
1029 2.376208
1030 2.319169
1031 2.417587
1032 2.451667
1033 2.382716
1034 2.437158
1035 1.801140
1036 2.403294
1037 2.444724
1038 2.489329
1039 2.327676
1040 2.332542
1041 2.371561
1042 2.376992
1043 2.393328
1044 2.397527
1045 2.399840
1046 2.498576
1047 2.394334
1048 2.378692
1049 2.985990
1050 1.753047
1051 1.633891
1052 1.627277
1053 1.648153
1054 1.729556
1055 2.486616
1056 2.522051
1057 2.324148
1058 1.768573
1059 3.583291
1060 2.592958
1061 2.464605
1062 2.536590
1063 2.653283
1064 2.578015
1065 2.629693
1066 2.536971
1067 2.615211
1068 2.418022
1069 2.487733
1070 2.519857
1071 2.480986
1072 2.432006
1073 2.385973
1074 2.389626
1075 2.392325
1076 2.403309
1077 2.404953
1078 2.413364
1079 2.407814
1080 2.805655
1081 2.377410
1082 2.414121
1083 2.529724
1084 2.380638
1085 3.596064
1086 1.651428
1087 1.570962
1088 1.678891
1089 1.631646
1090 1.668437
1091 1.807468
1092 2.451083
1093 2.655533
1094 2.601375
1095 2.626881
1096 2.743013
1097 2.431865
1098 2.412345
1099 2.404056
1100 2.406788
1101 2.410210
1102 2.390559
1103 2.515624
1104 2.459291
1105 2.414903
1106 2.562751
1107 2.441138
1108 2.556102
1109 2.395187
1110 2.421191
1111 2.533344
1112 2.573628
1113 2.419935
1114 2.554025
1115 2.415266
1116 2.403412
1117 1.544661
1118 1.574607
1119 1.587226
1120 1.717551
1121 2.230156
1122 2.793478
1123 2.771478
1124 2.659788
1125 2.485827
1126 2.504393
1127 2.834175
1128 2.496887
1129 2.679021
1130 2.417259
1131 2.599282
1132 1.536327
1133 2.591159
1134 2.489758
1135 2.501148
1136 2.119571
1137 1.662517
1138 2.426356
1139 2.828324
1140 2.486040
1141 1.957730
1142 2.364399
1143 1.677273
1144 2.449809
1145 3.233847
1146 2.549252
1147 2.551366
1148 1.737029
1149 4.061663
1150 2.672934
1151 2.626199
1152 1.666596
1153 2.458234
1154 1.928869
1155 2.826540
1156 2.824760
1157 2.628369
1158 1.660630
1159 2.472452
1160 1.749236
1161 2.602331
1162 2.896759
1163 1.720847
1164 2.608073
1165 4.621985
1166 2.475969
1167 3.387382
1168 1.809862
1169 2.591175
1170 3.031512
1171 2.591103
1172 2.775223
1173 2.853288
1174 3.380520
1175 2.446301
1176 2.727087
1177 2.664092
1178 3.458390
1179 2.634974
1180 4.436692
1181 2.296293
1182 2.346396
1183 3.560261
1184 2.455905
1185 2.964175
1186 4.335091
1187 2.492356
1188 2.452766
1189 2.500018
1190 2.701885
1191 2.763966
1192 3.968697
1193 4.164648
1194 2.454925
1195 2.471534
1196 2.534857
1197 4.285878
1198 2.592407
1199 2.820217
1200 2.756777
1201 4.061509
1202 2.684899
1203 3.380914
1204 2.815062
1205 2.644149
1206 3.480093
1207 3.449626
1208 3.850004
1209 2.620884
1210 2.931700
1211 2.890990
1212 2.843716
1213 2.930836
1214 2.778881
1215 2.763976
1216 2.720250
1217 3.100324
1218 4.100644
1219 3.124482
1220 3.984285
1221 2.960834
1222 3.531369
1223 2.856553
1224 3.256840
1225 2.942027
1226 3.103189
1227 2.946854
1228 2.871916
1229 3.143777
1230 3.016921
1231 2.971012
1232 2.973259
1233 3.004751
1234 3.212181
1235 3.253694
1236 3.290333
1237 3.264253
1238 3.244978
1239 3.235744
1240 3.229442
1241 3.223456
1242 3.217151
1243 3.210463
1244 3.203459
1245 3.196223
1246 3.188830
1247 3.181347
1248 3.173832
1249 3.166334
1250 3.158896
1251 3.151551
1252 3.144327
1253 3.137240
1254 3.130304
1255 3.123521
1256 3.116890
1257 3.110403
1258 3.104050
1259 3.097817
1260 3.091688
1261 3.085646
1262 3.079675
1263 3.073757
1264 3.067878
1265 3.062022
1266 3.056175
1267 3.050325
1268 3.044461
1269 3.038574
1270 3.032654
1271 3.026693
1272 3.020687
1273 3.014629
1274 3.008515
1275 3.002340
1276 2.996104
1277 2.989802
1278 2.983433
1279 2.976996
1280 2.970490
1281 2.963915
1282 2.957270
1283 2.950557
1284 2.943774
1285 2.936923
1286 2.930006
1287 2.923022
1288 2.915974
1289 2.908864
1290 2.901694
1291 2.894466
1292 2.887182
1293 2.879848
1294 2.872466
1295 2.865042
1296 2.857580
1297 2.850088
1298 2.842572
1299 2.835041
1300 2.827504
1301 2.819973
1302 2.812459
1303 2.804975
1304 2.797536
1305 2.790159
1306 2.782859
1307 2.775655
1308 2.768564
1309 2.761605
1310 2.754796
1311 2.748154
1312 2.741695
1313 2.735433
1314 2.729381
1315 2.723547
1316 2.717940
1317 2.712561
1318 2.707413
1319 2.702494
1320 2.697798
1321 2.693319
1322 2.689049
1323 2.684978
1324 2.681095
1325 2.677388
1326 2.673846
1327 2.670456
1328 2.667207
1329 2.664089
1330 2.661089
1331 2.658199
1332 2.655408
1333 2.652709
1334 2.650093
1335 2.647552
1336 2.645081
1337 2.642673
1338 2.640322
1339 2.638024
1340 2.635773
1341 2.633566
1342 2.631400
1343 2.629269
1344 2.627173
1345 2.625107
1346 2.623069
1347 2.621057
1348 2.619070
1349 2.617104
1350 2.615159
1351 2.613233
1352 2.611324
1353 2.609432
1354 2.607555
1355 2.605692
1356 2.603843
1357 2.602006
1358 2.600180
1359 2.598365
1360 2.596561
1361 2.594766
1362 2.592980
1363 2.591203
1364 2.589435
1365 2.587674
1366 2.585920
1367 2.584174
1368 2.582434
1369 2.580701
1370 2.578974
1371 2.577253
1372 2.575538
1373 2.573828
1374 2.572123
1375 2.570424
1376 2.568730
1377 2.567041
1378 2.565356
1379 2.563676
1380 2.562001
1381 2.560330
1382 2.558663
1383 2.557000
1384 2.555342
1385 2.553687
1386 2.552036
1387 2.550390
1388 2.548747
1389 2.547107
1390 2.545472
1391 2.543840
1392 2.542211
1393 2.540586
1394 2.538965
1395 2.537347
1396 2.535733
1397 2.534121
1398 2.532514
1399 2.530909
1400 2.529308
1401 2.527710
1402 2.526115
1403 2.524524
1404 2.522935
1405 2.521350
1406 2.519768
1407 2.518190
1408 2.516614
1409 2.515041
1410 2.513472
1411 2.511906
1412 2.510342
1413 2.508782
1414 2.507225
1415 2.505671
1416 2.504120
1417 2.502572
1418 2.501027
1419 2.499485
1420 2.497947
1421 2.496411
1422 2.494878
1423 2.493348
1424 2.491822
1425 2.490298
1426 2.488778
1427 2.487260
1428 2.485746
1429 2.484234
1430 2.482726
1431 2.481221
1432 2.479718
1433 2.478219
1434 2.476723
1435 2.475230
1436 2.473740
1437 2.472253
1438 2.470769
1439 2.469288
1440 2.467810
1441 2.466335
1442 2.464864
1443 2.463395
1444 2.461929
1445 2.460467
1446 2.459007
1447 2.457551
1448 2.456098
1449 2.454648
1450 2.453200
1451 2.451756
1452 2.450315
1453 2.448877
1454 2.447442
1455 2.446010
1456 2.444581
1457 2.443155
1458 2.441731
1459 2.440311
1460 2.438894
1461 2.437479
1462 2.436068
1463 2.434659
1464 2.433253
1465 2.431850
1466 2.430450
1467 2.429052
1468 2.427657
1469 2.426264
1470 2.424875
1471 2.423487
1472 2.422102
1473 2.420720
1474 2.419339
1475 2.417961
1476 2.416586
1477 2.415212
1478 2.413840
1479 2.412471
1480 2.411103
1481 2.409737
1482 2.408372
1483 2.407009
1484 2.405647
1485 2.404287
1486 2.402928
1487 2.401570
1488 2.400212
1489 2.398856
1490 2.397500
1491 2.396144
1492 2.394789
1493 2.393434
1494 2.392078
1495 2.390723
1496 2.389366
1497 2.388009
1498 2.386651
1499 2.385292
1500 2.383931
1501 2.382568
1502 2.381204
1503 2.379837
1504 2.378468
1505 2.377095
1506 2.375720
1507 2.374341
1508 2.372958
1509 2.371570
1510 2.370179
1511 2.368782
1512 2.367379
1513 2.365971
1514 2.364557
1515 2.363136
1516 2.361708
1517 2.360272
1518 2.358828
1519 2.357376
1520 2.355914
1521 2.354442
1522 2.352961
1523 2.351468
1524 2.349965
1525 2.348449
1526 2.346921
1527 2.345379
1528 2.343824
1529 2.342254
1530 2.340670
1531 2.339070
1532 2.337453
1533 2.335820
1534 2.334169
1535 2.332500
1536 2.330813
1537 2.329106
1538 2.327380
1539 2.325633
1540 2.323866
1541 2.322077
1542 2.320268
1543 2.318436
1544 2.316583
1545 2.314707
1546 2.312809
1547 2.310889
1548 2.308947
1549 2.306982
1550 2.304996
1551 2.302987
1552 2.300958
1553 2.298907
1554 2.296836
1555 2.294744
1556 2.292633
1557 2.290503
1558 2.288354
1559 2.286187
1560 2.284002
1561 2.281800
1562 2.279581
1563 2.277345
1564 2.275092
1565 2.272824
1566 2.270540
1567 2.268240
1568 2.265925
1569 2.263595
1570 2.261252
1571 2.258897
1572 2.256531
1573 2.254157
1574 2.251777
1575 2.249397
1576 2.247022
1577 2.244658
1578 2.242315
1579 2.240001
1580 2.237728
1581 2.235511
1582 2.233364
1583 2.231303
1584 2.229345
1585 2.227506
1586 2.225801
1587 2.224245
1588 2.222850
1589 2.221624
1590 2.220575
1591 2.219704
1592 2.219013
1593 2.218500
1594 2.218158
1595 2.217983
1596 2.217964
1597 2.218091
1598 2.218352
1599 2.218730
1600 2.219208
1601 2.219761
1602 2.220359
1603 2.220966
1604 2.221527
1605 2.221972
1606 2.222196
1607 2.222040
1608 2.221253
1609 2.219418
1610 2.215795
1611 2.209026
1612 2.196658
1613 2.175289
1614 2.145957
1615 2.123164
1616 2.112134
1617 2.098761
1618 2.081984
1619 2.070375
1620 2.065842
1621 2.064438
1622 2.063995
1623 2.063569
1624 2.062861
1625 2.061936
1626 2.060938
1627 2.059954
1628 2.059001
1629 2.058071
1630 2.057153
1631 2.056241
1632 2.055334
1633 2.054433
1634 2.053537
1635 2.052646
1636 2.051761
1637 2.050880
1638 2.050004
1639 2.049134
1640 2.048268
1641 2.047406
1642 2.046550
1643 2.045698
1644 2.044851
1645 2.044009
1646 2.043172
1647 2.042341
1648 2.041515
1649 2.040694
1650 2.039880
1651 2.039072
1652 2.038269
1653 2.037474
1654 2.036685
1655 2.035902
1656 2.035127
1657 2.034359
1658 2.033599
1659 2.032846
1660 2.032101
1661 2.031364
1662 2.030635
1663 2.029914
1664 2.029202
1665 2.028498
1666 2.027803
1667 2.027117
1668 2.026439
1669 2.025771
1670 2.025112
1671 2.024462
1672 2.023821
1673 2.023189
1674 2.022567
1675 2.021954
1676 2.021351
1677 2.020758
1678 2.020173
1679 2.019599
1680 2.019034
1681 2.018480
1682 2.017935
1683 2.017399
1684 2.016874
1685 2.016359
1686 2.015853
1687 2.015358
1688 2.014872
1689 2.014397
1690 2.013932
1691 2.013478
1692 2.013033
1693 2.012599
1694 2.012176
1695 2.011763
1696 2.011360
1697 2.010969
1698 2.010588
1699 2.010218
1700 2.009858
1701 2.009510
1702 2.009173
1703 2.008848
1704 2.008534
1705 2.008231
1706 2.007940
1707 2.007661
1708 2.007394
1709 2.007139
1710 2.006896
1711 2.006666
1712 2.006449
1713 2.006244
1714 2.006053
1715 2.005875
1716 2.005710
1717 2.005560
1718 2.005423
1719 2.005301
1720 2.005194
1721 2.005101
1722 2.005024
1723 2.004963
1724 2.004918
1725 2.004889
1726 2.004877
1727 2.004882
1728 2.004905
1729 2.004946
1730 2.005006
1731 2.005086
1732 2.005185
1733 2.005304
1734 2.005445
1735 2.005607
1736 2.005792
1737 2.006000
1738 2.006232
1739 2.006489
1740 2.006772
1741 2.007082
1742 2.007419
1743 2.007785
1744 2.008182
1745 2.008609
1746 2.009069
1747 2.009563
1748 2.010093
1749 2.010659
1750 2.011265
1751 2.011911
1752 2.012599
1753 2.013333
1754 2.014113
1755 2.014943
1756 2.015825
1757 2.016762
1758 2.017757
1759 2.018813
1760 2.019935
1761 2.021125
1762 2.022389
1763 2.023730
1764 2.025154
1765 2.026667
1766 2.028274
1767 2.029982
1768 2.031798
1769 2.033730
1770 2.035787
1771 2.037978
1772 2.040314
1773 2.042806
1774 2.045468
1775 2.048312
1776 2.051356
1777 2.054616
1778 2.058112
1779 2.061864
1780 2.065897
1781 2.070235
1782 2.074909
1783 2.079949
1784 2.085391
1785 2.091274
1786 2.097639
1787 2.104534
1788 2.112011
1789 2.120126
1790 2.128941
1791 2.138525
1792 2.148957
1793 2.160321
1794 2.172714
1795 2.186234
1796 2.200962
1797 2.216910
1798 2.233882
1799 2.251260
1800 2.267867
1801 2.282335
1802 2.293955
1803 2.302975
1804 2.310057
1805 2.315796
1806 2.320629
1807 2.324862
1808 2.328703
1809 2.332280
1810 2.335672
1811 2.338923
1812 2.342061
1813 2.345102
1814 2.348057
1815 2.350933
1816 2.353736
1817 2.356470
1818 2.359138
1819 2.361744
1820 2.364288
1821 2.366773
1822 2.369200
1823 2.371570
1824 2.373882
1825 2.376139
1826 2.378340
1827 2.380485
1828 2.382574
1829 2.384609
1830 2.386589
1831 2.388516
1832 2.390388
1833 2.392209
1834 2.393977
1835 2.395695
1836 2.397362
1837 2.398982
1838 2.400554
1839 2.402080
1840 2.403562
1841 2.405001
1842 2.406398
1843 2.407754
1844 2.409072
1845 2.410352
1846 2.411595
1847 2.412803
1848 2.413977
1849 2.415118
1850 2.416227
1851 2.417305
1852 2.418352
1853 2.419370
1854 2.420359
1855 2.421320
1856 2.422253
1857 2.423160
1858 2.424040
1859 2.424894
1860 2.425723
1861 2.426527
1862 2.427306
1863 2.428061
1864 2.428793
1865 2.429501
1866 2.430186
1867 2.430848
1868 2.431488
1869 2.432105
1870 2.432702
1871 2.433276
1872 2.433830
1873 2.434363
1874 2.434876
1875 2.435368
1876 2.435841
1877 2.436295
1878 2.436729
1879 2.437145
1880 2.437542
1881 2.437922
1882 2.438284
1883 2.438628
1884 2.438956
1885 2.439267
1886 2.439562
1887 2.439841
1888 2.440104
1889 2.440352
1890 2.440585
1891 2.440804
1892 2.441008
1893 2.441199
1894 2.441376
1895 2.441540
1896 2.441691
1897 2.441829
1898 2.441955
1899 2.442070
1900 2.442172
1901 2.442263
1902 2.442344
1903 2.442413
1904 2.442472
1905 2.442521
1906 2.442559
1907 2.442588
1908 2.442608
1909 2.442619
1910 2.442620
1911 2.442613
1912 2.442598
1913 2.442575
1914 2.442543
1915 2.442504
1916 2.442457
1917 2.442403
1918 2.442342
1919 2.442274
1920 2.442199
1921 2.442118
1922 2.442030
1923 2.441937
1924 2.441837
1925 2.441732
1926 2.441620
1927 2.441504
1928 2.441382
1929 2.441255
1930 2.441123
1931 2.440987
1932 2.440845
1933 2.440699
1934 2.440549
1935 2.440394
1936 2.440235
1937 2.440072
1938 2.439906
1939 2.439735
1940 2.439561
1941 2.439383
1942 2.439202
1943 2.439017
1944 2.438829
1945 2.438638
1946 2.438444
1947 2.438247
1948 2.438047
1949 2.437845
1950 2.437640
1951 2.437432
1952 2.437221
1953 2.437009
1954 2.436794
1955 2.436576
1956 2.436357
1957 2.436135
1958 2.435911
1959 2.435685
1960 2.435458
1961 2.435228
1962 2.434997
1963 2.434764
1964 2.434530
1965 2.434293
1966 2.434056
1967 2.433816
1968 2.433576
1969 2.433334
1970 2.433090
1971 2.432846
1972 2.432600
1973 2.432353
1974 2.432105
1975 2.431855
1976 2.431605
1977 2.431354
1978 2.431101
1979 2.430848
1980 2.430594
1981 2.430339
1982 2.430083
1983 2.429827
1984 2.429570
1985 2.429312
1986 2.429053
1987 2.428794
1988 2.428534
1989 2.428273
1990 2.428012
1991 2.427751
1992 2.427489
1993 2.427227
1994 2.426964
1995 2.426700
1996 2.426437
1997 2.426173
1998 2.425908
1999 2.425644
2000 2.425379
2001 2.425113
2002 2.424848
2003 2.424582
2004 2.424316
2005 2.424050
2006 2.423784
2007 2.423517
2008 2.423251
2009 2.422984
2010 2.422717
2011 2.422450
2012 2.422183
2013 2.421916
2014 2.421649
2015 2.421382
2016 2.421115
2017 2.420848
2018 2.420581
2019 2.420314
2020 2.420047
2021 2.419780
2022 2.419513
2023 2.419247
2024 2.418980
2025 2.418713
2026 2.418447
2027 2.418180
2028 2.417914
2029 2.417648
2030 2.417382
2031 2.417116
2032 2.416850
2033 2.416585
2034 2.416319
2035 2.416054
2036 2.415789
2037 2.415524
2038 2.415260
2039 2.414995
2040 2.414731
2041 2.414467
2042 2.414204
2043 2.413940
2044 2.413677
2045 2.413414
2046 2.413151
2047 2.412888
2048 2.412626
2049 2.412364
2050 2.412102
2051 2.411841
2052 2.411580
2053 2.411319
2054 2.411058
2055 2.410797
2056 2.410537
2057 2.410277
2058 2.410018
2059 2.409759
2060 2.409500
2061 2.409241
2062 2.408982
2063 2.408724
2064 2.408466
2065 2.408209
2066 2.407952
2067 2.407695
2068 2.407438
2069 2.407182
2070 2.406925
2071 2.406670
2072 2.406414
2073 2.406159
2074 2.405904
2075 2.405650
2076 2.405395
2077 2.405141
2078 2.404888
2079 2.404634
2080 2.404381
2081 2.404129
2082 2.403876
2083 2.403624
2084 2.403372
2085 2.403121
2086 2.402869
2087 2.402618
2088 2.402368
2089 2.402117
2090 2.401867
2091 2.401618
2092 2.401368
2093 2.401119
2094 2.400870
2095 2.400621
2096 2.400373
2097 2.400125
2098 2.399877
2099 2.399630
2100 2.399382
2101 2.399136
2102 2.398889
2103 2.398642
2104 2.398396
2105 2.398151
2106 2.397905
2107 2.397660
2108 2.397415
2109 2.397170
2110 2.396925
2111 2.396681
2112 2.396437
2113 2.396193
2114 2.395950
2115 2.395706
2116 2.395463
2117 2.395221
2118 2.394978
2119 2.394736
2120 2.394494
2121 2.394252
2122 2.394010
2123 2.393769
2124 2.393528
2125 2.393287
2126 2.393046
2127 2.392806
2128 2.392565
2129 2.392325
2130 2.392086
2131 2.391846
2132 2.391606
2133 2.391367
2134 2.391128
2135 2.390889
2136 2.390651
2137 2.390412
2138 2.390174
2139 2.389936
2140 2.389698
2141 2.389460
2142 2.389222
2143 2.388985
2144 2.388748
2145 2.388511
2146 2.388274
2147 2.388037
2148 2.387800
2149 2.387564
2150 2.387328
2151 2.387091
2152 2.386855
2153 2.386620
2154 2.386384
2155 2.386148
2156 2.385913
2157 2.385677
2158 2.385442
2159 2.385207
2160 2.384972
2161 2.384737
2162 2.384502
2163 2.384268
2164 2.384033
2165 2.383799
2166 2.383564
2167 2.383330
2168 2.383096
2169 2.382862
2170 2.382628
2171 2.382394
2172 2.382160
2173 2.381926
2174 2.381692
2175 2.381459
2176 2.381225
2177 2.380992
2178 2.380758
2179 2.380525
2180 2.380291
2181 2.380058
2182 2.379825
2183 2.379591
2184 2.379358
2185 2.379125
2186 2.378892
2187 2.378659
2188 2.378426
2189 2.378193
2190 2.377960
2191 2.377727
2192 2.377494
2193 2.377261
2194 2.377028
2195 2.376795
2196 2.376562
2197 2.376329
2198 2.376096
2199 2.375863
2200 2.375630
2201 2.375397
2202 2.375164
2203 2.374931
2204 2.374698
2205 2.374465
2206 2.374231
2207 2.373998
2208 2.373765
2209 2.373532
2210 2.373298
2211 2.373065
2212 2.372832
2213 2.372598
2214 2.372365
2215 2.372131
2216 2.371897
2217 2.371664
2218 2.371430
2219 2.371196
2220 2.370962
2221 2.370728
2222 2.370494
2223 2.370260
2224 2.370026
2225 2.369791
2226 2.369557
2227 2.369322
2228 2.369088
2229 2.368853
2230 2.368618
2231 2.368383
2232 2.368148
2233 2.367913
2234 2.367677
2235 2.367442
2236 2.367206
2237 2.366971
2238 2.366735
2239 2.366499
2240 2.366263
2241 2.366026
2242 2.365790
2243 2.365554
2244 2.365317
2245 2.365080
2246 2.364843
2247 2.364606
2248 2.364369
2249 2.364131
2250 2.363893
2251 2.363656
2252 2.363418
2253 2.363180
2254 2.362941
2255 2.362703
2256 2.362464
2257 2.362225
2258 2.361986
2259 2.361747
2260 2.361507
2261 2.361268
2262 2.361028
2263 2.360788
2264 2.360547
2265 2.360307
2266 2.360066
2267 2.359825
2268 2.359584
2269 2.359343
2270 2.359101
2271 2.358860
2272 2.358618
2273 2.358375
2274 2.358133
2275 2.357890
2276 2.357647
2277 2.357404
2278 2.357161
2279 2.356917
2280 2.356673
2281 2.356429
2282 2.356184
2283 2.355940
2284 2.355695
2285 2.355449
2286 2.355204
2287 2.354958
2288 2.354712
2289 2.354466
2290 2.354219
2291 2.353972
2292 2.353725
2293 2.353478
2294 2.353230
2295 2.352982
2296 2.352734
2297 2.352485
2298 2.352236
2299 2.351987
2300 2.351737
2301 2.351488
2302 2.351237
2303 2.350987
2304 2.350736
2305 2.350485
2306 2.350234
2307 2.349982
2308 2.349730
2309 2.349478
2310 2.349225
2311 2.348972
2312 2.348719
2313 2.348465
2314 2.348211
2315 2.347957
2316 2.347702
2317 2.347447
2318 2.347191
2319 2.346936
2320 2.346680
2321 2.346423
2322 2.346166
2323 2.345909
2324 2.345652
2325 2.345394
2326 2.345135
2327 2.344877
2328 2.344618
2329 2.344358
2330 2.344099
2331 2.343838
2332 2.343578
2333 2.343317
2334 2.343056
2335 2.342794
2336 2.342532
2337 2.342269
2338 2.342007
2339 2.341743
2340 2.341480
2341 2.341216
2342 2.340951
2343 2.340686
2344 2.340421
2345 2.340155
2346 2.339889
2347 2.339622
2348 2.339355
2349 2.339088
2350 2.338820
2351 2.338552
2352 2.338283
2353 2.338014
2354 2.337745
2355 2.337475
2356 2.337204
2357 2.336933
2358 2.336662
2359 2.336390
2360 2.336118
2361 2.335845
2362 2.335572
2363 2.335299
2364 2.335025
2365 2.334750
2366 2.334475
2367 2.334200
2368 2.333924
2369 2.333648
2370 2.333371
2371 2.333093
2372 2.332816
2373 2.332537
2374 2.332259
2375 2.331979
2376 2.331700
2377 2.331420
2378 2.331139
2379 2.330858
2380 2.330576
2381 2.330294
2382 2.330011
2383 2.329728
2384 2.329444
2385 2.329160
2386 2.328875
2387 2.328590
2388 2.328305
2389 2.328018
2390 2.327732
2391 2.327444
2392 2.327157
2393 2.326868
2394 2.326579
2395 2.326290
2396 2.326000
2397 2.325710
2398 2.325419
2399 2.325127
2400 2.324835
2401 2.324543
2402 2.324249
2403 2.323956
2404 2.323662
2405 2.323367
2406 2.323071
2407 2.322776
2408 2.322479
2409 2.322182
2410 2.321884
2411 2.321586
2412 2.321288
2413 2.320988
2414 2.320688
2415 2.320388
2416 2.320087
2417 2.319785
2418 2.319483
2419 2.319180
2420 2.318877
2421 2.318573
2422 2.318269
2423 2.317964
2424 2.317658
2425 2.317352
2426 2.317045
2427 2.316737
2428 2.316429
2429 2.316120
2430 2.315811
2431 2.315501
2432 2.315190
2433 2.314879
2434 2.314567
2435 2.314255
2436 2.313942
2437 2.313628
2438 2.313314
2439 2.312999
2440 2.312684
2441 2.312367
2442 2.312050
2443 2.311733
2444 2.311415
2445 2.311096
2446 2.310777
2447 2.310457
2448 2.310136
2449 2.309814
2450 2.309492
2451 2.309170
2452 2.308846
2453 2.308522
2454 2.308198
2455 2.307872
2456 2.307546
2457 2.307220
2458 2.306892
2459 2.306564
2460 2.306235
2461 2.305906
2462 2.305576
2463 2.305245
2464 2.304914
2465 2.304581
2466 2.304248
2467 2.303915
2468 2.303581
2469 2.303246
2470 2.302910
2471 2.302573
2472 2.302236
2473 2.301898
2474 2.301560
2475 2.301221
2476 2.300881
2477 2.300540
2478 2.300198
2479 2.299856
2480 2.299513
2481 2.299170
2482 2.298825
2483 2.298480
2484 2.298134
2485 2.297787
2486 2.297440
2487 2.297092
2488 2.296743
2489 2.296393
2490 2.296043
2491 2.295692
2492 2.295340
2493 2.294987
2494 2.294634
2495 2.294279
2496 2.293924
2497 2.293568
2498 2.293212
2499 2.292854
2500 2.292496
2501 2.292137
2502 2.291778
2503 2.291417
2504 2.291056
2505 2.290693
2506 2.290331
2507 2.289967
2508 2.289602
2509 2.289237
2510 2.288870
2511 2.288503
2512 2.288136
2513 2.287767
2514 2.287397
2515 2.287027
2516 2.286656
2517 2.286284
2518 2.285911
2519 2.285537
2520 2.285163
2521 2.284787
2522 2.284411
2523 2.284034
2524 2.283656
2525 2.283277
2526 2.282897
2527 2.282517
2528 2.282135
2529 2.281753
2530 2.281369
2531 2.280985
2532 2.280600
2533 2.280214
2534 2.279828
2535 2.279440
2536 2.279051
2537 2.278662
2538 2.278271
2539 2.277880
2540 2.277488
2541 2.277095
2542 2.276701
2543 2.276306
2544 2.275910
2545 2.275513
2546 2.275115
2547 2.274716
2548 2.274317
2549 2.273916
2550 2.273515
2551 2.273112
2552 2.272709
2553 2.272304
2554 2.271899
2555 2.271492
2556 2.271085
2557 2.270677
2558 2.270267
2559 2.269857
2560 2.269446
2561 2.269034
2562 2.268620
2563 2.268206
2564 2.267791
2565 2.267375
2566 2.266957
2567 2.266539
2568 2.266120
2569 2.265699
2570 2.265278
2571 2.264856
2572 2.264432
2573 2.264008
2574 2.263582
2575 2.263156
2576 2.262728
2577 2.262299
2578 2.261870
2579 2.261439
2580 2.261007
2581 2.260574
2582 2.260140
2583 2.259705
2584 2.259269
2585 2.258831
2586 2.258393
2587 2.257953
2588 2.257513
2589 2.257071
2590 2.256628
2591 2.256184
2592 2.255739
2593 2.255293
2594 2.254846
2595 2.254397
2596 2.253948
2597 2.253497
2598 2.253045
2599 2.252592
2600 2.252138
2601 2.251682
2602 2.251226
2603 2.250768
2604 2.250309
2605 2.249849
2606 2.249388
2607 2.248925
2608 2.248461
2609 2.247996
2610 2.247530
2611 2.247063
2612 2.246594
2613 2.246125
2614 2.245653
2615 2.245181
2616 2.244708
2617 2.244233
2618 2.243757
2619 2.243279
2620 2.242801
2621 2.242321
2622 2.241840
2623 2.241357
2624 2.240874
2625 2.240389
2626 2.239902
2627 2.239415
2628 2.238926
2629 2.238435
2630 2.237944
2631 2.237451
2632 2.236956
2633 2.236461
2634 2.235964
2635 2.235465
2636 2.234966
2637 2.234465
2638 2.233962
2639 2.233458
2640 2.232953
2641 2.232446
2642 2.231938
2643 2.231429
2644 2.230918
2645 2.230405
2646 2.229892
2647 2.229377
2648 2.228860
2649 2.228342
2650 2.227822
2651 2.227301
2652 2.226779
2653 2.226255
2654 2.225729
2655 2.225202
2656 2.224674
2657 2.224144
2658 2.223612
2659 2.223079
2660 2.222544
2661 2.222008
2662 2.221471
2663 2.220931
2664 2.220390
2665 2.219848
2666 2.219304
2667 2.218759
2668 2.218211
2669 2.217663
2670 2.217112
2671 2.216560
2672 2.216006
2673 2.215451
2674 2.214894
2675 2.214336
2676 2.213775
2677 2.213213
2678 2.212650
2679 2.212084
2680 2.211517
2681 2.210949
2682 2.210378
2683 2.209806
2684 2.209232
2685 2.208656
2686 2.208079
2687 2.207499
2688 2.206918
2689 2.206336
2690 2.205751
2691 2.205165
2692 2.204576
2693 2.203986
2694 2.203394
2695 2.202801
2696 2.202205
2697 2.201607
2698 2.201008
2699 2.200407
2700 2.199804
2701 2.199198
2702 2.198591
2703 2.197982
2704 2.197372
2705 2.196759
2706 2.196144
2707 2.195527
2708 2.194908
2709 2.194287
2710 2.193664
2711 2.193039
2712 2.192412
2713 2.191783
2714 2.191152
2715 2.190519
2716 2.189884
2717 2.189246
2718 2.188607
2719 2.187965
2720 2.187321
2721 2.186675
2722 2.186027
2723 2.185377
2724 2.184724
2725 2.184069
2726 2.183412
2727 2.182753
2728 2.182091
2729 2.181428
2730 2.180761
2731 2.180093
2732 2.179422
2733 2.178749
2734 2.178073
2735 2.177395
2736 2.176715
2737 2.176032
2738 2.175347
2739 2.174659
2740 2.173969
2741 2.173276
2742 2.172581
2743 2.171883
2744 2.171183
2745 2.170480
2746 2.169775
2747 2.169067
2748 2.168356
2749 2.167643
2750 2.166927
2751 2.166208
2752 2.165486
2753 2.164762
2754 2.164035
2755 2.163305
2756 2.162573
2757 2.161837
2758 2.161099
2759 2.160358
2760 2.159613
2761 2.158866
2762 2.158116
2763 2.157363
2764 2.156607
2765 2.155847
2766 2.155085
2767 2.154320
2768 2.153551
2769 2.152779
2770 2.152004
2771 2.151225
2772 2.150444
2773 2.149659
2774 2.148870
2775 2.148079
2776 2.147283
2777 2.146485
2778 2.145682
2779 2.144876
2780 2.144067
2781 2.143254
2782 2.142437
2783 2.141616
2784 2.140792
2785 2.139964
2786 2.139132
2787 2.138295
2788 2.137455
2789 2.136611
2790 2.135763
2791 2.134911
2792 2.134054
2793 2.133193
2794 2.132328
2795 2.131458
2796 2.130584
2797 2.129705
2798 2.128822
2799 2.127934
2800 2.127041
2801 2.126144
2802 2.125242
2803 2.124334
2804 2.123422
2805 2.122504
2806 2.121581
2807 2.120653
2808 2.119719
2809 2.118780
2810 2.117835
2811 2.116885
2812 2.115928
2813 2.114966
2814 2.113998
2815 2.113023
2816 2.112042
2817 2.111055
2818 2.110061
2819 2.109061
2820 2.108054
2821 2.107039
2822 2.106018
2823 2.104990
2824 2.103953
2825 2.102910
2826 2.101858
2827 2.100799
2828 2.099732
2829 2.098656
2830 2.097571
2831 2.096478
2832 2.095376
2833 2.094265
2834 2.093145
2835 2.092014
2836 2.090874
2837 2.089724
2838 2.088563
2839 2.087391
2840 2.086208
2841 2.085014
2842 2.083808
2843 2.082590
2844 2.081360
2845 2.080117
2846 2.078860
2847 2.077590
2848 2.076306
2849 2.075007
2850 2.073693
2851 2.072364
2852 2.071018
2853 2.069655
2854 2.068275
2855 2.066877
2856 2.065461
2857 2.064024
2858 2.062568
2859 2.061090
2860 2.059590
2861 2.058068
2862 2.056521
2863 2.054949
2864 2.053351
2865 2.051725
2866 2.050070
2867 2.048385
2868 2.046667
2869 2.044916
2870 2.043129
2871 2.041305
2872 2.039440
2873 2.037532
2874 2.035580
2875 2.033579
2876 2.031526
2877 2.029418
2878 2.027251
2879 2.025019
2880 2.022719
2881 2.020343
2882 2.017885
2883 2.015339
2884 2.012694
2885 2.009942
2886 2.007070
2887 2.004065
2888 2.000911
2889 1.997590
2890 1.994079
2891 1.990352
2892 1.986377
2893 1.982112
2894 1.977512
2895 1.972515
2896 1.967047
2897 1.961015
2898 1.954306
2899 1.946776
2900 1.938257
2901 1.928555
2902 1.917472
2903 1.904853
2904 1.890684
2905 1.875246
2906 1.859281
2907 1.844051
2908 1.831064
2909 1.821433
2910 1.815298
2911 1.811881
2912 1.810115
2913 1.809165
2914 1.808560
2915 1.808081
2916 1.807641
2917 1.807211
2918 1.806785
2919 1.806362
2920 1.805945
2921 1.805536
2922 1.805135
2923 1.804745
2924 1.804364
2925 1.803993
2926 1.803632
2927 1.803281
2928 1.802938
2929 1.802603
2930 1.802276
2931 1.801956
2932 1.801643
2933 1.801336
2934 1.801036
2935 1.800740
2936 1.800450
2937 1.800164
2938 1.799882
2939 1.799605
2940 1.799330
2941 1.799059
2942 1.798791
2943 1.798525
2944 1.798262
2945 1.798000
2946 1.797740
2947 1.797481
2948 1.797223
2949 1.796966
2950 1.796710
2951 1.796453
2952 1.796197
2953 1.795940
2954 1.795682
2955 1.795424
2956 1.795164
2957 1.794903
2958 1.794641
2959 1.794376
2960 1.794110
2961 1.793841
2962 1.793570
2963 1.793296
2964 1.793019
2965 1.792738
2966 1.792455
2967 1.792167
2968 1.791876
2969 1.791581
2970 1.791281
2971 1.790978
2972 1.790669
2973 1.790356
2974 1.790038
2975 1.789715
2976 1.789386
2977 1.789052
2978 1.788713
2979 1.788368
2980 1.788017
2981 1.787660
2982 1.787297
2983 1.786927
2984 1.786552
2985 1.786170
2986 1.785781
2987 1.785386
2988 1.784984
2989 1.784576
2990 1.784160
2991 1.783738
2992 1.783308
2993 1.782872
2994 1.782429
2995 1.781978
2996 1.781521
2997 1.781056
2998 1.780584
2999 1.780105
3000 1.779619
3001 1.779126
3002 1.778625
3003 1.778118
3004 1.777603
3005 1.777081
3006 1.776552
3007 1.776016
3008 1.775473
3009 1.774923
3010 1.774366
3011 1.773803
3012 1.773232
3013 1.772655
3014 1.772071
3015 1.771481
3016 1.770883
3017 1.770280
3018 1.769670
3019 1.769054
3020 1.768432
3021 1.767803
3022 1.767169
3023 1.766528
3024 1.765882
3025 1.765230
3026 1.764572
3027 1.763908
3028 1.763240
3029 1.762565
3030 1.761886
3031 1.761201
3032 1.760512
3033 1.759817
3034 1.759117
3035 1.758413
3036 1.757704
3037 1.756991
3038 1.756273
3039 1.755551
3040 1.754824
3041 1.754094
3042 1.753360
3043 1.752621
3044 1.751879
3045 1.751133
3046 1.750384
3047 1.749631
3048 1.748874
3049 1.748115
3050 1.747352
3051 1.746586
3052 1.745817
3053 1.745046
3054 1.744271
3055 1.743494
3056 1.742714
3057 1.741932
3058 1.741148
3059 1.740361
3060 1.739571
3061 1.738780
3062 1.737987
3063 1.737192
3064 1.736394
3065 1.735595
3066 1.734795
3067 1.733992
3068 1.733188
3069 1.732383
3070 1.731576
3071 1.730768
3072 1.729959
3073 1.729148
3074 1.728336
3075 1.727523
3076 1.726710
3077 1.725895
3078 1.725079
3079 1.724263
3080 1.723446
3081 1.722628
3082 1.721809
3083 1.720990
3084 1.720171
3085 1.719350
3086 1.718530
3087 1.717709
3088 1.716888
3089 1.716066
3090 1.715244
3091 1.714422
3092 1.713600
3093 1.712778
3094 1.711956
3095 1.711133
3096 1.710311
3097 1.709489
3098 1.708666
3099 1.707844
3100 1.707022
3101 1.706200
3102 1.705378
3103 1.704557
3104 1.703735
3105 1.702914
3106 1.702093
3107 1.701273
3108 1.700453
3109 1.699633
3110 1.698813
3111 1.697994
3112 1.697175
3113 1.696357
3114 1.695539
3115 1.694722
3116 1.693905
3117 1.693088
3118 1.692272
3119 1.691457
3120 1.690642
3121 1.689827
3122 1.689013
3123 1.688200
3124 1.687387
3125 1.686575
3126 1.685763
3127 1.684952
3128 1.684141
3129 1.683331
3130 1.682521
3131 1.681712
3132 1.680904
3133 1.680096
3134 1.679288
3135 1.678482
3136 1.677675
3137 1.676870
3138 1.676065
3139 1.675260
3140 1.674456
3141 1.673653
3142 1.672850
3143 1.672048
3144 1.671246
3145 1.670445
3146 1.669644
3147 1.668844
3148 1.668044
3149 1.667245
3150 1.666447
3151 1.665649
3152 1.664851
3153 1.664054
3154 1.663258
3155 1.662461
3156 1.661666
3157 1.660871
3158 1.660076
3159 1.659282
3160 1.658488
3161 1.657695
3162 1.656902
3163 1.656109
3164 1.655317
3165 1.654525
3166 1.653734
3167 1.652943
3168 1.652152
3169 1.651362
3170 1.650572
3171 1.649782
3172 1.648993
3173 1.648204
3174 1.647415
3175 1.646627
3176 1.645839
3177 1.645051
3178 1.644263
3179 1.643476
3180 1.642689
3181 1.641902
3182 1.641115
3183 1.640329
3184 1.639543
3185 1.638757
3186 1.637971
3187 1.637185
3188 1.636399
3189 1.635614
3190 1.634829
3191 1.634043
3192 1.633258
3193 1.632473
3194 1.631688
3195 1.630904
3196 1.630119
3197 1.629334
3198 1.628549
3199 1.627765
3200 1.626980
3201 1.626195
3202 1.625411
3203 1.624626
3204 1.623841
3205 1.623057
3206 1.622272
3207 1.621487
3208 1.620702
3209 1.619917
3210 1.619132
3211 1.618347
3212 1.617562
3213 1.616776
3214 1.615991
3215 1.615205
3216 1.614419
3217 1.613633
3218 1.612847
3219 1.612060
3220 1.611274
3221 1.610487
3222 1.609700
3223 1.608913
3224 1.608125
3225 1.607338
3226 1.606550
3227 1.605761
3228 1.604973
3229 1.604184
3230 1.603395
3231 1.602605
3232 1.601816
3233 1.601025
3234 1.600235
3235 1.599444
3236 1.598653
3237 1.597861
3238 1.597069
3239 1.596277
3240 1.595484
3241 1.594691
3242 1.593897
3243 1.593103
3244 1.592309
3245 1.591513
3246 1.590718
3247 1.589922
3248 1.589125
3249 1.588328
3250 1.587531
3251 1.586733
3252 1.585934
3253 1.585135
3254 1.584335
3255 1.583534
3256 1.582733
3257 1.581932
3258 1.581130
3259 1.580327
3260 1.579523
3261 1.578719
3262 1.577914
3263 1.577109
3264 1.576302
3265 1.575495
3266 1.574688
3267 1.573879
3268 1.573070
3269 1.572260
3270 1.571450
3271 1.570638
3272 1.569826
3273 1.569013
3274 1.568199
3275 1.567384
3276 1.566569
3277 1.565752
3278 1.564935
3279 1.564117
3280 1.563298
3281 1.562478
3282 1.561657
3283 1.560836
3284 1.560013
3285 1.559190
3286 1.558365
3287 1.557540
3288 1.556714
3289 1.555887
3290 1.555059
3291 1.554229
3292 1.553399
3293 1.552569
3294 1.551737
3295 1.550904
3296 1.550070
3297 1.549236
3298 1.548400
3299 1.547564
3300 1.546727
3301 1.545889
3302 1.545050
3303 1.544211
3304 1.543370
3305 1.542529
3306 1.541688
3307 1.540845
3308 1.540003
3309 1.539159
3310 1.538316
3311 1.537471
3312 1.536627
3313 1.535782
3314 1.534937
3315 1.534093
3316 1.533248
3317 1.532403
3318 1.531559
3319 1.530715
3320 1.529872
3321 1.529029
3322 1.528188
3323 1.527347
3324 1.526508
3325 1.525670
3326 1.524833
3327 1.523999
3328 1.523166
3329 1.522336
3330 1.521508
3331 1.520682
3332 1.519860
3333 1.519040
3334 1.518224
3335 1.517412
3336 1.516603
3337 1.515798
3338 1.514997
3339 1.514200
3340 1.513408
3341 1.512619
3342 1.511836
3343 1.511057
3344 1.510283
3345 1.509513
3346 1.508748
3347 1.507987
3348 1.507230
3349 1.506478
3350 1.505729
3351 1.504984
3352 1.504243
3353 1.503504
3354 1.502768
3355 1.502035
3356 1.501304
3357 1.500574
3358 1.499845
3359 1.499117
3360 1.498389
3361 1.497661
3362 1.496932
3363 1.496202
3364 1.495470
3365 1.494736
3366 1.494000
3367 1.493260
3368 1.492518
3369 1.491771
3370 1.491021
3371 1.490266
3372 1.489507
3373 1.488742
3374 1.487973
3375 1.487197
3376 1.486416
3377 1.485629
3378 1.484836
3379 1.484036
3380 1.483230
3381 1.482417
3382 1.481597
3383 1.480771
3384 1.479938
3385 1.479098
3386 1.478251
3387 1.477397
3388 1.476536
3389 1.475668
3390 1.474793
3391 1.473912
3392 1.473023
3393 1.472128
3394 1.471227
3395 1.470319
3396 1.469404
3397 1.468484
3398 1.467557
3399 1.466625
3400 1.465687
3401 1.464743
3402 1.463794
3403 1.462840
3404 1.461881
3405 1.460917
3406 1.459948
3407 1.458976
3408 1.457999
3409 1.457019
3410 1.456035
3411 1.455047
3412 1.454057
3413 1.453064
3414 1.452068
3415 1.451070
3416 1.450070
3417 1.449068
3418 1.448065
3419 1.447060
3420 1.446055
3421 1.445049
3422 1.444042
3423 1.443035
3424 1.442029
3425 1.441022
3426 1.440016
3427 1.439011
3428 1.438007
3429 1.437004
3430 1.436003
3431 1.435003
3432 1.434006
3433 1.433010
3434 1.432017
3435 1.431026
3436 1.430038
3437 1.429052
3438 1.428070
3439 1.427090
3440 1.426114
3441 1.425142
3442 1.424173
3443 1.423207
3444 1.422246
3445 1.421288
3446 1.420334
3447 1.419384
3448 1.418438
3449 1.417496
3450 1.416558
3451 1.415624
3452 1.414694
3453 1.413769
3454 1.412847
3455 1.411930
3456 1.411017
3457 1.410108
3458 1.409202
3459 1.408301
3460 1.407404
3461 1.406510
3462 1.405620
3463 1.404734
3464 1.403851
3465 1.402971
3466 1.402095
3467 1.401222
3468 1.400352
3469 1.399485
3470 1.398621
3471 1.397760
3472 1.396901
3473 1.396044
3474 1.395190
3475 1.394337
3476 1.393487
3477 1.392638
3478 1.391791
3479 1.390945
3480 1.390101
3481 1.389258
3482 1.388415
3483 1.387574
3484 1.386733
3485 1.385892
3486 1.385052
3487 1.384212
3488 1.383371
3489 1.382531
3490 1.381690
3491 1.380848
3492 1.380006
3493 1.379163
3494 1.378319
3495 1.377473
3496 1.376627
3497 1.375778
3498 1.374928
3499 1.374076
3500 1.373222
3501 1.372366
3502 1.371508
3503 1.370647
3504 1.369784
3505 1.368918
3506 1.368048
3507 1.367176
3508 1.366301
3509 1.365423
3510 1.364541
3511 1.363655
3512 1.362766
3513 1.361873
3514 1.360976
3515 1.360074
3516 1.359169
3517 1.358260
3518 1.357346
3519 1.356427
3520 1.355504
3521 1.354576
3522 1.353643
3523 1.352706
3524 1.351763
3525 1.350816
3526 1.349863
3527 1.348905
3528 1.347942
3529 1.346973
3530 1.345999
3531 1.345019
3532 1.344034
3533 1.343044
3534 1.342048
3535 1.341046
3536 1.340038
3537 1.339025
3538 1.338007
3539 1.336983
3540 1.335953
3541 1.334917
3542 1.333876
3543 1.332830
3544 1.331778
3545 1.330720
3546 1.329658
3547 1.328590
3548 1.327517
3549 1.326438
3550 1.325355
3551 1.324267
3552 1.323175
3553 1.322077
3554 1.320976
3555 1.319870
3556 1.318760
3557 1.317646
3558 1.316528
3559 1.315407
3560 1.314282
3561 1.313155
3562 1.312024
3563 1.310890
3564 1.309754
3565 1.308616
3566 1.307476
3567 1.306333
3568 1.305189
3569 1.304044
3570 1.302897
3571 1.301750
3572 1.300601
3573 1.299453
3574 1.298304
3575 1.297155
3576 1.296006
3577 1.294857
3578 1.293709
3579 1.292562
3580 1.291415
3581 1.290270
3582 1.289127
3583 1.287984
3584 1.286844
3585 1.285705
3586 1.284569
3587 1.283435
3588 1.282303
3589 1.281173
3590 1.280047
3591 1.278923
3592 1.277802
3593 1.276684
3594 1.275569
3595 1.274457
3596 1.273349
3597 1.272244
3598 1.271143
3599 1.270045
3600 1.268952
3601 1.267862
3602 1.266776
3603 1.265694
3604 1.264616
3605 1.263542
3606 1.262472
3607 1.261406
3608 1.260345
3609 1.259288
3610 1.258236
3611 1.257188
3612 1.256144
3613 1.255105
3614 1.254071
3615 1.253041
3616 1.252016
3617 1.250996
3618 1.249981
3619 1.248970
3620 1.247964
3621 1.246963
3622 1.245967
3623 1.244975
3624 1.243989
3625 1.243008
3626 1.242031
3627 1.241060
3628 1.240094
3629 1.239133
3630 1.238176
3631 1.237225
3632 1.236280
3633 1.235339
3634 1.234403
3635 1.233473
3636 1.232548
3637 1.231628
3638 1.230713
3639 1.229803
3640 1.228899
3641 1.228000
3642 1.227107
3643 1.226218
3644 1.225335
3645 1.224457
3646 1.223584
3647 1.222717
3648 1.221855
3649 1.220998
3650 1.220147
3651 1.219301
3652 1.218460
3653 1.217624
3654 1.216794
3655 1.215969
3656 1.215150
3657 1.214335
3658 1.213526
3659 1.212722
3660 1.211923
3661 1.211130
3662 1.210342
3663 1.209559
3664 1.208781
3665 1.208008
3666 1.207240
3667 1.206478
3668 1.205721
3669 1.204969
3670 1.204222
3671 1.203480
3672 1.202743
3673 1.202011
3674 1.201284
3675 1.200562
3676 1.199845
3677 1.199132
3678 1.198425
3679 1.197723
3680 1.197025
3681 1.196333
3682 1.195645
3683 1.194962
3684 1.194284
3685 1.193610
3686 1.192941
3687 1.192277
3688 1.191617
3689 1.190962
3690 1.190311
3691 1.189665
3692 1.189024
3693 1.188387
3694 1.187754
3695 1.187126
3696 1.186503
3697 1.185883
3698 1.185268
3699 1.184657
3700 1.184051
3701 1.183448
3702 1.182850
3703 1.182256
3704 1.181666
3705 1.181080
3706 1.180499
3707 1.179921
3708 1.179347
3709 1.178777
3710 1.178211
3711 1.177649
3712 1.177091
3713 1.176537
3714 1.175986
3715 1.175439
3716 1.174896
3717 1.174357
3718 1.173821
3719 1.173289
3720 1.172761
3721 1.172236
3722 1.171714
3723 1.171196
3724 1.170682
3725 1.170171
3726 1.169663
3727 1.169159
3728 1.168658
3729 1.168161
3730 1.167666
3731 1.167175
3732 1.166688
3733 1.166203
3734 1.165722
3735 1.165243
3736 1.164768
3737 1.164296
3738 1.163827
3739 1.163361
3740 1.162898
3741 1.162438
3742 1.161981
3743 1.161526
3744 1.161075
3745 1.160627
3746 1.160181
3747 1.159738
3748 1.159298
3749 1.158861
3750 1.158426
3751 1.157994
3752 1.157565
3753 1.157138
3754 1.156715
3755 1.156293
3756 1.155874
3757 1.155458
3758 1.155045
3759 1.154633
3760 1.154225
3761 1.153819
3762 1.153415
3763 1.153013
3764 1.152615
3765 1.152218
3766 1.151824
3767 1.151432
3768 1.151042
3769 1.150655
3770 1.150270
3771 1.149887
3772 1.149506
3773 1.149128
3774 1.148752
3775 1.148378
3776 1.148006
3777 1.147636
3778 1.147268
3779 1.146903
3780 1.146539
3781 1.146178
3782 1.145818
3783 1.145461
3784 1.145105
3785 1.144752
3786 1.144400
3787 1.144051
3788 1.143703
3789 1.143358
3790 1.143014
3791 1.142672
3792 1.142332
3793 1.141993
3794 1.141657
3795 1.141322
3796 1.140989
3797 1.140658
3798 1.140329
3799 1.140001
3800 1.139676
3801 1.139351
3802 1.139029
3803 1.138708
3804 1.138389
3805 1.138072
3806 1.137756
3807 1.137442
3808 1.137129
3809 1.136818
3810 1.136509
3811 1.136201
3812 1.135895
3813 1.135591
3814 1.135287
3815 1.134986
3816 1.134686
3817 1.134387
3818 1.134090
3819 1.133795
3820 1.133500
3821 1.133208
3822 1.132916
3823 1.132627
3824 1.132338
3825 1.132051
3826 1.131765
3827 1.131481
3828 1.131198
3829 1.130917
3830 1.130637
3831 1.130358
3832 1.130080
3833 1.129804
3834 1.129529
3835 1.129256
3836 1.128983
3837 1.128712
3838 1.128443
3839 1.128174
3840 1.127907
3841 1.127641
3842 1.127376
3843 1.127112
3844 1.126850
3845 1.126589
3846 1.126329
3847 1.126070
3848 1.125812
3849 1.125556
3850 1.125301
3851 1.125046
3852 1.124793
3853 1.124542
3854 1.124291
3855 1.124041
3856 1.123792
3857 1.123545
3858 1.123299
3859 1.123053
3860 1.122809
3861 1.122566
3862 1.122324
3863 1.122083
3864 1.121843
3865 1.121604
3866 1.121366
3867 1.121129
3868 1.120893
3869 1.120658
3870 1.120424
3871 1.120191
3872 1.119959
3873 1.119728
3874 1.119498
3875 1.119269
3876 1.119041
3877 1.118814
3878 1.118587
3879 1.118362
3880 1.118138
3881 1.117914
3882 1.117692
3883 1.117470
3884 1.117249
3885 1.117030
3886 1.116811
3887 1.116593
3888 1.116376
3889 1.116159
3890 1.115944
3891 1.115729
3892 1.115516
3893 1.115303
3894 1.115091
3895 1.114880
3896 1.114669
3897 1.114460
3898 1.114251
3899 1.114043
3900 1.113836
3901 1.113630
3902 1.113424
3903 1.113220
3904 1.113016
3905 1.112813
3906 1.112611
3907 1.112409
3908 1.112208
3909 1.112008
3910 1.111809
3911 1.111611
3912 1.111413
3913 1.111216
3914 1.111020
3915 1.110824
3916 1.110630
3917 1.110436
3918 1.110242
3919 1.110050
3920 1.109858
3921 1.109667
3922 1.109476
3923 1.109287
3924 1.109097
3925 1.108909
3926 1.108721
3927 1.108534
3928 1.108348
3929 1.108163
3930 1.107978
3931 1.107793
3932 1.107610
3933 1.107427
3934 1.107244
3935 1.107063
3936 1.106882
3937 1.106701
3938 1.106522
3939 1.106343
3940 1.106164
3941 1.105986
3942 1.105809
3943 1.105633
3944 1.105457
3945 1.105281
3946 1.105107
3947 1.104933
3948 1.104759
3949 1.104586
3950 1.104414
3951 1.104242
3952 1.104071
3953 1.103901
3954 1.103731
3955 1.103561
3956 1.103392
3957 1.103224
3958 1.103057
3959 1.102890
3960 1.102723
3961 1.102557
3962 1.102392
3963 1.102227
3964 1.102063
3965 1.101899
3966 1.101736
3967 1.101573
3968 1.101411
3969 1.101249
3970 1.101088
3971 1.100928
3972 1.100768
3973 1.100608
3974 1.100450
3975 1.100291
3976 1.100133
3977 1.099976
3978 1.099819
3979 1.099663
3980 1.099507
3981 1.099352
3982 1.099197
3983 1.099042
3984 1.098889
3985 1.098735
3986 1.098582
3987 1.098430
3988 1.098278
3989 1.098127
3990 1.097976
3991 1.097825
3992 1.097675
3993 1.097526
3994 1.097377
3995 1.097228
3996 1.097080
3997 1.096933
3998 1.096785
3999 1.096639
4000 1.096493
4001 1.096347
4002 1.096201
4003 1.096057
4004 1.095912
4005 1.095768
4006 1.095625
4007 1.095481
4008 1.095339
4009 1.095197
4010 1.095055
4011 1.094913
4012 1.094772
4013 1.094632
4014 1.094492
4015 1.094352
4016 1.094213
4017 1.094074
4018 1.093936
4019 1.093798
4020 1.093660
4021 1.093523
4022 1.093386
4023 1.093250
4024 1.093114
4025 1.092978
4026 1.092843
4027 1.092708
4028 1.092574
4029 1.092440
4030 1.092307
4031 1.092173
4032 1.092041
4033 1.091908
4034 1.091776
4035 1.091645
4036 1.091513
4037 1.091383
4038 1.091252
4039 1.091122
4040 1.090992
4041 1.090863
4042 1.090734
4043 1.090605
4044 1.090477
4045 1.090349
4046 1.090222
4047 1.090095
4048 1.089968
4049 1.089842
4050 1.089716
4051 1.089590
4052 1.089464
4053 1.089339
4054 1.089215
4055 1.089091
4056 1.088967
4057 1.088843
4058 1.088720
4059 1.088597
4060 1.088474
4061 1.088352
4062 1.088230
4063 1.088109
4064 1.087988
4065 1.087867
4066 1.087746
4067 1.087626
4068 1.087506
4069 1.087387
4070 1.087267
4071 1.087148
4072 1.087030
4073 1.086912
4074 1.086794
4075 1.086676
4076 1.086559
4077 1.086442
4078 1.086325
4079 1.086209
4080 1.086093
4081 1.085977
4082 1.085862
4083 1.085747
4084 1.085632
4085 1.085518
4086 1.085403
4087 1.085290
4088 1.085176
4089 1.085063
4090 1.084950
4091 1.084837
4092 1.084725
4093 1.084613
4094 1.084501
4095 1.084390
4096 1.084279
4097 1.084168
4098 1.084057
4099 1.083947
4100 1.083837
4101 1.083727
4102 1.083618
4103 1.083508
4104 1.083400
4105 1.083291
4106 1.083183
4107 1.083075
4108 1.082967
4109 1.082860
4110 1.082752
4111 1.082645
4112 1.082539
4113 1.082432
4114 1.082326
4115 1.082221
4116 1.082115
4117 1.082010
4118 1.081905
4119 1.081800
4120 1.081696
4121 1.081591
4122 1.081487
4123 1.081384
4124 1.081280
4125 1.081177
4126 1.081074
4127 1.080972
4128 1.080869
4129 1.080767
4130 1.080665
4131 1.080563
4132 1.080462
4133 1.080361
4134 1.080260
4135 1.080160
4136 1.080059
4137 1.079959
4138 1.079859
4139 1.079760
4140 1.079660
4141 1.079561
4142 1.079462
4143 1.079363
4144 1.079265
4145 1.079167
4146 1.079069
4147 1.078971
4148 1.078874
4149 1.078777
4150 1.078680
4151 1.078583
4152 1.078486
4153 1.078390
4154 1.078294
4155 1.078198
4156 1.078103
4157 1.078007
4158 1.077912
4159 1.077817
4160 1.077723
4161 1.077628
4162 1.077534
4163 1.077440
4164 1.077346
4165 1.077253
4166 1.077159
4167 1.077066
4168 1.076973
4169 1.076881
4170 1.076788
4171 1.076696
4172 1.076604
4173 1.076512
4174 1.076421
4175 1.076329
4176 1.076238
4177 1.076147
4178 1.076057
4179 1.075966
4180 1.075876
4181 1.075786
4182 1.075696
4183 1.075606
4184 1.075517
4185 1.075427
4186 1.075338
4187 1.075250
4188 1.075161
4189 1.075072
4190 1.074984
4191 1.074896
4192 1.074808
4193 1.074721
4194 1.074633
4195 1.074546
4196 1.074459
4197 1.074372
4198 1.074286
4199 1.074199
4200 1.074113
4201 1.074027
4202 1.073941
4203 1.073855
4204 1.073770
4205 1.073685
4206 1.073600
4207 1.073515
4208 1.073430
4209 1.073346
4210 1.073261
4211 1.073177
4212 1.073093
4213 1.073009
4214 1.072926
4215 1.072843
4216 1.072759
4217 1.072676
4218 1.072594
4219 1.072511
4220 1.072428
4221 1.072346
4222 1.072264
4223 1.072182
4224 1.072100
4225 1.072019
4226 1.071938
4227 1.071856
4228 1.071775
4229 1.071695
4230 1.071614
4231 1.071533
4232 1.071453
4233 1.071373
4234 1.071293
4235 1.071213
4236 1.071134
4237 1.071054
4238 1.070975
4239 1.070896
4240 1.070817
4241 1.070738
4242 1.070660
4243 1.070581
4244 1.070503
4245 1.070425
4246 1.070347
4247 1.070269
4248 1.070192
4249 1.070114
4250 1.070037
4251 1.069960
4252 1.069883
4253 1.069806
4254 1.069730
4255 1.069653
4256 1.069577
4257 1.069501
4258 1.069425
4259 1.069349
4260 1.069274
4261 1.069198
4262 1.069123
4263 1.069048
4264 1.068973
4265 1.068898
4266 1.068823
4267 1.068749
4268 1.068674
4269 1.068600
4270 1.068526
4271 1.068452
4272 1.068378
4273 1.068305
4274 1.068231
4275 1.068158
4276 1.068085
4277 1.068012
4278 1.067939
4279 1.067866
4280 1.067794
4281 1.067721
4282 1.067649
4283 1.067577
4284 1.067505
4285 1.067433
4286 1.067362
4287 1.067290
4288 1.067219
4289 1.067148
4290 1.067077
4291 1.067006
4292 1.066935
4293 1.066864
4294 1.066794
4295 1.066724
4296 1.066653
4297 1.066583
4298 1.066513
4299 1.066444
4300 1.066374
4301 1.066304
4302 1.066235
4303 1.066166
4304 1.066097
4305 1.066028
4306 1.065959
4307 1.065890
4308 1.065822
4309 1.065753
4310 1.065685
4311 1.065617
4312 1.065549
4313 1.065481
4314 1.065414
4315 1.065346
4316 1.065279
4317 1.065211
4318 1.065144
4319 1.065077
4320 1.065010
4321 1.064943
4322 1.064877
4323 1.064810
4324 1.064744
4325 1.064677
4326 1.064611
4327 1.064545
4328 1.064479
4329 1.064414
4330 1.064348
4331 1.064283
4332 1.064217
4333 1.064152
4334 1.064087
4335 1.064022
4336 1.063957
4337 1.063892
4338 1.063828
4339 1.063763
4340 1.063699
4341 1.063635
4342 1.063571
4343 1.063507
4344 1.063443
4345 1.063379
4346 1.063315
4347 1.063252
4348 1.063188
4349 1.063125
4350 1.063062
4351 1.062999
4352 1.062936
4353 1.062873
4354 1.062811
4355 1.062748
4356 1.062686
4357 1.062624
4358 1.062561
4359 1.062499
4360 1.062437
4361 1.062375
4362 1.062314
4363 1.062252
4364 1.062191
4365 1.062129
4366 1.062068
4367 1.062007
4368 1.061946
4369 1.061885
4370 1.061824
4371 1.061764
4372 1.061703
4373 1.061643
4374 1.061582
4375 1.061522
4376 1.061462
4377 1.061402
4378 1.061342
4379 1.061282
4380 1.061222
4381 1.061163
4382 1.061103
4383 1.061044
4384 1.060985
4385 1.060926
4386 1.060867
4387 1.060808
4388 1.060749
4389 1.060690
4390 1.060632
4391 1.060573
4392 1.060515
4393 1.060457
4394 1.060399
4395 1.060340
4396 1.060283
4397 1.060225
4398 1.060167
4399 1.060109
4400 1.060052
4401 1.059994
4402 1.059937
4403 1.059880
4404 1.059823
4405 1.059766
4406 1.059709
4407 1.059652
4408 1.059595
4409 1.059539
4410 1.059482
4411 1.059426
4412 1.059369
4413 1.059313
4414 1.059257
4415 1.059201
4416 1.059145
4417 1.059089
4418 1.059034
4419 1.058978
4420 1.058923
4421 1.058867
4422 1.058812
4423 1.058757
4424 1.058702
4425 1.058647
4426 1.058592
4427 1.058537
4428 1.058482
4429 1.058428
4430 1.058373
4431 1.058319
4432 1.058264
4433 1.058210
4434 1.058156
4435 1.058102
4436 1.058048
4437 1.057994
4438 1.057940
4439 1.057887
4440 1.057833
4441 1.057780
4442 1.057726
4443 1.057673
4444 1.057620
4445 1.057567
4446 1.057513
4447 1.057461
4448 1.057408
4449 1.057355
4450 1.057302
4451 1.057250
4452 1.057197
4453 1.057145
4454 1.057093
4455 1.057040
4456 1.056988
4457 1.056936
4458 1.056884
4459 1.056832
4460 1.056781
4461 1.056729
4462 1.056677
4463 1.056626
4464 1.056574
4465 1.056523
4466 1.056472
4467 1.056421
4468 1.056370
4469 1.056319
4470 1.056268
4471 1.056217
4472 1.056166
4473 1.056116
4474 1.056065
4475 1.056015
4476 1.055964
4477 1.055914
4478 1.055864
4479 1.055814
4480 1.055764
4481 1.055714
4482 1.055664
4483 1.055614
4484 1.055564
4485 1.055515
4486 1.055465
4487 1.055416
4488 1.055366
4489 1.055317
4490 1.055268
4491 1.055219
4492 1.055170
4493 1.055121
4494 1.055072
4495 1.055023
4496 1.054974
4497 1.054926
4498 1.054877
4499 1.054829
4500 1.054780
4501 1.054732
4502 1.054684
4503 1.054635
4504 1.054587
4505 1.054539
4506 1.054491
4507 1.054444
4508 1.054396
4509 1.054348
4510 1.054300
4511 1.054253
4512 1.054205
4513 1.054158
4514 1.054111
4515 1.054063
4516 1.054016
4517 1.053969
4518 1.053922
4519 1.053875
4520 1.053828
4521 1.053782
4522 1.053735
4523 1.053688
4524 1.053642
4525 1.053595
4526 1.053549
4527 1.053503
4528 1.053456
4529 1.053410
4530 1.053364
4531 1.053318
4532 1.053272
4533 1.053226
4534 1.053180
4535 1.053135
4536 1.053089
4537 1.053043
4538 1.052998
4539 1.052952
4540 1.052907
4541 1.052862
4542 1.052816
4543 1.052771
4544 1.052726
4545 1.052681
4546 1.052636
4547 1.052591
4548 1.052547
4549 1.052502
4550 1.052457
4551 1.052413
4552 1.052368
4553 1.052324
4554 1.052279
4555 1.052235
4556 1.052191
4557 1.052146
4558 1.052102
4559 1.052058
4560 1.052014
4561 1.051970
4562 1.051927
4563 1.051883
4564 1.051839
4565 1.051796
4566 1.051752
4567 1.051708
4568 1.051665
4569 1.051622
4570 1.051578
4571 1.051535
4572 1.051492
4573 1.051449
4574 1.051406
4575 1.051363
4576 1.051320
4577 1.051277
4578 1.051234
4579 1.051192
4580 1.051149
4581 1.051106
4582 1.051064
4583 1.051022
4584 1.050979
4585 1.050937
4586 1.050895
4587 1.050852
4588 1.050810
4589 1.050768
4590 1.050726
4591 1.050684
4592 1.050642
4593 1.050601
4594 1.050559
4595 1.050517
4596 1.050476
4597 1.050434
4598 1.050393
4599 1.050351
4600 1.050310
4601 1.050269
4602 1.050227
4603 1.050186
4604 1.050145
4605 1.050104
4606 1.050063
4607 1.050022
4608 1.049981
4609 1.049940
4610 1.049900
4611 1.049859
4612 1.049818
4613 1.049778
4614 1.049737
4615 1.049697
4616 1.049656
4617 1.049616
4618 1.049576
4619 1.049536
4620 1.049495
4621 1.049455
4622 1.049415
4623 1.049375
4624 1.049335
4625 1.049296
4626 1.049256
4627 1.049216
4628 1.049176
4629 1.049137
4630 1.049097
4631 1.049058
4632 1.049018
4633 1.048979
4634 1.048940
4635 1.048900
4636 1.048861
4637 1.048822
4638 1.048783
4639 1.048744
4640 1.048705
4641 1.048666
4642 1.048627
4643 1.048588
4644 1.048549
4645 1.048511
4646 1.048472
4647 1.048433
4648 1.048395
4649 1.048356
4650 1.048318
4651 1.048280
4652 1.048241
4653 1.048203
4654 1.048165
4655 1.048127
4656 1.048089
4657 1.048051
4658 1.048013
4659 1.047975
4660 1.047937
4661 1.047899
4662 1.047861
4663 1.047823
4664 1.047786
4665 1.047748
4666 1.047711
4667 1.047673
4668 1.047636
4669 1.047598
4670 1.047561
4671 1.047524
4672 1.047486
4673 1.047449
4674 1.047412
4675 1.047375
4676 1.047338
4677 1.047301
4678 1.047264
4679 1.047227
4680 1.047190
4681 1.047154
4682 1.047117
4683 1.047080
4684 1.047044
4685 1.047007
4686 1.046971
4687 1.046934
4688 1.046898
4689 1.046861
4690 1.046825
4691 1.046789
4692 1.046753
4693 1.046716
4694 1.046680
4695 1.046644
4696 1.046608
4697 1.046572
4698 1.046536
4699 1.046500
4700 1.046465
4701 1.046429
4702 1.046393
4703 1.046357
4704 1.046322
4705 1.046286
4706 1.046251
4707 1.046215
4708 1.046180
4709 1.046145
4710 1.046109
4711 1.046074
4712 1.046039
4713 1.046004
4714 1.045968
4715 1.045933
4716 1.045898
4717 1.045863
4718 1.045828
4719 1.045793
4720 1.045759
4721 1.045724
4722 1.045689
4723 1.045654
4724 1.045620
4725 1.045585
4726 1.045551
4727 1.045516
4728 1.045482
4729 1.045447
4730 1.045413
4731 1.045378
4732 1.045344
4733 1.045310
4734 1.045276
4735 1.045242
4736 1.045208
4737 1.045173
4738 1.045139
4739 1.045105
4740 1.045072
4741 1.045038
4742 1.045004
4743 1.044970
4744 1.044936
4745 1.044903
4746 1.044869
4747 1.044835
4748 1.044802
4749 1.044768
4750 1.044735
4751 1.044701
4752 1.044668
4753 1.044635
4754 1.044601
4755 1.044568
4756 1.044535
4757 1.044502
4758 1.044469
4759 1.044436
4760 1.044403
4761 1.044370
4762 1.044337
4763 1.044304
4764 1.044271
4765 1.044238
4766 1.044205
4767 1.044173
4768 1.044140
4769 1.044107
4770 1.044075
4771 1.044042
4772 1.044010
4773 1.043977
4774 1.043945
4775 1.043912
4776 1.043880
4777 1.043848
4778 1.043815
4779 1.043783
4780 1.043751
4781 1.043719
4782 1.043687
4783 1.043655
4784 1.043623
4785 1.043591
4786 1.043559
4787 1.043527
4788 1.043495
4789 1.043463
4790 1.043432
4791 1.043400
4792 1.043368
4793 1.043336
4794 1.043305
4795 1.043273
4796 1.043242
4797 1.043210
4798 1.043179
4799 1.043147
4800 1.043116
4801 1.043085
4802 1.043053
4803 1.043022
4804 1.042991
4805 1.042960
4806 1.042929
4807 1.042898
4808 1.042867
4809 1.042836
4810 1.042805
4811 1.042774
4812 1.042743
4813 1.042712
4814 1.042681
4815 1.042650
4816 1.042620
4817 1.042589
4818 1.042558
4819 1.042528
4820 1.042497
4821 1.042467
4822 1.042436
4823 1.042406
4824 1.042375
4825 1.042345
4826 1.042314
4827 1.042284
4828 1.042254
4829 1.042224
4830 1.042193
4831 1.042163
4832 1.042133
4833 1.042103
4834 1.042073
4835 1.042043
4836 1.042013
4837 1.041983
4838 1.041953
4839 1.041923
4840 1.041893
4841 1.041864
4842 1.041834
4843 1.041804
4844 1.041774
4845 1.041745
4846 1.041715
4847 1.041686
4848 1.041656
4849 1.041627
4850 1.041597
4851 1.041568
4852 1.041538
4853 1.041509
4854 1.041480
4855 1.041450
4856 1.041421
4857 1.041392
4858 1.041363
4859 1.041334
4860 1.041304
4861 1.041275
4862 1.041246
4863 1.041217
4864 1.041188
4865 1.041159
4866 1.041130
4867 1.041102
4868 1.041073
4869 1.041044
4870 1.041015
4871 1.040987
4872 1.040958
4873 1.040929
4874 1.040901
4875 1.040872
4876 1.040843
4877 1.040815
4878 1.040786
4879 1.040758
4880 1.040730
4881 1.040701
4882 1.040673
4883 1.040645
4884 1.040616
4885 1.040588
4886 1.040560
4887 1.040532
4888 1.040503
4889 1.040475
4890 1.040447
4891 1.040419
4892 1.040391
4893 1.040363
4894 1.040335
4895 1.040307
4896 1.040279
4897 1.040252
4898 1.040224
4899 1.040196
4900 1.040168
4901 1.040141
4902 1.040113
4903 1.040085
4904 1.040058
4905 1.040030
4906 1.040003
4907 1.039975
4908 1.039947
4909 1.039920
4910 1.039893
4911 1.039865
4912 1.039838
4913 1.039811
4914 1.039783
4915 1.039756
4916 1.039729
4917 1.039702
4918 1.039674
4919 1.039647
4920 1.039620
4921 1.039593
4922 1.039566
4923 1.039539
4924 1.039512
4925 1.039485
4926 1.039458
4927 1.039431
4928 1.039404
4929 1.039378
4930 1.039351
4931 1.039324
4932 1.039297
4933 1.039271
4934 1.039244
4935 1.039217
4936 1.039191
4937 1.039164
4938 1.039138
4939 1.039111
4940 1.039085
4941 1.039058
4942 1.039032
4943 1.039005
4944 1.038979
4945 1.038953
4946 1.038926
4947 1.038900
4948 1.038874
4949 1.038847
4950 1.038821
4951 1.038795
4952 1.038769
4953 1.038743
4954 1.038717
4955 1.038691
4956 1.038665
4957 1.038639
4958 1.038613
4959 1.038587
4960 1.038561
4961 1.038535
4962 1.038509
4963 1.038484
4964 1.038458
4965 1.038432
4966 1.038406
4967 1.038381
4968 1.038355
4969 1.038329
4970 1.038304
4971 1.038278
4972 1.038253
4973 1.038227
4974 1.038202
4975 1.038176
4976 1.038151
4977 1.038125
4978 1.038100
4979 1.038075
4980 1.038049
4981 1.038024
4982 1.037999
4983 1.037973
4984 1.037948
4985 1.037923
4986 1.037898
4987 1.037873
4988 1.037848
4989 1.037823
4990 1.037797
4991 1.037772
4992 1.037747
4993 1.037723
4994 1.037698
4995 1.037673
4996 1.037648
4997 1.037623
4998 1.037598
4999 1.037573
