0 38.862102
1 38.417091
2 39.011599
3 39.237029
4 39.364383
5 39.468052
6 39.564264
7 39.654489
8 39.729247
9 39.751181
10 39.672595
11 39.496924
12 39.133854
13 38.575322
14 37.879729
15 36.936254
16 35.709083
17 34.284778
18 32.790194
19 31.366943
20 30.096694
21 29.007395
22 28.040764
23 27.078039
24 26.127311
25 25.260194
26 24.485099
27 23.768585
28 23.052110
29 22.228350
30 21.143590
31 19.774534
32 18.309130
33 16.905954
34 15.608653
35 14.420932
36 13.339177
37 12.357656
38 11.469353
39 10.666375
40 9.940389
41 9.283014
42 8.686121
43 8.142294
44 7.645370
45 7.190526
46 6.773756
47 6.391361
48 6.039932
49 5.716530
50 5.418689
51 5.144266
52 4.891331
53 4.658103
54 4.442941
55 4.244351
56 4.060983
57 3.891635
58 3.735226
59 3.590782
60 3.457404
61 3.334256
62 3.220547
63 3.115521
64 3.018460
65 2.928679
66 2.845529
67 2.768401
68 2.696733
69 2.630005
70 2.567748
71 2.509538
72 2.454996
73 2.403784
74 2.355604
75 2.310191
76 2.267312
77 2.226758
78 2.188347
79 2.151914
80 2.117314
81 2.084416
82 2.053104
83 2.023273
84 1.994827
85 1.967681
86 1.941756
87 1.916980
88 1.893288
89 1.870620
90 1.848920
91 1.828136
92 1.808220
93 1.789128
94 1.770818
95 1.753249
96 1.736385
97 1.720191
98 1.704632
99 1.689679
100 1.675300
101 1.661468
102 1.648154
103 1.635334
104 1.622983
105 1.611076
106 1.599593
107 1.588511
108 1.577810
109 1.567471
110 1.557476
111 1.547807
112 1.538448
113 1.529383
114 1.520597
115 1.512077
116 1.503809
117 1.495782
118 1.487984
119 1.480403
120 1.473031
121 1.465857
122 1.458873
123 1.452072
124 1.445445
125 1.438985
126 1.432688
127 1.426545
128 1.420553
129 1.414706
130 1.409000
131 1.403430
132 1.397991
133 1.392682
134 1.387496
135 1.382431
136 1.377484
137 1.372651
138 1.367928
139 1.363311
140 1.358798
141 1.354384
142 1.350065
143 1.345837
144 1.341697
145 1.337639
146 1.333660
147 1.329754
148 1.325916
149 1.322142
150 1.318426
151 1.314764
152 1.311148
153 1.307575
154 1.304039
155 1.300534
156 1.297055
157 1.293596
158 1.290152
159 1.286718
160 1.283289
161 1.279860
162 1.276426
163 1.272983
164 1.269526
165 1.266053
166 1.262559
167 1.259042
168 1.255497
169 1.251924
170 1.248321
171 1.244685
172 1.241016
173 1.237314
174 1.233578
175 1.229809
176 1.226008
177 1.222178
178 1.218319
179 1.214435
180 1.210530
181 1.206605
182 1.202666
183 1.198718
184 1.194764
185 1.190810
186 1.186862
187 1.182926
188 1.179007
189 1.175111
190 1.171244
191 1.167413
192 1.163624
193 1.159884
194 1.156197
195 1.152570
196 1.149008
197 1.145518
198 1.142104
199 1.138771
200 1.135523
201 1.132366
202 1.129302
203 1.126335
204 1.123469
205 1.120705
206 1.118047
207 1.115497
208 1.113056
209 1.110726
210 1.108507
211 1.106402
212 1.104409
213 1.102529
214 1.100763
215 1.099110
216 1.097570
217 1.096142
218 1.094825
219 1.093619
220 1.092521
221 1.091532
222 1.090650
223 1.089874
224 1.089201
225 1.088630
226 1.088161
227 1.087790
228 1.087516
229 1.087337
230 1.087252
231 1.087258
232 1.087354
233 1.087537
234 1.087805
235 1.088157
236 1.088589
237 1.089101
238 1.089689
239 1.090352
240 1.091088
241 1.091893
242 1.092767
243 1.093706
244 1.094709
245 1.095773
246 1.096895
247 1.098074
248 1.099308
249 1.100593
250 1.101928
251 1.103311
252 1.104739
253 1.106209
254 1.107721
255 1.109270
256 1.110857
257 1.112477
258 1.114130
259 1.115814
260 1.117526
261 1.119265
262 1.121029
263 1.122817
264 1.124628
265 1.126461
266 1.128313
267 1.130186
268 1.132078
269 1.133989
270 1.135918
271 1.137867
272 1.139836
273 1.141825
274 1.143836
275 1.145871
276 1.147931
277 1.150018
278 1.152137
279 1.154289
280 1.156479
281 1.158711
282 1.160991
283 1.163323
284 1.165715
285 1.168173
286 1.170705
287 1.173322
288 1.176032
289 1.178847
290 1.181780
291 1.184846
292 1.188061
293 1.191443
294 1.195015
295 1.198800
296 1.202826
297 1.207126
298 1.211736
299 1.216702
300 1.222075
301 1.227918
302 1.234308
303 1.241340
304 1.249136
305 1.257856
306 1.267718
307 1.279028
308 1.292235
309 1.308014
310 1.327376
311 1.351690
312 1.382243
313 1.418881
314 1.458972
315 1.498693
316 1.535172
317 1.567222
318 1.595057
319 1.619394
320 1.640680
321 1.659137
322 1.675071
323 1.688900
324 1.701028
325 1.711785
326 1.721417
327 1.730114
328 1.738027
329 1.745277
330 1.751964
331 1.758171
332 1.763970
333 1.769417
334 1.774562
335 1.779447
336 1.784105
337 1.788567
338 1.792856
339 1.796995
340 1.801001
341 1.804889
342 1.808673
343 1.812363
344 1.815969
345 1.819500
346 1.822961
347 1.826358
348 1.829696
349 1.832980
350 1.836211
351 1.839392
352 1.842524
353 1.845610
354 1.848650
355 1.851644
356 1.854591
357 1.857493
358 1.860347
359 1.863153
360 1.865911
361 1.868617
362 1.871272
363 1.873874
364 1.876421
365 1.878912
366 1.881346
367 1.883720
368 1.886035
369 1.888288
370 1.890479
371 1.892607
372 1.894672
373 1.896674
374 1.898613
375 1.900490
376 1.902306
377 1.904062
378 1.905761
379 1.907403
380 1.908992
381 1.910531
382 1.912022
383 1.913469
384 1.914875
385 1.916243
386 1.917577
387 1.918878
388 1.920149
389 1.921391
390 1.922603
391 1.923785
392 1.924931
393 1.926037
394 1.927092
395 1.928085
396 1.928998
397 1.929812
398 1.930502
399 1.931037
400 1.931383
401 1.931504
402 1.931361
403 1.930914
404 1.930128
405 1.928978
406 1.927452
407 1.925561
408 1.923344
409 1.920876
410 1.918263
411 1.915621
412 1.913055
413 1.910633
414 1.908380
415 1.906295
416 1.904354
417 1.902522
418 1.900755
419 1.898995
420 1.897166
421 1.895165
422 1.892835
423 1.889925
424 1.885987
425 1.880156
426 1.870646
427 1.854420
428 1.832973
429 1.831731
430 1.835321
431 1.835387
432 1.836522
433 1.836653
434 1.836488
435 1.835883
436 1.834970
437 1.833844
438 1.832594
439 1.831271
440 1.829906
441 1.828517
442 1.827114
443 1.825701
444 1.824281
445 1.822852
446 1.821414
447 1.819961
448 1.818490
449 1.816980
450 1.815447
451 1.813796
452 1.812218
453 1.810031
454 1.809106
455 1.803594
456 1.809315
457 1.781385
458 1.796759
459 1.790795
460 1.777459
461 1.731657
462 1.530133
463 1.721461
464 1.574408
465 1.507920
466 1.853287
467 1.884550
468 1.768796
469 1.822376
470 1.718996
471 1.506373
472 1.787311
473 1.871346
474 1.820982
475 1.684861
476 1.491291
477 1.810379
478 1.803450
479 1.825711
480 1.656337
481 1.494642
482 1.751448
483 1.835785
484 1.721600
485 1.509895
486 1.548216
487 1.505504
488 1.711989
489 1.793662
490 1.813436
491 1.777978
492 1.824547
493 1.648045
494 1.509806
495 1.508320
496 1.512170
497 1.505866
498 1.524250
499 1.498710
500 1.604840
501 1.491666
502 1.627921
503 1.595423
504 1.472948
505 1.588775
506 1.514064
507 1.453485
508 1.444834
509 1.446468
510 1.319955
511 1.529636
512 1.436549
513 1.269857
514 1.306859
515 1.444507
516 1.430563
517 1.260108
518 1.246810
519 1.251588
520 1.267840
521 1.297423
522 1.373749
523 1.435422
524 1.426907
525 1.420380
526 1.361643
527 1.360437
528 1.331916
529 1.258346
530 1.326084
531 1.393581
532 1.242910
533 1.241880
534 1.268603
535 1.347040
536 1.249592
537 1.328673
538 1.376675
539 1.273920
540 1.329464
541 1.278052
542 1.321799
543 1.336854
544 1.349226
545 1.355171
546 1.341402
547 1.361412
548 1.330305
549 1.375877
550 1.291349
551 1.364649
552 1.323518
553 1.377115
554 1.286428
555 1.362072
556 1.319168
557 1.410295
558 1.562743
559 1.544786
560 1.274847
561 1.286365
562 1.272862
563 1.470618
564 1.628275
565 1.557524
566 1.312470
567 1.306157
568 1.302286
569 1.419106
570 1.533939
571 1.566991
572 1.305679
573 1.308342
574 1.323246
575 1.317298
576 1.346327
577 1.340888
578 1.357333
579 1.360945
580 1.369702
581 1.381598
582 1.515613
583 1.690873
584 1.621095
585 1.348562
586 1.357962
587 1.371720
588 1.385933
589 1.399801
590 1.749069
591 1.633800
592 1.798492
593 1.634352
594 1.514073
595 1.820117
596 1.665757
597 1.569742
598 1.720321
599 1.600756
600 1.728636
601 1.570297
602 1.748171
603 1.503742
604 1.594488
605 1.577302
606 1.786048
607 1.653239
608 1.624326
609 1.803198
610 1.701599
611 1.812295
612 1.695623
613 1.867756
614 1.841448
615 1.768563
616 1.749134
617 1.766395
618 1.751009
619 1.805467
620 1.790836
621 1.765172
622 1.719315
623 1.722788
624 1.736135
625 1.872804
626 1.840744
627 2.160198
628 2.161881
629 2.177774
630 2.142701
631 2.152689
632 2.178743
633 2.195518
634 2.181521
635 2.254619
636 2.242419
637 2.271007
638 2.283201
639 2.280815
640 2.280253
641 2.276018
642 2.262162
643 2.226906
644 2.193596
645 2.252871
646 2.082422
647 2.369988
648 2.194258
649 2.199307
650 2.267716
651 2.154487
652 2.110935
653 2.404241
654 2.186705
655 2.240902
656 2.064581
657 2.261105
658 2.409551
659 2.208893
660 2.256550
661 2.236181
662 2.138647
663 2.069593
664 2.058876
665 2.060915
666 2.065630
667 2.208804
668 2.242015
669 2.202667
670 2.243798
671 2.199826
672 2.219975
673 2.184225
674 2.198073
675 2.198396
676 2.205361
677 2.241346
678 2.199634
679 2.200700
680 2.206046
681 2.228788
682 2.202382
683 2.210144
684 2.202053
685 2.216241
686 2.237305
687 2.206527
688 2.206586
689 2.239206
690 2.215193
691 2.213851
692 2.235957
693 2.215532
694 2.239599
695 2.239943
696 2.236881
697 2.238892
698 2.238828
699 2.236139
700 2.235913
701 2.234818
702 2.234150
703 2.233758
704 2.235522
705 2.242488
706 2.198480
707 2.237490
708 2.236464
709 2.241603
710 2.208583
711 2.242743
712 2.226786
713 2.242021
714 2.241070
715 2.249241
716 2.074195
717 2.252530
718 1.969607
719 2.256453
720 2.226196
721 2.245710
722 2.247183
723 2.252919
724 2.247439
725 2.251191
726 2.249721
727 2.226284
728 2.226033
729 2.254248
730 2.249480
731 2.252311
732 2.250172
733 2.249261
734 2.247790
735 2.244350
736 2.240060
737 2.234740
738 2.220705
739 1.974560
740 1.930470
741 1.912377
742 1.867418
743 1.876348
744 2.248415
745 2.315612
746 2.373343
747 2.399232
748 2.373576
749 2.365445
750 2.332336
751 2.409553
752 2.364360
753 2.360974
754 2.357808
755 2.350231
756 2.331930
757 2.385741
758 2.367153
759 2.335536
760 2.345163
761 2.353401
762 2.334675
763 2.336572
764 2.339760
765 2.347215
766 2.319503
767 2.265027
768 2.351139
769 2.329515
770 2.353530
771 2.379755
772 2.373057
773 2.374170
774 2.378954
775 2.378889
776 2.381311
777 2.377435
778 2.371135
779 2.356411
780 2.334769
781 2.336495
782 2.336717
783 2.335589
784 2.333388
785 2.330350
786 2.326641
787 2.322339
788 2.317506
789 2.312195
790 2.306515
791 2.300642
792 2.295031
793 2.291477
794 2.295511
795 2.309790
796 2.301976
797 2.295451
798 2.286704
799 2.275754
800 2.264293
801 2.250605
802 2.233950
803 2.209116
804 2.358331
805 2.183773
806 2.297749
807 2.191637
808 2.059858
809 2.326036
810 2.319987
811 2.297166
812 2.265119
813 2.232561
814 2.201600
815 1.967826
816 2.256055
817 2.221257
818 2.422441
819 2.354862
820 2.069741
821 2.345673
822 2.339781
823 2.339257
824 2.321533
825 2.282335
826 2.240824
827 2.221641
828 2.007482
829 2.255260
830 2.249830
831 2.218158
832 1.979503
833 2.264229
834 2.269461
835 2.235701
836 2.037353
837 2.246748
838 2.400063
839 2.463261
840 2.065045
841 2.383712
842 2.374196
843 2.367941
844 2.358950
845 2.343172
846 2.317540
847 2.299258
848 2.279914
849 2.255019
850 2.194935
851 2.066603
852 2.368393
853 2.353068
854 2.328308
855 2.302717
856 2.213286
857 2.035516
858 2.371734
859 2.356406
860 2.328277
861 2.254520
862 2.138019
863 2.361693
864 2.326761
865 2.284262
866 2.258872
867 2.169656
868 2.408472
869 2.392309
870 2.377574
871 2.354127
872 2.249922
873 2.192546
874 2.398695
875 2.312777
876 2.096148
877 2.240993
878 2.385684
879 2.353643
880 2.483498
881 2.403869
882 2.202519
883 2.201652
884 2.224092
885 2.245068
886 2.382070
887 2.467317
888 2.450487
889 2.422802
890 2.398884
891 2.390147
892 2.309752
893 2.380618
894 2.242464
895 2.485379
896 2.360997
897 2.138367
898 2.429605
899 2.232029
900 2.217593
901 2.433752
902 2.504815
903 2.404572
904 2.220691
905 2.517020
906 2.225931
907 2.401580
908 2.215117
909 2.414345
910 2.226628
911 2.421118
912 2.500524
913 2.262609
914 2.493902
915 2.171209
916 2.515670
917 2.203716
918 2.417401
919 2.262698
920 2.476147
921 2.379985
922 2.480007
923 2.440386
924 2.463759
925 2.479353
926 2.487938
927 2.490888
928 2.494286
929 2.496143
930 2.497303
931 2.497588
932 2.496985
933 2.495427
934 2.492750
935 2.488599
936 2.482946
937 2.477149
938 2.470953
939 2.462832
940 2.452340
941 2.439510
942 2.425436
943 2.408572
944 2.380693
945 2.306780
946 2.079158
947 2.364394
948 2.376697
949 2.376100
950 2.373938
951 2.365651
952 2.264774
953 2.096193
954 2.196531
955 2.083441
956 2.215072
957 2.121245
958 2.305338
959 2.080147
960 2.242791
961 2.169302
962 2.355293
963 2.356595
964 2.234635
965 2.396239
966 2.151018
967 2.229257
968 2.431286
969 2.298610
970 2.103196
971 2.206345
972 2.114104
973 2.220630
974 2.166063
975 2.114293
976 2.220222
977 2.225358
978 2.189789
979 2.140173
980 2.213614
981 2.184510
982 2.142174
983 2.230332
984 2.232940
985 2.161995
986 2.237725
987 2.178233
988 2.243608
989 2.246198
990 2.237697
991 2.297720
992 2.234766
993 2.309066
994 2.270689
995 2.264392
996 2.332137
997 2.354528
998 2.287962
999 2.338204
1000 2.382247
1001 2.338642
1002 2.331960
1003 2.342727
1004 2.332597
1005 2.393705
1006 2.435278
1007 2.395603
1008 2.415395
1009 2.352554
1010 2.388257
1011 2.408899
1012 2.402360
1013 2.413900
1014 2.394022
1015 2.410676
1016 2.407100
1017 2.413422
1018 2.409317
1019 2.410952
1020 2.413950
1021 2.420861
1022 2.429255
1023 2.431698
1024 2.434612
1025 2.437064
1026 2.439715
1027 2.441745
1028 2.444551
1029 2.445527
1030 2.450508
1031 2.445574
1032 2.468935
1033 2.432688
1034 2.462439
1035 2.991772
1036 1.811040
1037 1.673018
1038 1.701990
1039 1.753579
1040 2.710715
1041 2.456860
1042 2.269429
1043 2.274059
1044 2.264858
1045 2.264125
1046 2.272659
1047 2.285430
1048 2.290994
1049 2.282069
1050 2.325212
1051 2.434954
1052 2.426838
1053 2.422609
1054 2.413629
1055 2.303483
1056 2.473244
1057 1.780806
1058 1.660903
1059 1.689777
1060 1.944002
1061 2.419781
1062 2.436927
1063 2.454947
1064 2.291127
1065 2.333154
1066 2.324872
1067 2.319469
1068 2.327458
1069 2.334872
1070 2.337870
1071 2.325059
1072 2.375945
1073 2.486824
1074 2.368554
1075 2.521684
1076 2.337086
1077 2.431754
1078 2.365577
1079 2.669369
1080 2.369263
1081 2.531100
1082 2.411529
1083 2.444220
1084 2.435615
1085 2.967511
1086 2.451597
1087 2.537230
1088 2.451483
1089 2.174199
1090 3.042494
1091 2.529740
1092 2.471167
1093 2.565924
1094 2.450178
1095 1.742565
1096 3.892320
1097 1.641781
1098 1.614828
1099 1.707720
1100 2.375188
1101 3.098138
1102 2.495591
1103 2.515374
1104 2.576498
1105 2.536230
1106 2.454748
1107 2.421088
1108 2.420710
1109 2.424924
1110 2.437990
1111 2.458824
1112 2.467830
1113 2.454093
1114 2.530877
1115 2.522096
1116 2.535022
1117 2.452368
1118 2.512522
1119 2.557217
1120 2.442550
1121 2.463732
1122 2.454908
1123 4.001029
1124 2.490821
1125 2.538453
1126 4.001462
1127 2.497134
1128 2.484806
1129 2.511351
1130 2.559479
1131 2.585947
1132 2.457106
1133 3.698232
1134 1.732939
1135 2.501477
1136 2.597230
1137 2.459666
1138 2.597776
1139 2.456458
1140 3.595656
1141 2.518868
1142 2.906745
1143 1.698796
1144 2.329501
1145 1.654771
1146 2.760074
1147 2.136364
1148 1.681736
1149 4.082207
1150 1.721801
1151 3.978496
1152 1.754482
1153 2.560000
1154 4.035854
1155 2.880350
1156 2.161265
1157 2.557524
1158 2.858345
1159 2.602328
1160 3.401233
1161 2.325223
1162 2.521247
1163 2.916202
1164 1.799953
1165 2.522304
1166 4.155996
1167 2.527932
1168 2.870611
1169 2.556179
1170 3.088548
1171 2.849167
1172 2.272756
1173 2.866783
1174 2.512687
1175 2.846639
1176 2.627708
1177 2.582617
1178 2.874844
1179 2.492212
1180 3.192685
1181 2.699552
1182 2.197160
1183 2.745466
1184 2.844034
1185 2.751001
1186 2.602282
1187 3.101098
1188 3.312112
1189 3.193601
1190 2.981690
1191 3.352402
1192 3.565178
1193 3.485646
1194 3.233129
1195 3.059532
1196 2.847555
1197 2.795548
1198 2.797555
1199 2.796316
1200 2.795895
1201 2.796158
1202 2.797056
1203 2.798545
1204 2.800574
1205 2.803081
1206 2.805996
1207 2.809246
1208 2.812758
1209 2.816462
1210 2.820288
1211 2.824174
1212 2.828060
1213 2.831890
1214 2.835608
1215 2.839162
1216 2.842496
1217 2.845556
1218 2.848286
1219 2.850631
1220 2.852536
1221 2.853951
1222 2.854831
1223 2.855139
1224 2.854846
1225 2.853939
1226 2.852415
1227 2.850282
1228 2.847563
1229 2.844288
1230 2.840497
1231 2.836236
1232 2.831554
1233 2.826501
1234 2.821131
1235 2.815493
1236 2.809637
1237 2.803607
1238 2.797449
1239 2.791200
1240 2.784897
1241 2.778574
1242 2.772260
1243 2.765981
1244 2.759762
1245 2.753622
1246 2.747582
1247 2.741656
1248 2.735859
1249 2.730203
1250 2.724698
1251 2.719353
1252 2.714174
1253 2.709167
1254 2.704338
1255 2.699689
1256 2.695222
1257 2.690940
1258 2.686844
1259 2.682933
1260 2.679207
1261 2.675665
1262 2.672306
1263 2.669127
1264 2.666128
1265 2.663305
1266 2.660656
1267 2.658179
1268 2.655869
1269 2.653724
1270 2.651742
1271 2.649917
1272 2.648247
1273 2.646729
1274 2.645359
1275 2.644133
1276 2.643047
1277 2.642099
1278 2.641284
1279 2.640599
1280 2.640041
1281 2.639604
1282 2.639287
1283 2.639085
1284 2.638994
1285 2.639012
1286 2.639135
1287 2.639359
1288 2.639682
1289 2.640099
1290 2.640607
1291 2.641204
1292 2.641886
1293 2.642651
1294 2.643495
1295 2.644415
1296 2.645409
1297 2.646474
1298 2.647607
1299 2.648807
1300 2.650071
1301 2.651397
1302 2.652782
1303 2.654226
1304 2.655725
1305 2.657279
1306 2.658886
1307 2.660544
1308 2.662253
1309 2.664012
1310 2.665818
1311 2.667673
1312 2.669575
1313 2.671524
1314 2.673519
1315 2.675560
1316 2.677647
1317 2.679781
1318 2.681962
1319 2.684189
1320 2.686464
1321 2.688788
1322 2.691160
1323 2.693583
1324 2.696057
1325 2.698583
1326 2.701163
1327 2.703799
1328 2.706492
1329 2.709244
1330 2.712057
1331 2.714934
1332 2.717876
1333 2.720886
1334 2.723967
1335 2.727123
1336 2.730355
1337 2.733667
1338 2.737064
1339 2.740548
1340 2.744124
1341 2.747796
1342 2.751569
1343 2.755448
1344 2.759438
1345 2.763544
1346 2.767773
1347 2.772130
1348 2.776622
1349 2.781256
1350 2.786039
1351 2.790978
1352 2.796079
1353 2.801351
1354 2.806799
1355 2.812430
1356 2.818249
1357 2.824259
1358 2.830462
1359 2.836854
1360 2.843431
1361 2.850179
1362 2.857082
1363 2.864113
1364 2.871237
1365 2.878410
1366 2.885581
1367 2.892691
1368 2.899677
1369 2.906480
1370 2.913044
1371 2.919324
1372 2.925288
1373 2.930918
1374 2.936209
1375 2.941169
1376 2.945810
1377 2.950154
1378 2.954222
1379 2.958038
1380 2.961626
1381 2.965007
1382 2.968206
1383 2.971244
1384 2.974146
1385 2.976940
1386 2.979661
1387 2.982362
1388 2.985137
1389 2.988177
1390 2.991965
1391 2.998115
1392 3.016245
1393 3.198217
1394 3.032084
1395 3.295861
1396 3.044080
1397 3.328972
1398 3.086112
1399 3.313894
1400 3.089165
1401 3.319915
1402 3.115745
1403 3.275439
1404 3.102565
1405 3.317829
1406 3.159418
1407 3.214659
1408 3.154171
1409 3.249252
1410 3.170254
1411 3.246864
1412 3.198590
1413 3.238015
1414 3.228271
1415 3.245369
1416 3.254391
1417 3.266918
1418 3.280388
1419 3.295090
1420 3.310796
1421 3.326712
1422 3.341200
1423 3.352271
1424 3.359280
1425 3.363509
1426 3.366289
1427 3.368150
1428 3.369353
1429 3.370066
1430 3.370398
1431 3.370429
1432 3.370214
1433 3.369796
1434 3.369206
1435 3.368469
1436 3.367602
1437 3.366620
1438 3.365534
1439 3.364350
1440 3.363074
1441 3.361709
1442 3.360259
1443 3.358722
1444 3.357102
1445 3.355396
1446 3.353606
1447 3.351733
1448 3.349777
1449 3.347742
1450 3.345632
1451 3.343452
1452 3.341209
1453 3.338915
1454 3.336579
1455 3.334217
1456 3.331843
1457 3.329474
1458 3.327129
1459 3.324827
1460 3.322589
1461 3.320435
1462 3.318385
1463 3.316463
1464 3.314691
1465 3.313095
1466 3.311705
1467 3.310556
1468 3.309695
1469 3.309185
1470 3.309122
1471 3.309653
1472 3.311030
1473 3.313718
1474 3.318677
1475 3.328203
1476 3.348820
1477 3.401093
1478 3.421786
1479 3.322702
1480 3.311473
1481 3.271578
1482 3.225353
1483 3.215808
1484 3.221824
1485 3.226478
1486 3.230195
1487 3.233424
1488 3.236554
1489 3.239958
1490 3.244081
1491 3.249606
1492 3.257880
1493 3.272241
1494 3.303190
1495 3.388086
1496 3.211161
1497 3.159000
1498 3.223587
1499 3.181909
1500 3.200932
1501 3.194277
1502 3.202496
1503 3.204276
1504 3.208374
1505 3.212934
1506 3.218840
1507 3.227465
1508 3.242450
1509 3.276215
1510 3.376004
1511 3.126670
1512 3.205858
1513 3.109937
1514 3.405603
1515 3.212081
1516 3.051493
1517 3.501513
1518 3.365730
1519 3.424002
1520 3.330393
1521 3.178014
1522 3.060580
1523 3.520226
1524 3.427177
1525 3.419051
1526 3.451374
1527 3.458193
1528 3.472167
1529 3.487687
1530 3.496327
1531 3.503733
1532 3.507268
1533 3.507491
1534 3.504605
1535 3.498389
1536 3.487914
1537 3.470617
1538 3.438040
1539 3.347012
1540 2.992741
1541 3.370273
1542 2.857759
1543 3.185641
1544 3.118848
1545 3.145666
1546 3.097309
1547 3.136725
1548 3.101445
1549 3.145746
1550 3.111967
1551 3.160103
1552 3.128924
1553 3.172336
1554 3.150161
1555 3.176384
1556 3.165062
1557 3.181176
1558 3.179797
1559 3.186939
1560 3.191935
1561 3.197704
1562 3.203998
1563 3.210169
1564 3.206895
1565 3.004087
1566 3.253034
1567 2.868304
1568 3.213891
1569 3.211022
1570 3.035656
1571 3.260002
1572 2.893155
1573 3.227983
1574 3.148700
1575 3.266634
1576 2.864391
1577 3.237512
1578 3.110100
1579 3.260771
1580 3.009037
1581 3.317531
1582 2.869161
1583 3.266864
1584 2.954965
1585 3.302110
1586 2.891510
1587 3.292684
1588 2.924340
1589 3.326774
1590 2.911631
1591 3.354218
1592 2.927268
1593 3.405856
1594 2.989711
1595 3.510443
1596 3.429261
1597 3.482887
1598 3.638691
1599 3.675707
1600 3.657003
1601 3.651223
1602 3.647326
1603 3.642943
1604 3.638323
1605 3.633393
1606 3.628179
1607 3.622916
1608 3.618767
1609 3.617356
1610 3.616453
1611 3.616525
1612 3.616096
1613 3.617005
1614 3.615735
1615 3.618472
1616 3.613679
1617 3.622171
1618 3.606473
1619 3.629906
1620 3.589301
1621 3.637504
1622 3.578179
1623 3.633102
1624 3.589731
1625 3.620224
1626 3.597508
1627 3.605736
1628 3.595473
1629 3.591502
1630 3.583104
1631 3.573003
1632 3.559432
1633 3.540748
1634 3.513567
1635 3.470699
1636 3.397046
1637 3.283045
1638 3.225829
1639 3.268667
1640 3.231454
1641 3.273517
1642 3.249706
1643 3.277904
1644 3.275574
1645 3.292825
1646 3.306442
1647 3.326625
1648 3.354032
1649 3.394690
1650 3.458163
1651 3.543755
1652 3.605977
1653 3.618435
1654 3.613584
1655 3.611776
1656 3.610596
1657 3.610714
1658 3.610774
1659 3.611302
1660 3.611670
1661 3.612248
1662 3.612728
1663 3.613296
1664 3.613816
1665 3.614354
1666 3.614857
1667 3.615334
1668 3.615759
1669 3.616121
1670 3.616400
1671 3.616575
1672 3.616624
1673 3.616522
1674 3.616241
1675 3.615753
1676 3.615026
1677 3.614026
1678 3.612718
1679 3.611064
1680 3.609024
1681 3.606554
1682 3.603609
1683 3.600138
1684 3.596087
1685 3.591398
1686 3.586012
1687 3.579864
1688 3.572892
1689 3.565031
1690 3.556226
1691 3.546430
1692 3.535611
1693 3.523761
1694 3.510898
1695 3.497077
1696 3.482383
1697 3.466933
1698 3.450868
1699 3.434340
1700 3.417501
1701 3.400493
1702 3.383441
1703 3.366451
1704 3.349611
1705 3.332994
1706 3.316662
1707 3.300676
1708 3.285096
1709 3.269996
1710 3.255465
1711 3.241619
1712 3.228603
1713 3.216582
1714 3.205715
1715 3.196106
1716 3.187751
1717 3.180511
1718 3.174146
1719 3.168393
1720 3.163034
1721 3.157920
1722 3.152960
1723 3.148104
1724 3.143322
1725 3.138597
1726 3.133916
1727 3.129273
1728 3.124658
1729 3.120066
1730 3.115491
1731 3.110928
1732 3.106372
1733 3.101819
1734 3.097264
1735 3.092704
1736 3.088136
1737 3.083557
1738 3.078965
1739 3.074358
1740 3.069734
1741 3.065093
1742 3.060434
1743 3.055756
1744 3.051059
1745 3.046344
1746 3.041611
1747 3.036861
1748 3.032095
1749 3.027315
1750 3.022520
1751 3.017714
1752 3.012898
1753 3.008073
1754 3.003241
1755 2.998404
1756 2.993564
1757 2.988722
1758 2.983882
1759 2.979044
1760 2.974210
1761 2.969384
1762 2.964566
1763 2.959759
1764 2.954966
1765 2.950188
1766 2.945428
1767 2.940688
1768 2.935970
1769 2.931278
1770 2.926612
1771 2.921977
1772 2.917373
1773 2.912804
1774 2.908272
1775 2.903779
1776 2.899327
1777 2.894919
1778 2.890557
1779 2.886242
1780 2.881977
1781 2.877764
1782 2.873602
1783 2.869496
1784 2.865444
1785 2.861449
1786 2.857512
1787 2.853633
1788 2.849813
1789 2.846052
1790 2.842351
1791 2.838709
1792 2.835128
1793 2.831606
1794 2.828143
1795 2.824740
1796 2.821395
1797 2.818108
1798 2.814878
1799 2.811705
1800 2.808588
1801 2.805526
1802 2.802517
1803 2.799562
1804 2.796658
1805 2.793805
1806 2.791002
1807 2.788248
1808 2.785541
1809 2.782880
1810 2.780265
1811 2.777694
1812 2.775165
1813 2.772678
1814 2.770232
1815 2.767826
1816 2.765457
1817 2.763126
1818 2.760832
1819 2.758572
1820 2.756346
1821 2.754154
1822 2.751993
1823 2.749863
1824 2.747764
1825 2.745693
1826 2.743651
1827 2.741636
1828 2.739647
1829 2.737684
1830 2.735746
1831 2.733831
1832 2.731940
1833 2.730071
1834 2.728223
1835 2.726397
1836 2.724590
1837 2.722803
1838 2.721034
1839 2.719283
1840 2.717550
1841 2.715833
1842 2.714132
1843 2.712447
1844 2.710776
1845 2.709120
1846 2.707477
1847 2.705847
1848 2.704229
1849 2.702623
1850 2.701028
1851 2.699444
1852 2.697870
1853 2.696305
1854 2.694748
1855 2.693200
1856 2.691660
1857 2.690127
1858 2.688600
1859 2.687078
1860 2.685562
1861 2.684051
1862 2.682543
1863 2.681039
1864 2.679537
1865 2.678038
1866 2.676539
1867 2.675042
1868 2.673544
1869 2.672045
1870 2.670545
1871 2.669042
1872 2.667537
1873 2.666027
1874 2.664513
1875 2.662994
1876 2.661468
1877 2.659935
1878 2.658393
1879 2.656843
1880 2.655282
1881 2.653710
1882 2.652126
1883 2.650528
1884 2.648916
1885 2.647289
1886 2.645644
1887 2.643980
1888 2.642297
1889 2.640593
1890 2.638866
1891 2.637114
1892 2.635336
1893 2.633530
1894 2.631694
1895 2.629826
1896 2.627923
1897 2.625983
1898 2.624003
1899 2.621982
1900 2.619914
1901 2.617798
1902 2.615630
1903 2.613406
1904 2.611121
1905 2.608772
1906 2.606353
1907 2.603858
1908 2.601281
1909 2.598617
1910 2.595856
1911 2.592992
1912 2.590015
1913 2.586915
1914 2.583682
1915 2.580302
1916 2.576763
1917 2.573050
1918 2.569148
1919 2.565041
1920 2.560712
1921 2.556147
1922 2.551332
1923 2.546258
1924 2.540925
1925 2.535343
1926 2.529541
1927 2.523565
1928 2.517486
1929 2.511393
1930 2.505385
1931 2.499555
1932 2.493974
1933 2.488683
1934 2.483692
1935 2.478984
1936 2.474530
1937 2.470290
1938 2.466215
1939 2.462248
1940 2.458324
1941 2.454362
1942 2.450266
1943 2.445921
1944 2.441189
1945 2.435912
1946 2.429923
1947 2.423052
1948 2.415152
1949 2.406104
1950 2.395828
1951 2.384271
1952 2.371398
1953 2.357172
1954 2.341546
1955 2.324461
1956 2.305850
1957 2.285667
1958 2.263928
1959 2.240790
1960 2.216661
1961 2.192318
1962 2.168932
1963 2.147837
1964 2.130059
1965 2.115890
1966 2.104936
1967 2.096525
1968 2.090045
1969 2.085035
1970 2.081155
1971 2.078155
1972 2.075843
1973 2.074067
1974 2.072710
1975 2.071673
1976 2.070878
1977 2.070262
1978 2.069772
1979 2.069366
1980 2.069010
1981 2.068679
1982 2.068354
1983 2.068018
1984 2.067661
1985 2.067277
1986 2.066860
1987 2.066407
1988 2.065918
1989 2.065391
1990 2.064829
1991 2.064232
1992 2.063603
1993 2.062945
1994 2.062260
1995 2.061553
1996 2.060826
1997 2.060084
1998 2.059331
1999 2.058570
2000 2.057806
2001 2.057041
2002 2.056279
2003 2.055524
2004 2.054777
2005 2.054042
2006 2.053319
2007 2.052611
2008 2.051918
2009 2.051242
2010 2.050584
2011 2.049944
2012 2.049323
2013 2.048720
2014 2.048137
2015 2.047572
2016 2.047026
2017 2.046499
2018 2.045991
2019 2.045502
2020 2.045031
2021 2.044580
2022 2.044147
2023 2.043733
2024 2.043338
2025 2.042962
2026 2.042606
2027 2.042268
2028 2.041950
2029 2.041652
2030 2.041373
2031 2.041116
2032 2.040878
2033 2.040662
2034 2.040468
2035 2.040296
2036 2.040146
2037 2.040020
2038 2.039917
2039 2.039839
2040 2.039787
2041 2.039761
2042 2.039761
2043 2.039790
2044 2.039848
2045 2.039936
2046 2.040055
2047 2.040207
2048 2.040392
2049 2.040613
2050 2.040869
2051 2.041164
2052 2.041499
2053 2.041875
2054 2.042294
2055 2.042758
2056 2.043269
2057 2.043830
2058 2.044442
2059 2.045108
2060 2.045830
2061 2.046612
2062 2.047455
2063 2.048363
2064 2.049339
2065 2.050386
2066 2.051507
2067 2.052706
2068 2.053987
2069 2.055354
2070 2.056810
2071 2.058360
2072 2.060008
2073 2.061759
2074 2.063617
2075 2.065588
2076 2.067675
2077 2.069884
2078 2.072220
2079 2.074688
2080 2.077294
2081 2.080041
2082 2.082936
2083 2.085982
2084 2.089185
2085 2.092549
2086 2.096076
2087 2.099772
2088 2.103638
2089 2.107677
2090 2.111890
2091 2.116279
2092 2.120843
2093 2.125584
2094 2.130499
2095 2.135587
2096 2.140846
2097 2.146274
2098 2.151867
2099 2.157622
2100 2.163535
2101 2.169603
2102 2.175820
2103 2.182182
2104 2.188681
2105 2.195312
2106 2.202067
2107 2.208937
2108 2.215910
2109 2.222974
2110 2.230116
2111 2.237317
2112 2.244560
2113 2.251821
2114 2.259078
2115 2.266305
2116 2.273475
2117 2.280561
2118 2.287535
2119 2.294370
2120 2.301043
2121 2.307532
2122 2.313818
2123 2.319888
2124 2.325731
2125 2.331341
2126 2.336716
2127 2.341856
2128 2.346764
2129 2.351446
2130 2.355908
2131 2.360157
2132 2.364202
2133 2.368051
2134 2.371711
2135 2.375191
2136 2.378498
2137 2.381638
2138 2.384619
2139 2.387447
2140 2.390128
2141 2.392668
2142 2.395072
2143 2.397346
2144 2.399494
2145 2.401521
2146 2.403433
2147 2.405233
2148 2.406927
2149 2.408518
2150 2.410010
2151 2.411409
2152 2.412716
2153 2.413938
2154 2.415076
2155 2.416135
2156 2.417118
2157 2.418028
2158 2.418869
2159 2.419644
2160 2.420357
2161 2.421009
2162 2.421604
2163 2.422146
2164 2.422636
2165 2.423077
2166 2.423471
2167 2.423822
2168 2.424132
2169 2.424402
2170 2.424635
2171 2.424834
2172 2.424999
2173 2.425133
2174 2.425238
2175 2.425315
2176 2.425367
2177 2.425394
2178 2.425398
2179 2.425380
2180 2.425342
2181 2.425285
2182 2.425210
2183 2.425119
2184 2.425011
2185 2.424889
2186 2.424754
2187 2.424605
2188 2.424444
2189 2.424272
2190 2.424090
2191 2.423897
2192 2.423696
2193 2.423485
2194 2.423267
2195 2.423041
2196 2.422809
2197 2.422570
2198 2.422325
2199 2.422074
2200 2.421818
2201 2.421557
2202 2.421292
2203 2.421023
2204 2.420750
2205 2.420474
2206 2.420194
2207 2.419911
2208 2.419626
2209 2.419338
2210 2.419048
2211 2.418756
2212 2.418462
2213 2.418167
2214 2.417870
2215 2.417571
2216 2.417272
2217 2.416971
2218 2.416669
2219 2.416367
2220 2.416064
2221 2.415761
2222 2.415457
2223 2.415152
2224 2.414848
2225 2.414543
2226 2.414238
2227 2.413933
2228 2.413628
2229 2.413324
2230 2.413019
2231 2.412715
2232 2.412411
2233 2.412107
2234 2.411804
2235 2.411501
2236 2.411198
2237 2.410896
2238 2.410595
2239 2.410294
2240 2.409993
2241 2.409693
2242 2.409394
2243 2.409096
2244 2.408798
2245 2.408500
2246 2.408204
2247 2.407908
2248 2.407613
2249 2.407319
2250 2.407025
2251 2.406732
2252 2.406440
2253 2.406148
2254 2.405858
2255 2.405568
2256 2.405279
2257 2.404990
2258 2.404703
2259 2.404416
2260 2.404130
2261 2.403844
2262 2.403560
2263 2.403276
2264 2.402993
2265 2.402710
2266 2.402429
2267 2.402148
2268 2.401867
2269 2.401588
2270 2.401309
2271 2.401031
2272 2.400754
2273 2.400477
2274 2.400201
2275 2.399925
2276 2.399650
2277 2.399376
2278 2.399103
2279 2.398830
2280 2.398557
2281 2.398286
2282 2.398015
2283 2.397744
2284 2.397474
2285 2.397204
2286 2.396935
2287 2.396667
2288 2.396399
2289 2.396132
2290 2.395865
2291 2.395598
2292 2.395332
2293 2.395067
2294 2.394802
2295 2.394537
2296 2.394273
2297 2.394009
2298 2.393745
2299 2.393482
2300 2.393219
2301 2.392957
2302 2.392695
2303 2.392433
2304 2.392172
2305 2.391910
2306 2.391650
2307 2.391389
2308 2.391129
2309 2.390869
2310 2.390609
2311 2.390349
2312 2.390090
2313 2.389831
2314 2.389572
2315 2.389313
2316 2.389054
2317 2.388796
2318 2.388537
2319 2.388279
2320 2.388021
2321 2.387763
2322 2.387505
2323 2.387247
2324 2.386990
2325 2.386732
2326 2.386475
2327 2.386217
2328 2.385960
2329 2.385702
2330 2.385445
2331 2.385187
2332 2.384930
2333 2.384673
2334 2.384415
2335 2.384158
2336 2.383900
2337 2.383643
2338 2.383385
2339 2.383127
2340 2.382870
2341 2.382612
2342 2.382354
2343 2.382096
2344 2.381838
2345 2.381579
2346 2.381321
2347 2.381062
2348 2.380804
2349 2.380545
2350 2.380286
2351 2.380027
2352 2.379767
2353 2.379508
2354 2.379248
2355 2.378988
2356 2.378728
2357 2.378468
2358 2.378207
2359 2.377947
2360 2.377686
2361 2.377424
2362 2.377163
2363 2.376901
2364 2.376639
2365 2.376377
2366 2.376114
2367 2.375851
2368 2.375588
2369 2.375325
2370 2.375061
2371 2.374797
2372 2.374533
2373 2.374269
2374 2.374004
2375 2.373738
2376 2.373473
2377 2.373207
2378 2.372941
2379 2.372674
2380 2.372407
2381 2.372140
2382 2.371872
2383 2.371605
2384 2.371336
2385 2.371068
2386 2.370799
2387 2.370529
2388 2.370259
2389 2.369989
2390 2.369719
2391 2.369448
2392 2.369176
2393 2.368905
2394 2.368633
2395 2.368360
2396 2.368087
2397 2.367814
2398 2.367540
2399 2.367266
2400 2.366992
2401 2.366717
2402 2.366441
2403 2.366166
2404 2.365889
2405 2.365613
2406 2.365336
2407 2.365058
2408 2.364780
2409 2.364502
2410 2.364223
2411 2.363944
2412 2.363665
2413 2.363385
2414 2.363104
2415 2.362824
2416 2.362542
2417 2.362261
2418 2.361978
2419 2.361696
2420 2.361413
2421 2.361129
2422 2.360846
2423 2.360561
2424 2.360277
2425 2.359991
2426 2.359706
2427 2.359420
2428 2.359133
2429 2.358847
2430 2.358559
2431 2.358272
2432 2.357983
2433 2.357695
2434 2.357406
2435 2.357117
2436 2.356827
2437 2.356536
2438 2.356246
2439 2.355955
2440 2.355663
2441 2.355371
2442 2.355079
2443 2.354786
2444 2.354493
2445 2.354200
2446 2.353906
2447 2.353612
2448 2.353317
2449 2.353022
2450 2.352727
2451 2.352431
2452 2.352135
2453 2.351838
2454 2.351541
2455 2.351244
2456 2.350946
2457 2.350648
2458 2.350350
2459 2.350051
2460 2.349752
2461 2.349452
2462 2.349152
2463 2.348852
2464 2.348552
2465 2.348251
2466 2.347950
2467 2.347648
2468 2.347347
2469 2.347045
2470 2.346742
2471 2.346440
2472 2.346137
2473 2.345833
2474 2.345530
2475 2.345226
2476 2.344922
2477 2.344618
2478 2.344313
2479 2.344008
2480 2.343703
2481 2.343397
2482 2.343092
2483 2.342786
2484 2.342480
2485 2.342174
2486 2.341867
2487 2.341560
2488 2.341253
2489 2.340946
2490 2.340639
2491 2.340331
2492 2.340024
2493 2.339716
2494 2.339408
2495 2.339100
2496 2.338791
2497 2.338483
2498 2.338174
2499 2.337866
2500 2.337557
2501 2.337248
2502 2.336939
2503 2.336630
2504 2.336320
2505 2.336011
2506 2.335701
2507 2.335392
2508 2.335082
2509 2.334773
2510 2.334463
2511 2.334153
2512 2.333844
2513 2.333534
2514 2.333224
2515 2.332914
2516 2.332605
2517 2.332295
2518 2.331985
2519 2.331675
2520 2.331366
2521 2.331056
2522 2.330746
2523 2.330437
2524 2.330127
2525 2.329818
2526 2.329508
2527 2.329199
2528 2.328890
2529 2.328581
2530 2.328272
2531 2.327963
2532 2.327654
2533 2.327346
2534 2.327037
2535 2.326729
2536 2.326421
2537 2.326113
2538 2.325805
2539 2.325498
2540 2.325191
2541 2.324883
2542 2.324576
2543 2.324270
2544 2.323963
2545 2.323657
2546 2.323351
2547 2.323045
2548 2.322740
2549 2.322435
2550 2.322130
2551 2.321825
2552 2.321521
2553 2.321217
2554 2.320913
2555 2.320610
2556 2.320307
2557 2.320004
2558 2.319702
2559 2.319400
2560 2.319098
2561 2.318797
2562 2.318496
2563 2.318196
2564 2.317895
2565 2.317596
2566 2.317297
2567 2.316998
2568 2.316699
2569 2.316401
2570 2.316104
2571 2.315807
2572 2.315510
2573 2.315214
2574 2.314918
2575 2.314623
2576 2.314329
2577 2.314034
2578 2.313741
2579 2.313448
2580 2.313155
2581 2.312863
2582 2.312571
2583 2.312280
2584 2.311990
2585 2.311700
2586 2.311411
2587 2.311122
2588 2.310834
2589 2.310546
2590 2.310259
2591 2.309973
2592 2.309687
2593 2.309402
2594 2.309117
2595 2.308833
2596 2.308550
2597 2.308267
2598 2.307985
2599 2.307704
2600 2.307423
2601 2.307143
2602 2.306864
2603 2.306585
2604 2.306308
2605 2.306030
2606 2.305754
2607 2.305478
2608 2.305203
2609 2.304928
2610 2.304655
2611 2.304382
2612 2.304109
2613 2.303838
2614 2.303567
2615 2.303297
2616 2.303028
2617 2.302760
2618 2.302492
2619 2.302225
2620 2.301959
2621 2.301693
2622 2.301429
2623 2.301165
2624 2.300902
2625 2.300640
2626 2.300379
2627 2.300118
2628 2.299858
2629 2.299599
2630 2.299341
2631 2.299084
2632 2.298827
2633 2.298572
2634 2.298317
2635 2.298063
2636 2.297810
2637 2.297558
2638 2.297307
2639 2.297056
2640 2.296806
2641 2.296558
2642 2.296310
2643 2.296063
2644 2.295817
2645 2.295571
2646 2.295327
2647 2.295084
2648 2.294841
2649 2.294599
2650 2.294359
2651 2.294119
2652 2.293880
2653 2.293642
2654 2.293405
2655 2.293168
2656 2.292933
2657 2.292699
2658 2.292465
2659 2.292233
2660 2.292001
2661 2.291770
2662 2.291541
2663 2.291312
2664 2.291084
2665 2.290857
2666 2.290631
2667 2.290406
2668 2.290182
2669 2.289959
2670 2.289737
2671 2.289515
2672 2.289295
2673 2.289076
2674 2.288857
2675 2.288640
2676 2.288423
2677 2.288208
2678 2.287993
2679 2.287780
2680 2.287567
2681 2.287356
2682 2.287145
2683 2.286935
2684 2.286727
2685 2.286519
2686 2.286312
2687 2.286107
2688 2.285902
2689 2.285698
2690 2.285495
2691 2.285293
2692 2.285093
2693 2.284893
2694 2.284694
2695 2.284496
2696 2.284299
2697 2.284103
2698 2.283908
2699 2.283714
2700 2.283521
2701 2.283329
2702 2.283138
2703 2.282948
2704 2.282760
2705 2.282572
2706 2.282385
2707 2.282199
2708 2.282014
2709 2.281830
2710 2.281647
2711 2.281465
2712 2.281284
2713 2.281104
2714 2.280925
2715 2.280747
2716 2.280570
2717 2.280394
2718 2.280219
2719 2.280045
2720 2.279872
2721 2.279700
2722 2.279529
2723 2.279359
2724 2.279190
2725 2.279022
2726 2.278855
2727 2.278689
2728 2.278524
2729 2.278360
2730 2.278197
2731 2.278035
2732 2.277874
2733 2.277714
2734 2.277555
2735 2.277397
2736 2.277240
2737 2.277085
2738 2.276930
2739 2.276776
2740 2.276623
2741 2.276471
2742 2.276320
2743 2.276170
2744 2.276021
2745 2.275873
2746 2.275726
2747 2.275580
2748 2.275435
2749 2.275291
2750 2.275148
2751 2.275007
2752 2.274866
2753 2.274726
2754 2.274587
2755 2.274449
2756 2.274312
2757 2.274176
2758 2.274041
2759 2.273907
2760 2.273774
2761 2.273642
2762 2.273511
2763 2.273381
2764 2.273252
2765 2.273124
2766 2.272997
2767 2.272872
2768 2.272747
2769 2.272623
2770 2.272500
2771 2.272378
2772 2.272257
2773 2.272137
2774 2.272018
2775 2.271900
2776 2.271783
2777 2.271667
2778 2.271552
2779 2.271437
2780 2.271324
2781 2.271212
2782 2.271101
2783 2.270991
2784 2.270882
2785 2.270774
2786 2.270667
2787 2.270561
2788 2.270455
2789 2.270351
2790 2.270248
2791 2.270146
2792 2.270045
2793 2.269944
2794 2.269845
2795 2.269747
2796 2.269650
2797 2.269553
2798 2.269458
2799 2.269364
2800 2.269270
2801 2.269178
2802 2.269086
2803 2.268996
2804 2.268907
2805 2.268818
2806 2.268731
2807 2.268644
2808 2.268559
2809 2.268474
2810 2.268390
2811 2.268308
2812 2.268226
2813 2.268145
2814 2.268066
2815 2.267987
2816 2.267909
2817 2.267832
2818 2.267757
2819 2.267682
2820 2.267608
2821 2.267535
2822 2.267463
2823 2.267392
2824 2.267322
2825 2.267253
2826 2.267185
2827 2.267118
2828 2.267051
2829 2.266986
2830 2.266922
2831 2.266859
2832 2.266796
2833 2.266735
2834 2.266675
2835 2.266615
2836 2.266557
2837 2.266499
2838 2.266442
2839 2.266387
2840 2.266332
2841 2.266278
2842 2.266226
2843 2.266174
2844 2.266123
2845 2.266073
2846 2.266024
2847 2.265976
2848 2.265929
2849 2.265883
2850 2.265837
2851 2.265793
2852 2.265750
2853 2.265707
2854 2.265666
2855 2.265626
2856 2.265586
2857 2.265547
2858 2.265510
2859 2.265473
2860 2.265437
2861 2.265402
2862 2.265368
2863 2.265335
2864 2.265303
2865 2.265272
2866 2.265242
2867 2.265212
2868 2.265184
2869 2.265156
2870 2.265130
2871 2.265104
2872 2.265080
2873 2.265056
2874 2.265033
2875 2.265011
2876 2.264990
2877 2.264970
2878 2.264951
2879 2.264932
2880 2.264915
2881 2.264898
2882 2.264883
2883 2.264868
2884 2.264854
2885 2.264841
2886 2.264829
2887 2.264818
2888 2.264808
2889 2.264799
2890 2.264790
2891 2.264783
2892 2.264776
2893 2.264771
2894 2.264766
2895 2.264762
2896 2.264759
2897 2.264757
2898 2.264755
2899 2.264755
2900 2.264755
2901 2.264757
2902 2.264759
2903 2.264762
2904 2.264766
2905 2.264771
2906 2.264776
2907 2.264783
2908 2.264790
2909 2.264798
2910 2.264807
2911 2.264817
2912 2.264828
2913 2.264840
2914 2.264852
2915 2.264866
2916 2.264880
2917 2.264895
2918 2.264911
2919 2.264928
2920 2.264945
2921 2.264963
2922 2.264983
2923 2.265003
2924 2.265024
2925 2.265045
2926 2.265068
2927 2.265091
2928 2.265115
2929 2.265140
2930 2.265166
2931 2.265192
2932 2.265220
2933 2.265248
2934 2.265277
2935 2.265307
2936 2.265337
2937 2.265369
2938 2.265401
2939 2.265434
2940 2.265467
2941 2.265502
2942 2.265537
2943 2.265573
2944 2.265610
2945 2.265648
2946 2.265686
2947 2.265725
2948 2.265765
2949 2.265806
2950 2.265847
2951 2.265889
2952 2.265932
2953 2.265975
2954 2.266020
2955 2.266065
2956 2.266111
2957 2.266157
2958 2.266204
2959 2.266252
2960 2.266301
2961 2.266351
2962 2.266401
2963 2.266451
2964 2.266503
2965 2.266555
2966 2.266608
2967 2.266662
2968 2.266716
2969 2.266771
2970 2.266827
2971 2.266883
2972 2.266940
2973 2.266998
2974 2.267056
2975 2.267115
2976 2.267175
2977 2.267235
2978 2.267296
2979 2.267358
2980 2.267420
2981 2.267483
2982 2.267547
2983 2.267611
2984 2.267676
2985 2.267741
2986 2.267807
2987 2.267874
2988 2.267941
2989 2.268009
2990 2.268077
2991 2.268146
2992 2.268216
2993 2.268286
2994 2.268357
2995 2.268428
2996 2.268500
2997 2.268573
2998 2.268646
2999 2.268719
3000 2.268794
3001 2.268868
3002 2.268944
3003 2.269019
3004 2.269096
3005 2.269172
3006 2.269250
3007 2.269328
3008 2.269406
3009 2.269485
3010 2.269564
3011 2.269644
3012 2.269725
3013 2.269806
3014 2.269887
3015 2.269969
3016 2.270051
3017 2.270134
3018 2.270217
3019 2.270301
3020 2.270385
3021 2.270469
3022 2.270554
3023 2.270640
3024 2.270726
3025 2.270812
3026 2.270899
3027 2.270986
3028 2.271073
3029 2.271161
3030 2.271249
3031 2.271338
3032 2.271427
3033 2.271516
3034 2.271606
3035 2.271696
3036 2.271787
3037 2.271878
3038 2.271969
3039 2.272060
3040 2.272152
3041 2.272244
3042 2.272337
3043 2.272430
3044 2.272523
3045 2.272616
3046 2.272710
3047 2.272804
3048 2.272898
3049 2.272993
3050 2.273088
3051 2.273183
3052 2.273278
3053 2.273374
3054 2.273469
3055 2.273565
3056 2.273662
3057 2.273758
3058 2.273855
3059 2.273952
3060 2.274049
3061 2.274146
3062 2.274244
3063 2.274341
3064 2.274439
3065 2.274537
3066 2.274635
3067 2.274734
3068 2.274832
3069 2.274931
3070 2.275029
3071 2.275128
3072 2.275227
3073 2.275326
3074 2.275426
3075 2.275525
3076 2.275624
3077 2.275724
3078 2.275823
3079 2.275923
3080 2.276023
3081 2.276122
3082 2.276222
3083 2.276322
3084 2.276422
3085 2.276522
3086 2.276622
3087 2.276721
3088 2.276821
3089 2.276921
3090 2.277021
3091 2.277121
3092 2.277221
3093 2.277321
3094 2.277420
3095 2.277520
3096 2.277620
3097 2.277719
3098 2.277819
3099 2.277918
3100 2.278018
3101 2.278117
3102 2.278216
3103 2.278315
3104 2.278414
3105 2.278513
3106 2.278612
3107 2.278710
3108 2.278809
3109 2.278907
3110 2.279005
3111 2.279103
3112 2.279201
3113 2.279298
3114 2.279395
3115 2.279493
3116 2.279590
3117 2.279686
3118 2.279783
3119 2.279879
3120 2.279975
3121 2.280071
3122 2.280167
3123 2.280262
3124 2.280357
3125 2.280452
3126 2.280546
3127 2.280640
3128 2.280734
3129 2.280828
3130 2.280921
3131 2.281014
3132 2.281107
3133 2.281199
3134 2.281291
3135 2.281383
3136 2.281474
3137 2.281565
3138 2.281655
3139 2.281746
3140 2.281835
3141 2.281925
3142 2.282014
3143 2.282102
3144 2.282191
3145 2.282278
3146 2.282366
3147 2.282452
3148 2.282539
3149 2.282625
3150 2.282710
3151 2.282795
3152 2.282880
3153 2.282964
3154 2.283048
3155 2.283131
3156 2.283214
3157 2.283296
3158 2.283377
3159 2.283458
3160 2.283539
3161 2.283619
3162 2.283699
3163 2.283778
3164 2.283856
3165 2.283934
3166 2.284011
3167 2.284088
3168 2.284164
3169 2.284239
3170 2.284314
3171 2.284389
3172 2.284462
3173 2.284536
3174 2.284608
3175 2.284680
3176 2.284751
3177 2.284822
3178 2.284892
3179 2.284961
3180 2.285030
3181 2.285098
3182 2.285165
3183 2.285232
3184 2.285298
3185 2.285363
3186 2.285428
3187 2.285492
3188 2.285555
3189 2.285617
3190 2.285679
3191 2.285740
3192 2.285801
3193 2.285860
3194 2.285919
3195 2.285977
3196 2.286035
3197 2.286091
3198 2.286147
3199 2.286202
3200 2.286257
3201 2.286310
3202 2.286363
3203 2.286415
3204 2.286466
3205 2.286517
3206 2.286566
3207 2.286615
3208 2.286663
3209 2.286711
3210 2.286757
3211 2.286803
3212 2.286847
3213 2.286891
3214 2.286934
3215 2.286977
3216 2.287018
3217 2.287059
3218 2.287099
3219 2.287137
3220 2.287176
3221 2.287213
3222 2.287249
3223 2.287284
3224 2.287319
3225 2.287353
3226 2.287386
3227 2.287417
3228 2.287449
3229 2.287479
3230 2.287508
3231 2.287536
3232 2.287564
3233 2.287590
3234 2.287616
3235 2.287641
3236 2.287665
3237 2.287688
3238 2.287710
3239 2.287731
3240 2.287751
3241 2.287770
3242 2.287788
3243 2.287806
3244 2.287822
3245 2.287838
3246 2.287852
3247 2.287866
3248 2.287878
3249 2.287890
3250 2.287901
3251 2.287911
3252 2.287920
3253 2.287928
3254 2.287935
3255 2.287941
3256 2.287946
3257 2.287950
3258 2.287953
3259 2.287955
3260 2.287956
3261 2.287956
3262 2.287956
3263 2.287954
3264 2.287951
3265 2.287947
3266 2.287943
3267 2.287937
3268 2.287931
3269 2.287923
3270 2.287914
3271 2.287905
3272 2.287894
3273 2.287883
3274 2.287870
3275 2.287857
3276 2.287842
3277 2.287827
3278 2.287811
3279 2.287793
3280 2.287775
3281 2.287755
3282 2.287735
3283 2.287714
3284 2.287691
3285 2.287668
3286 2.287643
3287 2.287618
3288 2.287592
3289 2.287564
3290 2.287536
3291 2.287507
3292 2.287477
3293 2.287445
3294 2.287413
3295 2.287380
3296 2.287345
3297 2.287310
3298 2.287274
3299 2.287237
3300 2.287199
3301 2.287159
3302 2.287119
3303 2.287078
3304 2.287036
3305 2.286993
3306 2.286949
3307 2.286904
3308 2.286857
3309 2.286810
3310 2.286762
3311 2.286713
3312 2.286663
3313 2.286612
3314 2.286560
3315 2.286507
3316 2.286454
3317 2.286399
3318 2.286343
3319 2.286286
3320 2.286228
3321 2.286169
3322 2.286110
3323 2.286049
3324 2.285987
3325 2.285925
3326 2.285861
3327 2.285796
3328 2.285731
3329 2.285664
3330 2.285597
3331 2.285529
3332 2.285459
3333 2.285389
3334 2.285318
3335 2.285245
3336 2.285172
3337 2.285098
3338 2.285023
3339 2.284947
3340 2.284870
3341 2.284792
3342 2.284714
3343 2.284634
3344 2.284553
3345 2.284472
3346 2.284389
3347 2.284306
3348 2.284221
3349 2.284136
3350 2.284050
3351 2.283963
3352 2.283874
3353 2.283786
3354 2.283696
3355 2.283605
3356 2.283513
3357 2.283421
3358 2.283327
3359 2.283233
3360 2.283137
3361 2.283041
3362 2.282944
3363 2.282846
3364 2.282747
3365 2.282647
3366 2.282547
3367 2.282445
3368 2.282343
3369 2.282239
3370 2.282135
3371 2.282030
3372 2.281924
3373 2.281817
3374 2.281709
3375 2.281601
3376 2.281491
3377 2.281381
3378 2.281270
3379 2.281158
3380 2.281045
3381 2.280931
3382 2.280817
3383 2.280702
3384 2.280585
3385 2.280468
3386 2.280350
3387 2.280231
3388 2.280112
3389 2.279991
3390 2.279870
3391 2.279748
3392 2.279625
3393 2.279501
3394 2.279377
3395 2.279251
3396 2.279125
3397 2.278998
3398 2.278870
3399 2.278742
3400 2.278612
3401 2.278482
3402 2.278351
3403 2.278219
3404 2.278087
3405 2.277953
3406 2.277819
3407 2.277684
3408 2.277548
3409 2.277412
3410 2.277274
3411 2.277136
3412 2.276997
3413 2.276858
3414 2.276717
3415 2.276576
3416 2.276434
3417 2.276291
3418 2.276148
3419 2.276003
3420 2.275858
3421 2.275713
3422 2.275566
3423 2.275419
3424 2.275271
3425 2.275122
3426 2.274972
3427 2.274822
3428 2.274671
3429 2.274520
3430 2.274367
3431 2.274214
3432 2.274060
3433 2.273905
3434 2.273750
3435 2.273594
3436 2.273437
3437 2.273280
3438 2.273121
3439 2.272962
3440 2.272803
3441 2.272642
3442 2.272481
3443 2.272320
3444 2.272157
3445 2.271994
3446 2.271830
3447 2.271666
3448 2.271500
3449 2.271334
3450 2.271168
3451 2.271000
3452 2.270832
3453 2.270664
3454 2.270494
3455 2.270324
3456 2.270154
3457 2.269982
3458 2.269810
3459 2.269638
3460 2.269464
3461 2.269290
3462 2.269116
3463 2.268940
3464 2.268764
3465 2.268588
3466 2.268410
3467 2.268232
3468 2.268054
3469 2.267875
3470 2.267695
3471 2.267514
3472 2.267333
3473 2.267151
3474 2.266969
3475 2.266786
3476 2.266602
3477 2.266418
3478 2.266233
3479 2.266047
3480 2.265861
3481 2.265674
3482 2.265487
3483 2.265299
3484 2.265110
3485 2.264921
3486 2.264731
3487 2.264540
3488 2.264349
3489 2.264158
3490 2.263965
3491 2.263772
3492 2.263579
3493 2.263385
3494 2.263190
3495 2.262995
3496 2.262799
3497 2.262602
3498 2.262405
3499 2.262208
3500 2.262009
3501 2.261811
3502 2.261611
3503 2.261411
3504 2.261211
3505 2.261009
3506 2.260808
3507 2.260605
3508 2.260403
3509 2.260199
3510 2.259995
3511 2.259791
3512 2.259586
3513 2.259380
3514 2.259174
3515 2.258967
3516 2.258759
3517 2.258552
3518 2.258343
3519 2.258134
3520 2.257924
3521 2.257714
3522 2.257504
3523 2.257293
3524 2.257081
3525 2.256868
3526 2.256656
3527 2.256442
3528 2.256228
3529 2.256014
3530 2.255799
3531 2.255583
3532 2.255367
3533 2.255151
3534 2.254934
3535 2.254716
3536 2.254498
3537 2.254279
3538 2.254060
3539 2.253840
3540 2.253620
3541 2.253399
3542 2.253178
3543 2.252956
3544 2.252734
3545 2.252511
3546 2.252288
3547 2.252064
3548 2.251840
3549 2.251615
3550 2.251390
3551 2.251164
3552 2.250938
3553 2.250711
3554 2.250484
3555 2.250256
3556 2.250027
3557 2.249799
3558 2.249569
3559 2.249340
3560 2.249109
3561 2.248879
3562 2.248647
3563 2.248416
3564 2.248183
3565 2.247951
3566 2.247718
3567 2.247484
3568 2.247250
3569 2.247015
3570 2.246780
3571 2.246545
3572 2.246309
3573 2.246072
3574 2.245835
3575 2.245598
3576 2.245360
3577 2.245122
3578 2.244883
3579 2.244644
3580 2.244404
3581 2.244164
3582 2.243923
3583 2.243682
3584 2.243440
3585 2.243198
3586 2.242956
3587 2.242713
3588 2.242470
3589 2.242226
3590 2.241982
3591 2.241737
3592 2.241492
3593 2.241246
3594 2.241000
3595 2.240754
3596 2.240507
3597 2.240260
3598 2.240012
3599 2.239764
3600 2.239515
3601 2.239266
3602 2.239016
3603 2.238766
3604 2.238516
3605 2.238265
3606 2.238014
3607 2.237763
3608 2.237511
3609 2.237258
3610 2.237005
3611 2.236752
3612 2.236498
3613 2.236244
3614 2.235990
3615 2.235735
3616 2.235479
3617 2.235224
3618 2.234967
3619 2.234711
3620 2.234454
3621 2.234196
3622 2.233939
3623 2.233680
3624 2.233422
3625 2.233163
3626 2.232903
3627 2.232644
3628 2.232384
3629 2.232123
3630 2.231862
3631 2.231601
3632 2.231339
3633 2.231077
3634 2.230814
3635 2.230551
3636 2.230288
3637 2.230025
3638 2.229760
3639 2.229496
3640 2.229231
3641 2.228966
3642 2.228701
3643 2.228435
3644 2.228168
3645 2.227902
3646 2.227635
3647 2.227367
3648 2.227100
3649 2.226831
3650 2.226563
3651 2.226294
3652 2.226025
3653 2.225755
3654 2.225485
3655 2.225215
3656 2.224945
3657 2.224674
3658 2.224402
3659 2.224131
3660 2.223859
3661 2.223586
3662 2.223313
3663 2.223040
3664 2.222767
3665 2.222493
3666 2.222219
3667 2.221945
3668 2.221670
3669 2.221395
3670 2.221119
3671 2.220844
3672 2.220567
3673 2.220291
3674 2.220014
3675 2.219737
3676 2.219460
3677 2.219182
3678 2.218904
3679 2.218626
3680 2.218347
3681 2.218068
3682 2.217788
3683 2.217509
3684 2.217229
3685 2.216949
3686 2.216668
3687 2.216387
3688 2.216106
3689 2.215824
3690 2.215543
3691 2.215260
3692 2.214978
3693 2.214695
3694 2.214412
3695 2.214129
3696 2.213845
3697 2.213561
3698 2.213277
3699 2.212993
3700 2.212708
3701 2.212423
3702 2.212137
3703 2.211852
3704 2.211566
3705 2.211280
3706 2.210993
3707 2.210706
3708 2.210419
3709 2.210132
3710 2.209844
3711 2.209556
3712 2.209268
3713 2.208980
3714 2.208691
3715 2.208402
3716 2.208113
3717 2.207824
3718 2.207534
3719 2.207244
3720 2.206954
3721 2.206663
3722 2.206372
3723 2.206081
3724 2.205790
3725 2.205498
3726 2.205207
3727 2.204915
3728 2.204622
3729 2.204330
3730 2.204037
3731 2.203744
3732 2.203451
3733 2.203157
3734 2.202864
3735 2.202570
3736 2.202275
3737 2.201981
3738 2.201686
3739 2.201391
3740 2.201096
3741 2.200801
3742 2.200505
3743 2.200210
3744 2.199914
3745 2.199617
3746 2.199321
3747 2.199024
3748 2.198727
3749 2.198430
3750 2.198133
3751 2.197835
3752 2.197538
3753 2.197240
3754 2.196942
3755 2.196643
3756 2.196345
3757 2.196046
3758 2.195747
3759 2.195448
3760 2.195149
3761 2.194849
3762 2.194549
3763 2.194250
3764 2.193949
3765 2.193649
3766 2.193349
3767 2.193048
3768 2.192747
3769 2.192446
3770 2.192145
3771 2.191844
3772 2.191542
3773 2.191240
3774 2.190938
3775 2.190636
3776 2.190334
3777 2.190032
3778 2.189729
3779 2.189426
3780 2.189124
3781 2.188821
3782 2.188517
3783 2.188214
3784 2.187910
3785 2.187607
3786 2.187303
3787 2.186999
3788 2.186695
3789 2.186390
3790 2.186086
3791 2.185781
3792 2.185477
3793 2.185172
3794 2.184867
3795 2.184562
3796 2.184256
3797 2.183951
3798 2.183645
3799 2.183340
3800 2.183034
3801 2.182728
3802 2.182422
3803 2.182116
3804 2.181809
3805 2.181503
3806 2.181196
3807 2.180890
3808 2.180583
3809 2.180276
3810 2.179969
3811 2.179662
3812 2.179355
3813 2.179047
3814 2.178740
3815 2.178432
3816 2.178125
3817 2.177817
3818 2.177509
3819 2.177201
3820 2.176893
3821 2.176585
3822 2.176276
3823 2.175968
3824 2.175660
3825 2.175351
3826 2.175042
3827 2.174734
3828 2.174425
3829 2.174116
3830 2.173807
3831 2.173498
3832 2.173189
3833 2.172880
3834 2.172570
3835 2.172261
3836 2.171951
3837 2.171642
3838 2.171332
3839 2.171023
3840 2.170713
3841 2.170403
3842 2.170093
3843 2.169783
3844 2.169473
3845 2.169163
3846 2.168853
3847 2.168543
3848 2.168233
3849 2.167923
3850 2.167612
3851 2.167302
3852 2.166992
3853 2.166681
3854 2.166371
3855 2.166060
3856 2.165750
3857 2.165439
3858 2.165128
3859 2.164818
3860 2.164507
3861 2.164196
3862 2.163885
3863 2.163574
3864 2.163264
3865 2.162953
3866 2.162642
3867 2.162331
3868 2.162020
3869 2.161709
3870 2.161398
3871 2.161087
3872 2.160776
3873 2.160465
3874 2.160154
3875 2.159842
3876 2.159531
3877 2.159220
3878 2.158909
3879 2.158598
3880 2.158287
3881 2.157976
3882 2.157664
3883 2.157353
3884 2.157042
3885 2.156731
3886 2.156420
3887 2.156109
3888 2.155797
3889 2.155486
3890 2.155175
3891 2.154864
3892 2.154553
3893 2.154242
3894 2.153931
3895 2.153619
3896 2.153308
3897 2.152997
3898 2.152686
3899 2.152375
3900 2.152064
3901 2.151753
3902 2.151442
3903 2.151131
3904 2.150820
3905 2.150509
3906 2.150199
3907 2.149888
3908 2.149577
3909 2.149266
3910 2.148955
3911 2.148645
3912 2.148334
3913 2.148023
3914 2.147713
3915 2.147402
3916 2.147092
3917 2.146781
3918 2.146471
3919 2.146160
3920 2.145850
3921 2.145540
3922 2.145230
3923 2.144919
3924 2.144609
3925 2.144299
3926 2.143989
3927 2.143679
3928 2.143369
3929 2.143059
3930 2.142750
3931 2.142440
3932 2.142130
3933 2.141820
3934 2.141511
3935 2.141201
3936 2.140892
3937 2.140583
3938 2.140273
3939 2.139964
3940 2.139655
3941 2.139346
3942 2.139037
3943 2.138728
3944 2.138419
3945 2.138110
3946 2.137801
3947 2.137493
3948 2.137184
3949 2.136876
3950 2.136567
3951 2.136259
3952 2.135951
3953 2.135642
3954 2.135334
3955 2.135026
3956 2.134718
3957 2.134411
3958 2.134103
3959 2.133795
3960 2.133488
3961 2.133180
3962 2.132873
3963 2.132566
3964 2.132258
3965 2.131951
3966 2.131644
3967 2.131337
3968 2.131031
3969 2.130724
3970 2.130417
3971 2.130111
3972 2.129804
3973 2.129498
3974 2.129192
3975 2.128886
3976 2.128580
3977 2.128274
3978 2.127968
3979 2.127663
3980 2.127357
3981 2.127052
3982 2.126746
3983 2.126441
3984 2.126136
3985 2.125831
3986 2.125526
3987 2.125222
3988 2.124917
3989 2.124612
3990 2.124308
3991 2.124004
3992 2.123700
3993 2.123396
3994 2.123092
3995 2.122788
3996 2.122484
3997 2.122181
3998 2.121877
3999 2.121574
4000 2.121271
4001 2.120968
4002 2.120665
4003 2.120362
4004 2.120059
4005 2.119757
4006 2.119454
4007 2.119152
4008 2.118850
4009 2.118548
4010 2.118246
4011 2.117944
4012 2.117643
4013 2.117341
4014 2.117040
4015 2.116739
4016 2.116438
4017 2.116137
4018 2.115836
4019 2.115535
4020 2.115235
4021 2.114935
4022 2.114634
4023 2.114334
4024 2.114034
4025 2.113735
4026 2.113435
4027 2.113135
4028 2.112836
4029 2.112537
4030 2.112238
4031 2.111939
4032 2.111640
4033 2.111341
4034 2.111043
4035 2.110745
4036 2.110446
4037 2.110148
4038 2.109850
4039 2.109553
4040 2.109255
4041 2.108958
4042 2.108660
4043 2.108363
4044 2.108066
4045 2.107769
4046 2.107473
4047 2.107176
4048 2.106880
4049 2.106584
4050 2.106288
4051 2.105992
4052 2.105696
4053 2.105400
4054 2.105105
4055 2.104810
4056 2.104515
4057 2.104220
4058 2.103925
4059 2.103630
4060 2.103336
4061 2.103041
4062 2.102747
4063 2.102453
4064 2.102159
4065 2.101866
4066 2.101572
4067 2.101279
4068 2.100986
4069 2.100693
4070 2.100400
4071 2.100107
4072 2.099815
4073 2.099522
4074 2.099230
4075 2.098938
4076 2.098646
4077 2.098354
4078 2.098063
4079 2.097771
4080 2.097480
4081 2.097189
4082 2.096898
4083 2.096608
4084 2.096317
4085 2.096027
4086 2.095736
4087 2.095446
4088 2.095156
4089 2.094867
4090 2.094577
4091 2.094288
4092 2.093999
4093 2.093710
4094 2.093421
4095 2.093132
4096 2.092843
4097 2.092555
4098 2.092267
4099 2.091979
4100 2.091691
4101 2.091403
4102 2.091116
4103 2.090828
4104 2.090541
4105 2.090254
4106 2.089967
4107 2.089681
4108 2.089394
4109 2.089108
4110 2.088822
4111 2.088536
4112 2.088250
4113 2.087964
4114 2.087679
4115 2.087394
4116 2.087108
4117 2.086824
4118 2.086539
4119 2.086254
4120 2.085970
4121 2.085685
4122 2.085401
4123 2.085117
4124 2.084834
4125 2.084550
4126 2.084267
4127 2.083983
4128 2.083700
4129 2.083417
4130 2.083135
4131 2.082852
4132 2.082570
4133 2.082288
4134 2.082005
4135 2.081724
4136 2.081442
4137 2.081160
4138 2.080879
4139 2.080598
4140 2.080317
4141 2.080036
4142 2.079755
4143 2.079475
4144 2.079195
4145 2.078914
4146 2.078634
4147 2.078355
4148 2.078075
4149 2.077796
4150 2.077516
4151 2.077237
4152 2.076958
4153 2.076679
4154 2.076401
4155 2.076122
4156 2.075844
4157 2.075566
4158 2.075288
4159 2.075010
4160 2.074733
4161 2.074455
4162 2.074178
4163 2.073901
4164 2.073624
4165 2.073347
4166 2.073071
4167 2.072794
4168 2.072518
4169 2.072242
4170 2.071966
4171 2.071690
4172 2.071415
4173 2.071139
4174 2.070864
4175 2.070589
4176 2.070314
4177 2.070039
4178 2.069765
4179 2.069490
4180 2.069216
4181 2.068942
4182 2.068668
4183 2.068394
4184 2.068121
4185 2.067848
4186 2.067574
4187 2.067301
4188 2.067028
4189 2.066756
4190 2.066483
4191 2.066211
4192 2.065938
4193 2.065666
4194 2.065394
4195 2.065123
4196 2.064851
4197 2.064579
4198 2.064308
4199 2.064037
4200 2.063766
4201 2.063495
4202 2.063225
4203 2.062954
4204 2.062684
4205 2.062414
4206 2.062144
4207 2.061874
4208 2.061604
4209 2.061335
4210 2.061065
4211 2.060796
4212 2.060527
4213 2.060258
4214 2.059990
4215 2.059721
4216 2.059453
4217 2.059184
4218 2.058916
4219 2.058648
4220 2.058381
4221 2.058113
4222 2.057845
4223 2.057578
4224 2.057311
4225 2.057044
4226 2.056777
4227 2.056510
4228 2.056244
4229 2.055977
4230 2.055711
4231 2.055445
4232 2.055179
4233 2.054913
4234 2.054648
4235 2.054382
4236 2.054117
4237 2.053852
4238 2.053587
4239 2.053322
4240 2.053057
4241 2.052792
4242 2.052528
4243 2.052264
4244 2.051999
4245 2.051735
4246 2.051471
4247 2.051208
4248 2.050944
4249 2.050681
4250 2.050417
4251 2.050154
4252 2.049891
4253 2.049628
4254 2.049366
4255 2.049103
4256 2.048841
4257 2.048578
4258 2.048316
4259 2.048054
4260 2.047792
4261 2.047530
4262 2.047269
4263 2.047007
4264 2.046746
4265 2.046485
4266 2.046224
4267 2.045963
4268 2.045702
4269 2.045441
4270 2.045181
4271 2.044920
4272 2.044660
4273 2.044400
4274 2.044140
4275 2.043880
4276 2.043620
4277 2.043361
4278 2.043101
4279 2.042842
4280 2.042582
4281 2.042323
4282 2.042064
4283 2.041806
4284 2.041547
4285 2.041288
4286 2.041030
4287 2.040771
4288 2.040513
4289 2.040255
4290 2.039997
4291 2.039739
4292 2.039482
4293 2.039224
4294 2.038966
4295 2.038709
4296 2.038452
4297 2.038195
4298 2.037938
4299 2.037681
4300 2.037424
4301 2.037167
4302 2.036911
4303 2.036654
4304 2.036398
4305 2.036142
4306 2.035886
4307 2.035630
4308 2.035374
4309 2.035118
4310 2.034862
4311 2.034607
4312 2.034351
4313 2.034096
4314 2.033841
4315 2.033586
4316 2.033331
4317 2.033076
4318 2.032821
4319 2.032566
4320 2.032312
4321 2.032057
4322 2.031803
4323 2.031549
4324 2.031295
4325 2.031040
4326 2.030786
4327 2.030533
4328 2.030279
4329 2.030025
4330 2.029772
4331 2.029518
4332 2.029265
4333 2.029011
4334 2.028758
4335 2.028505
4336 2.028252
4337 2.027999
4338 2.027746
4339 2.027494
4340 2.027241
4341 2.026988
4342 2.026736
4343 2.026484
4344 2.026231
4345 2.025979
4346 2.025727
4347 2.025475
4348 2.025223
4349 2.024971
4350 2.024719
4351 2.024468
4352 2.024216
4353 2.023964
4354 2.023713
4355 2.023462
4356 2.023210
4357 2.022959
4358 2.022708
4359 2.022457
4360 2.022206
4361 2.021955
4362 2.021704
4363 2.021453
4364 2.021202
4365 2.020952
4366 2.020701
4367 2.020451
4368 2.020200
4369 2.019950
4370 2.019700
4371 2.019449
4372 2.019199
4373 2.018949
4374 2.018699
4375 2.018449
4376 2.018199
4377 2.017949
4378 2.017699
4379 2.017450
4380 2.017200
4381 2.016950
4382 2.016701
4383 2.016451
4384 2.016202
4385 2.015952
4386 2.015703
4387 2.015454
4388 2.015205
4389 2.014955
4390 2.014706
4391 2.014457
4392 2.014208
4393 2.013959
4394 2.013710
4395 2.013461
4396 2.013212
4397 2.012964
4398 2.012715
4399 2.012466
4400 2.012217
4401 2.011969
4402 2.011720
4403 2.011471
4404 2.011223
4405 2.010974
4406 2.010726
4407 2.010478
4408 2.010229
4409 2.009981
4410 2.009732
4411 2.009484
4412 2.009236
4413 2.008988
4414 2.008740
4415 2.008491
4416 2.008243
4417 2.007995
4418 2.007747
4419 2.007499
4420 2.007251
4421 2.007003
4422 2.006755
4423 2.006507
4424 2.006259
4425 2.006011
4426 2.005763
4427 2.005515
4428 2.005267
4429 2.005019
4430 2.004772
4431 2.004524
4432 2.004276
4433 2.004028
4434 2.003780
4435 2.003533
4436 2.003285
4437 2.003037
4438 2.002789
4439 2.002541
4440 2.002294
4441 2.002046
4442 2.001798
4443 2.001550
4444 2.001303
4445 2.001055
4446 2.000807
4447 2.000560
4448 2.000312
4449 2.000064
4450 1.999816
4451 1.999569
4452 1.999321
4453 1.999073
4454 1.998825
4455 1.998577
4456 1.998330
4457 1.998082
4458 1.997834
4459 1.997586
4460 1.997338
4461 1.997091
4462 1.996843
4463 1.996595
4464 1.996347
4465 1.996099
4466 1.995851
4467 1.995603
4468 1.995355
4469 1.995107
4470 1.994859
4471 1.994611
4472 1.994363
4473 1.994115
4474 1.993867
4475 1.993619
4476 1.993371
4477 1.993123
4478 1.992875
4479 1.992626
4480 1.992378
4481 1.992130
4482 1.991882
4483 1.991633
4484 1.991385
4485 1.991136
4486 1.990888
4487 1.990639
4488 1.990391
4489 1.990142
4490 1.989894
4491 1.989645
4492 1.989396
4493 1.989148
4494 1.988899
4495 1.988650
4496 1.988401
4497 1.988152
4498 1.987903
4499 1.987654
4500 1.987405
4501 1.987156
4502 1.986907
4503 1.986658
4504 1.986409
4505 1.986160
4506 1.985910
4507 1.985661
4508 1.985411
4509 1.985162
4510 1.984912
4511 1.984663
4512 1.984413
4513 1.984163
4514 1.983913
4515 1.983664
4516 1.983414
4517 1.983164
4518 1.982914
4519 1.982664
4520 1.982413
4521 1.982163
4522 1.981913
4523 1.981663
4524 1.981412
4525 1.981162
4526 1.980911
4527 1.980661
4528 1.980410
4529 1.980159
4530 1.979908
4531 1.979657
4532 1.979406
4533 1.979155
4534 1.978904
4535 1.978653
4536 1.978402
4537 1.978150
4538 1.977899
4539 1.977647
4540 1.977396
4541 1.977144
4542 1.976892
4543 1.976640
4544 1.976389
4545 1.976136
4546 1.975884
4547 1.975632
4548 1.975380
4549 1.975128
4550 1.974875
4551 1.974623
4552 1.974370
4553 1.974117
4554 1.973865
4555 1.973612
4556 1.973359
4557 1.973106
4558 1.972853
4559 1.972599
4560 1.972346
4561 1.972093
4562 1.971839
4563 1.971585
4564 1.971332
4565 1.971078
4566 1.970824
4567 1.970570
4568 1.970316
4569 1.970062
4570 1.969807
4571 1.969553
4572 1.969299
4573 1.969044
4574 1.968789
4575 1.968535
4576 1.968280
4577 1.968025
4578 1.967770
4579 1.967514
4580 1.967259
4581 1.967004
4582 1.966748
4583 1.966492
4584 1.966237
4585 1.965981
4586 1.965725
4587 1.965469
4588 1.965213
4589 1.964956
4590 1.964700
4591 1.964443
4592 1.964187
4593 1.963930
4594 1.963673
4595 1.963416
4596 1.963159
4597 1.962902
4598 1.962645
4599 1.962387
4600 1.962130
4601 1.961872
4602 1.961615
4603 1.961357
4604 1.961099
4605 1.960841
4606 1.960582
4607 1.960324
4608 1.960066
4609 1.959807
4610 1.959549
4611 1.959290
4612 1.959031
4613 1.958772
4614 1.958513
4615 1.958253
4616 1.957994
4617 1.957734
4618 1.957475
4619 1.957215
4620 1.956955
4621 1.956695
4622 1.956435
4623 1.956175
4624 1.955915
4625 1.955654
4626 1.955393
4627 1.955133
4628 1.954872
4629 1.954611
4630 1.954350
4631 1.954089
4632 1.953827
4633 1.953566
4634 1.953304
4635 1.953043
4636 1.952781
4637 1.952519
4638 1.952257
4639 1.951994
4640 1.951732
4641 1.951470
4642 1.951207
4643 1.950944
4644 1.950681
4645 1.950419
4646 1.950155
4647 1.949892
4648 1.949629
4649 1.949365
4650 1.949102
4651 1.948838
4652 1.948574
4653 1.948310
4654 1.948046
4655 1.947782
4656 1.947518
4657 1.947253
4658 1.946989
4659 1.946724
4660 1.946459
4661 1.946194
4662 1.945929
4663 1.945664
4664 1.945398
4665 1.945133
4666 1.944867
4667 1.944602
4668 1.944336
4669 1.944070
4670 1.943804
4671 1.943538
4672 1.943271
4673 1.943005
4674 1.942738
4675 1.942472
4676 1.942205
4677 1.941938
4678 1.941671
4679 1.941403
4680 1.941136
4681 1.940869
4682 1.940601
4683 1.940333
4684 1.940066
4685 1.939798
4686 1.939530
4687 1.939261
4688 1.938993
4689 1.938725
4690 1.938456
4691 1.938188
4692 1.937919
4693 1.937650
4694 1.937381
4695 1.937112
4696 1.936843
4697 1.936573
4698 1.936304
4699 1.936034
4700 1.935764
4701 1.935495
4702 1.935225
4703 1.934955
4704 1.934684
4705 1.934414
4706 1.934144
4707 1.933873
4708 1.933603
4709 1.933332
4710 1.933061
4711 1.932790
4712 1.932519
4713 1.932248
4714 1.931977
4715 1.931705
4716 1.931434
4717 1.931162
4718 1.930890
4719 1.930619
4720 1.930347
4721 1.930075
4722 1.929803
4723 1.929530
4724 1.929258
4725 1.928986
4726 1.928713
4727 1.928440
4728 1.928168
4729 1.927895
4730 1.927622
4731 1.927349
4732 1.927076
4733 1.926802
4734 1.926529
4735 1.926256
4736 1.925982
4737 1.925709
4738 1.925435
4739 1.925161
4740 1.924887
4741 1.924613
4742 1.924339
4743 1.924065
4744 1.923791
4745 1.923516
4746 1.923242
4747 1.922967
4748 1.922693
4749 1.922418
4750 1.922143
4751 1.921869
4752 1.921594
4753 1.921319
4754 1.921044
4755 1.920768
4756 1.920493
4757 1.920218
4758 1.919943
4759 1.919667
4760 1.919392
4761 1.919116
4762 1.918840
4763 1.918565
4764 1.918289
4765 1.918013
4766 1.917737
4767 1.917461
4768 1.917185
4769 1.916909
4770 1.916632
4771 1.916356
4772 1.916080
4773 1.915803
4774 1.915527
4775 1.915251
4776 1.914974
4777 1.914697
4778 1.914421
4779 1.914144
4780 1.913867
4781 1.913590
4782 1.913313
4783 1.913037
4784 1.912760
4785 1.912483
4786 1.912205
4787 1.911928
4788 1.911651
4789 1.911374
4790 1.911097
4791 1.910819
4792 1.910542
4793 1.910265
4794 1.909987
4795 1.909710
4796 1.909433
4797 1.909155
4798 1.908878
4799 1.908600
4800 1.908322
4801 1.908045
4802 1.907767
4803 1.907490
4804 1.907212
4805 1.906934
4806 1.906656
4807 1.906379
4808 1.906101
4809 1.905823
4810 1.905545
4811 1.905268
4812 1.904990
4813 1.904712
4814 1.904434
4815 1.904156
4816 1.903878
4817 1.903601
4818 1.903323
4819 1.903045
4820 1.902767
4821 1.902489
4822 1.902211
4823 1.901933
4824 1.901656
4825 1.901378
4826 1.901100
4827 1.900822
4828 1.900544
4829 1.900266
4830 1.899989
4831 1.899711
4832 1.899433
4833 1.899155
4834 1.898878
4835 1.898600
4836 1.898322
4837 1.898045
4838 1.897767
4839 1.897489
4840 1.897212
4841 1.896934
4842 1.896657
4843 1.896379
4844 1.896102
4845 1.895824
4846 1.895547
4847 1.895270
4848 1.894992
4849 1.894715
4850 1.894438
4851 1.894161
4852 1.893883
4853 1.893606
4854 1.893329
4855 1.893052
4856 1.892775
4857 1.892499
4858 1.892222
4859 1.891945
4860 1.891668
4861 1.891392
4862 1.891115
4863 1.890838
4864 1.890562
4865 1.890286
4866 1.890009
4867 1.889733
4868 1.889457
4869 1.889181
4870 1.888905
4871 1.888629
4872 1.888353
4873 1.888077
4874 1.887801
4875 1.887525
4876 1.887250
4877 1.886974
4878 1.886699
4879 1.886424
4880 1.886148
4881 1.885873
4882 1.885598
4883 1.885323
4884 1.885048
4885 1.884773
4886 1.884499
4887 1.884224
4888 1.883950
4889 1.883675
4890 1.883401
4891 1.883127
4892 1.882853
4893 1.882579
4894 1.882305
4895 1.882031
4896 1.881758
4897 1.881484
4898 1.881211
4899 1.880937
4900 1.880664
4901 1.880391
4902 1.880118
4903 1.879845
4904 1.879573
4905 1.879300
4906 1.879028
4907 1.878755
4908 1.878483
4909 1.878211
4910 1.877939
4911 1.877668
4912 1.877396
4913 1.877124
4914 1.876853
4915 1.876582
4916 1.876311
4917 1.876040
4918 1.875769
4919 1.875498
4920 1.875228
4921 1.874958
4922 1.874687
4923 1.874417
4924 1.874147
4925 1.873878
4926 1.873608
4927 1.873339
4928 1.873069
4929 1.872800
4930 1.872531
4931 1.872263
4932 1.871994
4933 1.871726
4934 1.871457
4935 1.871189
4936 1.870921
4937 1.870654
4938 1.870386
4939 1.870118
4940 1.869851
4941 1.869584
4942 1.869317
4943 1.869051
4944 1.868784
4945 1.868518
4946 1.868252
4947 1.867986
4948 1.867720
4949 1.867454
4950 1.867189
4951 1.866923
4952 1.866658
4953 1.866394
4954 1.866129
4955 1.865864
4956 1.865600
4957 1.865336
4958 1.865072
4959 1.864809
4960 1.864545
4961 1.864282
4962 1.864019
4963 1.863756
4964 1.863493
4965 1.863231
4966 1.862968
4967 1.862706
4968 1.862445
4969 1.862183
4970 1.861922
4971 1.861660
4972 1.861399
4973 1.861139
4974 1.860878
4975 1.860618
4976 1.860358
4977 1.860098
4978 1.859838
4979 1.859579
4980 1.859319
4981 1.859060
4982 1.858802
4983 1.858543
4984 1.858285
4985 1.858027
4986 1.857769
4987 1.857511
4988 1.857254
4989 1.856996
4990 1.856740
4991 1.856483
4992 1.856226
4993 1.855970
4994 1.855714
4995 1.855458
4996 1.855203
4997 1.854947
4998 1.854692
4999 1.854438
