0 30.076832
1 28.967475
2 29.251971
3 29.414756
4 29.489332
5 29.532332
6 29.563842
7 29.590079
8 29.612643
9 29.631019
10 29.642095
11 29.637585
12 29.602488
13 29.522680
14 29.387024
15 29.168509
16 28.826633
17 28.314092
18 27.585611
19 26.606906
20 25.398697
21 24.074601
22 22.775151
23 21.592822
24 20.555415
25 19.640454
26 18.797456
27 17.969422
28 17.112941
29 16.214599
30 15.292046
31 14.376100
32 13.492354
33 12.655771
34 11.872855
35 11.144636
36 10.468954
37 9.842103
38 9.259928
39 8.718448
40 8.214145
41 7.744036
42 7.305585
43 6.896578
44 6.515015
45 6.159079
46 5.827141
47 5.517736
48 5.229532
49 4.961294
50 4.711851
51 4.480091
52 4.264951
53 4.065410
54 3.880486
55 3.709223
56 3.550686
57 3.403958
58 3.268138
59 3.142348
60 3.025739
61 2.917503
62 2.816880
63 2.723166
64 2.635716
65 2.553947
66 2.477336
67 2.405417
68 2.337779
69 2.274054
70 2.213920
71 2.157088
72 2.103304
73 2.052339
74 2.003991
75 1.958075
76 1.914427
77 1.872898
78 1.833352
79 1.795666
80 1.759728
81 1.725436
82 1.692694
83 1.661417
84 1.631525
85 1.602943
86 1.575602
87 1.549440
88 1.524395
89 1.500414
90 1.477443
91 1.455433
92 1.434339
93 1.414117
94 1.394726
95 1.376128
96 1.358285
97 1.341164
98 1.324731
99 1.308956
100 1.293809
101 1.279262
102 1.265289
103 1.251865
104 1.238967
105 1.226571
106 1.214658
107 1.203207
108 1.192198
109 1.181615
110 1.171440
111 1.161656
112 1.152250
113 1.143207
114 1.134513
115 1.126155
116 1.118121
117 1.110400
118 1.102981
119 1.095853
120 1.089007
121 1.082434
122 1.076124
123 1.070069
124 1.064262
125 1.058694
126 1.053359
127 1.048249
128 1.043358
129 1.038679
130 1.034206
131 1.029933
132 1.025855
133 1.021966
134 1.018260
135 1.014734
136 1.011381
137 1.008196
138 1.005176
139 1.002315
140 0.999610
141 0.997055
142 0.994647
143 0.992382
144 0.990255
145 0.988263
146 0.986402
147 0.984668
148 0.983057
149 0.981566
150 0.980192
151 0.978930
152 0.977778
153 0.976733
154 0.975790
155 0.974948
156 0.974203
157 0.973551
158 0.972990
159 0.972518
160 0.972131
161 0.971826
162 0.971601
163 0.971453
164 0.971379
165 0.971378
166 0.971446
167 0.971581
168 0.971780
169 0.972043
170 0.972365
171 0.972745
172 0.973181
173 0.973670
174 0.974211
175 0.974801
176 0.975439
177 0.976122
178 0.976849
179 0.977617
180 0.978426
181 0.979272
182 0.980155
183 0.981072
184 0.982022
185 0.983003
186 0.984014
187 0.985053
188 0.986118
189 0.987209
190 0.988322
191 0.989458
192 0.990614
193 0.991789
194 0.992982
195 0.994191
196 0.995415
197 0.996652
198 0.997903
199 0.999164
200 1.000436
201 1.001716
202 1.003004
203 1.004299
204 1.005600
205 1.006905
206 1.008214
207 1.009525
208 1.010839
209 1.012154
210 1.013469
211 1.014783
212 1.016097
213 1.017409
214 1.018719
215 1.020026
216 1.021330
217 1.022631
218 1.023928
219 1.025221
220 1.026510
221 1.027794
222 1.029075
223 1.030351
224 1.031623
225 1.032891
226 1.034155
227 1.035416
228 1.036673
229 1.037928
230 1.039180
231 1.040429
232 1.041677
233 1.042924
234 1.044170
235 1.045415
236 1.046660
237 1.047905
238 1.049152
239 1.050399
240 1.051648
241 1.052899
242 1.054151
243 1.055406
244 1.056663
245 1.057923
246 1.059185
247 1.060450
248 1.061717
249 1.062986
250 1.064258
251 1.065531
252 1.066806
253 1.068081
254 1.069358
255 1.070634
256 1.071910
257 1.073184
258 1.074457
259 1.075726
260 1.076992
261 1.078253
262 1.079508
263 1.080756
264 1.081996
265 1.083227
266 1.084446
267 1.085653
268 1.086846
269 1.088024
270 1.089184
271 1.090326
272 1.091448
273 1.092547
274 1.093623
275 1.094674
276 1.095698
277 1.096694
278 1.097659
279 1.098594
280 1.099496
281 1.100364
282 1.101197
283 1.101994
284 1.102754
285 1.103476
286 1.104159
287 1.104803
288 1.105407
289 1.105970
290 1.106493
291 1.106974
292 1.107415
293 1.107815
294 1.108174
295 1.108491
296 1.108769
297 1.109006
298 1.109204
299 1.109363
300 1.109483
301 1.109565
302 1.109611
303 1.109620
304 1.109594
305 1.109534
306 1.109440
307 1.109314
308 1.109157
309 1.108970
310 1.108753
311 1.108509
312 1.108238
313 1.107942
314 1.107621
315 1.107278
316 1.106912
317 1.106526
318 1.106120
319 1.105696
320 1.105254
321 1.104797
322 1.104325
323 1.103839
324 1.103341
325 1.102831
326 1.102310
327 1.101780
328 1.101242
329 1.100696
330 1.100143
331 1.099585
332 1.099022
333 1.098454
334 1.097884
335 1.097311
336 1.096736
337 1.096160
338 1.095584
339 1.095007
340 1.094432
341 1.093857
342 1.093285
343 1.092715
344 1.092147
345 1.091583
346 1.091022
347 1.090465
348 1.089912
349 1.089364
350 1.088821
351 1.088282
352 1.087749
353 1.087221
354 1.086700
355 1.086184
356 1.085674
357 1.085170
358 1.084672
359 1.084181
360 1.083696
361 1.083218
362 1.082746
363 1.082281
364 1.081822
365 1.081371
366 1.080925
367 1.080487
368 1.080055
369 1.079629
370 1.079210
371 1.078798
372 1.078392
373 1.077993
374 1.077599
375 1.077213
376 1.076832
377 1.076458
378 1.076090
379 1.075727
380 1.075371
381 1.075021
382 1.074676
383 1.074337
384 1.074004
385 1.073676
386 1.073353
387 1.073036
388 1.072725
389 1.072418
390 1.072116
391 1.071820
392 1.071528
393 1.071241
394 1.070959
395 1.070681
396 1.070408
397 1.070139
398 1.069875
399 1.069615
400 1.069359
401 1.069108
402 1.068860
403 1.068616
404 1.068376
405 1.068140
406 1.067908
407 1.067679
408 1.067454
409 1.067232
410 1.067014
411 1.066799
412 1.066587
413 1.066379
414 1.066174
415 1.065972
416 1.065773
417 1.065577
418 1.065384
419 1.065193
420 1.065006
421 1.064821
422 1.064639
423 1.064460
424 1.064283
425 1.064109
426 1.063938
427 1.063769
428 1.063602
429 1.063438
430 1.063276
431 1.063117
432 1.062960
433 1.062805
434 1.062652
435 1.062502
436 1.062354
437 1.062207
438 1.062063
439 1.061921
440 1.061781
441 1.061643
442 1.061507
443 1.061373
444 1.061241
445 1.061111
446 1.060983
447 1.060856
448 1.060732
449 1.060609
450 1.060488
451 1.060368
452 1.060251
453 1.060135
454 1.060021
455 1.059909
456 1.059798
457 1.059689
458 1.059582
459 1.059476
460 1.059372
461 1.059269
462 1.059168
463 1.059069
464 1.058971
465 1.058875
466 1.058780
467 1.058687
468 1.058595
469 1.058505
470 1.058416
471 1.058329
472 1.058243
473 1.058159
474 1.058076
475 1.057995
476 1.057914
477 1.057836
478 1.057758
479 1.057683
480 1.057608
481 1.057535
482 1.057463
483 1.057393
484 1.057323
485 1.057256
486 1.057189
487 1.057124
488 1.057060
489 1.056997
490 1.056936
491 1.056876
492 1.056817
493 1.056760
494 1.056703
495 1.056648
496 1.056594
497 1.056542
498 1.056490
499 1.056440
500 1.056391
501 1.056343
502 1.056297
503 1.056251
504 1.056207
505 1.056164
506 1.056122
507 1.056081
508 1.056042
509 1.056003
510 1.055966
511 1.055929
512 1.055894
513 1.055860
514 1.055827
515 1.055795
516 1.055765
517 1.055735
518 1.055706
519 1.055679
520 1.055652
521 1.055627
522 1.055602
523 1.055579
524 1.055556
525 1.055535
526 1.055515
527 1.055495
528 1.055477
529 1.055460
530 1.055443
531 1.055428
532 1.055414
533 1.055400
534 1.055388
535 1.055376
536 1.055366
537 1.055356
538 1.055347
539 1.055340
540 1.055333
541 1.055327
542 1.055322
543 1.055318
544 1.055315
545 1.055313
546 1.055311
547 1.055311
548 1.055311
549 1.055312
550 1.055315
551 1.055318
552 1.055322
553 1.055326
554 1.055332
555 1.055338
556 1.055346
557 1.055354
558 1.055363
559 1.055372
560 1.055383
561 1.055394
562 1.055407
563 1.055420
564 1.055433
565 1.055448
566 1.055464
567 1.055480
568 1.055497
569 1.055514
570 1.055533
571 1.055552
572 1.055572
573 1.055593
574 1.055615
575 1.055637
576 1.055660
577 1.055684
578 1.055709
579 1.055734
580 1.055760
581 1.055787
582 1.055814
583 1.055843
584 1.055872
585 1.055901
586 1.055932
587 1.055963
588 1.055995
589 1.056027
590 1.056060
591 1.056094
592 1.056129
593 1.056164
594 1.056200
595 1.056237
596 1.056274
597 1.056312
598 1.056351
599 1.056390
600 1.056431
601 1.056471
602 1.056513
603 1.056555
604 1.056598
605 1.056641
606 1.056685
607 1.056730
608 1.056775
609 1.056822
610 1.056868
611 1.056916
612 1.056964
613 1.057012
614 1.057062
615 1.057112
616 1.057163
617 1.057214
618 1.057266
619 1.057319
620 1.057372
621 1.057426
622 1.057480
623 1.057535
624 1.057591
625 1.057648
626 1.057705
627 1.057763
628 1.057821
629 1.057880
630 1.057940
631 1.058000
632 1.058061
633 1.058123
634 1.058185
635 1.058248
636 1.058312
637 1.058376
638 1.058441
639 1.058506
640 1.058572
641 1.058639
642 1.058707
643 1.058775
644 1.058843
645 1.058913
646 1.058983
647 1.059054
648 1.059125
649 1.059197
650 1.059270
651 1.059343
652 1.059417
653 1.059491
654 1.059567
655 1.059643
656 1.059719
657 1.059797
658 1.059875
659 1.059953
660 1.060032
661 1.060112
662 1.060193
663 1.060274
664 1.060356
665 1.060439
666 1.060522
667 1.060606
668 1.060691
669 1.060777
670 1.060863
671 1.060949
672 1.061037
673 1.061125
674 1.061214
675 1.061304
676 1.061394
677 1.061485
678 1.061577
679 1.061669
680 1.061763
681 1.061857
682 1.061951
683 1.062047
684 1.062143
685 1.062240
686 1.062337
687 1.062436
688 1.062535
689 1.062635
690 1.062735
691 1.062837
692 1.062939
693 1.063042
694 1.063146
695 1.063250
696 1.063355
697 1.063461
698 1.063568
699 1.063676
700 1.063784
701 1.063894
702 1.064004
703 1.064115
704 1.064226
705 1.064339
706 1.064452
707 1.064566
708 1.064681
709 1.064797
710 1.064914
711 1.065031
712 1.065150
713 1.065269
714 1.065389
715 1.065510
716 1.065632
717 1.065755
718 1.065879
719 1.066003
720 1.066129
721 1.066255
722 1.066382
723 1.066510
724 1.066639
725 1.066769
726 1.066900
727 1.067032
728 1.067165
729 1.067299
730 1.067434
731 1.067569
732 1.067706
733 1.067844
734 1.067982
735 1.068122
736 1.068263
737 1.068404
738 1.068547
739 1.068690
740 1.068835
741 1.068981
742 1.069127
743 1.069275
744 1.069424
745 1.069574
746 1.069725
747 1.069877
748 1.070030
749 1.070184
750 1.070339
751 1.070495
752 1.070653
753 1.070811
754 1.070971
755 1.071132
756 1.071293
757 1.071456
758 1.071621
759 1.071786
760 1.071952
761 1.072120
762 1.072289
763 1.072459
764 1.072630
765 1.072802
766 1.072976
767 1.073151
768 1.073327
769 1.073504
770 1.073683
771 1.073862
772 1.074043
773 1.074226
774 1.074409
775 1.074594
776 1.074780
777 1.074968
778 1.075156
779 1.075347
780 1.075538
781 1.075731
782 1.075925
783 1.076120
784 1.076317
785 1.076515
786 1.076715
787 1.076916
788 1.077118
789 1.077322
790 1.077527
791 1.077733
792 1.077941
793 1.078151
794 1.078362
795 1.078574
796 1.078788
797 1.079003
798 1.079220
799 1.079438
800 1.079658
801 1.079880
802 1.080102
803 1.080327
804 1.080553
805 1.080781
806 1.081010
807 1.081240
808 1.081473
809 1.081707
810 1.081942
811 1.082179
812 1.082418
813 1.082659
814 1.082901
815 1.083145
816 1.083390
817 1.083637
818 1.083886
819 1.084137
820 1.084389
821 1.084643
822 1.084899
823 1.085156
824 1.085416
825 1.085677
826 1.085939
827 1.086204
828 1.086471
829 1.086739
830 1.087009
831 1.087281
832 1.087555
833 1.087830
834 1.088108
835 1.088387
836 1.088668
837 1.088952
838 1.089237
839 1.089524
840 1.089813
841 1.090103
842 1.090396
843 1.090691
844 1.090988
845 1.091286
846 1.091587
847 1.091890
848 1.092194
849 1.092501
850 1.092809
851 1.093120
852 1.093433
853 1.093747
854 1.094064
855 1.094383
856 1.094704
857 1.095026
858 1.095351
859 1.095678
860 1.096007
861 1.096338
862 1.096671
863 1.097006
864 1.097343
865 1.097682
866 1.098023
867 1.098367
868 1.098712
869 1.099059
870 1.099408
871 1.099760
872 1.100113
873 1.100468
874 1.100826
875 1.101185
876 1.101546
877 1.101909
878 1.102275
879 1.102642
880 1.103011
881 1.103381
882 1.103754
883 1.104129
884 1.104505
885 1.104883
886 1.105263
887 1.105644
888 1.106028
889 1.106412
890 1.106799
891 1.107187
892 1.107577
893 1.107968
894 1.108360
895 1.108754
896 1.109150
897 1.109547
898 1.109945
899 1.110344
900 1.110744
901 1.111146
902 1.111548
903 1.111952
904 1.112356
905 1.112761
906 1.113168
907 1.113574
908 1.113982
909 1.114390
910 1.114799
911 1.115208
912 1.115617
913 1.116027
914 1.116437
915 1.116847
916 1.117257
917 1.117667
918 1.118077
919 1.118487
920 1.118896
921 1.119305
922 1.119714
923 1.120123
924 1.120530
925 1.120937
926 1.121344
927 1.121749
928 1.122154
929 1.122558
930 1.122961
931 1.123362
932 1.123763
933 1.124162
934 1.124561
935 1.124957
936 1.125353
937 1.125747
938 1.126139
939 1.126530
940 1.126920
941 1.127308
942 1.127694
943 1.128079
944 1.128462
945 1.128843
946 1.129223
947 1.129600
948 1.129976
949 1.130351
950 1.130723
951 1.131094
952 1.131463
953 1.131830
954 1.132196
955 1.132559
956 1.132921
957 1.133281
958 1.133640
959 1.133997
960 1.134352
961 1.134705
962 1.135057
963 1.135407
964 1.135755
965 1.136102
966 1.136448
967 1.136791
968 1.137134
969 1.137474
970 1.137814
971 1.138151
972 1.138488
973 1.138823
974 1.139156
975 1.139488
976 1.139819
977 1.140149
978 1.140477
979 1.140804
980 1.141129
981 1.141453
982 1.141776
983 1.142098
984 1.142419
985 1.142738
986 1.143056
987 1.143373
988 1.143689
989 1.144004
990 1.144318
991 1.144630
992 1.144942
993 1.145252
994 1.145561
995 1.145869
996 1.146177
997 1.146483
998 1.146788
999 1.147092
1000 1.147395
1001 1.147697
1002 1.147998
1003 1.148298
1004 1.148598
1005 1.148896
1006 1.149193
1007 1.149489
1008 1.149785
1009 1.150080
1010 1.150373
1011 1.150666
1012 1.150958
1013 1.151249
1014 1.151539
1015 1.151828
1016 1.152117
1017 1.152404
1018 1.152691
1019 1.152977
1020 1.153262
1021 1.153547
1022 1.153830
1023 1.154113
1024 1.154395
1025 1.154676
1026 1.154957
1027 1.155236
1028 1.155515
1029 1.155793
1030 1.156071
1031 1.156347
1032 1.156623
1033 1.156899
1034 1.157173
1035 1.157447
1036 1.157720
1037 1.157992
1038 1.158264
1039 1.158535
1040 1.158805
1041 1.159075
1042 1.159344
1043 1.159612
1044 1.159880
1045 1.160147
1046 1.160413
1047 1.160679
1048 1.160944
1049 1.161208
1050 1.161472
1051 1.161736
1052 1.161999
1053 1.162264
1054 1.162529
1055 1.162795
1056 1.163063
1057 1.163329
1058 1.163592
1059 1.163844
1060 1.164073
1061 1.164260
1062 1.164378
1063 1.164393
1064 1.164274
1065 1.164020
1066 1.163710
1067 1.163580
1068 1.164111
1069 1.166124
1070 1.171178
1071 1.183948
1072 1.225826
1073 1.329446
1074 1.055727
1075 1.281916
1076 1.055337
1077 1.266374
1078 1.058211
1079 1.260917
1080 1.064648
1081 1.240302
1082 1.176826
1083 1.092835
1084 1.127973
1085 1.092072
1086 1.155826
1087 1.121248
1088 1.130601
1089 1.140782
1090 1.152790
1091 1.169208
1092 1.204179
1093 1.353475
1094 1.110102
1095 1.140850
1096 1.141236
1097 1.152758
1098 1.169137
1099 1.203290
1100 1.347674
1101 1.109733
1102 1.144961
1103 1.147057
1104 1.158413
1105 1.177190
1106 1.224288
1107 1.387621
1108 1.151468
1109 1.113852
1110 1.136791
1111 1.143459
1112 1.156715
1113 1.174744
1114 1.215524
1115 1.398295
1116 1.177841
1117 1.139939
1118 1.118547
1119 1.141653
1120 1.152471
1121 1.167475
1122 1.193793
1123 1.273821
1124 1.132323
1125 1.152973
1126 1.170148
1127 1.201071
1128 1.315645
1129 1.136637
1130 1.149445
1131 1.163289
1132 1.183492
1133 1.234042
1134 1.313319
1135 1.131648
1136 1.140369
1137 1.155702
1138 1.171104
1139 1.196766
1140 1.273177
1141 1.145877
1142 1.157353
1143 1.171340
1144 1.196356
1145 1.268541
1146 1.146070
1147 1.161006
1148 1.177402
1149 1.209637
1150 1.336358
1151 1.140134
1152 1.154293
1153 1.167396
1154 1.184018
1155 1.221226
1156 1.360548
1157 1.130430
1158 1.151963
1159 1.163495
1160 1.175715
1161 1.195458
1162 1.247884
1163 1.186252
1164 1.177414
1165 1.164082
1166 1.166575
1167 1.181118
1168 1.210048
1169 1.304957
1170 1.200962
1171 1.272144
1172 1.147056
1173 1.146090
1174 1.165754
1175 1.171969
1176 1.179783
1177 1.194512
1178 1.231187
1179 1.285763
1180 1.206330
1181 1.255601
1182 1.117369
1183 1.155074
1184 1.164819
1185 1.171434
1186 1.179783
1187 1.191459
1188 1.214632
1189 1.270964
1190 1.196813
1191 1.231365
1192 1.235452
1193 1.200080
1194 1.134796
1195 1.174533
1196 1.155851
1197 1.189326
1198 1.200954
1199 1.197298
1200 1.181122
1201 1.169181
1202 1.188979
1203 1.206788
1204 1.233234
1205 1.235902
1206 1.208077
1207 1.175100
1208 1.166654
1209 1.184815
1210 1.184962
1211 1.185745
1212 1.192762
1213 1.202599
1214 1.217388
1215 1.236760
1216 1.201900
1217 1.174493
1218 1.197413
1219 1.204154
1220 1.193460
1221 1.181960
1222 1.196401
1223 1.205980
1224 1.209847
1225 1.209103
1226 1.200294
1227 1.186277
1228 1.196782
1229 1.202451
1230 1.202620
1231 1.201174
1232 1.199836
1233 1.200505
1234 1.202734
1235 1.204765
1236 1.205310
1237 1.204153
1238 1.202564
1239 1.202455
1240 1.203799
1241 1.205064
1242 1.205393
1243 1.205066
1244 1.204881
1245 1.205190
1246 1.205664
1247 1.205980
1248 1.206162
1249 1.206357
1250 1.206604
1251 1.206860
1252 1.207105
1253 1.207347
1254 1.207594
1255 1.207842
1256 1.208091
1257 1.208342
1258 1.208595
1259 1.208851
1260 1.209108
1261 1.209367
1262 1.209629
1263 1.209894
1264 1.210162
1265 1.210433
1266 1.210707
1267 1.210986
1268 1.211268
1269 1.211555
1270 1.211848
1271 1.212146
1272 1.212450
1273 1.212761
1274 1.213080
1275 1.213409
1276 1.213747
1277 1.214098
1278 1.214463
1279 1.214844
1280 1.215246
1281 1.215672
1282 1.216130
1283 1.216629
1284 1.217183
1285 1.217818
1286 1.218577
1287 1.219546
1288 1.220927
1289 1.223281
1290 1.228727
1291 1.255202
1292 1.625002
1293 1.359931
1294 1.362124
1295 1.221857
1296 1.157161
1297 1.514040
1298 1.195393
1299 1.269962
1300 1.565263
1301 1.160431
1302 1.484850
1303 1.118028
1304 1.457179
1305 1.109368
1306 1.426228
1307 1.111700
1308 1.439150
1309 1.110231
1310 1.422843
1311 1.120164
1312 1.446796
1313 1.115712
1314 1.422040
1315 1.130142
1316 1.439321
1317 1.121140
1318 1.416854
1319 1.138631
1320 1.416494
1321 1.133785
1322 1.408846
1323 1.142389
1324 1.389353
1325 1.162224
1326 1.284461
1327 1.424187
1328 1.105908
1329 1.304206
1330 1.396794
1331 1.150888
1332 1.295736
1333 1.370840
1334 1.172813
1335 1.168491
1336 1.168103
1337 1.168720
1338 1.172039
1339 1.160936
1340 1.245464
1341 1.147045
1342 1.356487
1343 1.201949
1344 1.062178
1345 1.128936
1346 1.465233
1347 1.122616
1348 1.431102
1349 1.183350
1350 1.239703
1351 1.087972
1352 1.273302
1353 1.443095
1354 1.139206
1355 1.440831
1356 1.174368
1357 1.286152
1358 1.435133
1359 1.155118
1360 1.347134
1361 1.321835
1362 1.394882
1363 1.222878
1364 1.016198
1365 1.039896
1366 1.065814
1367 1.146124
1368 1.454582
1369 1.162726
1370 1.399659
1371 1.258354
1372 1.135934
1373 1.430228
1374 1.183252
1375 1.235981
1376 1.040202
1377 1.075480
1378 1.207609
1379 1.109581
1380 1.483745
1381 1.191338
1382 1.289692
1383 1.516346
1384 1.211935
1385 1.166042
1386 1.378081
1387 1.306981
1388 1.480307
1389 1.219588
1390 1.098860
1391 1.298618
1392 1.445092
1393 1.196473
1394 1.154853
1395 1.336301
1396 1.386141
1397 1.274747
1398 1.157361
1399 1.281662
1400 1.269205
1401 1.169815
1402 1.202045
1403 1.001011
1404 1.020195
1405 1.043953
1406 1.081842
1407 1.254084
1408 1.132801
1409 1.551752
1410 1.212630
1411 1.192052
1412 1.226136
1413 1.051256
1414 1.117969
1415 1.561173
1416 1.247448
1417 1.129777
1418 1.549350
1419 1.261731
1420 1.136513
1421 1.521488
1422 1.249855
1423 1.102195
1424 1.398781
1425 1.352987
1426 1.484220
1427 1.311569
1428 1.266791
1429 1.093718
1430 1.276201
1431 1.217165
1432 1.009574
1433 1.037217
1434 1.071183
1435 1.210039
1436 1.124534
1437 1.560828
1438 1.244014
1439 1.118978
1440 1.501391
1441 1.270358
1442 1.141935
1443 1.494102
1444 1.260885
1445 1.098383
1446 1.356253
1447 1.461312
1448 1.306682
1449 1.247330
1450 1.031836
1451 1.050667
1452 1.106984
1453 1.434074
1454 1.294028
1455 1.257207
1456 1.068743
1457 1.191922
1458 1.216703
1459 1.057513
1460 1.144859
1461 1.557516
1462 1.253912
1463 1.108440
1464 1.445536
1465 1.319291
1466 1.363235
1467 1.425953
1468 1.351100
1469 1.313811
1470 1.225194
1471 1.030648
1472 1.026306
1473 1.033468
1474 1.060718
1475 1.165890
1476 1.457153
1477 1.279530
1478 1.150756
1479 1.449768
1480 1.296081
1481 1.195324
1482 1.199643
1483 1.138101
1484 1.437291
1485 1.263061
1486 1.057739
1487 1.144613
1488 1.431327
1489 1.286805
1490 1.148049
1491 1.375029
1492 1.349047
1493 1.322462
1494 1.245575
1495 0.983683
1496 1.021678
1497 1.019245
1498 1.033868
1499 1.070402
1500 1.239322
1501 1.044340
1502 1.121024
1503 1.549187
1504 1.304970
1505 1.230498
1506 1.116400
1507 1.473377
1508 1.312560
1509 1.250644
1510 1.060993
1511 1.195617
1512 1.220414
1513 1.064504
1514 1.228249
1515 1.057662
1516 1.197117
1517 1.261754
1518 1.116661
1519 1.543198
1520 1.293475
1521 1.185360
1522 1.331277
1523 1.414770
1524 1.347583
1525 1.294054
1526 1.146358
1527 1.347812
1528 1.321917
1529 1.237341
1530 1.002935
1531 1.002371
1532 1.017648
1533 1.044647
1534 1.136754
1535 1.483999
1536 1.285799
1537 1.133526
1538 1.394829
1539 1.337514
1540 1.259421
1541 1.043411
1542 1.126596
1543 1.376238
1544 1.324655
1545 1.225647
1546 1.048683
1547 1.140008
1548 1.349188
1549 1.306937
1550 1.171929
1551 1.244838
1552 0.968653
1553 1.018907
1554 1.031433
1555 1.078521
1556 1.305945
1557 1.275854
1558 1.104938
1559 1.367007
1560 1.330570
1561 1.236095
1562 1.037441
1563 1.115762
1564 1.354162
1565 1.304948
1566 1.159597
1567 1.280181
1568 1.080953
1569 1.257715
1570 1.000192
1571 0.999427
1572 1.013543
1573 1.045259
1574 1.165967
1575 1.407836
1576 1.328240
1577 1.225787
1578 1.092664
1579 1.321123
1580 1.249282
1581 1.021684
1582 1.077165
1583 1.298543
1584 1.191829
1585 1.197106
1586 1.159010
1587 1.323129
1588 1.251074
1589 1.010425
1590 1.042776
1591 1.164170
1592 1.330414
1593 1.269580
1594 1.051176
1595 1.197670
1596 1.152424
1597 1.318611
1598 1.219884
1599 1.043640
1600 1.167884
1601 1.271793
1602 1.054259
1603 1.208941
1604 1.081522
1605 1.290948
1606 1.132954
1607 1.296995
1608 1.134198
1609 1.276672
1610 1.049871
1611 1.184349
1612 1.174970
1613 1.209843
1614 1.043248
1615 1.164462
1616 1.258044
1617 0.994473
1618 1.002051
1619 1.022696
1620 1.099041
1621 1.349876
1622 1.263409
1623 1.039038
1624 1.178055
1625 1.239467
1626 1.007933
1627 1.062785
1628 1.272313
1629 1.068973
1630 1.282987
1631 1.101109
1632 1.304787
1633 1.148951
1634 1.271593
1635 1.041657
1636 1.186706
1637 1.176553
1638 1.209682
1639 1.066776
1640 1.248323
1641 0.995522
1642 1.030687
1643 1.153951
1644 1.298899
1645 1.125389
1646 1.270608
1647 1.031923
1648 1.161720
1649 1.251040
1650 1.000053
1651 1.052293
1652 1.227012
1653 1.034857
1654 1.176791
1655 1.228284
1656 1.030505
1657 1.166907
1658 1.251603
1659 1.011220
1660 1.109057
1661 1.286917
1662 1.074652
1663 1.250377
1664 1.011878
1665 1.114544
1666 1.274379
1667 1.037324
1668 1.185484
1669 1.172477
1670 1.200089
1671 1.106632
1672 1.237427
1673 1.002008
1674 1.075230
1675 1.242501
1676 1.004000
1677 1.085322
1678 1.252884
1679 1.006637
1680 1.101022
1681 1.255482
1682 1.010087
1683 1.116266
1684 1.251085
1685 1.010867
1686 1.120301
1687 1.246286
1688 1.012885
1689 1.126785
1690 1.239935
1691 1.017705
1692 1.139033
1693 1.229377
1694 1.031021
1695 1.164909
1696 1.193849
1697 1.118941
1698 1.199840
1699 1.090178
1700 1.191552
1701 1.106814
1702 1.181890
1703 1.121731
1704 1.170187
1705 1.134015
1706 1.157644
1707 1.139728
1708 1.146045
1709 1.138845
1710 1.137589
1711 1.134080
1712 1.131319
1713 1.128442
1714 1.125664
1715 1.122954
1716 1.120324
1717 1.117778
1718 1.115318
1719 1.112941
1720 1.110647
1721 1.108432
1722 1.106293
1723 1.104226
1724 1.102227
1725 1.100292
1726 1.098417
1727 1.096599
1728 1.094835
1729 1.093122
1730 1.091457
1731 1.089837
1732 1.088261
1733 1.086726
1734 1.085231
1735 1.083774
1736 1.082353
1737 1.080968
1738 1.079616
1739 1.078299
1740 1.077013
1741 1.075760
1742 1.074538
1743 1.073347
1744 1.072187
1745 1.071056
1746 1.069956
1747 1.068886
1748 1.067847
1749 1.066837
1750 1.065858
1751 1.064908
1752 1.063990
1753 1.063102
1754 1.062244
1755 1.061417
1756 1.060621
1757 1.059855
1758 1.059120
1759 1.058414
1760 1.057737
1761 1.057089
1762 1.056468
1763 1.055874
1764 1.055304
1765 1.054756
1766 1.054230
1767 1.053722
1768 1.053230
1769 1.052751
1770 1.052283
1771 1.051822
1772 1.051367
1773 1.050914
1774 1.050461
1775 1.050006
1776 1.049548
1777 1.049084
1778 1.048614
1779 1.048137
1780 1.047653
1781 1.047163
1782 1.046667
1783 1.046167
1784 1.045663
1785 1.045158
1786 1.044654
1787 1.044152
1788 1.043656
1789 1.043166
1790 1.042684
1791 1.042213
1792 1.041753
1793 1.041304
1794 1.040867
1795 1.040439
1796 1.040020
1797 1.039605
1798 1.039192
1799 1.038776
1800 1.038351
1801 1.037913
1802 1.037454
1803 1.036971
1804 1.036460
1805 1.035916
1806 1.035338
1807 1.034727
1808 1.034085
1809 1.033415
1810 1.032724
1811 1.032023
1812 1.031321
1813 1.030634
1814 1.029977
1815 1.029370
1816 1.028833
1817 1.028388
1818 1.028056
1819 1.027853
1820 1.027789
1821 1.027864
1822 1.028057
1823 1.028329
1824 1.028617
1825 1.028841
1826 1.028911
1827 1.028744
1828 1.028271
1829 1.027452
1830 1.026270
1831 1.024727
1832 1.022835
1833 1.020606
1834 1.018043
1835 1.015126
1836 1.011803
1837 1.007966
1838 1.003408
1839 0.997756
1840 0.990313
1841 0.979807
1842 0.964117
1843 0.941595
1844 0.921564
1845 0.927744
1846 0.935556
1847 0.942881
1848 0.951659
1849 0.962658
1850 0.978086
1851 1.003232
1852 1.049004
1853 1.097643
1854 1.095362
1855 1.084737
1856 1.079070
1857 1.074323
1858 1.069533
1859 1.064699
1860 1.059881
1861 1.055103
1862 1.050369
1863 1.045678
1864 1.041028
1865 1.036412
1866 1.031826
1867 1.027261
1868 1.022711
1869 1.018164
1870 1.013609
1871 1.009034
1872 1.004423
1873 0.999757
1874 0.995020
1875 0.990194
1876 0.985266
1877 0.980239
1878 0.975147
1879 0.970086
1880 0.965252
1881 0.960982
1882 0.957760
1883 0.956142
1884 0.956616
1885 0.959512
1886 0.965055
1887 0.973475
1888 0.984863
1889 0.998283
1890 1.010369
1891 1.016767
1892 1.017047
1893 1.014127
1894 1.010155
1895 1.005902
1896 1.001585
1897 0.997276
1898 0.993008
1899 0.988802
1900 0.984679
1901 0.980660
1902 0.976779
1903 0.973075
1904 0.969603
1905 0.966428
1906 0.963625
1907 0.961272
1908 0.959439
1909 0.958178
1910 0.957512
1911 0.957421
1912 0.957843
1913 0.958674
1914 0.959770
1915 0.960964
1916 0.962078
1917 0.962954
1918 0.963468
1919 0.963555
1920 0.963205
1921 0.962453
1922 0.961367
1923 0.960026
1924 0.958510
1925 0.956892
1926 0.955235
1927 0.953591
1928 0.952001
1929 0.950495
1930 0.949091
1931 0.947801
1932 0.946626
1933 0.945558
1934 0.944587
1935 0.943697
1936 0.942870
1937 0.942086
1938 0.941329
1939 0.940581
1940 0.939832
1941 0.939069
1942 0.938287
1943 0.937482
1944 0.936653
1945 0.935799
1946 0.934923
1947 0.934028
1948 0.933117
1949 0.932194
1950 0.931260
1951 0.930320
1952 0.929375
1953 0.928428
1954 0.927479
1955 0.926529
1956 0.925580
1957 0.924631
1958 0.923682
1959 0.922734
1960 0.921786
1961 0.920839
1962 0.919891
1963 0.918943
1964 0.917995
1965 0.917046
1966 0.916096
1967 0.915146
1968 0.914194
1969 0.913242
1970 0.912289
1971 0.911335
1972 0.910379
1973 0.909423
1974 0.908466
1975 0.907508
1976 0.906549
1977 0.905589
1978 0.904628
1979 0.903667
1980 0.902704
1981 0.901741
1982 0.900777
1983 0.899812
1984 0.898847
1985 0.897880
1986 0.896913
1987 0.895946
1988 0.894977
1989 0.894009
1990 0.893039
1991 0.892069
1992 0.891099
1993 0.890128
1994 0.889156
1995 0.888184
1996 0.887211
1997 0.886238
1998 0.885265
1999 0.884291
2000 0.883317
2001 0.882343
2002 0.881368
2003 0.880393
2004 0.879417
2005 0.878442
2006 0.877466
2007 0.876490
2008 0.875513
2009 0.874537
2010 0.873560
2011 0.872583
2012 0.871606
2013 0.870629
2014 0.869652
2015 0.868675
2016 0.867698
2017 0.866721
2018 0.865743
2019 0.864766
2020 0.863789
2021 0.862812
2022 0.861835
2023 0.860858
2024 0.859881
2025 0.858905
2026 0.857928
2027 0.856952
2028 0.855976
2029 0.855000
2030 0.854024
2031 0.853049
2032 0.852074
2033 0.851099
2034 0.850124
2035 0.849150
2036 0.848176
2037 0.847203
2038 0.846229
2039 0.845257
2040 0.844284
2041 0.843312
2042 0.842341
2043 0.841370
2044 0.840399
2045 0.839429
2046 0.838460
2047 0.837491
2048 0.836523
2049 0.835555
2050 0.834587
2051 0.833621
2052 0.832655
2053 0.831689
2054 0.830724
2055 0.829760
2056 0.828797
2057 0.827834
2058 0.826872
2059 0.825911
2060 0.824950
2061 0.823990
2062 0.823031
2063 0.822073
2064 0.821115
2065 0.820159
2066 0.819203
2067 0.818248
2068 0.817294
2069 0.816341
2070 0.815388
2071 0.814437
2072 0.813486
2073 0.812537
2074 0.811588
2075 0.810641
2076 0.809694
2077 0.808748
2078 0.807804
2079 0.806860
2080 0.805917
2081 0.804976
2082 0.804035
2083 0.803096
2084 0.802157
2085 0.801220
2086 0.800284
2087 0.799349
2088 0.798415
2089 0.797482
2090 0.796551
2091 0.795620
2092 0.794691
2093 0.793763
2094 0.792837
2095 0.791911
2096 0.790987
2097 0.790064
2098 0.789142
2099 0.788221
2100 0.787302
2101 0.786384
2102 0.785468
2103 0.784553
2104 0.783639
2105 0.782726
2106 0.781815
2107 0.780905
2108 0.779997
2109 0.779090
2110 0.778184
2111 0.777280
2112 0.776377
2113 0.775476
2114 0.774576
2115 0.773677
2116 0.772781
2117 0.771885
2118 0.770991
2119 0.770099
2120 0.769208
2121 0.768319
2122 0.767431
2123 0.766544
2124 0.765660
2125 0.764777
2126 0.763895
2127 0.763015
2128 0.762137
2129 0.761260
2130 0.760385
2131 0.759511
2132 0.758640
2133 0.757769
2134 0.756901
2135 0.756034
2136 0.755169
2137 0.754305
2138 0.753444
2139 0.752584
2140 0.751725
2141 0.750869
2142 0.750014
2143 0.749161
2144 0.748309
2145 0.747460
2146 0.746612
2147 0.745766
2148 0.744922
2149 0.744079
2150 0.743239
2151 0.742400
2152 0.741563
2153 0.740728
2154 0.739895
2155 0.739063
2156 0.738234
2157 0.737406
2158 0.736580
2159 0.735756
2160 0.734934
2161 0.734114
2162 0.733296
2163 0.732480
2164 0.731665
2165 0.730853
2166 0.730043
2167 0.729234
2168 0.728427
2169 0.727623
2170 0.726820
2171 0.726020
2172 0.725221
2173 0.724424
2174 0.723630
2175 0.722837
2176 0.722046
2177 0.721258
2178 0.720471
2179 0.719687
2180 0.718904
2181 0.718124
2182 0.717345
2183 0.716569
2184 0.715795
2185 0.715022
2186 0.714252
2187 0.713484
2188 0.712718
2189 0.711954
2190 0.711193
2191 0.710433
2192 0.709675
2193 0.708920
2194 0.708167
2195 0.707416
2196 0.706667
2197 0.705920
2198 0.705175
2199 0.704432
2200 0.703692
2201 0.702954
2202 0.702218
2203 0.701484
2204 0.700752
2205 0.700022
2206 0.699295
2207 0.698570
2208 0.697847
2209 0.697126
2210 0.696408
2211 0.695691
2212 0.694977
2213 0.694265
2214 0.693555
2215 0.692848
2216 0.692142
2217 0.691439
2218 0.690739
2219 0.690040
2220 0.689344
2221 0.688650
2222 0.687958
2223 0.687268
2224 0.686581
2225 0.685896
2226 0.685213
2227 0.684532
2228 0.683854
2229 0.683178
2230 0.682504
2231 0.681832
2232 0.681163
2233 0.680496
2234 0.679831
2235 0.679169
2236 0.678509
2237 0.677851
2238 0.677195
2239 0.676542
2240 0.675891
2241 0.675242
2242 0.674596
2243 0.673951
2244 0.673310
2245 0.672670
2246 0.672033
2247 0.671398
2248 0.670765
2249 0.670134
2250 0.669506
2251 0.668880
2252 0.668257
2253 0.667635
2254 0.667016
2255 0.666400
2256 0.665785
2257 0.665173
2258 0.664563
2259 0.663956
2260 0.663351
2261 0.662748
2262 0.662147
2263 0.661548
2264 0.660952
2265 0.660358
2266 0.659767
2267 0.659178
2268 0.658590
2269 0.658006
2270 0.657423
2271 0.656843
2272 0.656265
2273 0.655689
2274 0.655116
2275 0.654545
2276 0.653976
2277 0.653409
2278 0.652845
2279 0.652283
2280 0.651723
2281 0.651165
2282 0.650610
2283 0.650057
2284 0.649506
2285 0.648957
2286 0.648410
2287 0.647866
2288 0.647324
2289 0.646784
2290 0.646247
2291 0.645711
2292 0.645178
2293 0.644647
2294 0.644118
2295 0.643591
2296 0.643067
2297 0.642544
2298 0.642024
2299 0.641506
2300 0.640990
2301 0.640477
2302 0.639965
2303 0.639456
2304 0.638949
2305 0.638443
2306 0.637940
2307 0.637440
2308 0.636941
2309 0.636444
2310 0.635950
2311 0.635457
2312 0.634967
2313 0.634478
2314 0.633992
2315 0.633508
2316 0.633026
2317 0.632546
2318 0.632068
2319 0.631592
2320 0.631118
2321 0.630646
2322 0.630176
2323 0.629708
2324 0.629242
2325 0.628778
2326 0.628316
2327 0.627856
2328 0.627398
2329 0.626942
2330 0.626488
2331 0.626035
2332 0.625585
2333 0.625137
2334 0.624690
2335 0.624245
2336 0.623803
2337 0.623362
2338 0.622923
2339 0.622486
2340 0.622051
2341 0.621617
2342 0.621186
2343 0.620756
2344 0.620328
2345 0.619902
2346 0.619477
2347 0.619055
2348 0.618634
2349 0.618215
2350 0.617797
2351 0.617382
2352 0.616968
2353 0.616556
2354 0.616145
2355 0.615736
2356 0.615329
2357 0.614924
2358 0.614520
2359 0.614118
2360 0.613717
2361 0.613318
2362 0.612921
2363 0.612525
2364 0.612131
2365 0.611738
2366 0.611347
2367 0.610958
2368 0.610570
2369 0.610183
2370 0.609798
2371 0.609415
2372 0.609033
2373 0.608652
2374 0.608273
2375 0.607896
2376 0.607519
2377 0.607145
2378 0.606771
2379 0.606399
2380 0.606028
2381 0.605659
2382 0.605291
2383 0.604924
2384 0.604559
2385 0.604195
2386 0.603832
2387 0.603470
2388 0.603110
2389 0.602751
2390 0.602393
2391 0.602037
2392 0.601681
2393 0.601327
2394 0.600974
2395 0.600622
2396 0.600271
2397 0.599921
2398 0.599572
2399 0.599225
2400 0.598878
2401 0.598533
2402 0.598188
2403 0.597845
2404 0.597502
2405 0.597161
2406 0.596820
2407 0.596481
2408 0.596142
2409 0.595804
2410 0.595468
2411 0.595132
2412 0.594796
2413 0.594462
2414 0.594129
2415 0.593796
2416 0.593464
2417 0.593133
2418 0.592803
2419 0.592473
2420 0.592144
2421 0.591816
2422 0.591488
2423 0.591161
2424 0.590835
2425 0.590509
2426 0.590184
2427 0.589860
2428 0.589536
2429 0.589213
2430 0.588890
2431 0.588567
2432 0.588245
2433 0.587924
2434 0.587603
2435 0.587282
2436 0.586962
2437 0.586643
2438 0.586323
2439 0.586004
2440 0.585685
2441 0.585367
2442 0.585048
2443 0.584730
2444 0.584413
2445 0.584095
2446 0.583778
2447 0.583461
2448 0.583144
2449 0.582827
2450 0.582510
2451 0.582193
2452 0.581876
2453 0.581560
2454 0.581243
2455 0.580926
2456 0.580610
2457 0.580293
2458 0.579976
2459 0.579659
2460 0.579342
2461 0.579025
2462 0.578707
2463 0.578390
2464 0.578072
2465 0.577754
2466 0.577436
2467 0.577117
2468 0.576798
2469 0.576479
2470 0.576159
2471 0.575839
2472 0.575519
2473 0.575198
2474 0.574877
2475 0.574555
2476 0.574233
2477 0.573910
2478 0.573586
2479 0.573263
2480 0.572938
2481 0.572613
2482 0.572287
2483 0.571961
2484 0.571634
2485 0.571306
2486 0.570977
2487 0.570648
2488 0.570318
2489 0.569987
2490 0.569655
2491 0.569322
2492 0.568989
2493 0.568654
2494 0.568319
2495 0.567983
2496 0.567646
2497 0.567307
2498 0.566968
2499 0.566628
2500 0.566286
2501 0.565944
2502 0.565601
2503 0.565256
2504 0.564910
2505 0.564563
2506 0.564215
2507 0.563866
2508 0.563515
2509 0.563164
2510 0.562811
2511 0.562456
2512 0.562101
2513 0.561744
2514 0.561386
2515 0.561026
2516 0.560665
2517 0.560303
2518 0.559939
2519 0.559574
2520 0.559207
2521 0.558839
2522 0.558470
2523 0.558099
2524 0.557726
2525 0.557352
2526 0.556977
2527 0.556600
2528 0.556221
2529 0.555841
2530 0.555459
2531 0.555076
2532 0.554691
2533 0.554304
2534 0.553916
2535 0.553526
2536 0.553134
2537 0.552741
2538 0.552346
2539 0.551950
2540 0.551552
2541 0.551152
2542 0.550750
2543 0.550347
2544 0.549942
2545 0.549536
2546 0.549127
2547 0.548717
2548 0.548305
2549 0.547892
2550 0.547476
2551 0.547059
2552 0.546640
2553 0.546220
2554 0.545798
2555 0.545374
2556 0.544948
2557 0.544520
2558 0.544091
2559 0.543660
2560 0.543227
2561 0.542793
2562 0.542356
2563 0.541918
2564 0.541479
2565 0.541037
2566 0.540594
2567 0.540149
2568 0.539702
2569 0.539254
2570 0.538804
2571 0.538352
2572 0.537898
2573 0.537443
2574 0.536986
2575 0.536527
2576 0.536067
2577 0.535605
2578 0.535141
2579 0.534676
2580 0.534209
2581 0.533741
2582 0.533270
2583 0.532798
2584 0.532325
2585 0.531850
2586 0.531373
2587 0.530895
2588 0.530415
2589 0.529933
2590 0.529450
2591 0.528966
2592 0.528480
2593 0.527992
2594 0.527503
2595 0.527012
2596 0.526520
2597 0.526026
2598 0.525531
2599 0.525035
2600 0.524537
2601 0.524037
2602 0.523537
2603 0.523034
2604 0.522531
2605 0.522026
2606 0.521519
2607 0.521011
2608 0.520502
2609 0.519992
2610 0.519480
2611 0.518967
2612 0.518453
2613 0.517937
2614 0.517420
2615 0.516902
2616 0.516383
2617 0.515862
2618 0.515341
2619 0.514818
2620 0.514293
2621 0.513768
2622 0.513242
2623 0.512714
2624 0.512185
2625 0.511655
2626 0.511124
2627 0.510592
2628 0.510059
2629 0.509525
2630 0.508990
2631 0.508454
2632 0.507917
2633 0.507378
2634 0.506839
2635 0.506299
2636 0.505758
2637 0.505216
2638 0.504673
2639 0.504129
2640 0.503584
2641 0.503038
2642 0.502492
2643 0.501944
2644 0.501396
2645 0.500847
2646 0.500297
2647 0.499746
2648 0.499194
2649 0.498642
2650 0.498089
2651 0.497535
2652 0.496980
2653 0.496424
2654 0.495868
2655 0.495311
2656 0.494754
2657 0.494196
2658 0.493637
2659 0.493077
2660 0.492517
2661 0.491956
2662 0.491394
2663 0.490832
2664 0.490269
2665 0.489706
2666 0.489142
2667 0.488578
2668 0.488012
2669 0.487447
2670 0.486881
2671 0.486314
2672 0.485746
2673 0.485179
2674 0.484610
2675 0.484042
2676 0.483472
2677 0.482902
2678 0.482332
2679 0.481761
2680 0.481190
2681 0.480619
2682 0.480047
2683 0.479474
2684 0.478901
2685 0.478328
2686 0.477754
2687 0.477180
2688 0.476605
2689 0.476030
2690 0.475455
2691 0.474879
2692 0.474303
2693 0.473727
2694 0.473150
2695 0.472573
2696 0.471995
2697 0.471417
2698 0.470839
2699 0.470261
2700 0.469682
2701 0.469103
2702 0.468523
2703 0.467943
2704 0.467363
2705 0.466783
2706 0.466202
2707 0.465621
2708 0.465039
2709 0.464458
2710 0.463876
2711 0.463293
2712 0.462711
2713 0.462128
2714 0.461545
2715 0.460961
2716 0.460377
2717 0.459793
2718 0.459209
2719 0.458624
2720 0.458039
2721 0.457454
2722 0.456869
2723 0.456283
2724 0.455697
2725 0.455110
2726 0.454523
2727 0.453936
2728 0.453349
2729 0.452761
2730 0.452173
2731 0.451585
2732 0.450996
2733 0.450407
2734 0.449818
2735 0.449228
2736 0.448638
2737 0.448048
2738 0.447457
2739 0.446866
2740 0.446274
2741 0.445683
2742 0.445090
2743 0.444498
2744 0.443905
2745 0.443311
2746 0.442717
2747 0.442123
2748 0.441528
2749 0.440933
2750 0.440338
2751 0.439742
2752 0.439145
2753 0.438548
2754 0.437950
2755 0.437352
2756 0.436754
2757 0.436155
2758 0.435555
2759 0.434955
2760 0.434354
2761 0.433752
2762 0.433150
2763 0.432548
2764 0.431945
2765 0.431341
2766 0.430736
2767 0.430131
2768 0.429525
2769 0.428918
2770 0.428311
2771 0.427703
2772 0.427094
2773 0.426484
2774 0.425874
2775 0.425262
2776 0.424650
2777 0.424037
2778 0.423423
2779 0.422808
2780 0.422192
2781 0.421575
2782 0.420958
2783 0.420339
2784 0.419719
2785 0.419098
2786 0.418476
2787 0.417853
2788 0.417229
2789 0.416603
2790 0.415977
2791 0.415349
2792 0.414720
2793 0.414089
2794 0.413457
2795 0.412824
2796 0.412190
2797 0.411554
2798 0.410917
2799 0.410278
2800 0.409637
2801 0.408995
2802 0.408352
2803 0.407707
2804 0.407060
2805 0.406411
2806 0.405761
2807 0.405109
2808 0.404455
2809 0.403799
2810 0.403141
2811 0.402481
2812 0.401819
2813 0.401155
2814 0.400489
2815 0.399821
2816 0.399150
2817 0.398477
2818 0.397802
2819 0.397124
2820 0.396444
2821 0.395762
2822 0.395076
2823 0.394388
2824 0.393698
2825 0.393004
2826 0.392308
2827 0.391609
2828 0.390907
2829 0.390201
2830 0.389493
2831 0.388781
2832 0.388066
2833 0.387348
2834 0.386626
2835 0.385900
2836 0.385171
2837 0.384438
2838 0.383701
2839 0.382960
2840 0.382215
2841 0.381466
2842 0.380712
2843 0.379955
2844 0.379192
2845 0.378425
2846 0.377653
2847 0.376877
2848 0.376095
2849 0.375308
2850 0.374516
2851 0.373718
2852 0.372915
2853 0.372106
2854 0.371291
2855 0.370470
2856 0.369642
2857 0.368808
2858 0.367968
2859 0.367121
2860 0.366266
2861 0.365405
2862 0.364536
2863 0.363659
2864 0.362775
2865 0.361882
2866 0.360981
2867 0.360072
2868 0.359153
2869 0.358226
2870 0.357289
2871 0.356343
2872 0.355387
2873 0.354420
2874 0.353443
2875 0.352456
2876 0.351457
2877 0.350447
2878 0.349425
2879 0.348391
2880 0.347345
2881 0.346287
2882 0.345215
2883 0.344130
2884 0.343032
2885 0.341920
2886 0.340794
2887 0.339653
2888 0.338498
2889 0.337329
2890 0.336144
2891 0.334945
2892 0.333731
2893 0.332501
2894 0.331257
2895 0.329999
2896 0.328726
2897 0.327439
2898 0.326139
2899 0.324826
2900 0.323502
2901 0.322167
2902 0.320823
2903 0.319470
2904 0.318112
2905 0.316749
2906 0.315384
2907 0.314020
2908 0.312658
2909 0.311301
2910 0.309952
2911 0.308615
2912 0.307291
2913 0.305983
2914 0.304694
2915 0.303427
2916 0.302182
2917 0.300962
2918 0.299768
2919 0.298599
2920 0.297456
2921 0.296338
2922 0.295243
2923 0.294171
2924 0.293118
2925 0.292082
2926 0.291062
2927 0.290053
2928 0.289054
2929 0.288061
2930 0.287072
2931 0.286086
2932 0.285099
2933 0.284111
2934 0.283121
2935 0.282128
2936 0.281131
2937 0.280130
2938 0.279126
2939 0.278119
2940 0.277109
2941 0.276097
2942 0.275083
2943 0.274069
2944 0.273055
2945 0.272042
2946 0.271030
2947 0.270020
2948 0.269012
2949 0.268006
2950 0.267004
2951 0.266005
2952 0.265009
2953 0.264017
2954 0.263028
2955 0.262043
2956 0.261062
2957 0.260084
2958 0.259111
2959 0.258141
2960 0.257174
2961 0.256212
2962 0.255254
2963 0.254300
2964 0.253349
2965 0.252403
2966 0.251460
2967 0.250522
2968 0.249588
2969 0.248658
2970 0.247733
2971 0.246811
2972 0.245894
2973 0.244982
2974 0.244074
2975 0.243170
2976 0.242271
2977 0.241376
2978 0.240487
2979 0.239601
2980 0.238721
2981 0.237845
2982 0.236974
2983 0.236108
2984 0.235247
2985 0.234391
2986 0.233540
2987 0.232694
2988 0.231853
2989 0.231018
2990 0.230187
2991 0.229362
2992 0.228542
2993 0.227727
2994 0.226918
2995 0.226114
2996 0.225316
2997 0.224523
2998 0.223735
2999 0.222953
3000 0.222176
3001 0.221406
3002 0.220640
3003 0.219881
3004 0.219126
3005 0.218378
3006 0.217635
3007 0.216898
3008 0.216167
3009 0.215441
3010 0.214721
3011 0.214007
3012 0.213299
3013 0.212596
3014 0.211899
3015 0.211208
3016 0.210523
3017 0.209843
3018 0.209170
3019 0.208502
3020 0.207839
3021 0.207183
3022 0.206532
3023 0.205887
3024 0.205248
3025 0.204614
3026 0.203987
3027 0.203365
3028 0.202748
3029 0.202138
3030 0.201533
3031 0.200933
3032 0.200340
3033 0.199752
3034 0.199169
3035 0.198592
3036 0.198021
3037 0.197455
3038 0.196895
3039 0.196341
3040 0.195791
3041 0.195248
3042 0.194709
3043 0.194177
3044 0.193649
3045 0.193127
3046 0.192610
3047 0.192099
3048 0.191593
3049 0.191092
3050 0.190596
3051 0.190105
3052 0.189620
3053 0.189140
3054 0.188665
3055 0.188194
3056 0.187729
3057 0.187269
3058 0.186814
3059 0.186364
3060 0.185918
3061 0.185477
3062 0.185042
3063 0.184610
3064 0.184184
3065 0.183762
3066 0.183345
3067 0.182932
3068 0.182524
3069 0.182121
3070 0.181722
3071 0.181327
3072 0.180936
3073 0.180550
3074 0.180168
3075 0.179791
3076 0.179417
3077 0.179048
3078 0.178682
3079 0.178321
3080 0.177964
3081 0.177610
3082 0.177261
3083 0.176915
3084 0.176573
3085 0.176235
3086 0.175901
3087 0.175570
3088 0.175242
3089 0.174919
3090 0.174599
3091 0.174282
3092 0.173968
3093 0.173658
3094 0.173352
3095 0.173048
3096 0.172748
3097 0.172451
3098 0.172157
3099 0.171867
3100 0.171579
3101 0.171294
3102 0.171012
3103 0.170734
3104 0.170458
3105 0.170184
3106 0.169914
3107 0.169646
3108 0.169382
3109 0.169119
3110 0.168860
3111 0.168603
3112 0.168348
3113 0.168097
3114 0.167847
3115 0.167600
3116 0.167356
3117 0.167113
3118 0.166873
3119 0.166636
3120 0.166400
3121 0.166167
3122 0.165936
3123 0.165708
3124 0.165481
3125 0.165257
3126 0.165034
3127 0.164814
3128 0.164595
3129 0.164379
3130 0.164164
3131 0.163952
3132 0.163741
3133 0.163532
3134 0.163325
3135 0.163120
3136 0.162917
3137 0.162715
3138 0.162515
3139 0.162317
3140 0.162120
3141 0.161925
3142 0.161732
3143 0.161540
3144 0.161350
3145 0.161161
3146 0.160974
3147 0.160788
3148 0.160604
3149 0.160422
3150 0.160240
3151 0.160061
3152 0.159882
3153 0.159705
3154 0.159530
3155 0.159355
3156 0.159182
3157 0.159011
3158 0.158840
3159 0.158671
3160 0.158503
3161 0.158336
3162 0.158171
3163 0.158006
3164 0.157843
3165 0.157681
3166 0.157521
3167 0.157361
3168 0.157202
3169 0.157045
3170 0.156888
3171 0.156733
3172 0.156579
3173 0.156426
3174 0.156273
3175 0.156122
3176 0.155972
3177 0.155823
3178 0.155674
3179 0.155527
3180 0.155381
3181 0.155235
3182 0.155091
3183 0.154947
3184 0.154804
3185 0.154663
3186 0.154522
3187 0.154381
3188 0.154242
3189 0.154104
3190 0.153966
3191 0.153829
3192 0.153694
3193 0.153558
3194 0.153424
3195 0.153290
3196 0.153158
3197 0.153026
3198 0.152894
3199 0.152764
3200 0.152634
3201 0.152505
3202 0.152376
3203 0.152249
3204 0.152122
3205 0.151995
3206 0.151870
3207 0.151745
3208 0.151620
3209 0.151497
3210 0.151374
3211 0.151251
3212 0.151130
3213 0.151009
3214 0.150888
3215 0.150768
3216 0.150649
3217 0.150530
3218 0.150412
3219 0.150295
3220 0.150178
3221 0.150062
3222 0.149946
3223 0.149831
3224 0.149716
3225 0.149602
3226 0.149488
3227 0.149375
3228 0.149263
3229 0.149151
3230 0.149039
3231 0.148929
3232 0.148818
3233 0.148708
3234 0.148599
3235 0.148490
3236 0.148381
3237 0.148274
3238 0.148166
3239 0.148059
3240 0.147953
3241 0.147846
3242 0.147741
3243 0.147636
3244 0.147531
3245 0.147427
3246 0.147323
3247 0.147220
3248 0.147117
3249 0.147014
3250 0.146912
3251 0.146810
3252 0.146709
3253 0.146608
3254 0.146508
3255 0.146408
3256 0.146308
3257 0.146209
3258 0.146110
3259 0.146012
3260 0.145914
3261 0.145816
3262 0.145719
3263 0.145622
3264 0.145525
3265 0.145429
3266 0.145333
3267 0.145238
3268 0.145143
3269 0.145048
3270 0.144954
3271 0.144860
3272 0.144766
3273 0.144673
3274 0.144580
3275 0.144487
3276 0.144395
3277 0.144303
3278 0.144211
3279 0.144120
3280 0.144029
3281 0.143938
3282 0.143848
3283 0.143758
3284 0.143668
3285 0.143579
3286 0.143489
3287 0.143401
3288 0.143312
3289 0.143224
3290 0.143136
3291 0.143049
3292 0.142961
3293 0.142874
3294 0.142788
3295 0.142701
3296 0.142615
3297 0.142529
3298 0.142444
3299 0.142358
3300 0.142273
3301 0.142188
3302 0.142104
3303 0.142020
3304 0.141936
3305 0.141852
3306 0.141769
3307 0.141686
3308 0.141603
3309 0.141520
3310 0.141438
3311 0.141356
3312 0.141274
3313 0.141192
3314 0.141111
3315 0.141030
3316 0.140949
3317 0.140868
3318 0.140788
3319 0.140708
3320 0.140628
3321 0.140548
3322 0.140469
3323 0.140390
3324 0.140311
3325 0.140232
3326 0.140154
3327 0.140075
3328 0.139997
3329 0.139919
3330 0.139842
3331 0.139765
3332 0.139687
3333 0.139610
3334 0.139534
3335 0.139457
3336 0.139381
3337 0.139305
3338 0.139229
3339 0.139154
3340 0.139078
3341 0.139003
3342 0.138928
3343 0.138853
3344 0.138778
3345 0.138704
3346 0.138630
3347 0.138556
3348 0.138482
3349 0.138409
3350 0.138335
3351 0.138262
3352 0.138189
3353 0.138116
3354 0.138044
3355 0.137971
3356 0.137899
3357 0.137827
3358 0.137755
3359 0.137683
3360 0.137612
3361 0.137540
3362 0.137469
3363 0.137398
3364 0.137328
3365 0.137257
3366 0.137187
3367 0.137116
3368 0.137046
3369 0.136977
3370 0.136907
3371 0.136837
3372 0.136768
3373 0.136699
3374 0.136630
3375 0.136561
3376 0.136492
3377 0.136424
3378 0.136355
3379 0.136287
3380 0.136219
3381 0.136151
3382 0.136084
3383 0.136016
3384 0.135949
3385 0.135882
3386 0.135815
3387 0.135748
3388 0.135681
3389 0.135615
3390 0.135548
3391 0.135482
3392 0.135416
3393 0.135350
3394 0.135284
3395 0.135219
3396 0.135153
3397 0.135088
3398 0.135023
3399 0.134958
3400 0.134893
3401 0.134828
3402 0.134763
3403 0.134699
3404 0.134635
3405 0.134571
3406 0.134507
3407 0.134443
3408 0.134379
3409 0.134315
3410 0.134252
3411 0.134189
3412 0.134126
3413 0.134063
3414 0.134000
3415 0.133937
3416 0.133874
3417 0.133812
3418 0.133750
3419 0.133687
3420 0.133625
3421 0.133564
3422 0.133502
3423 0.133440
3424 0.133379
3425 0.133317
3426 0.133256
3427 0.133195
3428 0.133134
3429 0.133073
3430 0.133012
3431 0.132952
3432 0.132891
3433 0.132831
3434 0.132771
3435 0.132710
3436 0.132650
3437 0.132591
3438 0.132531
3439 0.132471
3440 0.132412
3441 0.132352
3442 0.132293
3443 0.132234
3444 0.132175
3445 0.132116
3446 0.132057
3447 0.131999
3448 0.131940
3449 0.131882
3450 0.131824
3451 0.131765
3452 0.131707
3453 0.131649
3454 0.131592
3455 0.131534
3456 0.131476
3457 0.131419
3458 0.131361
3459 0.131304
3460 0.131247
3461 0.131190
3462 0.131133
3463 0.131076
3464 0.131020
3465 0.130963
3466 0.130907
3467 0.130850
3468 0.130794
3469 0.130738
3470 0.130682
3471 0.130626
3472 0.130570
3473 0.130514
3474 0.130459
3475 0.130403
3476 0.130348
3477 0.130292
3478 0.130237
3479 0.130182
3480 0.130127
3481 0.130072
3482 0.130017
3483 0.129963
3484 0.129908
3485 0.129854
3486 0.129799
3487 0.129745
3488 0.129691
3489 0.129637
3490 0.129583
3491 0.129529
3492 0.129475
3493 0.129421
3494 0.129368
3495 0.129314
3496 0.129261
3497 0.129208
3498 0.129154
3499 0.129101
3500 0.129048
3501 0.128995
3502 0.128943
3503 0.128890
3504 0.128837
3505 0.128785
3506 0.128732
3507 0.128680
3508 0.128628
3509 0.128575
3510 0.128523
3511 0.128471
3512 0.128419
3513 0.128368
3514 0.128316
3515 0.128264
3516 0.128213
3517 0.128161
3518 0.128110
3519 0.128059
3520 0.128008
3521 0.127956
3522 0.127905
3523 0.127855
3524 0.127804
3525 0.127753
3526 0.127702
3527 0.127652
3528 0.127601
3529 0.127551
3530 0.127501
3531 0.127450
3532 0.127400
3533 0.127350
3534 0.127300
3535 0.127250
3536 0.127201
3537 0.127151
3538 0.127101
3539 0.127052
3540 0.127002
3541 0.126953
3542 0.126903
3543 0.126854
3544 0.126805
3545 0.126756
3546 0.126707
3547 0.126658
3548 0.126609
3549 0.126561
3550 0.126512
3551 0.126463
3552 0.126415
3553 0.126366
3554 0.126318
3555 0.126270
3556 0.126222
3557 0.126174
3558 0.126125
3559 0.126078
3560 0.126030
3561 0.125982
3562 0.125934
3563 0.125886
3564 0.125839
3565 0.125791
3566 0.125744
3567 0.125697
3568 0.125649
3569 0.125602
3570 0.125555
3571 0.125508
3572 0.125461
3573 0.125414
3574 0.125367
3575 0.125321
3576 0.125274
3577 0.125227
3578 0.125181
3579 0.125134
3580 0.125088
3581 0.125042
3582 0.124995
3583 0.124949
3584 0.124903
3585 0.124857
3586 0.124811
3587 0.124765
3588 0.124719
3589 0.124674
3590 0.124628
3591 0.124582
3592 0.124537
3593 0.124491
3594 0.124446
3595 0.124400
3596 0.124355
3597 0.124310
3598 0.124265
3599 0.124220
3600 0.124175
3601 0.124130
3602 0.124085
3603 0.124040
3604 0.123995
3605 0.123951
3606 0.123906
3607 0.123862
3608 0.123817
3609 0.123773
3610 0.123728
3611 0.123684
3612 0.123640
3613 0.123596
3614 0.123552
3615 0.123508
3616 0.123464
3617 0.123420
3618 0.123376
3619 0.123332
3620 0.123289
3621 0.123245
3622 0.123201
3623 0.123158
3624 0.123115
3625 0.123071
3626 0.123028
3627 0.122985
3628 0.122941
3629 0.122898
3630 0.122855
3631 0.122812
3632 0.122769
3633 0.122726
3634 0.122684
3635 0.122641
3636 0.122598
3637 0.122556
3638 0.122513
3639 0.122470
3640 0.122428
3641 0.122386
3642 0.122343
3643 0.122301
3644 0.122259
3645 0.122217
3646 0.122175
3647 0.122132
3648 0.122090
3649 0.122049
3650 0.122007
3651 0.121965
3652 0.121923
3653 0.121881
3654 0.121840
3655 0.121798
3656 0.121757
3657 0.121715
3658 0.121674
3659 0.121633
3660 0.121591
3661 0.121550
3662 0.121509
3663 0.121468
3664 0.121427
3665 0.121386
3666 0.121345
3667 0.121304
3668 0.121263
3669 0.121222
3670 0.121181
3671 0.121141
3672 0.121100
3673 0.121060
3674 0.121019
3675 0.120979
3676 0.120938
3677 0.120898
3678 0.120857
3679 0.120817
3680 0.120777
3681 0.120737
3682 0.120697
3683 0.120657
3684 0.120617
3685 0.120577
3686 0.120537
3687 0.120497
3688 0.120457
3689 0.120418
3690 0.120378
3691 0.120338
3692 0.120299
3693 0.120259
3694 0.120220
3695 0.120181
3696 0.120141
3697 0.120102
3698 0.120063
3699 0.120023
3700 0.119984
3701 0.119945
3702 0.119906
3703 0.119867
3704 0.119828
3705 0.119789
3706 0.119750
3707 0.119712
3708 0.119673
3709 0.119634
3710 0.119595
3711 0.119557
3712 0.119518
3713 0.119480
3714 0.119441
3715 0.119403
3716 0.119365
3717 0.119326
3718 0.119288
3719 0.119250
3720 0.119212
3721 0.119174
3722 0.119135
3723 0.119097
3724 0.119059
3725 0.119022
3726 0.118984
3727 0.118946
3728 0.118908
3729 0.118870
3730 0.118833
3731 0.118795
3732 0.118757
3733 0.118720
3734 0.118682
3735 0.118645
3736 0.118607
3737 0.118570
3738 0.118533
3739 0.118495
3740 0.118458
3741 0.118421
3742 0.118384
3743 0.118347
3744 0.118310
3745 0.118273
3746 0.118236
3747 0.118199
3748 0.118162
3749 0.118125
3750 0.118088
3751 0.118052
3752 0.118015
3753 0.117978
3754 0.117942
3755 0.117905
3756 0.117869
3757 0.117832
3758 0.117796
3759 0.117759
3760 0.117723
3761 0.117687
3762 0.117650
3763 0.117614
3764 0.117578
3765 0.117542
3766 0.117506
3767 0.117470
3768 0.117434
3769 0.117398
3770 0.117362
3771 0.117326
3772 0.117290
3773 0.117254
3774 0.117219
3775 0.117183
3776 0.117147
3777 0.117112
3778 0.117076
3779 0.117040
3780 0.117005
3781 0.116970
3782 0.116934
3783 0.116899
3784 0.116863
3785 0.116828
3786 0.116793
3787 0.116758
3788 0.116722
3789 0.116687
3790 0.116652
3791 0.116617
3792 0.116582
3793 0.116547
3794 0.116512
3795 0.116477
3796 0.116442
3797 0.116408
3798 0.116373
3799 0.116338
3800 0.116303
3801 0.116269
3802 0.116234
3803 0.116199
3804 0.116165
3805 0.116130
3806 0.116096
3807 0.116061
3808 0.116027
3809 0.115993
3810 0.115958
3811 0.115924
3812 0.115890
3813 0.115856
3814 0.115821
3815 0.115787
3816 0.115753
3817 0.115719
3818 0.115685
3819 0.115651
3820 0.115617
3821 0.115583
3822 0.115549
3823 0.115516
3824 0.115482
3825 0.115448
3826 0.115414
3827 0.115381
3828 0.115347
3829 0.115313
3830 0.115280
3831 0.115246
3832 0.115213
3833 0.115179
3834 0.115146
3835 0.115112
3836 0.115079
3837 0.115046
3838 0.115012
3839 0.114979
3840 0.114946
3841 0.114913
3842 0.114879
3843 0.114846
3844 0.114813
3845 0.114780
3846 0.114747
3847 0.114714
3848 0.114681
3849 0.114648
3850 0.114615
3851 0.114583
3852 0.114550
3853 0.114517
3854 0.114484
3855 0.114452
3856 0.114419
3857 0.114386
3858 0.114354
3859 0.114321
3860 0.114288
3861 0.114256
3862 0.114223
3863 0.114191
3864 0.114159
3865 0.114126
3866 0.114094
3867 0.114062
3868 0.114029
3869 0.113997
3870 0.113965
3871 0.113933
3872 0.113900
3873 0.113868
3874 0.113836
3875 0.113804
3876 0.113772
3877 0.113740
3878 0.113708
3879 0.113676
3880 0.113644
3881 0.113613
3882 0.113581
3883 0.113549
3884 0.113517
3885 0.113485
3886 0.113454
3887 0.113422
3888 0.113390
3889 0.113359
3890 0.113327
3891 0.113296
3892 0.113264
3893 0.113233
3894 0.113201
3895 0.113170
3896 0.113138
3897 0.113107
3898 0.113075
3899 0.113044
3900 0.113013
3901 0.112982
3902 0.112950
3903 0.112919
3904 0.112888
3905 0.112857
3906 0.112826
3907 0.112795
3908 0.112764
3909 0.112733
3910 0.112702
3911 0.112671
3912 0.112640
3913 0.112609
3914 0.112578
3915 0.112547
3916 0.112516
3917 0.112486
3918 0.112455
3919 0.112424
3920 0.112393
3921 0.112363
3922 0.112332
3923 0.112301
3924 0.112271
3925 0.112240
3926 0.112210
3927 0.112179
3928 0.112149
3929 0.112118
3930 0.112088
3931 0.112057
3932 0.112027
3933 0.111997
3934 0.111966
3935 0.111936
3936 0.111906
3937 0.111876
3938 0.111845
3939 0.111815
3940 0.111785
3941 0.111755
3942 0.111725
3943 0.111695
3944 0.111665
3945 0.111635
3946 0.111605
3947 0.111575
3948 0.111545
3949 0.111515
3950 0.111485
3951 0.111455
3952 0.111425
3953 0.111396
3954 0.111366
3955 0.111336
3956 0.111306
3957 0.111277
3958 0.111247
3959 0.111217
3960 0.111188
3961 0.111158
3962 0.111128
3963 0.111099
3964 0.111069
3965 0.111040
3966 0.111010
3967 0.110981
3968 0.110952
3969 0.110922
3970 0.110893
3971 0.110863
3972 0.110834
3973 0.110805
3974 0.110776
3975 0.110746
3976 0.110717
3977 0.110688
3978 0.110659
3979 0.110629
3980 0.110600
3981 0.110571
3982 0.110542
3983 0.110513
3984 0.110484
3985 0.110455
3986 0.110426
3987 0.110397
3988 0.110368
3989 0.110339
3990 0.110310
3991 0.110281
3992 0.110253
3993 0.110224
3994 0.110195
3995 0.110166
3996 0.110137
3997 0.110109
3998 0.110080
3999 0.110051
4000 0.110023
4001 0.109994
4002 0.109965
4003 0.109937
4004 0.109908
4005 0.109880
4006 0.109851
4007 0.109823
4008 0.109794
4009 0.109766
4010 0.109737
4011 0.109709
4012 0.109681
4013 0.109652
4014 0.109624
4015 0.109596
4016 0.109567
4017 0.109539
4018 0.109511
4019 0.109482
4020 0.109454
4021 0.109426
4022 0.109398
4023 0.109370
4024 0.109342
4025 0.109313
4026 0.109285
4027 0.109257
4028 0.109229
4029 0.109201
4030 0.109173
4031 0.109145
4032 0.109117
4033 0.109089
4034 0.109061
4035 0.109034
4036 0.109006
4037 0.108978
4038 0.108950
4039 0.108922
4040 0.108894
4041 0.108867
4042 0.108839
4043 0.108811
4044 0.108783
4045 0.108756
4046 0.108728
4047 0.108700
4048 0.108673
4049 0.108645
4050 0.108618
4051 0.108590
4052 0.108562
4053 0.108535
4054 0.108507
4055 0.108480
4056 0.108453
4057 0.108425
4058 0.108398
4059 0.108370
4060 0.108343
4061 0.108315
4062 0.108288
4063 0.108261
4064 0.108233
4065 0.108206
4066 0.108179
4067 0.108152
4068 0.108124
4069 0.108097
4070 0.108070
4071 0.108043
4072 0.108016
4073 0.107989
4074 0.107961
4075 0.107934
4076 0.107907
4077 0.107880
4078 0.107853
4079 0.107826
4080 0.107799
4081 0.107772
4082 0.107745
4083 0.107718
4084 0.107691
4085 0.107664
4086 0.107637
4087 0.107611
4088 0.107584
4089 0.107557
4090 0.107530
4091 0.107503
4092 0.107476
4093 0.107450
4094 0.107423
4095 0.107396
4096 0.107370
4097 0.107343
4098 0.107316
4099 0.107289
4100 0.107263
4101 0.107236
4102 0.107210
4103 0.107183
4104 0.107156
4105 0.107130
4106 0.107103
4107 0.107077
4108 0.107050
4109 0.107024
4110 0.106997
4111 0.106971
4112 0.106945
4113 0.106918
4114 0.106892
4115 0.106865
4116 0.106839
4117 0.106813
4118 0.106786
4119 0.106760
4120 0.106734
4121 0.106707
4122 0.106681
4123 0.106655
4124 0.106629
4125 0.106603
4126 0.106576
4127 0.106550
4128 0.106524
4129 0.106498
4130 0.106472
4131 0.106446
4132 0.106420
4133 0.106393
4134 0.106367
4135 0.106341
4136 0.106315
4137 0.106289
4138 0.106263
4139 0.106237
4140 0.106211
4141 0.106186
4142 0.106160
4143 0.106134
4144 0.106108
4145 0.106082
4146 0.106056
4147 0.106030
4148 0.106004
4149 0.105979
4150 0.105953
4151 0.105927
4152 0.105901
4153 0.105876
4154 0.105850
4155 0.105824
4156 0.105798
4157 0.105773
4158 0.105747
4159 0.105721
4160 0.105696
4161 0.105670
4162 0.105645
4163 0.105619
4164 0.105593
4165 0.105568
4166 0.105542
4167 0.105517
4168 0.105491
4169 0.105466
4170 0.105440
4171 0.105415
4172 0.105389
4173 0.105364
4174 0.105339
4175 0.105313
4176 0.105288
4177 0.105262
4178 0.105237
4179 0.105212
4180 0.105186
4181 0.105161
4182 0.105136
4183 0.105111
4184 0.105085
4185 0.105060
4186 0.105035
4187 0.105010
4188 0.104985
4189 0.104959
4190 0.104934
4191 0.104909
4192 0.104884
4193 0.104859
4194 0.104834
4195 0.104809
4196 0.104784
4197 0.104758
4198 0.104733
4199 0.104708
4200 0.104683
4201 0.104658
4202 0.104633
4203 0.104608
4204 0.104584
4205 0.104559
4206 0.104534
4207 0.104509
4208 0.104484
4209 0.104459
4210 0.104434
4211 0.104409
4212 0.104384
4213 0.104360
4214 0.104335
4215 0.104310
4216 0.104285
4217 0.104261
4218 0.104236
4219 0.104211
4220 0.104186
4221 0.104162
4222 0.104137
4223 0.104112
4224 0.104088
4225 0.104063
4226 0.104038
4227 0.104014
4228 0.103989
4229 0.103965
4230 0.103940
4231 0.103916
4232 0.103891
4233 0.103867
4234 0.103842
4235 0.103818
4236 0.103793
4237 0.103769
4238 0.103744
4239 0.103720
4240 0.103695
4241 0.103671
4242 0.103647
4243 0.103622
4244 0.103598
4245 0.103574
4246 0.103549
4247 0.103525
4248 0.103501
4249 0.103476
4250 0.103452
4251 0.103428
4252 0.103404
4253 0.103379
4254 0.103355
4255 0.103331
4256 0.103307
4257 0.103283
4258 0.103259
4259 0.103234
4260 0.103210
4261 0.103186
4262 0.103162
4263 0.103138
4264 0.103114
4265 0.103090
4266 0.103066
4267 0.103042
4268 0.103018
4269 0.102994
4270 0.102970
4271 0.102946
4272 0.102922
4273 0.102898
4274 0.102874
4275 0.102850
4276 0.102826
4277 0.102803
4278 0.102779
4279 0.102755
4280 0.102731
4281 0.102707
4282 0.102684
4283 0.102660
4284 0.102636
4285 0.102612
4286 0.102588
4287 0.102565
4288 0.102541
4289 0.102517
4290 0.102494
4291 0.102470
4292 0.102446
4293 0.102423
4294 0.102399
4295 0.102376
4296 0.102352
4297 0.102328
4298 0.102305
4299 0.102281
4300 0.102258
4301 0.102234
4302 0.102211
4303 0.102187
4304 0.102164
4305 0.102140
4306 0.102117
4307 0.102094
4308 0.102070
4309 0.102047
4310 0.102023
4311 0.102000
4312 0.101977
4313 0.101953
4314 0.101930
4315 0.101907
4316 0.101884
4317 0.101860
4318 0.101837
4319 0.101814
4320 0.101791
4321 0.101767
4322 0.101744
4323 0.101721
4324 0.101698
4325 0.101675
4326 0.101651
4327 0.101628
4328 0.101605
4329 0.101582
4330 0.101559
4331 0.101536
4332 0.101513
4333 0.101490
4334 0.101467
4335 0.101444
4336 0.101421
4337 0.101398
4338 0.101375
4339 0.101352
4340 0.101329
4341 0.101306
4342 0.101283
4343 0.101261
4344 0.101238
4345 0.101215
4346 0.101192
4347 0.101169
4348 0.101146
4349 0.101124
4350 0.101101
4351 0.101078
4352 0.101055
4353 0.101033
4354 0.101010
4355 0.100987
4356 0.100965
4357 0.100942
4358 0.100919
4359 0.100897
4360 0.100874
4361 0.100851
4362 0.100829
4363 0.100806
4364 0.100784
4365 0.100761
4366 0.100739
4367 0.100716
4368 0.100694
4369 0.100671
4370 0.100649
4371 0.100626
4372 0.100604
4373 0.100581
4374 0.100559
4375 0.100537
4376 0.100514
4377 0.100492
4378 0.100470
4379 0.100447
4380 0.100425
4381 0.100403
4382 0.100380
4383 0.100358
4384 0.100336
4385 0.100314
4386 0.100292
4387 0.100269
4388 0.100247
4389 0.100225
4390 0.100203
4391 0.100181
4392 0.100159
4393 0.100137
4394 0.100114
4395 0.100092
4396 0.100070
4397 0.100048
4398 0.100026
4399 0.100004
4400 0.099982
4401 0.099960
4402 0.099938
4403 0.099916
4404 0.099894
4405 0.099873
4406 0.099851
4407 0.099829
4408 0.099807
4409 0.099785
4410 0.099763
4411 0.099741
4412 0.099720
4413 0.099698
4414 0.099676
4415 0.099654
4416 0.099633
4417 0.099611
4418 0.099589
4419 0.099568
4420 0.099546
4421 0.099524
4422 0.099503
4423 0.099481
4424 0.099459
4425 0.099438
4426 0.099416
4427 0.099395
4428 0.099373
4429 0.099352
4430 0.099330
4431 0.099309
4432 0.099287
4433 0.099266
4434 0.099244
4435 0.099223
4436 0.099201
4437 0.099180
4438 0.099159
4439 0.099137
4440 0.099116
4441 0.099094
4442 0.099073
4443 0.099052
4444 0.099031
4445 0.099009
4446 0.098988
4447 0.098967
4448 0.098946
4449 0.098924
4450 0.098903
4451 0.098882
4452 0.098861
4453 0.098840
4454 0.098819
4455 0.098797
4456 0.098776
4457 0.098755
4458 0.098734
4459 0.098713
4460 0.098692
4461 0.098671
4462 0.098650
4463 0.098629
4464 0.098608
4465 0.098587
4466 0.098566
4467 0.098545
4468 0.098525
4469 0.098504
4470 0.098483
4471 0.098462
4472 0.098441
4473 0.098420
4474 0.098399
4475 0.098379
4476 0.098358
4477 0.098337
4478 0.098316
4479 0.098296
4480 0.098275
4481 0.098254
4482 0.098234
4483 0.098213
4484 0.098192
4485 0.098172
4486 0.098151
4487 0.098130
4488 0.098110
4489 0.098089
4490 0.098069
4491 0.098048
4492 0.098028
4493 0.098007
4494 0.097987
4495 0.097966
4496 0.097946
4497 0.097925
4498 0.097905
4499 0.097885
4500 0.097864
4501 0.097844
4502 0.097823
4503 0.097803
4504 0.097783
4505 0.097762
4506 0.097742
4507 0.097722
4508 0.097702
4509 0.097681
4510 0.097661
4511 0.097641
4512 0.097621
4513 0.097600
4514 0.097580
4515 0.097560
4516 0.097540
4517 0.097520
4518 0.097500
4519 0.097480
4520 0.097460
4521 0.097440
4522 0.097419
4523 0.097399
4524 0.097379
4525 0.097359
4526 0.097339
4527 0.097319
4528 0.097300
4529 0.097280
4530 0.097260
4531 0.097240
4532 0.097220
4533 0.097200
4534 0.097180
4535 0.097160
4536 0.097140
4537 0.097121
4538 0.097101
4539 0.097081
4540 0.097061
4541 0.097041
4542 0.097022
4543 0.097002
4544 0.096982
4545 0.096963
4546 0.096943
4547 0.096923
4548 0.096904
4549 0.096884
4550 0.096864
4551 0.096845
4552 0.096825
4553 0.096806
4554 0.096786
4555 0.096766
4556 0.096747
4557 0.096727
4558 0.096708
4559 0.096688
4560 0.096669
4561 0.096649
4562 0.096630
4563 0.096611
4564 0.096591
4565 0.096572
4566 0.096552
4567 0.096533
4568 0.096514
4569 0.096494
4570 0.096475
4571 0.096456
4572 0.096436
4573 0.096417
4574 0.096398
4575 0.096378
4576 0.096359
4577 0.096340
4578 0.096321
4579 0.096301
4580 0.096282
4581 0.096263
4582 0.096244
4583 0.096225
4584 0.096206
4585 0.096186
4586 0.096167
4587 0.096148
4588 0.096129
4589 0.096110
4590 0.096091
4591 0.096072
4592 0.096053
4593 0.096034
4594 0.096015
4595 0.095996
4596 0.095977
4597 0.095958
4598 0.095939
4599 0.095920
4600 0.095901
4601 0.095882
4602 0.095863
4603 0.095845
4604 0.095826
4605 0.095807
4606 0.095788
4607 0.095769
4608 0.095750
4609 0.095731
4610 0.095713
4611 0.095694
4612 0.095675
4613 0.095656
4614 0.095638
4615 0.095619
4616 0.095600
4617 0.095581
4618 0.095563
4619 0.095544
4620 0.095525
4621 0.095507
4622 0.095488
4623 0.095469
4624 0.095451
4625 0.095432
4626 0.095414
4627 0.095395
4628 0.095376
4629 0.095358
4630 0.095339
4631 0.095321
4632 0.095302
4633 0.095284
4634 0.095265
4635 0.095247
4636 0.095228
4637 0.095210
4638 0.095191
4639 0.095173
4640 0.095155
4641 0.095136
4642 0.095118
4643 0.095099
4644 0.095081
4645 0.095063
4646 0.095044
4647 0.095026
4648 0.095007
4649 0.094989
4650 0.094971
4651 0.094953
4652 0.094934
4653 0.094916
4654 0.094898
4655 0.094879
4656 0.094861
4657 0.094843
4658 0.094825
4659 0.094806
4660 0.094788
4661 0.094770
4662 0.094752
4663 0.094734
4664 0.094715
4665 0.094697
4666 0.094679
4667 0.094661
4668 0.094643
4669 0.094625
4670 0.094607
4671 0.094589
4672 0.094570
4673 0.094552
4674 0.094534
4675 0.094516
4676 0.094498
4677 0.094480
4678 0.094462
4679 0.094444
4680 0.094426
4681 0.094408
4682 0.094390
4683 0.094372
4684 0.094354
4685 0.094336
4686 0.094318
4687 0.094300
4688 0.094282
4689 0.094265
4690 0.094247
4691 0.094229
4692 0.094211
4693 0.094193
4694 0.094175
4695 0.094157
4696 0.094139
4697 0.094121
4698 0.094104
4699 0.094086
4700 0.094068
4701 0.094050
4702 0.094032
4703 0.094015
4704 0.093997
4705 0.093979
4706 0.093961
4707 0.093943
4708 0.093926
4709 0.093908
4710 0.093890
4711 0.093872
4712 0.093855
4713 0.093837
4714 0.093819
4715 0.093802
4716 0.093784
4717 0.093766
4718 0.093749
4719 0.093731
4720 0.093713
4721 0.093696
4722 0.093678
4723 0.093660
4724 0.093643
4725 0.093625
4726 0.093607
4727 0.093590
4728 0.093572
4729 0.093555
4730 0.093537
4731 0.093519
4732 0.093502
4733 0.093484
4734 0.093467
4735 0.093449
4736 0.093432
4737 0.093414
4738 0.093397
4739 0.093379
4740 0.093362
4741 0.093344
4742 0.093327
4743 0.093309
4744 0.093292
4745 0.093274
4746 0.093257
4747 0.093239
4748 0.093222
4749 0.093204
4750 0.093187
4751 0.093169
4752 0.093152
4753 0.093135
4754 0.093117
4755 0.093100
4756 0.093082
4757 0.093065
4758 0.093048
4759 0.093030
4760 0.093013
4761 0.092995
4762 0.092978
4763 0.092961
4764 0.092943
4765 0.092926
4766 0.092909
4767 0.092891
4768 0.092874
4769 0.092857
4770 0.092839
4771 0.092822
4772 0.092805
4773 0.092787
4774 0.092770
4775 0.092753
4776 0.092735
4777 0.092718
4778 0.092701
4779 0.092684
4780 0.092666
4781 0.092649
4782 0.092632
4783 0.092615
4784 0.092597
4785 0.092580
4786 0.092563
4787 0.092546
4788 0.092528
4789 0.092511
4790 0.092494
4791 0.092477
4792 0.092459
4793 0.092442
4794 0.092425
4795 0.092408
4796 0.092391
4797 0.092373
4798 0.092356
4799 0.092339
4800 0.092322
4801 0.092305
4802 0.092288
4803 0.092270
4804 0.092253
4805 0.092236
4806 0.092219
4807 0.092202
4808 0.092185
4809 0.092168
4810 0.092150
4811 0.092133
4812 0.092116
4813 0.092099
4814 0.092082
4815 0.092065
4816 0.092048
4817 0.092031
4818 0.092013
4819 0.091996
4820 0.091979
4821 0.091962
4822 0.091945
4823 0.091928
4824 0.091911
4825 0.091894
4826 0.091877
4827 0.091860
4828 0.091843
4829 0.091826
4830 0.091809
4831 0.091791
4832 0.091774
4833 0.091757
4834 0.091740
4835 0.091723
4836 0.091706
4837 0.091689
4838 0.091672
4839 0.091655
4840 0.091638
4841 0.091621
4842 0.091604
4843 0.091587
4844 0.091570
4845 0.091553
4846 0.091536
4847 0.091519
4848 0.091502
4849 0.091485
4850 0.091468
4851 0.091451
4852 0.091434
4853 0.091417
4854 0.091400
4855 0.091383
4856 0.091366
4857 0.091349
4858 0.091332
4859 0.091315
4860 0.091298
4861 0.091281
4862 0.091264
4863 0.091247
4864 0.091230
4865 0.091213
4866 0.091196
4867 0.091179
4868 0.091162
4869 0.091145
4870 0.091128
4871 0.091112
4872 0.091095
4873 0.091078
4874 0.091061
4875 0.091044
4876 0.091027
4877 0.091010
4878 0.090993
4879 0.090976
4880 0.090959
4881 0.090942
4882 0.090925
4883 0.090908
4884 0.090891
4885 0.090874
4886 0.090857
4887 0.090841
4888 0.090824
4889 0.090807
4890 0.090790
4891 0.090773
4892 0.090756
4893 0.090739
4894 0.090722
4895 0.090705
4896 0.090688
4897 0.090671
4898 0.090655
4899 0.090638
4900 0.090621
4901 0.090604
4902 0.090587
4903 0.090570
4904 0.090553
4905 0.090536
4906 0.090519
4907 0.090503
4908 0.090486
4909 0.090469
4910 0.090452
4911 0.090435
4912 0.090418
4913 0.090401
4914 0.090384
4915 0.090367
4916 0.090351
4917 0.090334
4918 0.090317
4919 0.090300
4920 0.090283
4921 0.090266
4922 0.090249
4923 0.090232
4924 0.090216
4925 0.090199
4926 0.090182
4927 0.090165
4928 0.090148
4929 0.090131
4930 0.090114
4931 0.090098
4932 0.090081
4933 0.090064
4934 0.090047
4935 0.090030
4936 0.090013
4937 0.089996
4938 0.089980
4939 0.089963
4940 0.089946
4941 0.089929
4942 0.089912
4943 0.089895
4944 0.089878
4945 0.089862
4946 0.089845
4947 0.089828
4948 0.089811
4949 0.089794
4950 0.089777
4951 0.089760
4952 0.089744
4953 0.089727
4954 0.089710
4955 0.089693
4956 0.089676
4957 0.089659
4958 0.089643
4959 0.089626
4960 0.089609
4961 0.089592
4962 0.089575
4963 0.089558
4964 0.089541
4965 0.089525
4966 0.089508
4967 0.089491
4968 0.089474
4969 0.089457
4970 0.089440
4971 0.089424
4972 0.089407
4973 0.089390
4974 0.089373
4975 0.089356
4976 0.089339
4977 0.089323
4978 0.089306
4979 0.089289
4980 0.089272
4981 0.089255
4982 0.089238
4983 0.089222
4984 0.089205
4985 0.089188
4986 0.089171
4987 0.089154
4988 0.089137
4989 0.089121
4990 0.089104
4991 0.089087
4992 0.089070
4993 0.089053
4994 0.089037
4995 0.089020
4996 0.089003
4997 0.088986
4998 0.088969
4999 0.088952
