0 29.638578
1 28.883383
2 29.232610
3 29.400977
4 29.479362
5 29.527833
6 29.565034
7 29.595788
8 29.619899
9 29.633226
10 29.626608
11 29.588544
12 29.509611
13 29.369529
14 29.122074
15 28.705041
16 28.062904
17 27.179514
18 26.055994
19 24.711853
20 23.248672
21 21.800866
22 20.447492
23 19.202212
24 18.046316
25 16.953017
26 15.903882
27 14.896889
28 13.940371
29 13.042893
30 12.207436
31 11.431451
32 10.709518
33 10.035710
34 9.404878
35 8.813087
36 8.257556
37 7.736347
38 7.248010
39 6.791283
40 6.364921
41 5.967694
42 5.598485
43 5.256266
44 4.939932
45 4.648190
46 4.379590
47 4.132635
48 3.905839
49 3.697753
50 3.506976
51 3.332169
52 3.172071
53 3.025498
54 2.891345
55 2.768573
56 2.656200
57 2.553291
58 2.458957
59 2.372357
60 2.292699
61 2.219246
62 2.151324
63 2.088323
64 2.029701
65 1.974978
66 1.923738
67 1.875620
68 1.830315
69 1.787557
70 1.747118
71 1.708802
72 1.672441
73 1.637888
74 1.605015
75 1.573710
76 1.543874
77 1.515419
78 1.488264
79 1.462338
80 1.437575
81 1.413913
82 1.391298
83 1.369678
84 1.349002
85 1.329227
86 1.310308
87 1.292206
88 1.274881
89 1.258297
90 1.242418
91 1.227212
92 1.212647
93 1.198693
94 1.185320
95 1.172502
96 1.160213
97 1.148427
98 1.137122
99 1.126274
100 1.115864
101 1.105871
102 1.096276
103 1.087062
104 1.078212
105 1.069710
106 1.061542
107 1.053693
108 1.046151
109 1.038904
110 1.031940
111 1.025249
112 1.018820
113 1.012644
114 1.006712
115 1.001016
116 0.995549
117 0.990302
118 0.985270
119 0.980444
120 0.975821
121 0.971392
122 0.967154
123 0.963100
124 0.959226
125 0.955528
126 0.951999
127 0.948636
128 0.945435
129 0.942392
130 0.939502
131 0.936762
132 0.934169
133 0.931718
134 0.929405
135 0.927229
136 0.925184
137 0.923269
138 0.921479
139 0.919812
140 0.918264
141 0.916832
142 0.915514
143 0.914307
144 0.913207
145 0.912211
146 0.911318
147 0.910524
148 0.909826
149 0.909223
150 0.908710
151 0.908286
152 0.907949
153 0.907695
154 0.907523
155 0.907429
156 0.907412
157 0.907470
158 0.907599
159 0.907799
160 0.908067
161 0.908400
162 0.908797
163 0.909257
164 0.909776
165 0.910353
166 0.910987
167 0.911675
168 0.912416
169 0.913208
170 0.914049
171 0.914939
172 0.915874
173 0.916855
174 0.917879
175 0.918945
176 0.920052
177 0.921198
178 0.922382
179 0.923602
180 0.924858
181 0.926148
182 0.927471
183 0.928826
184 0.930212
185 0.931627
186 0.933071
187 0.934541
188 0.936039
189 0.937561
190 0.939107
191 0.940677
192 0.942268
193 0.943881
194 0.945514
195 0.947165
196 0.948835
197 0.950521
198 0.952224
199 0.953941
200 0.955672
201 0.957416
202 0.959172
203 0.960938
204 0.962714
205 0.964499
206 0.966291
207 0.968089
208 0.969892
209 0.971700
210 0.973510
211 0.975322
212 0.977134
213 0.978946
214 0.980755
215 0.982562
216 0.984364
217 0.986160
218 0.987949
219 0.989730
220 0.991502
221 0.993263
222 0.995013
223 0.996749
224 0.998471
225 1.000178
226 1.001869
227 1.003543
228 1.005199
229 1.006837
230 1.008456
231 1.010056
232 1.011636
233 1.013196
234 1.014738
235 1.016261
236 1.017766
237 1.019255
238 1.020729
239 1.022189
240 1.023637
241 1.025076
242 1.026508
243 1.027935
244 1.029361
245 1.030786
246 1.032215
247 1.033650
248 1.035092
249 1.036544
250 1.038008
251 1.039485
252 1.040977
253 1.042484
254 1.044007
255 1.045546
256 1.047102
257 1.048674
258 1.050263
259 1.051868
260 1.053489
261 1.055125
262 1.056775
263 1.058438
264 1.060114
265 1.061801
266 1.063496
267 1.065199
268 1.066905
269 1.068613
270 1.070319
271 1.072018
272 1.073707
273 1.075381
274 1.077035
275 1.078665
276 1.080265
277 1.081831
278 1.083357
279 1.084839
280 1.086273
281 1.087654
282 1.088979
283 1.090243
284 1.091445
285 1.092581
286 1.093649
287 1.094647
288 1.095574
289 1.096428
290 1.097210
291 1.097918
292 1.098552
293 1.099113
294 1.099602
295 1.100019
296 1.100366
297 1.100643
298 1.100852
299 1.100995
300 1.101074
301 1.101091
302 1.101048
303 1.100947
304 1.100791
305 1.100581
306 1.100321
307 1.100013
308 1.099660
309 1.099263
310 1.098826
311 1.098352
312 1.097842
313 1.097300
314 1.096728
315 1.096128
316 1.095502
317 1.094854
318 1.094185
319 1.093497
320 1.092793
321 1.092075
322 1.091344
323 1.090603
324 1.089853
325 1.089096
326 1.088333
327 1.087567
328 1.086798
329 1.086029
330 1.085259
331 1.084490
332 1.083724
333 1.082962
334 1.082203
335 1.081450
336 1.080703
337 1.079962
338 1.079229
339 1.078503
340 1.077786
341 1.077077
342 1.076378
343 1.075689
344 1.075009
345 1.074339
346 1.073680
347 1.073031
348 1.072392
349 1.071765
350 1.071148
351 1.070542
352 1.069947
353 1.069362
354 1.068789
355 1.068226
356 1.067674
357 1.067132
358 1.066601
359 1.066080
360 1.065569
361 1.065069
362 1.064578
363 1.064097
364 1.063626
365 1.063164
366 1.062711
367 1.062268
368 1.061833
369 1.061407
370 1.060989
371 1.060580
372 1.060179
373 1.059786
374 1.059401
375 1.059023
376 1.058652
377 1.058289
378 1.057933
379 1.057584
380 1.057241
381 1.056905
382 1.056575
383 1.056251
384 1.055933
385 1.055622
386 1.055315
387 1.055015
388 1.054719
389 1.054429
390 1.054144
391 1.053864
392 1.053589
393 1.053318
394 1.053052
395 1.052791
396 1.052533
397 1.052280
398 1.052031
399 1.051786
400 1.051545
401 1.051308
402 1.051074
403 1.050844
404 1.050617
405 1.050394
406 1.050174
407 1.049958
408 1.049744
409 1.049534
410 1.049326
411 1.049122
412 1.048920
413 1.048721
414 1.048525
415 1.048331
416 1.048141
417 1.047952
418 1.047766
419 1.047583
420 1.047402
421 1.047224
422 1.047047
423 1.046873
424 1.046702
425 1.046532
426 1.046365
427 1.046199
428 1.046036
429 1.045875
430 1.045716
431 1.045558
432 1.045403
433 1.045250
434 1.045098
435 1.044949
436 1.044801
437 1.044655
438 1.044511
439 1.044368
440 1.044227
441 1.044088
442 1.043951
443 1.043815
444 1.043681
445 1.043549
446 1.043418
447 1.043289
448 1.043161
449 1.043035
450 1.042911
451 1.042788
452 1.042666
453 1.042546
454 1.042428
455 1.042311
456 1.042195
457 1.042081
458 1.041969
459 1.041857
460 1.041748
461 1.041639
462 1.041532
463 1.041426
464 1.041322
465 1.041219
466 1.041117
467 1.041017
468 1.040918
469 1.040820
470 1.040724
471 1.040628
472 1.040534
473 1.040442
474 1.040350
475 1.040260
476 1.040171
477 1.040084
478 1.039997
479 1.039912
480 1.039828
481 1.039745
482 1.039663
483 1.039582
484 1.039503
485 1.039425
486 1.039348
487 1.039272
488 1.039197
489 1.039123
490 1.039050
491 1.038979
492 1.038908
493 1.038839
494 1.038770
495 1.038703
496 1.038637
497 1.038572
498 1.038507
499 1.038444
500 1.038382
501 1.038321
502 1.038261
503 1.038202
504 1.038144
505 1.038087
506 1.038030
507 1.037975
508 1.037921
509 1.037868
510 1.037815
511 1.037764
512 1.037713
513 1.037664
514 1.037615
515 1.037567
516 1.037520
517 1.037474
518 1.037429
519 1.037385
520 1.037341
521 1.037299
522 1.037257
523 1.037216
524 1.037176
525 1.037137
526 1.037098
527 1.037061
528 1.037024
529 1.036988
530 1.036953
531 1.036918
532 1.036885
533 1.036852
534 1.036820
535 1.036788
536 1.036758
537 1.036728
538 1.036699
539 1.036670
540 1.036643
541 1.036616
542 1.036590
543 1.036564
544 1.036539
545 1.036515
546 1.036492
547 1.036469
548 1.036447
549 1.036426
550 1.036405
551 1.036385
552 1.036365
553 1.036347
554 1.036329
555 1.036311
556 1.036294
557 1.036278
558 1.036262
559 1.036247
560 1.036233
561 1.036219
562 1.036206
563 1.036194
564 1.036182
565 1.036170
566 1.036160
567 1.036149
568 1.036140
569 1.036131
570 1.036122
571 1.036114
572 1.036107
573 1.036100
574 1.036094
575 1.036088
576 1.036083
577 1.036079
578 1.036074
579 1.036071
580 1.036068
581 1.036065
582 1.036063
583 1.036062
584 1.036061
585 1.036061
586 1.036061
587 1.036061
588 1.036063
589 1.036064
590 1.036066
591 1.036069
592 1.036072
593 1.036076
594 1.036080
595 1.036084
596 1.036089
597 1.036095
598 1.036101
599 1.036107
600 1.036114
601 1.036122
602 1.036130
603 1.036138
604 1.036147
605 1.036156
606 1.036166
607 1.036176
608 1.036187
609 1.036198
610 1.036210
611 1.036222
612 1.036235
613 1.036248
614 1.036261
615 1.036275
616 1.036289
617 1.036304
618 1.036320
619 1.036335
620 1.036352
621 1.036368
622 1.036385
623 1.036403
624 1.036421
625 1.036439
626 1.036458
627 1.036478
628 1.036498
629 1.036518
630 1.036539
631 1.036560
632 1.036581
633 1.036604
634 1.036626
635 1.036649
636 1.036673
637 1.036696
638 1.036721
639 1.036746
640 1.036771
641 1.036797
642 1.036823
643 1.036850
644 1.036877
645 1.036905
646 1.036933
647 1.036961
648 1.036990
649 1.037020
650 1.037050
651 1.037080
652 1.037111
653 1.037143
654 1.037174
655 1.037207
656 1.037240
657 1.037273
658 1.037307
659 1.037341
660 1.037376
661 1.037412
662 1.037448
663 1.037484
664 1.037521
665 1.037558
666 1.037596
667 1.037635
668 1.037673
669 1.037713
670 1.037753
671 1.037793
672 1.037835
673 1.037876
674 1.037918
675 1.037961
676 1.038004
677 1.038048
678 1.038092
679 1.038137
680 1.038183
681 1.038229
682 1.038275
683 1.038323
684 1.038370
685 1.038419
686 1.038468
687 1.038517
688 1.038567
689 1.038618
690 1.038669
691 1.038721
692 1.038774
693 1.038827
694 1.038881
695 1.038935
696 1.038990
697 1.039046
698 1.039102
699 1.039159
700 1.039217
701 1.039275
702 1.039334
703 1.039394
704 1.039454
705 1.039515
706 1.039577
707 1.039639
708 1.039702
709 1.039766
710 1.039830
711 1.039895
712 1.039961
713 1.040028
714 1.040095
715 1.040163
716 1.040232
717 1.040302
718 1.040372
719 1.040443
720 1.040515
721 1.040588
722 1.040661
723 1.040735
724 1.040810
725 1.040886
726 1.040963
727 1.041040
728 1.041118
729 1.041197
730 1.041277
731 1.041358
732 1.041440
733 1.041522
734 1.041606
735 1.041690
736 1.041775
737 1.041861
738 1.041948
739 1.042035
740 1.042124
741 1.042214
742 1.042304
743 1.042395
744 1.042488
745 1.042581
746 1.042675
747 1.042771
748 1.042867
749 1.042964
750 1.043062
751 1.043161
752 1.043261
753 1.043362
754 1.043465
755 1.043568
756 1.043672
757 1.043777
758 1.043883
759 1.043991
760 1.044099
761 1.044209
762 1.044319
763 1.044431
764 1.044544
765 1.044658
766 1.044773
767 1.044889
768 1.045006
769 1.045125
770 1.045244
771 1.045365
772 1.045487
773 1.045610
774 1.045734
775 1.045860
776 1.045986
777 1.046114
778 1.046243
779 1.046374
780 1.046505
781 1.046638
782 1.046772
783 1.046908
784 1.047045
785 1.047183
786 1.047322
787 1.047463
788 1.047605
789 1.047748
790 1.047893
791 1.048039
792 1.048186
793 1.048335
794 1.048485
795 1.048637
796 1.048789
797 1.048944
798 1.049100
799 1.049257
800 1.049416
801 1.049576
802 1.049738
803 1.049901
804 1.050065
805 1.050231
806 1.050399
807 1.050568
808 1.050739
809 1.050911
810 1.051085
811 1.051261
812 1.051438
813 1.051616
814 1.051796
815 1.051978
816 1.052161
817 1.052347
818 1.052533
819 1.052722
820 1.052912
821 1.053103
822 1.053297
823 1.053492
824 1.053688
825 1.053887
826 1.054087
827 1.054289
828 1.054493
829 1.054698
830 1.054906
831 1.055115
832 1.055325
833 1.055538
834 1.055753
835 1.055969
836 1.056187
837 1.056407
838 1.056628
839 1.056852
840 1.057077
841 1.057305
842 1.057534
843 1.057765
844 1.057998
845 1.058233
846 1.058470
847 1.058708
848 1.058949
849 1.059191
850 1.059436
851 1.059682
852 1.059930
853 1.060181
854 1.060433
855 1.060687
856 1.060943
857 1.061201
858 1.061461
859 1.061723
860 1.061987
861 1.062252
862 1.062520
863 1.062790
864 1.063061
865 1.063335
866 1.063610
867 1.063888
868 1.064167
869 1.064448
870 1.064731
871 1.065016
872 1.065303
873 1.065592
874 1.065883
875 1.066174
876 1.066470
877 1.066764
878 1.067064
879 1.067361
880 1.067666
881 1.067964
882 1.068276
883 1.068572
884 1.068894
885 1.069185
886 1.069522
887 1.069800
888 1.070162
889 1.070414
890 1.070816
891 1.071023
892 1.071491
893 1.071618
894 1.072194
895 1.072191
896 1.072939
897 1.072725
898 1.073740
899 1.073203
900 1.074618
901 1.073603
902 1.075597
903 1.073904
904 1.076698
905 1.074090
906 1.077936
907 1.074158
908 1.079310
909 1.074126
910 1.080789
911 1.074043
912 1.082306
913 1.073984
914 1.083754
915 1.074039
916 1.085011
917 1.074289
918 1.085969
919 1.074787
920 1.086578
921 1.075548
922 1.086854
923 1.076553
924 1.086863
925 1.077765
926 1.086700
927 1.079128
928 1.086466
929 1.080573
930 1.086257
931 1.082021
932 1.086156
933 1.083394
934 1.086215
935 1.084633
936 1.086452
937 1.085713
938 1.086849
939 1.086645
940 1.087367
941 1.087461
942 1.087962
943 1.088201
944 1.088596
945 1.088894
946 1.089244
947 1.089562
948 1.089893
949 1.090213
950 1.090536
951 1.090854
952 1.091171
953 1.091486
954 1.091798
955 1.092109
956 1.092418
957 1.092725
958 1.093030
959 1.093334
960 1.093636
961 1.093936
962 1.094235
963 1.094532
964 1.094827
965 1.095122
966 1.095414
967 1.095706
968 1.095996
969 1.096285
970 1.096573
971 1.096859
972 1.097144
973 1.097428
974 1.097711
975 1.097993
976 1.098273
977 1.098553
978 1.098831
979 1.099109
980 1.099385
981 1.099661
982 1.099935
983 1.100209
984 1.100481
985 1.100753
986 1.101023
987 1.101293
988 1.101562
989 1.101830
990 1.102097
991 1.102363
992 1.102629
993 1.102893
994 1.103157
995 1.103420
996 1.103682
997 1.103943
998 1.104203
999 1.104463
1000 1.104722
1001 1.104980
1002 1.105237
1003 1.105494
1004 1.105750
1005 1.106005
1006 1.106259
1007 1.106512
1008 1.106765
1009 1.107017
1010 1.107269
1011 1.107519
1012 1.107769
1013 1.108018
1014 1.108267
1015 1.108515
1016 1.108762
1017 1.109008
1018 1.109254
1019 1.109499
1020 1.109744
1021 1.109988
1022 1.110231
1023 1.110473
1024 1.110715
1025 1.110956
1026 1.111197
1027 1.111437
1028 1.111676
1029 1.111914
1030 1.112152
1031 1.112390
1032 1.112626
1033 1.112862
1034 1.113098
1035 1.113333
1036 1.113567
1037 1.113801
1038 1.114034
1039 1.114266
1040 1.114498
1041 1.114729
1042 1.114960
1043 1.115190
1044 1.115419
1045 1.115648
1046 1.115876
1047 1.116104
1048 1.116331
1049 1.116558
1050 1.116783
1051 1.117009
1052 1.117234
1053 1.117458
1054 1.117681
1055 1.117904
1056 1.118127
1057 1.118349
1058 1.118570
1059 1.118791
1060 1.119011
1061 1.119231
1062 1.119450
1063 1.119669
1064 1.119887
1065 1.120104
1066 1.120321
1067 1.120537
1068 1.120753
1069 1.120968
1070 1.121183
1071 1.121397
1072 1.121611
1073 1.121824
1074 1.122036
1075 1.122248
1076 1.122459
1077 1.122670
1078 1.122881
1079 1.123090
1080 1.123300
1081 1.123508
1082 1.123716
1083 1.123924
1084 1.124131
1085 1.124338
1086 1.124544
1087 1.124749
1088 1.124954
1089 1.125158
1090 1.125362
1091 1.125565
1092 1.125768
1093 1.125970
1094 1.126172
1095 1.126373
1096 1.126574
1097 1.126774
1098 1.126974
1099 1.127174
1100 1.127372
1101 1.127570
1102 1.127766
1103 1.127960
1104 1.128154
1105 1.128347
1106 1.128541
1107 1.128741
1108 1.128946
1109 1.129158
1110 1.129372
1111 1.129579
1112 1.129764
1113 1.129912
1114 1.130011
1115 1.130071
1116 1.130132
1117 1.130276
1118 1.130605
1119 1.131209
1120 1.132106
1121 1.133182
1122 1.134138
1123 1.134422
1124 1.133204
1125 1.129731
1126 1.124744
1127 1.121899
1128 1.124617
1129 1.132608
1130 1.145984
1131 1.173635
1132 1.257423
1133 1.071080
1134 1.100895
1135 1.109031
1136 1.118968
1137 1.128113
1138 1.136441
1139 1.144261
1140 1.152127
1141 1.161421
1142 1.177114
1143 1.216016
1144 1.187138
1145 1.179343
1146 1.119981
1147 1.022370
1148 1.137362
1149 1.061162
1150 1.083962
1151 1.094034
1152 1.107485
1153 1.117218
1154 1.124420
1155 1.129479
1156 1.132544
1157 1.133679
1158 1.133198
1159 1.132043
1160 1.131650
1161 1.132928
1162 1.135609
1163 1.138732
1164 1.141210
1165 1.141904
1166 1.139779
1167 1.135125
1168 1.131473
1169 1.132743
1170 1.137980
1171 1.144448
1172 1.150341
1173 1.153943
1174 1.151947
1175 1.138988
1176 1.120871
1177 1.124645
1178 1.135589
1179 1.145295
1180 1.152708
1181 1.156542
1182 1.153165
1183 1.137583
1184 1.121833
1185 1.129686
1186 1.139256
1187 1.145938
1188 1.149103
1189 1.147456
1190 1.141030
1191 1.135455
1192 1.136963
1193 1.141781
1194 1.145625
1195 1.146787
1196 1.144998
1197 1.141940
1198 1.140737
1199 1.142157
1200 1.144251
1201 1.145386
1202 1.145176
1203 1.144296
1204 1.143813
1205 1.144127
1206 1.144778
1207 1.145215
1208 1.145301
1209 1.145240
1210 1.145267
1211 1.145428
1212 1.145628
1213 1.145788
1214 1.145905
1215 1.146014
1216 1.146132
1217 1.146258
1218 1.146382
1219 1.146502
1220 1.146618
1221 1.146734
1222 1.146848
1223 1.146961
1224 1.147072
1225 1.147182
1226 1.147290
1227 1.147397
1228 1.147502
1229 1.147606
1230 1.147708
1231 1.147809
1232 1.147908
1233 1.148006
1234 1.148102
1235 1.148196
1236 1.148289
1237 1.148380
1238 1.148470
1239 1.148558
1240 1.148644
1241 1.148729
1242 1.148811
1243 1.148892
1244 1.148971
1245 1.149048
1246 1.149124
1247 1.149197
1248 1.149268
1249 1.149338
1250 1.149405
1251 1.149470
1252 1.149533
1253 1.149593
1254 1.149652
1255 1.149708
1256 1.149761
1257 1.149812
1258 1.149861
1259 1.149907
1260 1.149950
1261 1.149991
1262 1.150029
1263 1.150064
1264 1.150096
1265 1.150125
1266 1.150150
1267 1.150173
1268 1.150192
1269 1.150208
1270 1.150221
1271 1.150230
1272 1.150235
1273 1.150236
1274 1.150233
1275 1.150227
1276 1.150216
1277 1.150200
1278 1.150181
1279 1.150157
1280 1.150128
1281 1.150094
1282 1.150055
1283 1.150011
1284 1.149961
1285 1.149906
1286 1.149845
1287 1.149778
1288 1.149705
1289 1.149626
1290 1.149540
1291 1.149447
1292 1.149347
1293 1.149240
1294 1.149125
1295 1.149003
1296 1.148872
1297 1.148733
1298 1.148585
1299 1.148429
1300 1.148263
1301 1.148088
1302 1.147902
1303 1.147707
1304 1.147501
1305 1.147283
1306 1.147055
1307 1.146815
1308 1.146563
1309 1.146298
1310 1.146021
1311 1.145730
1312 1.145426
1313 1.145107
1314 1.144775
1315 1.144427
1316 1.144065
1317 1.143685
1318 1.143293
1319 1.142880
1320 1.142455
1321 1.142009
1322 1.141550
1323 1.141069
1324 1.140575
1325 1.140059
1326 1.139529
1327 1.138976
1328 1.138410
1329 1.137822
1330 1.137219
1331 1.136595
1332 1.135956
1333 1.135298
1334 1.134624
1335 1.133932
1336 1.133226
1337 1.132503
1338 1.131765
1339 1.131013
1340 1.130248
1341 1.129470
1342 1.128680
1343 1.127880
1344 1.127070
1345 1.126252
1346 1.125426
1347 1.124593
1348 1.123755
1349 1.122913
1350 1.122067
1351 1.121220
1352 1.120371
1353 1.119522
1354 1.118674
1355 1.117828
1356 1.116985
1357 1.116145
1358 1.115310
1359 1.114480
1360 1.113655
1361 1.112837
1362 1.112025
1363 1.111221
1364 1.110424
1365 1.109636
1366 1.108855
1367 1.108083
1368 1.107320
1369 1.106565
1370 1.105819
1371 1.105081
1372 1.104353
1373 1.103633
1374 1.102922
1375 1.102220
1376 1.101525
1377 1.100839
1378 1.100161
1379 1.099491
1380 1.098829
1381 1.098174
1382 1.097526
1383 1.096885
1384 1.096251
1385 1.095624
1386 1.095002
1387 1.094387
1388 1.093777
1389 1.093173
1390 1.092574
1391 1.091979
1392 1.091390
1393 1.090805
1394 1.090225
1395 1.089648
1396 1.089076
1397 1.088506
1398 1.087941
1399 1.087378
1400 1.086819
1401 1.086263
1402 1.085709
1403 1.085157
1404 1.084608
1405 1.084061
1406 1.083516
1407 1.082973
1408 1.082432
1409 1.081892
1410 1.081354
1411 1.080817
1412 1.080281
1413 1.079747
1414 1.079213
1415 1.078680
1416 1.078148
1417 1.077617
1418 1.077086
1419 1.076556
1420 1.076026
1421 1.075497
1422 1.074968
1423 1.074439
1424 1.073911
1425 1.073382
1426 1.072854
1427 1.072325
1428 1.071797
1429 1.071268
1430 1.070739
1431 1.070210
1432 1.069681
1433 1.069151
1434 1.068621
1435 1.068091
1436 1.067561
1437 1.067030
1438 1.066498
1439 1.065966
1440 1.065434
1441 1.064901
1442 1.064368
1443 1.063834
1444 1.063299
1445 1.062764
1446 1.062228
1447 1.061692
1448 1.061155
1449 1.060617
1450 1.060079
1451 1.059539
1452 1.059000
1453 1.058459
1454 1.057918
1455 1.057376
1456 1.056834
1457 1.056291
1458 1.055747
1459 1.055202
1460 1.054657
1461 1.054111
1462 1.053564
1463 1.053016
1464 1.052468
1465 1.051919
1466 1.051369
1467 1.050819
1468 1.050268
1469 1.049716
1470 1.049163
1471 1.048610
1472 1.048056
1473 1.047501
1474 1.046946
1475 1.046390
1476 1.045833
1477 1.045276
1478 1.044718
1479 1.044159
1480 1.043600
1481 1.043040
1482 1.042480
1483 1.041918
1484 1.041357
1485 1.040794
1486 1.040231
1487 1.039668
1488 1.039104
1489 1.038539
1490 1.037974
1491 1.037408
1492 1.036842
1493 1.036275
1494 1.035708
1495 1.035140
1496 1.034572
1497 1.034003
1498 1.033434
1499 1.032865
1500 1.032295
1501 1.031724
1502 1.031153
1503 1.030582
1504 1.030011
1505 1.029439
1506 1.028866
1507 1.028294
1508 1.027721
1509 1.027147
1510 1.026574
1511 1.026000
1512 1.025425
1513 1.024851
1514 1.024276
1515 1.023701
1516 1.023126
1517 1.022550
1518 1.021975
1519 1.021399
1520 1.020823
1521 1.020247
1522 1.019670
1523 1.019094
1524 1.018517
1525 1.017940
1526 1.017363
1527 1.016786
1528 1.016209
1529 1.015632
1530 1.015055
1531 1.014477
1532 1.013900
1533 1.013323
1534 1.012745
1535 1.012168
1536 1.011590
1537 1.011013
1538 1.010436
1539 1.009858
1540 1.009281
1541 1.008704
1542 1.008126
1543 1.007549
1544 1.006972
1545 1.006395
1546 1.005818
1547 1.005241
1548 1.004665
1549 1.004088
1550 1.003512
1551 1.002935
1552 1.002359
1553 1.001783
1554 1.001207
1555 1.000632
1556 1.000056
1557 0.999481
1558 0.998906
1559 0.998331
1560 0.997756
1561 0.997182
1562 0.996608
1563 0.996034
1564 0.995460
1565 0.994886
1566 0.994313
1567 0.993740
1568 0.993167
1569 0.992595
1570 0.992023
1571 0.991451
1572 0.990879
1573 0.990308
1574 0.989737
1575 0.989167
1576 0.988596
1577 0.988026
1578 0.987457
1579 0.986887
1580 0.986318
1581 0.985750
1582 0.985181
1583 0.984613
1584 0.984046
1585 0.983478
1586 0.982911
1587 0.982345
1588 0.981779
1589 0.981213
1590 0.980648
1591 0.980083
1592 0.979518
1593 0.978954
1594 0.978390
1595 0.977827
1596 0.977264
1597 0.976701
1598 0.976139
1599 0.975577
1600 0.975016
1601 0.974455
1602 0.973894
1603 0.973334
1604 0.972774
1605 0.972215
1606 0.971656
1607 0.971098
1608 0.970540
1609 0.969982
1610 0.969425
1611 0.968869
1612 0.968313
1613 0.967757
1614 0.967202
1615 0.966647
1616 0.966092
1617 0.965538
1618 0.964985
1619 0.964432
1620 0.963879
1621 0.963327
1622 0.962775
1623 0.962224
1624 0.961674
1625 0.961123
1626 0.960573
1627 0.960024
1628 0.959475
1629 0.958927
1630 0.958379
1631 0.957831
1632 0.957284
1633 0.956738
1634 0.956192
1635 0.955646
1636 0.955101
1637 0.954556
1638 0.954012
1639 0.953468
1640 0.952925
1641 0.952382
1642 0.951840
1643 0.951298
1644 0.950757
1645 0.950216
1646 0.949675
1647 0.949135
1648 0.948596
1649 0.948057
1650 0.947518
1651 0.946980
1652 0.946443
1653 0.945905
1654 0.945369
1655 0.944833
1656 0.944297
1657 0.943762
1658 0.943227
1659 0.942692
1660 0.942159
1661 0.941625
1662 0.941092
1663 0.940560
1664 0.940028
1665 0.939496
1666 0.938965
1667 0.938434
1668 0.937904
1669 0.937374
1670 0.936845
1671 0.936316
1672 0.935788
1673 0.935260
1674 0.934732
1675 0.934205
1676 0.933679
1677 0.933153
1678 0.932627
1679 0.932102
1680 0.931577
1681 0.931053
1682 0.930529
1683 0.930006
1684 0.929483
1685 0.928960
1686 0.928438
1687 0.927916
1688 0.927395
1689 0.926874
1690 0.926354
1691 0.925834
1692 0.925314
1693 0.924795
1694 0.924277
1695 0.923759
1696 0.923241
1697 0.922723
1698 0.922206
1699 0.921690
1700 0.921174
1701 0.920658
1702 0.920143
1703 0.919628
1704 0.919114
1705 0.918600
1706 0.918086
1707 0.917573
1708 0.917060
1709 0.916548
1710 0.916036
1711 0.915524
1712 0.915013
1713 0.914502
1714 0.913992
1715 0.913482
1716 0.912972
1717 0.912463
1718 0.911954
1719 0.911446
1720 0.910938
1721 0.910430
1722 0.909923
1723 0.909416
1724 0.908910
1725 0.908404
1726 0.907898
1727 0.907392
1728 0.906888
1729 0.906383
1730 0.905879
1731 0.905375
1732 0.904871
1733 0.904368
1734 0.903866
1735 0.903363
1736 0.902861
1737 0.902360
1738 0.901858
1739 0.901357
1740 0.900857
1741 0.900357
1742 0.899857
1743 0.899357
1744 0.898858
1745 0.898359
1746 0.897861
1747 0.897363
1748 0.896865
1749 0.896367
1750 0.895870
1751 0.895374
1752 0.894877
1753 0.894381
1754 0.893885
1755 0.893390
1756 0.892895
1757 0.892400
1758 0.891906
1759 0.891412
1760 0.890918
1761 0.890424
1762 0.889931
1763 0.889438
1764 0.888946
1765 0.888454
1766 0.887962
1767 0.887470
1768 0.886979
1769 0.886488
1770 0.885997
1771 0.885507
1772 0.885017
1773 0.884527
1774 0.884038
1775 0.883549
1776 0.883060
1777 0.882572
1778 0.882083
1779 0.881595
1780 0.881108
1781 0.880620
1782 0.880133
1783 0.879647
1784 0.879160
1785 0.878674
1786 0.878188
1787 0.877703
1788 0.877217
1789 0.876732
1790 0.876247
1791 0.875763
1792 0.875279
1793 0.874795
1794 0.874311
1795 0.873828
1796 0.873345
1797 0.872862
1798 0.872379
1799 0.871897
1800 0.871415
1801 0.870933
1802 0.870452
1803 0.869970
1804 0.869489
1805 0.869009
1806 0.868528
1807 0.868048
1808 0.867568
1809 0.867088
1810 0.866609
1811 0.866130
1812 0.865651
1813 0.865172
1814 0.864694
1815 0.864215
1816 0.863738
1817 0.863260
1818 0.862782
1819 0.862305
1820 0.861828
1821 0.861352
1822 0.860875
1823 0.860399
1824 0.859923
1825 0.859447
1826 0.858972
1827 0.858496
1828 0.858021
1829 0.857547
1830 0.857072
1831 0.856598
1832 0.856124
1833 0.855650
1834 0.855176
1835 0.854703
1836 0.854230
1837 0.853757
1838 0.853284
1839 0.852811
1840 0.852339
1841 0.851867
1842 0.851395
1843 0.850924
1844 0.850452
1845 0.849981
1846 0.849510
1847 0.849040
1848 0.848569
1849 0.848099
1850 0.847629
1851 0.847159
1852 0.846690
1853 0.846220
1854 0.845751
1855 0.845282
1856 0.844813
1857 0.844345
1858 0.843877
1859 0.843409
1860 0.842941
1861 0.842473
1862 0.842006
1863 0.841539
1864 0.841072
1865 0.840605
1866 0.840138
1867 0.839672
1868 0.839206
1869 0.838740
1870 0.838274
1871 0.837809
1872 0.837343
1873 0.836878
1874 0.836414
1875 0.835949
1876 0.835485
1877 0.835020
1878 0.834556
1879 0.834093
1880 0.833629
1881 0.833166
1882 0.832702
1883 0.832240
1884 0.831777
1885 0.831314
1886 0.830852
1887 0.830390
1888 0.829928
1889 0.829466
1890 0.829005
1891 0.828544
1892 0.828083
1893 0.827622
1894 0.827161
1895 0.826701
1896 0.826241
1897 0.825781
1898 0.825321
1899 0.824861
1900 0.824402
1901 0.823943
1902 0.823484
1903 0.823025
1904 0.822567
1905 0.822109
1906 0.821651
1907 0.821193
1908 0.820735
1909 0.820278
1910 0.819821
1911 0.819364
1912 0.818907
1913 0.818450
1914 0.817994
1915 0.817538
1916 0.817082
1917 0.816626
1918 0.816171
1919 0.815716
1920 0.815261
1921 0.814806
1922 0.814352
1923 0.813897
1924 0.813443
1925 0.812989
1926 0.812536
1927 0.812082
1928 0.811629
1929 0.811176
1930 0.810724
1931 0.810271
1932 0.809819
1933 0.809367
1934 0.808915
1935 0.808464
1936 0.808012
1937 0.807561
1938 0.807110
1939 0.806660
1940 0.806209
1941 0.805759
1942 0.805309
1943 0.804860
1944 0.804410
1945 0.803961
1946 0.803512
1947 0.803064
1948 0.802615
1949 0.802167
1950 0.801719
1951 0.801271
1952 0.800824
1953 0.800377
1954 0.799930
1955 0.799483
1956 0.799037
1957 0.798591
1958 0.798145
1959 0.797699
1960 0.797254
1961 0.796808
1962 0.796364
1963 0.795919
1964 0.795475
1965 0.795030
1966 0.794587
1967 0.794143
1968 0.793700
1969 0.793257
1970 0.792814
1971 0.792371
1972 0.791929
1973 0.791487
1974 0.791046
1975 0.790604
1976 0.790163
1977 0.789722
1978 0.789282
1979 0.788841
1980 0.788401
1981 0.787961
1982 0.787522
1983 0.787083
1984 0.786644
1985 0.786205
1986 0.785767
1987 0.785329
1988 0.784891
1989 0.784454
1990 0.784017
1991 0.783580
1992 0.783143
1993 0.782707
1994 0.782271
1995 0.781835
1996 0.781400
1997 0.780965
1998 0.780530
1999 0.780096
2000 0.779662
2001 0.779228
2002 0.778794
2003 0.778361
2004 0.777928
2005 0.777496
2006 0.777063
2007 0.776631
2008 0.776200
2009 0.775768
2010 0.775337
2011 0.774907
2012 0.774476
2013 0.774046
2014 0.773616
2015 0.773187
2016 0.772758
2017 0.772329
2018 0.771901
2019 0.771473
2020 0.771045
2021 0.770617
2022 0.770190
2023 0.769763
2024 0.769337
2025 0.768911
2026 0.768485
2027 0.768060
2028 0.767634
2029 0.767210
2030 0.766785
2031 0.766361
2032 0.765937
2033 0.765514
2034 0.765091
2035 0.764668
2036 0.764246
2037 0.763824
2038 0.763402
2039 0.762981
2040 0.762560
2041 0.762139
2042 0.761719
2043 0.761299
2044 0.760880
2045 0.760461
2046 0.760042
2047 0.759623
2048 0.759205
2049 0.758787
2050 0.758370
2051 0.757953
2052 0.757536
2053 0.757120
2054 0.756704
2055 0.756289
2056 0.755873
2057 0.755458
2058 0.755044
2059 0.754630
2060 0.754216
2061 0.753803
2062 0.753390
2063 0.752977
2064 0.752565
2065 0.752153
2066 0.751742
2067 0.751330
2068 0.750920
2069 0.750509
2070 0.750099
2071 0.749690
2072 0.749280
2073 0.748871
2074 0.748463
2075 0.748055
2076 0.747647
2077 0.747240
2078 0.746833
2079 0.746426
2080 0.746020
2081 0.745614
2082 0.745209
2083 0.744804
2084 0.744399
2085 0.743994
2086 0.743591
2087 0.743187
2088 0.742784
2089 0.742381
2090 0.741979
2091 0.741577
2092 0.741175
2093 0.740774
2094 0.740373
2095 0.739972
2096 0.739572
2097 0.739173
2098 0.738773
2099 0.738374
2100 0.737976
2101 0.737578
2102 0.737180
2103 0.736783
2104 0.736386
2105 0.735989
2106 0.735593
2107 0.735197
2108 0.734801
2109 0.734406
2110 0.734012
2111 0.733617
2112 0.733224
2113 0.732830
2114 0.732437
2115 0.732044
2116 0.731652
2117 0.731260
2118 0.730868
2119 0.730477
2120 0.730086
2121 0.729696
2122 0.729306
2123 0.728916
2124 0.728527
2125 0.728138
2126 0.727749
2127 0.727361
2128 0.726973
2129 0.726586
2130 0.726199
2131 0.725813
2132 0.725426
2133 0.725040
2134 0.724655
2135 0.724270
2136 0.723885
2137 0.723501
2138 0.723117
2139 0.722733
2140 0.722350
2141 0.721967
2142 0.721585
2143 0.721203
2144 0.720821
2145 0.720440
2146 0.720059
2147 0.719678
2148 0.719298
2149 0.718918
2150 0.718539
2151 0.718160
2152 0.717781
2153 0.717403
2154 0.717025
2155 0.716647
2156 0.716270
2157 0.715893
2158 0.715517
2159 0.715141
2160 0.714765
2161 0.714390
2162 0.714015
2163 0.713640
2164 0.713266
2165 0.712892
2166 0.712518
2167 0.712145
2168 0.711772
2169 0.711399
2170 0.711027
2171 0.710656
2172 0.710284
2173 0.709913
2174 0.709542
2175 0.709172
2176 0.708802
2177 0.708432
2178 0.708063
2179 0.707694
2180 0.707325
2181 0.706957
2182 0.706589
2183 0.706221
2184 0.705854
2185 0.705487
2186 0.705121
2187 0.704754
2188 0.704389
2189 0.704023
2190 0.703658
2191 0.703293
2192 0.702928
2193 0.702564
2194 0.702200
2195 0.701837
2196 0.701474
2197 0.701111
2198 0.700748
2199 0.700386
2200 0.700024
2201 0.699663
2202 0.699301
2203 0.698940
2204 0.698580
2205 0.698220
2206 0.697860
2207 0.697500
2208 0.697141
2209 0.696782
2210 0.696423
2211 0.696065
2212 0.695707
2213 0.695349
2214 0.694991
2215 0.694634
2216 0.694278
2217 0.693921
2218 0.693565
2219 0.693209
2220 0.692853
2221 0.692498
2222 0.692143
2223 0.691789
2224 0.691434
2225 0.691080
2226 0.690726
2227 0.690373
2228 0.690020
2229 0.689667
2230 0.689314
2231 0.688962
2232 0.688610
2233 0.688258
2234 0.687907
2235 0.687556
2236 0.687205
2237 0.686854
2238 0.686504
2239 0.686154
2240 0.685804
2241 0.685455
2242 0.685106
2243 0.684757
2244 0.684408
2245 0.684060
2246 0.683712
2247 0.683364
2248 0.683017
2249 0.682670
2250 0.682323
2251 0.681976
2252 0.681630
2253 0.681283
2254 0.680938
2255 0.680592
2256 0.680247
2257 0.679902
2258 0.679557
2259 0.679212
2260 0.678868
2261 0.678524
2262 0.678180
2263 0.677837
2264 0.677494
2265 0.677151
2266 0.676808
2267 0.676465
2268 0.676123
2269 0.675781
2270 0.675439
2271 0.675098
2272 0.674757
2273 0.674416
2274 0.674075
2275 0.673735
2276 0.673394
2277 0.673054
2278 0.672715
2279 0.672375
2280 0.672036
2281 0.671697
2282 0.671358
2283 0.671019
2284 0.670681
2285 0.670343
2286 0.670005
2287 0.669668
2288 0.669330
2289 0.668993
2290 0.668656
2291 0.668320
2292 0.667983
2293 0.667647
2294 0.667311
2295 0.666976
2296 0.666640
2297 0.666305
2298 0.665970
2299 0.665635
2300 0.665300
2301 0.664966
2302 0.664632
2303 0.664298
2304 0.663964
2305 0.663631
2306 0.663298
2307 0.662965
2308 0.662632
2309 0.662299
2310 0.661967
2311 0.661635
2312 0.661303
2313 0.660971
2314 0.660640
2315 0.660309
2316 0.659978
2317 0.659647
2318 0.659316
2319 0.658986
2320 0.658656
2321 0.658326
2322 0.657996
2323 0.657667
2324 0.657338
2325 0.657009
2326 0.656680
2327 0.656351
2328 0.656023
2329 0.655695
2330 0.655367
2331 0.655039
2332 0.654711
2333 0.654384
2334 0.654057
2335 0.653730
2336 0.653403
2337 0.653077
2338 0.652751
2339 0.652425
2340 0.652099
2341 0.651773
2342 0.651448
2343 0.651123
2344 0.650798
2345 0.650473
2346 0.650149
2347 0.649824
2348 0.649500
2349 0.649177
2350 0.648853
2351 0.648529
2352 0.648206
2353 0.647883
2354 0.647561
2355 0.647238
2356 0.646916
2357 0.646594
2358 0.646272
2359 0.645950
2360 0.645629
2361 0.645307
2362 0.644986
2363 0.644666
2364 0.644345
2365 0.644025
2366 0.643705
2367 0.643385
2368 0.643065
2369 0.642746
2370 0.642427
2371 0.642108
2372 0.641789
2373 0.641470
2374 0.641152
2375 0.640834
2376 0.640516
2377 0.640199
2378 0.639881
2379 0.639564
2380 0.639247
2381 0.638931
2382 0.638614
2383 0.638298
2384 0.637982
2385 0.637667
2386 0.637351
2387 0.637036
2388 0.636721
2389 0.636406
2390 0.636092
2391 0.635778
2392 0.635464
2393 0.635150
2394 0.634837
2395 0.634523
2396 0.634211
2397 0.633898
2398 0.633585
2399 0.633273
2400 0.632961
2401 0.632650
2402 0.632338
2403 0.632027
2404 0.631717
2405 0.631406
2406 0.631096
2407 0.630786
2408 0.630476
2409 0.630167
2410 0.629857
2411 0.629548
2412 0.629240
2413 0.628932
2414 0.628624
2415 0.628316
2416 0.628008
2417 0.627701
2418 0.627394
2419 0.627088
2420 0.626781
2421 0.626476
2422 0.626170
2423 0.625864
2424 0.625559
2425 0.625255
2426 0.624950
2427 0.624646
2428 0.624342
2429 0.624039
2430 0.623736
2431 0.623433
2432 0.623130
2433 0.622828
2434 0.622526
2435 0.622225
2436 0.621924
2437 0.621623
2438 0.621322
2439 0.621022
2440 0.620723
2441 0.620423
2442 0.620124
2443 0.619825
2444 0.619527
2445 0.619229
2446 0.618931
2447 0.618634
2448 0.618337
2449 0.618041
2450 0.617744
2451 0.617449
2452 0.617153
2453 0.616858
2454 0.616564
2455 0.616270
2456 0.615976
2457 0.615682
2458 0.615389
2459 0.615097
2460 0.614804
2461 0.614513
2462 0.614221
2463 0.613930
2464 0.613640
2465 0.613350
2466 0.613060
2467 0.612771
2468 0.612482
2469 0.612194
2470 0.611906
2471 0.611618
2472 0.611331
2473 0.611045
2474 0.610758
2475 0.610473
2476 0.610188
2477 0.609903
2478 0.609619
2479 0.609335
2480 0.609052
2481 0.608769
2482 0.608486
2483 0.608205
2484 0.607923
2485 0.607642
2486 0.607362
2487 0.607082
2488 0.606803
2489 0.606524
2490 0.606246
2491 0.605968
2492 0.605691
2493 0.605414
2494 0.605138
2495 0.604862
2496 0.604587
2497 0.604313
2498 0.604039
2499 0.603765
2500 0.603493
2501 0.603220
2502 0.602949
2503 0.602677
2504 0.602407
2505 0.602137
2506 0.601867
2507 0.601599
2508 0.601330
2509 0.601063
2510 0.600796
2511 0.600529
2512 0.600263
2513 0.599998
2514 0.599734
2515 0.599470
2516 0.599206
2517 0.598944
2518 0.598682
2519 0.598420
2520 0.598159
2521 0.597899
2522 0.597640
2523 0.597381
2524 0.597123
2525 0.596865
2526 0.596609
2527 0.596352
2528 0.596097
2529 0.595842
2530 0.595588
2531 0.595335
2532 0.595082
2533 0.594830
2534 0.594579
2535 0.594328
2536 0.594078
2537 0.593829
2538 0.593581
2539 0.593333
2540 0.593086
2541 0.592840
2542 0.592595
2543 0.592350
2544 0.592106
2545 0.591863
2546 0.591620
2547 0.591379
2548 0.591138
2549 0.590898
2550 0.590658
2551 0.590420
2552 0.590182
2553 0.589945
2554 0.589709
2555 0.589473
2556 0.589239
2557 0.589005
2558 0.588772
2559 0.588539
2560 0.588308
2561 0.588078
2562 0.587848
2563 0.587619
2564 0.587391
2565 0.587164
2566 0.586937
2567 0.586712
2568 0.586487
2569 0.586263
2570 0.586040
2571 0.585818
2572 0.585597
2573 0.585376
2574 0.585157
2575 0.584938
2576 0.584720
2577 0.584503
2578 0.584287
2579 0.584072
2580 0.583858
2581 0.583645
2582 0.583432
2583 0.583221
2584 0.583010
2585 0.582800
2586 0.582592
2587 0.582384
2588 0.582177
2589 0.581971
2590 0.581765
2591 0.581561
2592 0.581358
2593 0.581156
2594 0.580954
2595 0.580754
2596 0.580554
2597 0.580356
2598 0.580158
2599 0.579961
2600 0.579765
2601 0.579571
2602 0.579377
2603 0.579184
2604 0.578992
2605 0.578801
2606 0.578611
2607 0.578422
2608 0.578234
2609 0.578047
2610 0.577860
2611 0.577675
2612 0.577491
2613 0.577308
2614 0.577125
2615 0.576944
2616 0.576764
2617 0.576584
2618 0.576406
2619 0.576229
2620 0.576052
2621 0.575877
2622 0.575703
2623 0.575529
2624 0.575357
2625 0.575185
2626 0.575015
2627 0.574845
2628 0.574677
2629 0.574509
2630 0.574343
2631 0.574177
2632 0.574013
2633 0.573849
2634 0.573687
2635 0.573525
2636 0.573364
2637 0.573205
2638 0.573046
2639 0.572889
2640 0.572732
2641 0.572576
2642 0.572422
2643 0.572268
2644 0.572115
2645 0.571964
2646 0.571813
2647 0.571663
2648 0.571515
2649 0.571367
2650 0.571220
2651 0.571074
2652 0.570929
2653 0.570786
2654 0.570643
2655 0.570501
2656 0.570360
2657 0.570220
2658 0.570081
2659 0.569943
2660 0.569806
2661 0.569670
2662 0.569534
2663 0.569400
2664 0.569267
2665 0.569135
2666 0.569003
2667 0.568873
2668 0.568743
2669 0.568615
2670 0.568487
2671 0.568361
2672 0.568235
2673 0.568110
2674 0.567986
2675 0.567863
2676 0.567741
2677 0.567620
2678 0.567500
2679 0.567381
2680 0.567262
2681 0.567145
2682 0.567028
2683 0.566912
2684 0.566798
2685 0.566684
2686 0.566571
2687 0.566459
2688 0.566347
2689 0.566237
2690 0.566127
2691 0.566019
2692 0.565911
2693 0.565804
2694 0.565698
2695 0.565592
2696 0.565488
2697 0.565384
2698 0.565282
2699 0.565180
2700 0.565079
2701 0.564978
2702 0.564879
2703 0.564780
2704 0.564682
2705 0.564585
2706 0.564489
2707 0.564393
2708 0.564299
2709 0.564205
2710 0.564112
2711 0.564019
2712 0.563927
2713 0.563837
2714 0.563747
2715 0.563657
2716 0.563569
2717 0.563481
2718 0.563394
2719 0.563307
2720 0.563221
2721 0.563136
2722 0.563052
2723 0.562969
2724 0.562886
2725 0.562804
2726 0.562722
2727 0.562641
2728 0.562561
2729 0.562482
2730 0.562403
2731 0.562325
2732 0.562248
2733 0.562171
2734 0.562095
2735 0.562019
2736 0.561944
2737 0.561870
2738 0.561797
2739 0.561724
2740 0.561651
2741 0.561580
2742 0.561509
2743 0.561438
2744 0.561368
2745 0.561299
2746 0.561230
2747 0.561162
2748 0.561094
2749 0.561027
2750 0.560961
2751 0.560895
2752 0.560830
2753 0.560765
2754 0.560701
2755 0.560637
2756 0.560574
2757 0.560511
2758 0.560449
2759 0.560387
2760 0.560326
2761 0.560266
2762 0.560206
2763 0.560146
2764 0.560087
2765 0.560028
2766 0.559970
2767 0.559913
2768 0.559856
2769 0.559799
2770 0.559743
2771 0.559687
2772 0.559631
2773 0.559577
2774 0.559522
2775 0.559468
2776 0.559415
2777 0.559361
2778 0.559309
2779 0.559256
2780 0.559205
2781 0.559153
2782 0.559102
2783 0.559051
2784 0.559001
2785 0.558951
2786 0.558902
2787 0.558853
2788 0.558804
2789 0.558756
2790 0.558708
2791 0.558660
2792 0.558613
2793 0.558566
2794 0.558520
2795 0.558473
2796 0.558428
2797 0.558382
2798 0.558337
2799 0.558292
2800 0.558248
2801 0.558203
2802 0.558160
2803 0.558116
2804 0.558073
2805 0.558030
2806 0.557987
2807 0.557945
2808 0.557903
2809 0.557861
2810 0.557820
2811 0.557779
2812 0.557738
2813 0.557697
2814 0.557657
2815 0.557617
2816 0.557577
2817 0.557538
2818 0.557499
2819 0.557460
2820 0.557421
2821 0.557382
2822 0.557344
2823 0.557306
2824 0.557268
2825 0.557231
2826 0.557194
2827 0.557157
2828 0.557120
2829 0.557083
2830 0.557047
2831 0.557011
2832 0.556975
2833 0.556939
2834 0.556903
2835 0.556868
2836 0.556833
2837 0.556798
2838 0.556763
2839 0.556729
2840 0.556694
2841 0.556660
2842 0.556626
2843 0.556592
2844 0.556559
2845 0.556525
2846 0.556492
2847 0.556459
2848 0.556426
2849 0.556393
2850 0.556360
2851 0.556328
2852 0.556296
2853 0.556263
2854 0.556231
2855 0.556199
2856 0.556168
2857 0.556136
2858 0.556105
2859 0.556073
2860 0.556042
2861 0.556011
2862 0.555980
2863 0.555949
2864 0.555919
2865 0.555888
2866 0.555858
2867 0.555827
2868 0.555797
2869 0.555767
2870 0.555737
2871 0.555707
2872 0.555677
2873 0.555648
2874 0.555618
2875 0.555588
2876 0.555559
2877 0.555530
2878 0.555501
2879 0.555471
2880 0.555442
2881 0.555413
2882 0.555384
2883 0.555356
2884 0.555327
2885 0.555298
2886 0.555270
2887 0.555241
2888 0.555213
2889 0.555184
2890 0.555156
2891 0.555128
2892 0.555099
2893 0.555071
2894 0.555043
2895 0.555015
2896 0.554987
2897 0.554959
2898 0.554931
2899 0.554904
2900 0.554876
2901 0.554848
2902 0.554820
2903 0.554793
2904 0.554765
2905 0.554737
2906 0.554710
2907 0.554682
2908 0.554655
2909 0.554627
2910 0.554600
2911 0.554572
2912 0.554545
2913 0.554517
2914 0.554490
2915 0.554463
2916 0.554435
2917 0.554408
2918 0.554380
2919 0.554353
2920 0.554326
2921 0.554299
2922 0.554271
2923 0.554244
2924 0.554217
2925 0.554189
2926 0.554162
2927 0.554135
2928 0.554107
2929 0.554080
2930 0.554053
2931 0.554025
2932 0.553998
2933 0.553971
2934 0.553943
2935 0.553916
2936 0.553888
2937 0.553861
2938 0.553834
2939 0.553806
2940 0.553779
2941 0.553751
2942 0.553724
2943 0.553696
2944 0.553668
2945 0.553641
2946 0.553613
2947 0.553585
2948 0.553558
2949 0.553530
2950 0.553502
2951 0.553474
2952 0.553446
2953 0.553418
2954 0.553390
2955 0.553362
2956 0.553334
2957 0.553306
2958 0.553278
2959 0.553250
2960 0.553222
2961 0.553194
2962 0.553165
2963 0.553137
2964 0.553108
2965 0.553080
2966 0.553051
2967 0.553023
2968 0.552994
2969 0.552965
2970 0.552937
2971 0.552908
2972 0.552879
2973 0.552850
2974 0.552821
2975 0.552792
2976 0.552762
2977 0.552733
2978 0.552705
2979 0.552675
2980 0.552645
2981 0.552616
2982 0.552588
2983 0.552557
2984 0.552525
2985 0.552498
2986 0.552471
2987 0.552436
2988 0.552402
2989 0.552381
2990 0.552357
2991 0.552310
2992 0.552272
2993 0.552271
2994 0.552250
2995 0.552166
2996 0.552128
2997 0.552194
2998 0.552159
2999 0.551957
3000 0.551961
3001 0.552233
3002 0.552086
3003 0.551528
3004 0.551795
3005 0.552671
3006 0.551941
3007 0.550365
3008 0.551870
3009 0.554419
3010 0.551112
3011 0.546786
3012 0.553562
3013 0.560203
3014 0.546485
3015 0.535233
3016 0.563131
3017 0.576269
3018 0.525551
3019 0.494228
3020 0.595826
3021 0.600426
3022 0.498592
3023 0.407478
3024 0.399013
3025 0.596157
3026 0.281418
3027 0.596764
3028 0.273953
3029 0.362790
3030 0.757443
3031 0.268233
3032 0.622823
3033 0.541897
3034 0.527257
3035 0.463211
3036 0.283147
3037 1.308088
3038 0.794014
3039 1.117862
3040 0.695719
3041 0.686529
3042 0.658794
3043 0.446033
3044 0.801705
3045 1.065219
3046 0.703867
3047 0.701412
3048 0.696399
3049 0.667223
3050 0.473915
3051 0.826357
3052 0.921717
3053 0.717531
3054 0.715022
3055 0.710496
3056 0.700568
3057 0.674956
3058 0.525972
3059 0.775876
3060 0.480283
3061 0.784195
3062 1.015368
3063 0.740604
3064 0.741263
3065 0.735008
3066 0.730538
3067 0.726962
3068 0.723418
3069 0.719549
3070 0.715044
3071 0.709245
3072 0.700236
3073 0.680238
3074 0.585901
3075 0.569125
3076 0.428091
3077 0.777469
3078 1.270205
3079 0.938437
3080 0.718173
3081 0.724136
3082 0.719509
3083 0.714919
3084 0.710495
3085 0.705428
3086 0.698472
3087 0.685951
3088 0.648758
3089 0.425274
3090 0.745894
3091 1.172194
3092 0.702401
3093 0.700344
3094 0.701647
3095 0.697811
3096 0.689759
3097 0.671744
3098 0.594727
3099 0.420980
3100 0.710953
3101 0.893570
3102 0.706455
3103 0.717130
3104 0.711564
3105 0.706444
3106 0.701657
3107 0.696209
3108 0.688461
3109 0.673211
3110 0.618374
3111 0.383267
3112 0.729238
3113 1.189092
3114 0.698217
3115 0.696278
3116 0.697316
3117 0.694467
3118 0.689261
3119 0.680622
3120 0.661200
3121 0.574463
3122 0.407215
3123 0.702435
3124 0.898816
3125 0.688626
3126 0.709503
3127 0.703333
3128 0.697951
3129 0.692984
3130 0.687539
3131 0.680073
3132 0.666039
3133 0.620344
3134 0.396329
3135 0.751166
3136 0.991650
3137 0.662110
3138 0.696248
3139 0.690812
3140 0.685368
3141 0.678739
3142 0.668113
3143 0.641811
3144 0.511308
3145 0.419980
3146 0.343021
3147 0.632465
3148 1.230589
3149 0.719033
3150 0.708164
3151 0.700153
3152 0.695289
3153 0.691601
3154 0.688143
3155 0.684506
3156 0.680379
3157 0.675245
3158 0.667812
3159 0.653715
3160 0.610243
3161 0.417683
3162 0.664786
3163 0.883364
3164 0.651301
3165 0.680844
3166 0.672502
3167 0.664519
3168 0.649343
3169 0.603209
3170 0.417138
3171 0.608588
3172 0.910146
3173 0.648351
3174 0.679225
3175 0.672457
3176 0.666703
3177 0.658847
3178 0.644779
3179 0.605969
3180 0.455144
3181 0.376760
3182 0.555797
3183 1.039844
3184 0.656779
3185 0.673340
3186 0.672661
3187 0.669681
3188 0.665822
3189 0.660972
3190 0.654295
3191 0.643245
3192 0.618436
3193 0.536900
3194 0.374499
3195 0.587675
3196 0.981634
3197 0.636489
3198 0.662721
3199 0.657693
3200 0.652016
3201 0.643626
3202 0.628493
3203 0.592019
3204 0.490257
3205 0.371346
3206 0.536399
3207 1.052103
3208 0.646500
3209 0.651925
3210 0.649715
3211 0.644377
3212 0.635965
3213 0.621322
3214 0.590760
3215 0.523760
3216 0.462187
3217 0.718356
3218 0.691782
3219 0.607960
3220 0.597200
3221 0.556794
3222 0.519312
3223 0.633879
3224 0.676704
3225 0.583640
3226 0.560429
3227 0.544038
3228 0.621429
3229 0.633454
3230 0.575013
3231 0.554525
3232 0.576888
3233 0.624460
3234 0.588285
3235 0.564335
3236 0.569932
3237 0.597858
3238 0.589781
3239 0.570482
3240 0.569436
3241 0.581948
3242 0.581686
3243 0.571002
3244 0.567993
3245 0.572449
3246 0.572538
3247 0.567113
3248 0.564287
3249 0.565027
3250 0.564308
3251 0.561154
3252 0.558816
3253 0.557974
3254 0.556654
3255 0.554368
3256 0.552322
3257 0.550829
3258 0.549192
3259 0.547214
3260 0.545290
3261 0.543539
3262 0.541751
3263 0.539861
3264 0.537970
3265 0.536112
3266 0.534238
3267 0.532326
3268 0.530382
3269 0.528400
3270 0.526350
3271 0.524190
3272 0.521856
3273 0.519234
3274 0.516112
3275 0.512073
3276 0.506221
3277 0.496431
3278 0.477225
3279 0.435750
3280 0.372470
3281 0.359312
3282 0.244620
3283 0.233577
3284 0.307965
3285 0.295621
3286 0.256653
3287 0.249513
3288 0.271309
3289 0.249277
3290 0.276807
3291 0.277225
3292 0.282441
3293 0.280536
3294 0.293811
3295 0.278003
3296 0.309929
3297 0.261780
3298 0.717664
3299 0.348407
3300 0.445686
3301 1.298420
3302 0.407247
3303 0.262281
3304 1.198028
3305 0.552637
3306 0.602794
3307 0.605581
3308 0.612839
3309 0.615639
3310 0.614294
3311 0.612995
3312 0.612175
3313 0.611300
3314 0.610128
3315 0.608650
3316 0.606938
3317 0.605075
3318 0.603131
3319 0.601151
3320 0.599157
3321 0.597154
3322 0.595139
3323 0.593107
3324 0.591059
3325 0.588996
3326 0.586919
3327 0.584829
3328 0.582729
3329 0.580618
3330 0.578498
3331 0.576369
3332 0.574233
3333 0.572089
3334 0.569939
3335 0.567783
3336 0.565623
3337 0.563459
3338 0.561291
3339 0.559121
3340 0.556949
3341 0.554776
3342 0.552604
3343 0.550433
3344 0.548264
3345 0.546098
3346 0.543937
3347 0.541780
3348 0.539629
3349 0.537482
3350 0.535339
3351 0.533195
3352 0.531045
3353 0.528875
3354 0.526666
3355 0.524384
3356 0.521967
3357 0.519311
3358 0.516220
3359 0.512306
3360 0.506736
3361 0.497530
3362 0.479534
3363 0.440043
3364 0.375552
3365 0.368050
3366 0.231373
3367 0.236263
3368 0.244972
3369 0.302478
3370 0.328344
3371 0.278762
3372 0.281054
3373 0.586486
3374 0.554000
3375 0.268345
3376 0.295117
3377 0.323662
3378 0.825082
3379 0.674008
3380 0.677634
3381 0.600059
3382 0.547217
3383 0.545423
3384 0.585897
3385 0.586845
3386 0.558139
3387 0.554290
3388 0.569420
3389 0.568926
3390 0.556312
3391 0.553720
3392 0.558465
3393 0.556721
3394 0.550734
3395 0.548684
3396 0.549019
3397 0.546969
3398 0.543649
3399 0.541619
3400 0.540223
3401 0.538158
3402 0.535784
3403 0.533691
3404 0.531712
3405 0.529600
3406 0.527401
3407 0.525164
3408 0.522824
3409 0.520273
3410 0.517355
3411 0.513761
3412 0.508834
3413 0.501057
3414 0.486570
3415 0.455376
3416 0.394854
3417 0.369216
3418 0.276313
3419 0.334055
3420 0.376917
3421 0.480376
3422 0.387998
3423 0.243751
3424 0.305826
3425 0.305895
3426 0.250897
3427 0.261320
3428 0.388445
3429 0.291955
3430 0.308517
3431 0.267523
3432 0.283435
3433 0.378373
3434 0.923780
3435 0.910934
3436 0.591665
3437 0.593880
3438 0.582999
3439 0.576908
3440 0.585438
3441 0.597356
3442 0.591404
3443 0.583070
3444 0.581857
3445 0.583460
3446 0.581818
3447 0.578171
3448 0.575904
3449 0.574724
3450 0.572883
3451 0.570380
3452 0.568153
3453 0.566238
3454 0.564144
3455 0.561849
3456 0.559620
3457 0.557465
3458 0.555247
3459 0.552968
3460 0.550704
3461 0.548453
3462 0.546179
3463 0.543890
3464 0.541606
3465 0.539325
3466 0.537042
3467 0.534760
3468 0.532480
3469 0.530197
3470 0.527899
3471 0.525566
3472 0.523156
3473 0.520594
3474 0.517740
3475 0.514321
3476 0.509766
3477 0.502774
3478 0.490067
3479 0.462973
3480 0.406724
3481 0.369283
3482 0.300136
3483 0.295701
3484 0.236128
3485 0.274768
3486 0.550621
3487 0.536868
3488 0.262551
3489 0.370239
3490 0.294480
3491 0.286914
3492 0.415880
3493 0.466086
3494 0.285340
3495 0.433437
3496 0.331160
3497 1.268970
3498 0.831705
3499 0.652141
3500 0.632889
3501 0.627694
3502 0.621207
3503 0.614544
3504 0.608036
3505 0.602498
3506 0.599021
3507 0.598058
3508 0.598246
3509 0.597448
3510 0.595270
3511 0.592689
3512 0.590324
3513 0.588133
3514 0.585902
3515 0.583560
3516 0.581165
3517 0.578767
3518 0.576357
3519 0.573920
3520 0.571455
3521 0.568973
3522 0.566476
3523 0.563961
3524 0.561431
3525 0.558886
3526 0.556330
3527 0.553763
3528 0.551186
3529 0.548603
3530 0.546017
3531 0.543430
3532 0.540849
3533 0.538277
3534 0.535720
3535 0.533183
3536 0.530671
3537 0.528184
3538 0.525717
3539 0.523251
3540 0.520746
3541 0.518120
3542 0.515216
3543 0.511722
3544 0.506978
3545 0.499464
3546 0.485319
3547 0.454644
3548 0.396029
3549 0.375144
3550 0.236663
3551 0.337736
3552 0.249872
3553 0.457348
3554 0.351438
3555 0.260990
3556 0.390496
3557 0.435502
3558 0.834789
3559 0.731409
3560 0.593610
3561 0.534754
3562 0.535369
3563 0.568971
3564 0.561578
3565 0.542196
3566 0.541620
3567 0.548096
3568 0.543952
3569 0.537492
3570 0.535605
3571 0.534668
3572 0.531860
3573 0.528803
3574 0.526373
3575 0.524027
3576 0.521510
3577 0.518899
3578 0.516107
3579 0.512870
3580 0.508679
3581 0.502410
3582 0.491292
3583 0.468116
3584 0.419019
3585 0.372659
3586 0.310185
3587 0.320639
3588 0.293072
3589 0.403390
3590 0.267769
3591 0.262229
3592 0.403321
3593 0.387510
3594 0.436211
3595 0.904188
3596 0.766487
3597 0.530111
3598 0.511048
3599 0.548781
3600 0.581900
3601 0.546019
3602 0.532430
3603 0.544018
3604 0.546825
3605 0.537305
3606 0.532781
3607 0.532700
3608 0.530728
3609 0.527360
3610 0.524633
3611 0.522265
3612 0.519731
3613 0.517010
3614 0.513977
3615 0.510216
3616 0.504853
3617 0.495812
3618 0.477724
3619 0.438113
3620 0.380425
3621 0.366494
3622 0.245961
3623 0.260601
3624 0.416547
3625 0.407279
3626 0.378800
3627 0.456581
3628 0.830436
3629 0.685143
3630 0.628971
3631 0.557527
3632 0.520289
3633 0.542258
3634 0.579582
3635 0.548088
3636 0.528898
3637 0.540939
3638 0.549445
3639 0.537339
3640 0.530158
3641 0.531614
3642 0.530962
3643 0.526814
3644 0.523620
3645 0.521428
3646 0.518958
3647 0.516154
3648 0.513043
3649 0.509160
3650 0.503543
3651 0.493918
3652 0.474432
3653 0.432465
3654 0.379093
3655 0.349186
3656 0.302549
3657 0.403205
3658 0.361946
3659 0.229048
3660 0.306425
3661 0.527371
3662 0.424060
3663 0.436517
3664 0.528481
3665 0.281986
3666 0.502528
3667 0.262417
3668 1.094804
3669 1.008811
3670 0.562500
3671 0.553016
3672 0.539453
3673 0.569106
3674 0.617066
3675 0.569007
3676 0.548031
3677 0.564613
3678 0.584326
3679 0.563023
3680 0.549590
3681 0.557706
3682 0.563171
3683 0.552478
3684 0.545713
3685 0.547666
3686 0.546982
3687 0.541450
3688 0.537703
3689 0.536111
3690 0.533581
3691 0.530248
3692 0.527350
3693 0.524761
3694 0.522122
3695 0.519476
3696 0.516843
3697 0.514069
3698 0.510855
3699 0.506606
3700 0.499992
3701 0.487752
3702 0.461673
3703 0.410131
3704 0.379233
3705 0.296953
3706 0.385952
3707 0.359276
3708 0.235815
3709 0.372444
3710 0.251295
3711 0.323600
3712 0.707548
3713 0.266601
3714 0.861679
3715 0.623965
3716 0.535116
3717 0.498772
3718 0.545175
3719 0.586933
3720 0.536768
3721 0.514498
3722 0.536927
3723 0.547484
3724 0.530007
3725 0.522514
3726 0.524898
3727 0.523964
3728 0.519823
3729 0.516759
3730 0.514141
3731 0.510968
3732 0.506829
3733 0.500529
3734 0.489099
3735 0.465124
3736 0.416822
3737 0.379897
3738 0.309837
3739 0.286159
3740 0.400351
3741 0.295745
3742 0.488397
3743 0.532360
3744 0.596476
3745 0.520796
3746 0.677803
3747 0.514633
3748 0.305950
3749 0.551860
3750 0.306749
3751 0.422820
3752 0.648427
3753 0.298842
3754 0.307285
3755 0.384633
3756 0.616286
3757 0.573994
3758 0.318099
3759 0.531604
3760 0.575372
3761 0.560955
3762 0.368184
3763 0.480552
3764 0.420071
3765 0.397406
3766 0.432070
3767 0.491889
3768 0.488864
3769 0.422501
3770 0.440619
3771 0.450829
3772 0.458922
3773 0.462407
3774 0.468810
3775 0.476752
3776 0.486601
3777 0.498292
3778 0.511463
3779 0.523519
3780 0.529800
3781 0.528016
3782 0.523705
3783 0.517429
3784 0.491323
3785 1.332691
3786 2.121353
3787 0.958217
3788 0.970197
3789 0.985173
3790 1.058065
3791 1.167208
3792 1.688585
3793 0.549216
3794 0.997376
3795 1.163439
3796 0.862410
3797 0.847912
3798 0.828889
3799 0.808521
3800 0.792875
3801 0.781899
3802 0.773903
3803 0.767668
3804 0.762450
3805 0.757817
3806 0.753534
3807 0.749473
3808 0.745568
3809 0.741785
3810 0.738105
3811 0.734520
3812 0.731024
3813 0.727615
3814 0.724291
3815 0.721050
3816 0.717890
3817 0.714810
3818 0.711807
3819 0.708878
3820 0.706022
3821 0.703233
3822 0.700510
3823 0.697848
3824 0.695243
3825 0.692693
3826 0.690191
3827 0.687736
3828 0.685323
3829 0.682948
3830 0.680606
3831 0.678295
3832 0.676008
3833 0.673739
3834 0.671484
3835 0.669232
3836 0.666974
3837 0.664698
3838 0.662387
3839 0.660021
3840 0.657571
3841 0.654995
3842 0.652232
3843 0.649181
3844 0.645666
3845 0.641351
3846 0.635515
3847 0.626358
3848 0.608440
3849 0.560884
3850 0.395634
3851 0.287747
3852 1.038765
3853 0.632887
3854 0.610733
3855 0.591868
3856 0.544090
3857 0.399885
3858 0.287143
3859 1.073914
3860 0.584533
3861 0.595711
3862 0.578838
3863 0.540535
3864 0.445394
3865 0.280366
3866 0.290783
3867 0.347419
3868 1.369134
3869 0.274380
3870 0.979962
3871 0.600511
3872 0.605801
3873 0.598160
3874 0.580961
3875 0.545913
3876 0.462251
3877 0.289748
3878 0.290770
3879 0.349839
3880 1.373308
3881 0.275840
3882 0.944194
3883 0.609035
3884 0.607208
3885 0.598293
3886 0.583067
3887 0.555684
3888 0.497756
3889 0.354250
3890 0.285535
3891 0.338405
3892 0.377681
3893 0.517847
3894 0.326130
3895 0.451901
3896 0.648283
3897 0.321736
3898 1.901716
3899 0.313805
3900 0.472019
3901 1.133245
3902 0.638889
3903 0.653477
3904 0.641736
3905 0.636057
3906 0.632005
3907 0.628168
3908 0.624067
3909 0.619478
3910 0.614237
3911 0.608177
3912 0.601079
3913 0.592591
3914 0.582084
3915 0.568608
3916 0.551847
3917 0.537426
3918 0.552415
3919 0.625224
3920 0.597279
3921 0.567750
3922 0.559761
3923 0.558880
3924 0.562998
3925 0.564997
3926 0.560457
3927 0.554268
3928 0.550263
3929 0.547992
3930 0.545425
3931 0.541745
3932 0.537740
3933 0.534062
3934 0.530527
3935 0.526797
3936 0.522893
3937 0.518974
3938 0.515103
3939 0.511332
3940 0.507790
3941 0.504656
3942 0.502098
3943 0.500162
3944 0.498627
3945 0.496921
3946 0.494204
3947 0.489381
3948 0.480505
3949 0.463472
3950 0.432585
3951 0.395683
3952 0.358171
3953 0.354820
3954 0.249724
3955 0.306447
3956 0.340611
3957 0.317671
3958 0.342009
3959 0.258700
3960 0.456136
3961 0.255498
3962 0.225120
3963 0.273847
3964 0.541841
3965 0.584212
3966 0.308356
3967 0.563268
3968 0.346708
3969 0.803170
3970 0.520981
3971 0.346677
3972 0.583308
3973 0.401782
3974 0.301914
3975 0.356554
3976 0.745314
3977 0.356972
3978 0.545488
3979 0.547247
3980 0.318453
3981 0.376564
3982 0.807565
3983 0.657765
3984 0.528283
3985 0.411076
3986 0.396743
3987 0.866179
3988 0.414823
3989 0.374015
3990 1.978642
3991 0.767523
3992 0.659222
3993 0.682343
3994 0.684129
3995 0.654059
3996 0.638818
3997 0.632663
3998 0.628559
3999 0.624960
4000 0.621397
4001 0.617736
4002 0.613945
4003 0.610020
4004 0.605964
4005 0.601777
4006 0.597461
4007 0.593020
4008 0.588470
4009 0.583852
4010 0.579234
4011 0.574716
4012 0.570409
4013 0.566395
4014 0.562670
4015 0.559118
4016 0.555570
4017 0.551902
4018 0.548095
4019 0.544193
4020 0.540233
4021 0.536213
4022 0.532115
4023 0.527929
4024 0.523663
4025 0.519341
4026 0.515019
4027 0.510807
4028 0.506891
4029 0.503549
4030 0.501092
4031 0.499705
4032 0.499158
4033 0.498642
4034 0.497091
4035 0.493654
4036 0.487259
4037 0.475278
4038 0.452789
4039 0.417991
4040 0.387272
4041 0.334873
4042 0.427287
4043 0.237326
4044 0.209602
4045 0.303561
4046 0.654927
4047 0.657015
4048 0.297714
4049 0.580535
4050 0.326245
4051 0.621032
4052 0.324716
4053 0.569099
4054 0.280367
4055 0.386081
4056 0.253149
4057 0.330806
4058 0.491348
4059 0.854316
4060 0.569727
4061 0.332566
4062 0.532472
4063 0.676993
4064 0.571201
4065 0.524757
4066 0.855948
4067 0.862671
4068 0.847480
4069 0.590424
4070 0.586603
4071 0.581521
4072 0.575039
4073 0.568171
4074 0.562452
4075 0.560227
4076 0.562854
4077 0.566534
4078 0.564866
4079 0.558966
4080 0.553499
4081 0.549886
4082 0.547110
4083 0.543849
4084 0.539870
4085 0.535724
4086 0.531708
4087 0.527675
4088 0.523460
4089 0.519094
4090 0.514678
4091 0.510309
4092 0.506164
4093 0.502541
4094 0.499836
4095 0.498376
4096 0.498066
4097 0.498023
4098 0.496837
4099 0.493419
4100 0.486790
4101 0.474411
4102 0.451683
4103 0.418250
4104 0.388177
4105 0.342382
4106 0.420085
4107 0.203328
4108 0.320373
4109 0.368347
4110 0.536239
4111 0.384206
4112 0.471939
4113 0.611235
4114 0.269310
4115 0.469189
4116 0.476641
4117 0.690756
4118 0.359578
4119 1.911258
4120 0.857301
4121 0.682031
4122 0.403777
4123 0.287954
4124 0.297775
4125 0.540929
4126 0.510654
4127 0.809812
4128 0.663743
4129 0.522084
4130 0.324166
4131 0.391857
4132 2.273728
4133 0.350262
4134 0.363110
4135 0.847127
4136 0.739501
4137 0.489951
4138 0.448141
4139 1.425787
4140 0.288398
4141 0.376982
4142 0.632811
4143 0.907809
4144 0.504161
4145 1.191499
4146 0.858927
4147 0.574992
4148 1.353373
4149 1.345755
4150 0.380040
4151 0.756232
4152 0.561622
4153 0.360245
4154 0.887013
4155 0.686906
4156 0.646328
4157 0.631120
4158 0.623794
4159 0.619046
4160 0.615090
4161 0.611324
4162 0.607541
4163 0.603665
4164 0.599662
4165 0.595509
4166 0.591193
4167 0.586702
4168 0.582037
4169 0.577216
4170 0.572284
4171 0.567323
4172 0.562456
4173 0.557824
4174 0.553533
4175 0.549579
4176 0.545810
4177 0.542000
4178 0.537982
4179 0.533735
4180 0.529313
4181 0.524757
4182 0.520062
4183 0.515217
4184 0.510250
4185 0.505258
4186 0.500460
4187 0.496273
4188 0.493361
4189 0.492497
4190 0.493946
4191 0.496378
4192 0.496962
4193 0.494189
4194 0.488500
4195 0.478566
4196 0.460919
4197 0.433728
4198 0.404040
4199 0.371826
4200 0.377355
4201 0.279834
4202 0.248214
4203 0.201234
4204 0.298645
4205 0.488244
4206 0.875329
4207 0.490689
4208 0.243088
4209 0.236042
4210 0.637118
4211 0.417262
4212 0.636383
4213 0.452700
4214 0.366814
4215 0.268398
4216 0.669780
4217 0.346350
4218 0.615617
4219 2.178169
4220 1.102250
4221 0.833235
4222 0.543426
4223 0.518190
4224 0.505748
4225 0.511451
4226 0.558159
4227 0.560122
4228 0.530710
4229 0.515968
4230 0.514536
4231 0.518151
4232 0.514395
4233 0.507449
4234 0.502050
4235 0.497288
4236 0.493115
4237 0.490348
4238 0.489810
4239 0.491605
4240 0.493739
4241 0.492709
4242 0.487297
4243 0.477555
4244 0.460274
4245 0.434297
4246 0.405420
4247 0.376632
4248 0.366412
4249 0.335159
4250 0.342991
4251 0.650458
4252 0.820040
4253 0.228728
4254 0.286785
4255 0.526627
4256 0.220302
4257 0.331245
4258 0.546788
4259 0.478657
4260 0.907640
4261 0.311827
4262 0.521810
4263 0.283910
4264 0.537157
4265 0.471827
4266 0.629036
4267 0.376170
4268 0.461997
4269 0.631193
4270 0.709961
4271 0.413502
4272 0.576229
4273 0.636656
4274 0.477863
4275 0.490758
4276 1.135341
4277 0.270238
4278 0.294152
4279 0.399439
4280 0.608926
4281 0.366118
4282 1.354653
4283 1.011092
4284 0.605984
4285 0.625942
4286 0.622778
4287 0.618993
4288 0.614518
4289 0.609432
4290 0.603905
4291 0.598072
4292 0.591964
4293 0.585499
4294 0.578514
4295 0.570812
4296 0.562250
4297 0.552973
4298 0.543949
4299 0.538035
4300 0.541197
4301 0.557700
4302 0.567440
4303 0.554346
4304 0.540664
4305 0.533672
4306 0.531555
4307 0.530573
4308 0.527096
4309 0.521451
4310 0.515811
4311 0.510731
4312 0.505589
4313 0.500092
4314 0.494517
4315 0.489310
4316 0.485262
4317 0.483693
4318 0.486004
4319 0.491606
4320 0.495093
4321 0.491551
4322 0.483965
4323 0.471790
4324 0.451599
4325 0.426411
4326 0.397091
4327 0.386431
4328 0.339402
4329 0.243437
4330 0.194618
4331 0.349314
4332 0.490245
4333 0.215576
4334 0.403481
4335 0.268539
4336 0.494714
4337 0.254750
4338 0.208425
4339 0.323436
4340 0.601452
4341 0.857134
4342 0.685472
4343 0.580699
4344 0.369758
4345 0.243514
4346 0.211820
4347 0.905083
4348 0.590196
4349 0.497412
4350 0.517199
4351 0.497001
4352 0.496118
4353 0.489811
4354 0.488890
4355 0.490250
4356 0.493656
4357 0.494467
4358 0.489620
4359 0.480448
4360 0.464972
4361 0.441508
4362 0.415343
4363 0.386401
4364 0.382619
4365 0.340970
4366 0.497525
4367 0.553685
4368 0.294178
4369 0.426442
4370 0.227373
4371 0.665431
4372 0.207188
4373 0.660637
4374 0.388110
4375 0.205401
4376 0.589949
4377 0.475375
4378 0.639861
4379 0.513589
4380 0.492824
4381 0.492047
4382 0.490286
4383 0.490791
4384 0.490135
4385 0.484939
4386 0.474304
4387 0.456849
4388 0.432020
4389 0.407408
4390 0.376288
4391 0.390205
4392 0.297020
4393 0.346735
4394 0.557517
4395 1.662881
4396 0.249149
4397 0.217047
4398 0.298447
4399 0.587567
4400 0.275657
4401 0.557025
4402 0.391392
4403 0.567321
4404 0.230473
4405 0.694826
4406 0.267570
4407 0.333411
4408 0.625128
4409 1.062697
4410 0.573284
4411 0.663334
4412 0.359891
4413 0.492024
4414 0.405019
4415 0.627033
4416 0.390124
4417 0.361320
4418 0.358732
4419 0.655138
4420 1.573607
4421 0.618569
4422 0.671028
4423 1.792185
4424 0.507564
4425 2.012323
4426 0.270066
4427 0.392458
4428 0.677146
4429 2.392913
4430 0.570731
4431 0.865411
4432 2.205660
4433 1.403798
4434 1.796321
4435 1.676101
4436 0.537137
4437 2.086611
4438 0.408198
4439 1.908633
4440 0.295425
4441 0.318118
4442 0.418346
4443 0.595226
4444 0.329950
4445 0.465712
4446 2.032540
4447 1.520555
4448 0.942724
4449 0.704927
4450 0.603286
4451 0.550145
4452 0.345439
4453 0.845531
4454 0.552426
4455 0.344400
4456 0.789826
4457 0.465873
4458 0.264838
4459 0.865779
4460 0.432743
4461 0.271524
4462 0.684899
4463 0.771758
4464 0.519264
4465 0.338335
4466 0.850895
4467 0.575474
4468 0.550672
4469 0.486557
4470 0.331506
4471 0.326607
4472 0.967652
4473 0.589066
4474 0.560927
4475 0.548065
4476 0.527719
4477 0.488132
4478 0.367336
4479 0.331471
4480 0.291750
4481 0.277058
4482 0.354289
4483 0.606865
4484 0.450507
4485 0.463760
4486 0.404859
4487 1.326232
4488 0.795791
4489 0.537868
4490 0.513916
4491 0.460464
4492 0.326866
4493 0.295852
4494 0.260177
4495 0.413606
4496 1.002962
4497 0.525601
4498 0.509704
4499 0.484261
4500 0.417266
4501 0.228044
4502 0.787165
4503 0.551464
4504 0.531171
4505 0.523415
4506 0.520645
4507 0.519205
4508 0.515630
4509 0.509632
4510 0.503183
4511 0.496933
4512 0.490550
4513 0.483989
4514 0.477591
4515 0.472100
4516 0.469139
4517 0.471723
4518 0.483363
4519 0.498471
4520 0.495438
4521 0.484408
4522 0.472498
4523 0.451246
4524 0.435302
4525 0.392331
4526 0.454150
4527 0.282324
4528 0.560177
4529 0.913249
4530 0.353307
4531 0.272957
4532 0.422153
4533 0.336991
4534 0.363340
4535 0.695634
4536 0.201219
4537 0.747449
4538 0.494912
4539 0.484132
4540 0.482294
4541 0.480581
4542 0.485524
4543 0.493494
4544 0.495693
4545 0.488306
4546 0.478464
4547 0.463468
4548 0.444367
4549 0.421873
4550 0.404310
4551 0.374061
4552 0.406964
4553 0.355797
4554 0.736337
4555 0.233394
4556 0.218452
4557 0.541167
4558 0.192091
4559 0.526324
4560 0.303596
4561 0.627823
4562 1.277685
4563 2.200815
4564 0.552703
4565 0.260879
4566 0.242620
4567 0.225787
4568 0.200101
4569 0.668076
4570 0.329678
4571 0.192315
4572 0.599759
4573 0.515262
4574 0.506043
4575 0.499883
4576 0.495873
4577 0.491263
4578 0.482719
4579 0.469499
4580 0.451043
4581 0.429853
4582 0.408131
4583 0.391446
4584 0.368078
4585 0.382752
4586 0.348897
4587 0.600151
4588 2.548262
4589 2.648717
4590 0.448205
4591 0.457631
4592 0.314349
4593 0.197208
4594 0.362583
4595 0.460941
4596 0.367311
4597 0.755389
4598 0.394715
4599 1.942376
4600 0.551053
4601 0.237038
4602 0.369242
4603 0.442203
4604 0.497808
4605 0.506450
4606 0.291274
4607 0.821895
4608 0.612119
4609 0.496970
4610 0.496743
4611 0.487761
4612 0.487000
4613 0.488146
4614 0.492420
4615 0.494250
4616 0.488536
4617 0.478050
4618 0.463487
4619 0.443886
4620 0.424378
4621 0.400749
4622 0.397295
4623 0.354289
4624 0.192972
4625 0.392681
4626 0.365737
4627 0.361799
4628 0.347341
4629 0.281528
4630 0.361646
4631 0.995577
4632 0.400398
4633 0.277849
4634 0.469530
4635 0.217517
4636 0.206128
4637 0.197143
4638 0.314480
4639 0.230409
4640 0.465803
4641 0.372179
4642 0.625411
4643 1.629142
4644 0.224892
4645 0.391911
4646 0.328930
4647 0.700893
4648 0.221298
4649 0.315002
4650 0.235037
4651 0.370090
4652 0.360801
4653 0.759251
4654 0.362509
4655 0.387246
4656 0.613261
4657 0.387556
4658 2.650372
4659 0.660441
4660 0.221346
4661 0.814529
4662 0.695067
4663 0.476278
4664 0.499801
4665 0.484526
4666 0.499270
4667 0.516001
4668 0.520257
4669 0.511097
4670 0.503135
4671 0.494761
4672 0.480865
4673 0.462234
4674 0.438983
4675 0.420411
4676 0.386625
4677 0.434569
4678 0.332660
4679 0.755207
4680 0.319463
4681 0.406622
4682 0.356688
4683 2.012682
4684 0.523087
4685 0.339389
4686 0.281266
4687 0.421424
4688 0.286990
4689 0.484027
4690 0.264231
4691 0.508168
4692 0.694945
4693 0.391604
4694 0.636868
4695 0.337651
4696 0.871180
4697 0.590781
4698 0.547817
4699 0.493273
4700 0.495851
4701 0.510927
4702 0.521182
4703 0.514813
4704 0.505473
4705 0.498302
4706 0.487497
4707 0.471294
4708 0.451033
4709 0.429004
4710 0.409995
4711 0.387472
4712 0.397639
4713 0.354353
4714 0.607618
4715 1.387893
4716 0.483165
4717 0.453689
4718 0.275466
4719 0.363603
4720 0.991409
4721 1.585055
4722 0.370423
4723 0.299048
4724 0.460033
4725 0.431203
4726 0.870201
4727 0.686264
4728 0.493780
4729 0.492060
4730 0.487782
4731 0.493590
4732 0.505520
4733 0.515923
4734 0.512397
4735 0.502946
4736 0.495046
4737 0.484582
4738 0.468952
4739 0.450229
4740 0.428823
4741 0.413012
4742 0.383341
4743 0.415378
4744 0.348115
4745 0.536542
4746 0.330748
4747 0.348762
4748 0.258509
4749 0.592605
4750 0.198701
4751 0.276797
4752 0.389374
4753 0.550399
4754 0.410554
4755 2.532770
4756 0.625348
4757 0.514533
4758 0.449175
4759 0.258295
4760 0.256869
4761 0.449591
4762 0.688166
4763 0.471152
4764 0.386366
4765 2.558515
4766 0.415833
4767 0.243591
4768 0.389072
4769 1.112051
4770 0.583015
4771 0.494050
4772 0.552924
4773 0.477449
4774 0.530007
4775 0.459435
4776 0.512691
4777 0.445910
4778 0.497610
4779 0.451176
4780 0.474120
4781 0.493348
4782 0.508535
4783 0.487016
4784 0.483144
4785 0.449309
4786 0.464489
4787 0.374201
4788 0.211954
4789 0.251756
4790 0.354818
4791 0.608363
4792 0.924316
4793 0.298971
4794 0.278563
4795 0.537009
4796 0.491012
4797 0.245768
4798 0.233386
4799 0.868742
4800 0.502742
4801 0.488494
4802 0.481145
4803 0.470264
4804 0.462781
4805 0.452391
4806 0.448166
4807 0.443174
4808 0.454348
4809 0.487621
4810 0.483620
4811 0.455104
4812 0.460581
4813 0.369570
4814 0.375456
4815 0.271280
4816 0.276589
4817 0.416808
4818 0.530093
4819 0.446745
4820 0.206234
4821 0.600549
4822 0.199870
4823 0.641561
4824 0.397660
4825 0.366957
4826 0.623786
4827 0.682205
4828 0.197731
4829 0.394184
4830 0.297337
4831 0.221671
4832 0.206140
4833 0.652911
4834 0.511759
4835 0.454992
4836 0.484274
4837 0.500414
4838 0.526973
4839 0.518236
4840 0.503420
4841 0.494072
4842 0.482198
4843 0.465577
4844 0.447312
4845 0.426230
4846 0.414528
4847 0.375571
4848 0.426741
4849 0.409479
4850 1.662615
4851 0.306636
4852 0.240266
4853 0.325826
4854 0.304109
4855 0.214063
4856 0.433698
4857 0.500495
4858 0.312711
4859 0.528437
4860 0.599523
4861 0.282790
4862 0.660550
4863 0.379660
4864 0.582673
4865 0.747823
4866 0.387922
4867 0.980521
4868 0.625464
4869 0.399163
4870 1.793773
4871 1.673733
4872 1.499051
4873 0.277435
4874 0.375496
4875 0.351604
4876 0.849766
4877 0.665019
4878 0.530965
4879 0.464591
4880 0.499448
4881 0.471610
4882 0.482429
4883 0.498894
4884 0.510012
4885 0.496766
4886 0.485574
4887 0.471216
4888 0.455298
4889 0.436427
4890 0.421733
4891 0.398322
4892 0.403308
4893 0.365575
4894 0.217312
4895 0.505866
4896 2.751572
4897 0.239881
4898 0.587617
4899 1.773201
4900 2.383950
4901 0.571632
4902 0.576049
4903 0.582762
4904 0.584455
4905 0.582339
4906 0.576963
4907 0.568487
4908 0.554441
4909 0.522355
4910 0.409600
4911 0.429468
4912 1.802021
4913 1.940801
4914 0.420999
4915 0.547888
4916 0.484837
4917 0.326256
4918 0.354725
4919 0.268400
4920 0.973729
4921 0.445727
4922 0.444843
4923 0.480785
4924 0.483107
4925 0.431294
4926 0.533506
4927 0.400731
4928 0.410314
4929 0.370909
4930 0.256914
4931 0.239401
4932 0.300801
4933 0.518670
4934 0.543360
4935 0.533209
4936 0.527141
4937 0.509001
4938 0.500102
4939 0.475906
4940 0.472469
4941 0.407881
4942 0.488078
4943 0.397624
4944 2.615147
4945 0.614958
4946 0.295299
4947 0.248731
4948 0.217542
4949 0.267619
4950 0.376841
4951 0.486492
4952 0.421704
4953 0.508653
4954 0.411990
4955 2.717806
4956 0.228179
4957 0.187328
4958 0.355777
4959 0.259748
4960 0.210030
4961 0.180938
4962 0.363688
4963 0.294870
4964 0.331603
4965 0.264382
4966 0.213908
4967 0.339494
4968 0.178722
4969 0.180451
4970 0.283706
4971 0.276181
4972 0.261084
4973 0.281041
4974 0.167537
4975 0.234796
4976 0.167011
4977 0.252484
4978 0.198626
4979 0.304708
4980 0.171046
4981 0.237542
4982 0.170606
4983 0.264233
4984 0.222216
4985 0.339057
4986 0.174847
4987 0.339178
4988 0.630256
4989 0.667863
4990 0.376840
4991 0.276770
4992 0.333233
4993 0.185204
4994 0.186004
4995 0.331148
4996 0.285629
4997 0.334631
4998 0.309774
4999 0.315327
