0 25.982970
1 24.744696
2 24.797799
3 24.905183
4 24.961383
5 24.991980
6 25.011486
7 25.025706
8 25.036778
9 25.045291
10 25.050913
11 25.052180
12 25.045538
13 25.023698
14 24.974581
15 24.884011
16 24.740823
17 24.532330
18 24.229832
19 23.788059
20 23.160665
21 22.320810
22 21.291036
23 20.149156
24 18.988502
25 17.884805
26 16.884756
27 16.004797
28 15.237554
29 14.563704
30 13.960995
31 13.407620
32 12.883622
33 12.372861
34 11.864731
35 11.354421
36 10.842170
37 10.331778
38 9.828454
39 9.336809
40 8.859886
41 8.399231
42 7.955448
43 7.528746
44 7.119278
45 6.727286
46 6.353101
47 5.997074
48 5.659493
49 5.340519
50 5.040147
51 4.758199
52 4.494329
53 4.248045
54 4.018738
55 3.805712
56 3.608217
57 3.425464
58 3.256647
59 3.100946
60 2.957539
61 2.825603
62 2.704319
63 2.592875
64 2.490476
65 2.396346
66 2.309739
67 2.229944
68 2.156294
69 2.088168
70 2.024995
71 1.966259
72 1.911493
73 1.860282
74 1.812260
75 1.767105
76 1.724538
77 1.684315
78 1.646228
79 1.610094
80 1.575758
81 1.543085
82 1.511958
83 1.482275
84 1.453946
85 1.426894
86 1.401047
87 1.376342
88 1.352722
89 1.330135
90 1.308531
91 1.287866
92 1.268098
93 1.249186
94 1.231092
95 1.213781
96 1.197218
97 1.181371
98 1.166206
99 1.151696
100 1.137810
101 1.124520
102 1.111800
103 1.099625
104 1.087970
105 1.076811
106 1.066127
107 1.055897
108 1.046099
109 1.036715
110 1.027726
111 1.019115
112 1.010867
113 1.002964
114 0.995393
115 0.988140
116 0.981191
117 0.974535
118 0.968159
119 0.962053
120 0.956206
121 0.950610
122 0.945253
123 0.940129
124 0.935229
125 0.930545
126 0.926070
127 0.921797
128 0.917721
129 0.913834
130 0.910131
131 0.906606
132 0.903255
133 0.900072
134 0.897053
135 0.894193
136 0.891489
137 0.888935
138 0.886527
139 0.884263
140 0.882138
141 0.880149
142 0.878292
143 0.876565
144 0.874963
145 0.873484
146 0.872124
147 0.870881
148 0.869752
149 0.868734
150 0.867824
151 0.867019
152 0.866318
153 0.865716
154 0.865212
155 0.864803
156 0.864487
157 0.864261
158 0.864123
159 0.864070
160 0.864101
161 0.864213
162 0.864404
163 0.864671
164 0.865013
165 0.865428
166 0.865913
167 0.866467
168 0.867087
169 0.867772
170 0.868520
171 0.869329
172 0.870197
173 0.871123
174 0.872104
175 0.873139
176 0.874227
177 0.875365
178 0.876553
179 0.877789
180 0.879070
181 0.880396
182 0.881766
183 0.883177
184 0.884629
185 0.886120
186 0.887648
187 0.889213
188 0.890813
189 0.892447
190 0.894114
191 0.895812
192 0.897540
193 0.899297
194 0.901081
195 0.902893
196 0.904729
197 0.906590
198 0.908474
199 0.910380
200 0.912307
201 0.914253
202 0.916217
203 0.918199
204 0.920197
205 0.922210
206 0.924237
207 0.926276
208 0.928326
209 0.930387
210 0.932456
211 0.934533
212 0.936617
213 0.938705
214 0.940797
215 0.942892
216 0.944988
217 0.947083
218 0.949177
219 0.951267
220 0.953353
221 0.955433
222 0.957506
223 0.959570
224 0.961623
225 0.963664
226 0.965692
227 0.967706
228 0.969702
229 0.971681
230 0.973641
231 0.975580
232 0.977496
233 0.979389
234 0.981257
235 0.983098
236 0.984912
237 0.986697
238 0.988453
239 0.990177
240 0.991870
241 0.993531
242 0.995158
243 0.996752
244 0.998312
245 0.999839
246 1.001331
247 1.002789
248 1.004213
249 1.005604
250 1.006962
251 1.008288
252 1.009583
253 1.010847
254 1.012081
255 1.013285
256 1.014461
257 1.015608
258 1.016727
259 1.017818
260 1.018881
261 1.019915
262 1.020920
263 1.021894
264 1.022837
265 1.023746
266 1.024621
267 1.025458
268 1.026256
269 1.027013
270 1.027727
271 1.028396
272 1.029017
273 1.029589
274 1.030110
275 1.030580
276 1.030997
277 1.031361
278 1.031672
279 1.031929
280 1.032133
281 1.032285
282 1.032385
283 1.032434
284 1.032433
285 1.032384
286 1.032287
287 1.032143
288 1.031954
289 1.031720
290 1.031443
291 1.031123
292 1.030762
293 1.030360
294 1.029919
295 1.029439
296 1.028923
297 1.028370
298 1.027782
299 1.027162
300 1.026509
301 1.025826
302 1.025115
303 1.024376
304 1.023613
305 1.022826
306 1.022019
307 1.021192
308 1.020348
309 1.019489
310 1.018618
311 1.017735
312 1.016844
313 1.015945
314 1.015042
315 1.014136
316 1.013228
317 1.012320
318 1.011415
319 1.010513
320 1.009616
321 1.008725
322 1.007842
323 1.006968
324 1.006103
325 1.005249
326 1.004407
327 1.003577
328 1.002760
329 1.001957
330 1.001168
331 1.000393
332 0.999634
333 0.998891
334 0.998163
335 0.997451
336 0.996755
337 0.996076
338 0.995413
339 0.994767
340 0.994137
341 0.993523
342 0.992926
343 0.992345
344 0.991780
345 0.991231
346 0.990699
347 0.990182
348 0.989680
349 0.989194
350 0.988723
351 0.988267
352 0.987826
353 0.987399
354 0.986986
355 0.986588
356 0.986203
357 0.985832
358 0.985474
359 0.985129
360 0.984797
361 0.984477
362 0.984169
363 0.983874
364 0.983590
365 0.983318
366 0.983057
367 0.982808
368 0.982569
369 0.982340
370 0.982122
371 0.981914
372 0.981716
373 0.981528
374 0.981349
375 0.981180
376 0.981019
377 0.980868
378 0.980725
379 0.980590
380 0.980464
381 0.980346
382 0.980235
383 0.980133
384 0.980038
385 0.979951
386 0.979870
387 0.979797
388 0.979730
389 0.979671
390 0.979618
391 0.979571
392 0.979531
393 0.979496
394 0.979468
395 0.979446
396 0.979429
397 0.979418
398 0.979412
399 0.979411
400 0.979416
401 0.979426
402 0.979441
403 0.979460
404 0.979484
405 0.979513
406 0.979546
407 0.979584
408 0.979626
409 0.979671
410 0.979721
411 0.979775
412 0.979832
413 0.979894
414 0.979958
415 0.980027
416 0.980098
417 0.980173
418 0.980251
419 0.980332
420 0.980416
421 0.980503
422 0.980593
423 0.980685
424 0.980780
425 0.980878
426 0.980978
427 0.981080
428 0.981185
429 0.981291
430 0.981400
431 0.981511
432 0.981623
433 0.981738
434 0.981854
435 0.981972
436 0.982091
437 0.982212
438 0.982334
439 0.982458
440 0.982583
441 0.982709
442 0.982836
443 0.982964
444 0.983094
445 0.983224
446 0.983355
447 0.983486
448 0.983619
449 0.983752
450 0.983885
451 0.984019
452 0.984154
453 0.984288
454 0.984424
455 0.984559
456 0.984694
457 0.984830
458 0.984966
459 0.985102
460 0.985237
461 0.985373
462 0.985508
463 0.985644
464 0.985779
465 0.985913
466 0.986048
467 0.986182
468 0.986315
469 0.986448
470 0.986581
471 0.986713
472 0.986844
473 0.986975
474 0.987105
475 0.987235
476 0.987363
477 0.987491
478 0.987618
479 0.987744
480 0.987870
481 0.987994
482 0.988118
483 0.988240
484 0.988362
485 0.988482
486 0.988602
487 0.988721
488 0.988838
489 0.988954
490 0.989069
491 0.989184
492 0.989296
493 0.989408
494 0.989519
495 0.989628
496 0.989736
497 0.989843
498 0.989949
499 0.990053
500 0.990157
501 0.990259
502 0.990359
503 0.990459
504 0.990557
505 0.990653
506 0.990749
507 0.990843
508 0.990936
509 0.991027
510 0.991118
511 0.991207
512 0.991294
513 0.991380
514 0.991465
515 0.991549
516 0.991631
517 0.991712
518 0.991791
519 0.991869
520 0.991946
521 0.992022
522 0.992096
523 0.992169
524 0.992240
525 0.992310
526 0.992379
527 0.992447
528 0.992513
529 0.992578
530 0.992642
531 0.992704
532 0.992765
533 0.992825
534 0.992883
535 0.992940
536 0.992996
537 0.993051
538 0.993104
539 0.993156
540 0.993207
541 0.993257
542 0.993305
543 0.993352
544 0.993398
545 0.993442
546 0.993486
547 0.993528
548 0.993569
549 0.993609
550 0.993648
551 0.993685
552 0.993721
553 0.993756
554 0.993790
555 0.993823
556 0.993854
557 0.993885
558 0.993914
559 0.993942
560 0.993969
561 0.993995
562 0.994020
563 0.994044
564 0.994066
565 0.994088
566 0.994108
567 0.994127
568 0.994146
569 0.994163
570 0.994179
571 0.994194
572 0.994208
573 0.994221
574 0.994232
575 0.994243
576 0.994253
577 0.994262
578 0.994269
579 0.994276
580 0.994282
581 0.994286
582 0.994290
583 0.994293
584 0.994294
585 0.994295
586 0.994295
587 0.994293
588 0.994291
589 0.994288
590 0.994284
591 0.994278
592 0.994272
593 0.994265
594 0.994257
595 0.994248
596 0.994238
597 0.994227
598 0.994215
599 0.994202
600 0.994189
601 0.994174
602 0.994159
603 0.994142
604 0.994125
605 0.994106
606 0.994087
607 0.994067
608 0.994046
609 0.994024
610 0.994001
611 0.993977
612 0.993952
613 0.993927
614 0.993900
615 0.993873
616 0.993845
617 0.993816
618 0.993786
619 0.993755
620 0.993723
621 0.993690
622 0.993657
623 0.993622
624 0.993587
625 0.993551
626 0.993514
627 0.993476
628 0.993437
629 0.993397
630 0.993357
631 0.993315
632 0.993273
633 0.993230
634 0.993186
635 0.993141
636 0.993096
637 0.993049
638 0.993002
639 0.992953
640 0.992904
641 0.992854
642 0.992804
643 0.992752
644 0.992699
645 0.992646
646 0.992592
647 0.992537
648 0.992481
649 0.992424
650 0.992367
651 0.992308
652 0.992249
653 0.992189
654 0.992128
655 0.992066
656 0.992003
657 0.991940
658 0.991876
659 0.991810
660 0.991744
661 0.991678
662 0.991610
663 0.991541
664 0.991472
665 0.991402
666 0.991331
667 0.991259
668 0.991186
669 0.991113
670 0.991038
671 0.990963
672 0.990887
673 0.990810
674 0.990733
675 0.990654
676 0.990575
677 0.990494
678 0.990413
679 0.990332
680 0.990249
681 0.990165
682 0.990081
683 0.989996
684 0.989910
685 0.989823
686 0.989735
687 0.989647
688 0.989557
689 0.989467
690 0.989376
691 0.989284
692 0.989192
693 0.989098
694 0.989004
695 0.988909
696 0.988813
697 0.988716
698 0.988618
699 0.988520
700 0.988421
701 0.988321
702 0.988220
703 0.988118
704 0.988016
705 0.987912
706 0.987808
707 0.987703
708 0.987597
709 0.987491
710 0.987383
711 0.987275
712 0.987166
713 0.987056
714 0.986946
715 0.986834
716 0.986722
717 0.986609
718 0.986495
719 0.986380
720 0.986265
721 0.986149
722 0.986032
723 0.985914
724 0.985795
725 0.985676
726 0.985556
727 0.985435
728 0.985313
729 0.985190
730 0.985067
731 0.984943
732 0.984818
733 0.984692
734 0.984566
735 0.984438
736 0.984310
737 0.984182
738 0.984052
739 0.983922
740 0.983791
741 0.983659
742 0.983526
743 0.983393
744 0.983259
745 0.983124
746 0.982988
747 0.982852
748 0.982715
749 0.982577
750 0.982439
751 0.982299
752 0.982159
753 0.982019
754 0.981877
755 0.981735
756 0.981592
757 0.981449
758 0.981305
759 0.981160
760 0.981014
761 0.980868
762 0.980721
763 0.980573
764 0.980425
765 0.980275
766 0.980126
767 0.979975
768 0.979824
769 0.979673
770 0.979520
771 0.979367
772 0.979213
773 0.979059
774 0.978904
775 0.978749
776 0.978592
777 0.978436
778 0.978278
779 0.978120
780 0.977961
781 0.977802
782 0.977642
783 0.977482
784 0.977321
785 0.977159
786 0.976997
787 0.976834
788 0.976671
789 0.976507
790 0.976343
791 0.976178
792 0.976012
793 0.975846
794 0.975680
795 0.975513
796 0.975345
797 0.975177
798 0.975009
799 0.974840
800 0.974670
801 0.974500
802 0.974329
803 0.974159
804 0.973987
805 0.973815
806 0.973643
807 0.973470
808 0.973297
809 0.973124
810 0.972950
811 0.972775
812 0.972600
813 0.972425
814 0.972250
815 0.972074
816 0.971897
817 0.971721
818 0.971544
819 0.971366
820 0.971188
821 0.971010
822 0.970832
823 0.970653
824 0.970474
825 0.970295
826 0.970115
827 0.969936
828 0.969755
829 0.969575
830 0.969394
831 0.969213
832 0.969032
833 0.968851
834 0.968669
835 0.968487
836 0.968305
837 0.968123
838 0.967940
839 0.967758
840 0.967575
841 0.967392
842 0.967208
843 0.967025
844 0.966842
845 0.966658
846 0.966474
847 0.966290
848 0.966106
849 0.965922
850 0.965738
851 0.965553
852 0.965369
853 0.965185
854 0.965000
855 0.964815
856 0.964631
857 0.964446
858 0.964261
859 0.964076
860 0.963892
861 0.963707
862 0.963522
863 0.963337
864 0.963152
865 0.962967
866 0.962783
867 0.962598
868 0.962413
869 0.962228
870 0.962044
871 0.961859
872 0.961675
873 0.961490
874 0.961306
875 0.961121
876 0.960937
877 0.960753
878 0.960569
879 0.960385
880 0.960202
881 0.960018
882 0.959834
883 0.959651
884 0.959468
885 0.959285
886 0.959102
887 0.958919
888 0.958736
889 0.958554
890 0.958372
891 0.958190
892 0.958008
893 0.957826
894 0.957645
895 0.957464
896 0.957283
897 0.957102
898 0.956921
899 0.956741
900 0.956561
901 0.956381
902 0.956201
903 0.956022
904 0.955843
905 0.955664
906 0.955485
907 0.955307
908 0.955129
909 0.954951
910 0.954774
911 0.954596
912 0.954419
913 0.954243
914 0.954066
915 0.953890
916 0.953715
917 0.953539
918 0.953364
919 0.953189
920 0.953015
921 0.952840
922 0.952667
923 0.952493
924 0.952320
925 0.952147
926 0.951975
927 0.951802
928 0.951631
929 0.951459
930 0.951288
931 0.951117
932 0.950947
933 0.950777
934 0.950607
935 0.950438
936 0.950269
937 0.950100
938 0.949932
939 0.949764
940 0.949596
941 0.949429
942 0.949262
943 0.949096
944 0.948930
945 0.948764
946 0.948599
947 0.948434
948 0.948270
949 0.948106
950 0.947942
951 0.947779
952 0.947616
953 0.947453
954 0.947291
955 0.947129
956 0.946968
957 0.946807
958 0.946646
959 0.946486
960 0.946327
961 0.946167
962 0.946008
963 0.945850
964 0.945692
965 0.945534
966 0.945377
967 0.945220
968 0.945063
969 0.944907
970 0.944751
971 0.944596
972 0.944441
973 0.944287
974 0.944133
975 0.943979
976 0.943826
977 0.943673
978 0.943521
979 0.943369
980 0.943217
981 0.943066
982 0.942915
983 0.942765
984 0.942615
985 0.942466
986 0.942317
987 0.942168
988 0.942020
989 0.941872
990 0.941725
991 0.941578
992 0.941431
993 0.941285
994 0.941139
995 0.940994
996 0.940849
997 0.940704
998 0.940560
999 0.940417
1000 0.940273
1001 0.940130
1002 0.939988
1003 0.939846
1004 0.939704
1005 0.939563
1006 0.939422
1007 0.939282
1008 0.939142
1009 0.939003
1010 0.938864
1011 0.938725
1012 0.938587
1013 0.938449
1014 0.938311
1015 0.938174
1016 0.938038
1017 0.937901
1018 0.937766
1019 0.937630
1020 0.937495
1021 0.937361
1022 0.937226
1023 0.937093
1024 0.936959
1025 0.936826
1026 0.936694
1027 0.936562
1028 0.936430
1029 0.936299
1030 0.936168
1031 0.936037
1032 0.935907
1033 0.935777
1034 0.935648
1035 0.935519
1036 0.935391
1037 0.935263
1038 0.935135
1039 0.935008
1040 0.934881
1041 0.934754
1042 0.934628
1043 0.934503
1044 0.934377
1045 0.934252
1046 0.934128
1047 0.934004
1048 0.933880
1049 0.933757
1050 0.933634
1051 0.933512
1052 0.933389
1053 0.933268
1054 0.933146
1055 0.933026
1056 0.932905
1057 0.932785
1058 0.932665
1059 0.932546
1060 0.932427
1061 0.932308
1062 0.932190
1063 0.932072
1064 0.931955
1065 0.931838
1066 0.931721
1067 0.931605
1068 0.931489
1069 0.931374
1070 0.931259
1071 0.931144
1072 0.931030
1073 0.930916
1074 0.930802
1075 0.930689
1076 0.930576
1077 0.930464
1078 0.930352
1079 0.930240
1080 0.930129
1081 0.930018
1082 0.929907
1083 0.929797
1084 0.929687
1085 0.929578
1086 0.929469
1087 0.929360
1088 0.929252
1089 0.929144
1090 0.929036
1091 0.928929
1092 0.928822
1093 0.928716
1094 0.928610
1095 0.928504
1096 0.928398
1097 0.928293
1098 0.928189
1099 0.928084
1100 0.927980
1101 0.927877
1102 0.927774
1103 0.927671
1104 0.927568
1105 0.927466
1106 0.927364
1107 0.927263
1108 0.927162
1109 0.927061
1110 0.926960
1111 0.926860
1112 0.926761
1113 0.926661
1114 0.926562
1115 0.926463
1116 0.926365
1117 0.926267
1118 0.926169
1119 0.926072
1120 0.925975
1121 0.925878
1122 0.925782
1123 0.925686
1124 0.925590
1125 0.925495
1126 0.925399
1127 0.925305
1128 0.925210
1129 0.925116
1130 0.925022
1131 0.924929
1132 0.924836
1133 0.924743
1134 0.924650
1135 0.924558
1136 0.924466
1137 0.924374
1138 0.924283
1139 0.924192
1140 0.924101
1141 0.924010
1142 0.923920
1143 0.923830
1144 0.923740
1145 0.923651
1146 0.923562
1147 0.923473
1148 0.923384
1149 0.923296
1150 0.923208
1151 0.923120
1152 0.923032
1153 0.922945
1154 0.922858
1155 0.922771
1156 0.922684
1157 0.922598
1158 0.922512
1159 0.922426
1160 0.922340
1161 0.922255
1162 0.922169
1163 0.922084
1164 0.921999
1165 0.921914
1166 0.921830
1167 0.921746
1168 0.921661
1169 0.921577
1170 0.921493
1171 0.921410
1172 0.921326
1173 0.921243
1174 0.921159
1175 0.921076
1176 0.920993
1177 0.920910
1178 0.920828
1179 0.920745
1180 0.920662
1181 0.920580
1182 0.920497
1183 0.920415
1184 0.920332
1185 0.920250
1186 0.920168
1187 0.920085
1188 0.920003
1189 0.919921
1190 0.919839
1191 0.919756
1192 0.919674
1193 0.919592
1194 0.919509
1195 0.919427
1196 0.919344
1197 0.919261
1198 0.919179
1199 0.919096
1200 0.919013
1201 0.918930
1202 0.918846
1203 0.918763
1204 0.918679
1205 0.918595
1206 0.918511
1207 0.918427
1208 0.918342
1209 0.918257
1210 0.918172
1211 0.918086
1212 0.918000
1213 0.917914
1214 0.917827
1215 0.917740
1216 0.917653
1217 0.917565
1218 0.917477
1219 0.917388
1220 0.917298
1221 0.917209
1222 0.917118
1223 0.917027
1224 0.916935
1225 0.916843
1226 0.916750
1227 0.916656
1228 0.916562
1229 0.916467
1230 0.916371
1231 0.916274
1232 0.916177
1233 0.916078
1234 0.915979
1235 0.915878
1236 0.915777
1237 0.915675
1238 0.915571
1239 0.915467
1240 0.915361
1241 0.915254
1242 0.915146
1243 0.915037
1244 0.914926
1245 0.914814
1246 0.914701
1247 0.914586
1248 0.914470
1249 0.914352
1250 0.914233
1251 0.914111
1252 0.913989
1253 0.913864
1254 0.913738
1255 0.913609
1256 0.913479
1257 0.913347
1258 0.913213
1259 0.913076
1260 0.912938
1261 0.912797
1262 0.912653
1263 0.912508
1264 0.912359
1265 0.912209
1266 0.912055
1267 0.911899
1268 0.911740
1269 0.911578
1270 0.911413
1271 0.911245
1272 0.911073
1273 0.910899
1274 0.910720
1275 0.910539
1276 0.910353
1277 0.910164
1278 0.909971
1279 0.909774
1280 0.909573
1281 0.909367
1282 0.909157
1283 0.908942
1284 0.908723
1285 0.908499
1286 0.908270
1287 0.908035
1288 0.907795
1289 0.907550
1290 0.907299
1291 0.907042
1292 0.906779
1293 0.906510
1294 0.906234
1295 0.905952
1296 0.905663
1297 0.905367
1298 0.905063
1299 0.904752
1300 0.904434
1301 0.904107
1302 0.903772
1303 0.903429
1304 0.903078
1305 0.902717
1306 0.902348
1307 0.901969
1308 0.901580
1309 0.901182
1310 0.900774
1311 0.900356
1312 0.899927
1313 0.899488
1314 0.899037
1315 0.898576
1316 0.898103
1317 0.897619
1318 0.897122
1319 0.896614
1320 0.896094
1321 0.895562
1322 0.895017
1323 0.894459
1324 0.893889
1325 0.893306
1326 0.892709
1327 0.892100
1328 0.891478
1329 0.890842
1330 0.890193
1331 0.889531
1332 0.888855
1333 0.888166
1334 0.887464
1335 0.886749
1336 0.886020
1337 0.885278
1338 0.884524
1339 0.883756
1340 0.882976
1341 0.882184
1342 0.881379
1343 0.880562
1344 0.879733
1345 0.878892
1346 0.878040
1347 0.877177
1348 0.876303
1349 0.875419
1350 0.874524
1351 0.873620
1352 0.872706
1353 0.871783
1354 0.870851
1355 0.869911
1356 0.868962
1357 0.868006
1358 0.867042
1359 0.866072
1360 0.865095
1361 0.864112
1362 0.863123
1363 0.862129
1364 0.861130
1365 0.860126
1366 0.859118
1367 0.858107
1368 0.857092
1369 0.856073
1370 0.855052
1371 0.854029
1372 0.853004
1373 0.851976
1374 0.850948
1375 0.849919
1376 0.848888
1377 0.847858
1378 0.846827
1379 0.845796
1380 0.844766
1381 0.843737
1382 0.842708
1383 0.841680
1384 0.840654
1385 0.839630
1386 0.838607
1387 0.837586
1388 0.836568
1389 0.835552
1390 0.834538
1391 0.833528
1392 0.832520
1393 0.831515
1394 0.830513
1395 0.829514
1396 0.828519
1397 0.827527
1398 0.826539
1399 0.825554
1400 0.824574
1401 0.823597
1402 0.822623
1403 0.821654
1404 0.820689
1405 0.819728
1406 0.818771
1407 0.817819
1408 0.816870
1409 0.815926
1410 0.814985
1411 0.814050
1412 0.813118
1413 0.812191
1414 0.811268
1415 0.810349
1416 0.809435
1417 0.808525
1418 0.807619
1419 0.806718
1420 0.805821
1421 0.804928
1422 0.804040
1423 0.803155
1424 0.802275
1425 0.801400
1426 0.800528
1427 0.799661
1428 0.798798
1429 0.797939
1430 0.797084
1431 0.796233
1432 0.795387
1433 0.794544
1434 0.793705
1435 0.792871
1436 0.792040
1437 0.791213
1438 0.790391
1439 0.789572
1440 0.788757
1441 0.787945
1442 0.787138
1443 0.786334
1444 0.785534
1445 0.784738
1446 0.783945
1447 0.783156
1448 0.782371
1449 0.781589
1450 0.780811
1451 0.780036
1452 0.779265
1453 0.778497
1454 0.777733
1455 0.776972
1456 0.776214
1457 0.775460
1458 0.774709
1459 0.773961
1460 0.773217
1461 0.772476
1462 0.771738
1463 0.771003
1464 0.770272
1465 0.769543
1466 0.768818
1467 0.768096
1468 0.767376
1469 0.766660
1470 0.765947
1471 0.765237
1472 0.764530
1473 0.763826
1474 0.763124
1475 0.762426
1476 0.761731
1477 0.761038
1478 0.760348
1479 0.759661
1480 0.758977
1481 0.758296
1482 0.757617
1483 0.756941
1484 0.756268
1485 0.755598
1486 0.754930
1487 0.754265
1488 0.753603
1489 0.752943
1490 0.752286
1491 0.751631
1492 0.750980
1493 0.750330
1494 0.749684
1495 0.749039
1496 0.748398
1497 0.747759
1498 0.747122
1499 0.746488
1500 0.745856
1501 0.745227
1502 0.744600
1503 0.743976
1504 0.743354
1505 0.742734
1506 0.742117
1507 0.741503
1508 0.740890
1509 0.740280
1510 0.739673
1511 0.739067
1512 0.738464
1513 0.737864
1514 0.737265
1515 0.736669
1516 0.736075
1517 0.735484
1518 0.734895
1519 0.734308
1520 0.733723
1521 0.733140
1522 0.732560
1523 0.731982
1524 0.731406
1525 0.730832
1526 0.730260
1527 0.729691
1528 0.729123
1529 0.728558
1530 0.727995
1531 0.727434
1532 0.726875
1533 0.726319
1534 0.725764
1535 0.725212
1536 0.724661
1537 0.724113
1538 0.723567
1539 0.723022
1540 0.722480
1541 0.721940
1542 0.721402
1543 0.720866
1544 0.720331
1545 0.719799
1546 0.719269
1547 0.718741
1548 0.718215
1549 0.717690
1550 0.717168
1551 0.716648
1552 0.716129
1553 0.715613
1554 0.715098
1555 0.714586
1556 0.714075
1557 0.713566
1558 0.713059
1559 0.712554
1560 0.712051
1561 0.711550
1562 0.711050
1563 0.710553
1564 0.710057
1565 0.709563
1566 0.709071
1567 0.708581
1568 0.708092
1569 0.707606
1570 0.707121
1571 0.706638
1572 0.706156
1573 0.705677
1574 0.705199
1575 0.704723
1576 0.704249
1577 0.703777
1578 0.703306
1579 0.702837
1580 0.702370
1581 0.701904
1582 0.701440
1583 0.700978
1584 0.700518
1585 0.700059
1586 0.699602
1587 0.699147
1588 0.698693
1589 0.698241
1590 0.697791
1591 0.697342
1592 0.696895
1593 0.696450
1594 0.696006
1595 0.695564
1596 0.695123
1597 0.694684
1598 0.694247
1599 0.693811
1600 0.693377
1601 0.692944
1602 0.692513
1603 0.692084
1604 0.691656
1605 0.691230
1606 0.690805
1607 0.690382
1608 0.689960
1609 0.689540
1610 0.689122
1611 0.688704
1612 0.688289
1613 0.687875
1614 0.687462
1615 0.687051
1616 0.686642
1617 0.686234
1618 0.685827
1619 0.685422
1620 0.685018
1621 0.684616
1622 0.684215
1623 0.683816
1624 0.683418
1625 0.683022
1626 0.682627
1627 0.682233
1628 0.681841
1629 0.681450
1630 0.681061
1631 0.680673
1632 0.680286
1633 0.679901
1634 0.679517
1635 0.679135
1636 0.678754
1637 0.678374
1638 0.677996
1639 0.677619
1640 0.677243
1641 0.676869
1642 0.676496
1643 0.676124
1644 0.675754
1645 0.675385
1646 0.675018
1647 0.674651
1648 0.674286
1649 0.673922
1650 0.673560
1651 0.673199
1652 0.672839
1653 0.672480
1654 0.672123
1655 0.671767
1656 0.671412
1657 0.671059
1658 0.670706
1659 0.670355
1660 0.670006
1661 0.669657
1662 0.669310
1663 0.668964
1664 0.668619
1665 0.668275
1666 0.667933
1667 0.667591
1668 0.667251
1669 0.666912
1670 0.666575
1671 0.666238
1672 0.665903
1673 0.665569
1674 0.665236
1675 0.664904
1676 0.664573
1677 0.664244
1678 0.663915
1679 0.663588
1680 0.663262
1681 0.662937
1682 0.662613
1683 0.662291
1684 0.661969
1685 0.661649
1686 0.661330
1687 0.661011
1688 0.660694
1689 0.660378
1690 0.660063
1691 0.659750
1692 0.659437
1693 0.659125
1694 0.658815
1695 0.658505
1696 0.658197
1697 0.657889
1698 0.657583
1699 0.657278
1700 0.656974
1701 0.656670
1702 0.656368
1703 0.656067
1704 0.655767
1705 0.655468
1706 0.655170
1707 0.654873
1708 0.654577
1709 0.654282
1710 0.653988
1711 0.653696
1712 0.653404
1713 0.653113
1714 0.652823
1715 0.652534
1716 0.652246
1717 0.651959
1718 0.651673
1719 0.651388
1720 0.651104
1721 0.650821
1722 0.650539
1723 0.650257
1724 0.649977
1725 0.649698
1726 0.649419
1727 0.649142
1728 0.648866
1729 0.648590
1730 0.648315
1731 0.648042
1732 0.647769
1733 0.647497
1734 0.647226
1735 0.646956
1736 0.646687
1737 0.646419
1738 0.646152
1739 0.645885
1740 0.645620
1741 0.645355
1742 0.645091
1743 0.644829
1744 0.644567
1745 0.644306
1746 0.644045
1747 0.643786
1748 0.643527
1749 0.643270
1750 0.643013
1751 0.642757
1752 0.642502
1753 0.642248
1754 0.641994
1755 0.641742
1756 0.641490
1757 0.641239
1758 0.640989
1759 0.640740
1760 0.640492
1761 0.640244
1762 0.639997
1763 0.639752
1764 0.639506
1765 0.639262
1766 0.639019
1767 0.638776
1768 0.638534
1769 0.638293
1770 0.638053
1771 0.637813
1772 0.637574
1773 0.637336
1774 0.637099
1775 0.636863
1776 0.636627
1777 0.636392
1778 0.636158
1779 0.635925
1780 0.635692
1781 0.635461
1782 0.635230
1783 0.634999
1784 0.634770
1785 0.634541
1786 0.634313
1787 0.634086
1788 0.633859
1789 0.633633
1790 0.633408
1791 0.633184
1792 0.632960
1793 0.632738
1794 0.632515
1795 0.632294
1796 0.632073
1797 0.631853
1798 0.631634
1799 0.631415
1800 0.631197
1801 0.630980
1802 0.630764
1803 0.630548
1804 0.630333
1805 0.630118
1806 0.629905
1807 0.629692
1808 0.629479
1809 0.629268
1810 0.629057
1811 0.628847
1812 0.628637
1813 0.628428
1814 0.628220
1815 0.628012
1816 0.627805
1817 0.627599
1818 0.627393
1819 0.627188
1820 0.626984
1821 0.626780
1822 0.626577
1823 0.626375
1824 0.626173
1825 0.625972
1826 0.625772
1827 0.625572
1828 0.625373
1829 0.625175
1830 0.624977
1831 0.624779
1832 0.624583
1833 0.624387
1834 0.624191
1835 0.623997
1836 0.623803
1837 0.623609
1838 0.623416
1839 0.623224
1840 0.623032
1841 0.622841
1842 0.622651
1843 0.622461
1844 0.622272
1845 0.622083
1846 0.621895
1847 0.621707
1848 0.621521
1849 0.621334
1850 0.621149
1851 0.620964
1852 0.620779
1853 0.620595
1854 0.620412
1855 0.620229
1856 0.620047
1857 0.619865
1858 0.619684
1859 0.619504
1860 0.619324
1861 0.619144
1862 0.618965
1863 0.618787
1864 0.618610
1865 0.618432
1866 0.618256
1867 0.618080
1868 0.617904
1869 0.617730
1870 0.617555
1871 0.617381
1872 0.617208
1873 0.617035
1874 0.616863
1875 0.616692
1876 0.616520
1877 0.616350
1878 0.616180
1879 0.616010
1880 0.615841
1881 0.615673
1882 0.615505
1883 0.615338
1884 0.615171
1885 0.615004
1886 0.614839
1887 0.614673
1888 0.614508
1889 0.614344
1890 0.614180
1891 0.614017
1892 0.613854
1893 0.613692
1894 0.613530
1895 0.613369
1896 0.613208
1897 0.613048
1898 0.612888
1899 0.612729
1900 0.612570
1901 0.612412
1902 0.612254
1903 0.612097
1904 0.611940
1905 0.611784
1906 0.611628
1907 0.611473
1908 0.611318
1909 0.611164
1910 0.611010
1911 0.610856
1912 0.610703
1913 0.610551
1914 0.610399
1915 0.610247
1916 0.610096
1917 0.609946
1918 0.609796
1919 0.609646
1920 0.609497
1921 0.609348
1922 0.609200
1923 0.609052
1924 0.608905
1925 0.608758
1926 0.608611
1927 0.608465
1928 0.608320
1929 0.608175
1930 0.608030
1931 0.607886
1932 0.607742
1933 0.607599
1934 0.607456
1935 0.607313
1936 0.607171
1937 0.607030
1938 0.606889
1939 0.606748
1940 0.606608
1941 0.606468
1942 0.606329
1943 0.606190
1944 0.606051
1945 0.605913
1946 0.605775
1947 0.605638
1948 0.605501
1949 0.605365
1950 0.605229
1951 0.605093
1952 0.604958
1953 0.604824
1954 0.604689
1955 0.604555
1956 0.604422
1957 0.604289
1958 0.604156
1959 0.604024
1960 0.603892
1961 0.603761
1962 0.603630
1963 0.603499
1964 0.603369
1965 0.603239
1966 0.603110
1967 0.602981
1968 0.602852
1969 0.602724
1970 0.602596
1971 0.602469
1972 0.602341
1973 0.602215
1974 0.602089
1975 0.601963
1976 0.601837
1977 0.601712
1978 0.601587
1979 0.601463
1980 0.601339
1981 0.601216
1982 0.601092
1983 0.600970
1984 0.600847
1985 0.600725
1986 0.600604
1987 0.600482
1988 0.600361
1989 0.600241
1990 0.600121
1991 0.600001
1992 0.599881
1993 0.599762
1994 0.599644
1995 0.599525
1996 0.599407
1997 0.599290
1998 0.599173
1999 0.599056
2000 0.598939
2001 0.598823
2002 0.598707
2003 0.598592
2004 0.598477
2005 0.598362
2006 0.598248
2007 0.598134
2008 0.598020
2009 0.597907
2010 0.597794
2011 0.597681
2012 0.597569
2013 0.597457
2014 0.597345
2015 0.597234
2016 0.597123
2017 0.597013
2018 0.596903
2019 0.596793
2020 0.596683
2021 0.596574
2022 0.596465
2023 0.596357
2024 0.596249
2025 0.596141
2026 0.596033
2027 0.595926
2028 0.595820
2029 0.595713
2030 0.595607
2031 0.595501
2032 0.595396
2033 0.595290
2034 0.595186
2035 0.595081
2036 0.594977
2037 0.594873
2038 0.594770
2039 0.594666
2040 0.594563
2041 0.594461
2042 0.594359
2043 0.594257
2044 0.594155
2045 0.594054
2046 0.593953
2047 0.593852
2048 0.593752
2049 0.593652
2050 0.593552
2051 0.593453
2052 0.593354
2053 0.593255
2054 0.593156
2055 0.593058
2056 0.592960
2057 0.592863
2058 0.592766
2059 0.592669
2060 0.592572
2061 0.592476
2062 0.592380
2063 0.592284
2064 0.592189
2065 0.592094
2066 0.591999
2067 0.591904
2068 0.591810
2069 0.591716
2070 0.591622
2071 0.591529
2072 0.591436
2073 0.591343
2074 0.591251
2075 0.591159
2076 0.591067
2077 0.590975
2078 0.590884
2079 0.590793
2080 0.590702
2081 0.590612
2082 0.590522
2083 0.590432
2084 0.590342
2085 0.590253
2086 0.590164
2087 0.590075
2088 0.589987
2089 0.589899
2090 0.589811
2091 0.589724
2092 0.589636
2093 0.589549
2094 0.589462
2095 0.589376
2096 0.589290
2097 0.589204
2098 0.589118
2099 0.589033
2100 0.588948
2101 0.588863
2102 0.588778
2103 0.588694
2104 0.588610
2105 0.588526
2106 0.588443
2107 0.588360
2108 0.588277
2109 0.588194
2110 0.588112
2111 0.588030
2112 0.587948
2113 0.587866
2114 0.587785
2115 0.587704
2116 0.587623
2117 0.587543
2118 0.587462
2119 0.587382
2120 0.587303
2121 0.587223
2122 0.587144
2123 0.587065
2124 0.586986
2125 0.586908
2126 0.586830
2127 0.586752
2128 0.586674
2129 0.586596
2130 0.586519
2131 0.586442
2132 0.586366
2133 0.586289
2134 0.586213
2135 0.586137
2136 0.586061
2137 0.585986
2138 0.585911
2139 0.585836
2140 0.585761
2141 0.585687
2142 0.585613
2143 0.585539
2144 0.585465
2145 0.585392
2146 0.585318
2147 0.585245
2148 0.585173
2149 0.585100
2150 0.585028
2151 0.584956
2152 0.584884
2153 0.584813
2154 0.584741
2155 0.584670
2156 0.584600
2157 0.584529
2158 0.584459
2159 0.584389
2160 0.584319
2161 0.584249
2162 0.584180
2163 0.584111
2164 0.584042
2165 0.583973
2166 0.583905
2167 0.583836
2168 0.583768
2169 0.583701
2170 0.583633
2171 0.583566
2172 0.583499
2173 0.583432
2174 0.583365
2175 0.583299
2176 0.583233
2177 0.583167
2178 0.583101
2179 0.583036
2180 0.582971
2181 0.582906
2182 0.582841
2183 0.582776
2184 0.582712
2185 0.582648
2186 0.582584
2187 0.582520
2188 0.582457
2189 0.582393
2190 0.582330
2191 0.582268
2192 0.582205
2193 0.582143
2194 0.582080
2195 0.582019
2196 0.581957
2197 0.581895
2198 0.581834
2199 0.581773
2200 0.581712
2201 0.581652
2202 0.581591
2203 0.581531
2204 0.581471
2205 0.581411
2206 0.581352
2207 0.581292
2208 0.581233
2209 0.581174
2210 0.581115
2211 0.581057
2212 0.580999
2213 0.580941
2214 0.580883
2215 0.580825
2216 0.580767
2217 0.580710
2218 0.580653
2219 0.580596
2220 0.580540
2221 0.580483
2222 0.580427
2223 0.580371
2224 0.580315
2225 0.580260
2226 0.580204
2227 0.580149
2228 0.580094
2229 0.580039
2230 0.579984
2231 0.579930
2232 0.579876
2233 0.579822
2234 0.579768
2235 0.579714
2236 0.579661
2237 0.579608
2238 0.579555
2239 0.579502
2240 0.579449
2241 0.579397
2242 0.579345
2243 0.579293
2244 0.579241
2245 0.579189
2246 0.579138
2247 0.579087
2248 0.579035
2249 0.578985
2250 0.578934
2251 0.578883
2252 0.578833
2253 0.578783
2254 0.578733
2255 0.578683
2256 0.578634
2257 0.578585
2258 0.578536
2259 0.578487
2260 0.578438
2261 0.578389
2262 0.578341
2263 0.578293
2264 0.578245
2265 0.578197
2266 0.578149
2267 0.578102
2268 0.578054
2269 0.578007
2270 0.577961
2271 0.577914
2272 0.577867
2273 0.577821
2274 0.577775
2275 0.577729
2276 0.577683
2277 0.577637
2278 0.577592
2279 0.577547
2280 0.577502
2281 0.577457
2282 0.577412
2283 0.577368
2284 0.577323
2285 0.577279
2286 0.577235
2287 0.577191
2288 0.577148
2289 0.577104
2290 0.577061
2291 0.577018
2292 0.576975
2293 0.576932
2294 0.576890
2295 0.576847
2296 0.576805
2297 0.576763
2298 0.576721
2299 0.576680
2300 0.576638
2301 0.576597
2302 0.576556
2303 0.576515
2304 0.576474
2305 0.576433
2306 0.576393
2307 0.576353
2308 0.576313
2309 0.576273
2310 0.576233
2311 0.576193
2312 0.576154
2313 0.576115
2314 0.576076
2315 0.576037
2316 0.575998
2317 0.575959
2318 0.575921
2319 0.575883
2320 0.575845
2321 0.575807
2322 0.575769
2323 0.575731
2324 0.575694
2325 0.575657
2326 0.575620
2327 0.575583
2328 0.575546
2329 0.575510
2330 0.575473
2331 0.575437
2332 0.575401
2333 0.575365
2334 0.575329
2335 0.575294
2336 0.575258
2337 0.575223
2338 0.575188
2339 0.575153
2340 0.575118
2341 0.575084
2342 0.575049
2343 0.575015
2344 0.574981
2345 0.574947
2346 0.574913
2347 0.574879
2348 0.574846
2349 0.574813
2350 0.574779
2351 0.574746
2352 0.574714
2353 0.574681
2354 0.574648
2355 0.574616
2356 0.574584
2357 0.574552
2358 0.574520
2359 0.574488
2360 0.574456
2361 0.574425
2362 0.574394
2363 0.574363
2364 0.574332
2365 0.574301
2366 0.574270
2367 0.574240
2368 0.574209
2369 0.574179
2370 0.574149
2371 0.574119
2372 0.574090
2373 0.574060
2374 0.574031
2375 0.574001
2376 0.573972
2377 0.573943
2378 0.573915
2379 0.573886
2380 0.573857
2381 0.573829
2382 0.573801
2383 0.573773
2384 0.573745
2385 0.573717
2386 0.573690
2387 0.573662
2388 0.573635
2389 0.573608
2390 0.573581
2391 0.573554
2392 0.573527
2393 0.573501
2394 0.573474
2395 0.573448
2396 0.573422
2397 0.573396
2398 0.573370
2399 0.573344
2400 0.573319
2401 0.573293
2402 0.573268
2403 0.573243
2404 0.573218
2405 0.573193
2406 0.573169
2407 0.573144
2408 0.573120
2409 0.573096
2410 0.573072
2411 0.573048
2412 0.573024
2413 0.573000
2414 0.572977
2415 0.572953
2416 0.572930
2417 0.572907
2418 0.572884
2419 0.572861
2420 0.572839
2421 0.572816
2422 0.572794
2423 0.572772
2424 0.572750
2425 0.572728
2426 0.572706
2427 0.572684
2428 0.572663
2429 0.572641
2430 0.572620
2431 0.572599
2432 0.572578
2433 0.572557
2434 0.572536
2435 0.572516
2436 0.572495
2437 0.572475
2438 0.572455
2439 0.572435
2440 0.572415
2441 0.572395
2442 0.572376
2443 0.572356
2444 0.572337
2445 0.572318
2446 0.572299
2447 0.572280
2448 0.572261
2449 0.572243
2450 0.572224
2451 0.572206
2452 0.572187
2453 0.572169
2454 0.572151
2455 0.572134
2456 0.572116
2457 0.572098
2458 0.572081
2459 0.572064
2460 0.572046
2461 0.572029
2462 0.572013
2463 0.571996
2464 0.571979
2465 0.571963
2466 0.571946
2467 0.571930
2468 0.571914
2469 0.571898
2470 0.571882
2471 0.571866
2472 0.571851
2473 0.571835
2474 0.571820
2475 0.571805
2476 0.571790
2477 0.571775
2478 0.571760
2479 0.571745
2480 0.571731
2481 0.571716
2482 0.571702
2483 0.571688
2484 0.571674
2485 0.571660
2486 0.571646
2487 0.571633
2488 0.571619
2489 0.571606
2490 0.571592
2491 0.571579
2492 0.571566
2493 0.571553
2494 0.571541
2495 0.571528
2496 0.571515
2497 0.571503
2498 0.571491
2499 0.571479
2500 0.571467
2501 0.571455
2502 0.571443
2503 0.571431
2504 0.571420
2505 0.571408
2506 0.571397
2507 0.571386
2508 0.571375
2509 0.571364
2510 0.571353
2511 0.571343
2512 0.571332
2513 0.571322
2514 0.571311
2515 0.571301
2516 0.571291
2517 0.571281
2518 0.571271
2519 0.571262
2520 0.571252
2521 0.571243
2522 0.571233
2523 0.571224
2524 0.571215
2525 0.571206
2526 0.571197
2527 0.571188
2528 0.571180
2529 0.571171
2530 0.571163
2531 0.571154
2532 0.571146
2533 0.571138
2534 0.571130
2535 0.571122
2536 0.571114
2537 0.571106
2538 0.571099
2539 0.571091
2540 0.571084
2541 0.571076
2542 0.571069
2543 0.571062
2544 0.571054
2545 0.571047
2546 0.571040
2547 0.571033
2548 0.571026
2549 0.571019
2550 0.571012
2551 0.571005
2552 0.570997
2553 0.570990
2554 0.570983
2555 0.570975
2556 0.570968
2557 0.570960
2558 0.570951
2559 0.570942
2560 0.570933
2561 0.570922
2562 0.570911
2563 0.570897
2564 0.570882
2565 0.570863
2566 0.570840
2567 0.570811
2568 0.570773
2569 0.570722
2570 0.570652
2571 0.570554
2572 0.570413
2573 0.570204
2574 0.569886
2575 0.569383
2576 0.568554
2577 0.567118
2578 0.564465
2579 0.559155
2580 0.547481
2581 0.519928
2582 0.464471
2583 0.445159
2584 0.408873
2585 0.533647
2586 0.318974
2587 0.451851
2588 0.587162
2589 0.576216
2590 0.311239
2591 0.530309
2592 0.662859
2593 0.422355
2594 0.617638
2595 0.312758
2596 0.533381
2597 0.674125
2598 0.496488
2599 0.481009
2600 0.393992
2601 0.534350
2602 0.659555
2603 0.629040
2604 0.379017
2605 0.650215
2606 0.659443
2607 0.413657
2608 0.663412
2609 0.577894
2610 0.409494
2611 0.606227
2612 0.686553
2613 0.542068
2614 0.577635
2615 0.407915
2616 0.599971
2617 0.729255
2618 0.663932
2619 0.650148
2620 0.638701
2621 0.550599
2622 0.567201
2623 0.591536
2624 0.573786
2625 0.569883
2626 0.577798
2627 0.575239
2628 0.572136
2629 0.573483
2630 0.573341
2631 0.572062
2632 0.571794
2633 0.571612
2634 0.571055
2635 0.570617
2636 0.570291
2637 0.569913
2638 0.569537
2639 0.569197
2640 0.568868
2641 0.568547
2642 0.568241
2643 0.567949
2644 0.567670
2645 0.567403
2646 0.567149
2647 0.566907
2648 0.566677
2649 0.566457
2650 0.566245
2651 0.566038
2652 0.565833
2653 0.565621
2654 0.565391
2655 0.565121
2656 0.564775
2657 0.564284
2658 0.563512
2659 0.562169
2660 0.559583
2661 0.554020
2662 0.540454
2663 0.504024
2664 0.429892
2665 0.470494
2666 0.285686
2667 0.470391
2668 0.435322
2669 0.354244
2670 0.526503
2671 0.654978
2672 0.300992
2673 0.582303
2674 0.403468
2675 0.573329
2676 0.320804
2677 0.453447
2678 0.418260
2679 0.533421
2680 0.300838
2681 0.414275
2682 0.609664
2683 0.685951
2684 0.316514
2685 0.616672
2686 0.609611
2687 0.285441
2688 0.513134
2689 0.561019
2690 0.297357
2691 0.445945
2692 0.595797
2693 0.407321
2694 0.559785
2695 0.696112
2696 0.572275
2697 0.370117
2698 0.653432
2699 0.737110
2700 0.519027
2701 0.690601
2702 0.507482
2703 0.713870
2704 0.560031
2705 0.712660
2706 0.628858
2707 0.568692
2708 0.561801
2709 0.584638
2710 0.576561
2711 0.567677
2712 0.574676
2713 0.574957
2714 0.570536
2715 0.571356
2716 0.572227
2717 0.570690
2718 0.570110
2719 0.570247
2720 0.569734
2721 0.569184
2722 0.568930
2723 0.568616
2724 0.568238
2725 0.567924
2726 0.567635
2727 0.567343
2728 0.567066
2729 0.566808
2730 0.566562
2731 0.566329
2732 0.566108
2733 0.565897
2734 0.565695
2735 0.565495
2736 0.565292
2737 0.565072
2738 0.564812
2739 0.564472
2740 0.563971
2741 0.563148
2742 0.561641
2743 0.558573
2744 0.551542
2745 0.533200
2746 0.482860
2747 0.417368
2748 0.496887
2749 0.281552
2750 0.421535
2751 0.298454
2752 0.409141
2753 0.291349
2754 0.423223
2755 0.461780
2756 0.324549
2757 0.490427
2758 0.610563
2759 0.266284
2760 0.518367
2761 0.290128
2762 0.437637
2763 0.293042
2764 0.418163
2765 0.342534
2766 0.543982
2767 0.623176
2768 0.289220
2769 0.541458
2770 0.586522
2771 0.290643
2772 0.456483
2773 0.292836
2774 0.423515
2775 0.378498
2776 0.585774
2777 0.639474
2778 0.371168
2779 0.678786
2780 0.669177
2781 0.286600
2782 0.566766
2783 0.395455
2784 0.614179
2785 0.754436
2786 0.449504
2787 0.741199
2788 0.424667
2789 0.765623
2790 0.505055
2791 0.733984
2792 0.540172
2793 0.734665
2794 0.603380
2795 0.530342
2796 0.583798
2797 0.591809
2798 0.556411
2799 0.566854
2800 0.581209
2801 0.568044
2802 0.564793
2803 0.572542
2804 0.570209
2805 0.566391
2806 0.568286
2807 0.568728
2808 0.567055
2809 0.566814
2810 0.567019
2811 0.566525
2812 0.566105
2813 0.565932
2814 0.565692
2815 0.565422
2816 0.565197
2817 0.564987
2818 0.564783
2819 0.564588
2820 0.564396
2821 0.564198
2822 0.563976
2823 0.563699
2824 0.563310
2825 0.562690
2826 0.561580
2827 0.559373
2828 0.554460
2829 0.542064
2830 0.507433
2831 0.434442
2832 0.498529
2833 0.260988
2834 0.338832
2835 0.365535
2836 0.542749
2837 0.699338
2838 0.248898
2839 0.391932
2840 0.266186
2841 0.422609
2842 0.287175
2843 0.363967
2844 0.338625
2845 0.511944
2846 0.635486
2847 0.257071
2848 0.374961
2849 0.304403
2850 0.463815
2851 0.685396
2852 0.268242
2853 0.548947
2854 0.306683
2855 0.372093
2856 0.318391
2857 0.463459
2858 0.625927
2859 0.251181
2860 0.382655
2861 0.296808
2862 0.443313
2863 0.687342
2864 0.389717
2865 0.679282
2866 0.328988
2867 0.643093
2868 0.589196
2869 0.265085
2870 0.361403
2871 0.419614
2872 0.533213
2873 0.688354
2874 0.327400
2875 0.657986
2876 0.521104
2877 0.276441
2878 0.499300
2879 0.270570
2880 0.404406
2881 0.299828
2882 0.417790
2883 0.632422
2884 0.772306
2885 0.349774
2886 0.749748
2887 0.358999
2888 0.762255
2889 0.379332
2890 0.787773
2891 0.398523
2892 0.805820
2893 0.443221
2894 0.811512
2895 0.540064
2896 0.709812
2897 0.573644
2898 0.491057
2899 0.608672
2900 0.602939
2901 0.534263
2902 0.564938
2903 0.594262
2904 0.560860
2905 0.554634
2906 0.578239
2907 0.570826
2908 0.559408
2909 0.567261
2910 0.569812
2911 0.564347
2912 0.564312
2913 0.566295
2914 0.565241
2915 0.564381
2916 0.564562
2917 0.564424
2918 0.564117
2919 0.563935
2920 0.563763
2921 0.563579
2922 0.563379
2923 0.563131
2924 0.562782
2925 0.562214
2926 0.561172
2927 0.559043
2928 0.554187
2929 0.541675
2930 0.506392
2931 0.437007
2932 0.515604
2933 0.260171
2934 0.229387
2935 0.586376
2936 0.563126
2937 0.293986
2938 0.245963
2939 0.599796
2940 0.656862
2941 0.297131
2942 0.275370
2943 0.626553
2944 0.439469
2945 0.488874
2946 0.265927
2947 0.308174
2948 0.552501
2949 0.674178
2950 0.270735
2951 0.254123
2952 0.642748
2953 0.716284
2954 0.241174
2955 0.263999
2956 0.686083
2957 0.442246
2958 0.636969
2959 0.291813
2960 0.270814
2961 0.638594
2962 0.789066
2963 0.293690
2964 0.614740
2965 0.261574
2966 0.256193
2967 0.672795
2968 0.729693
2969 0.244750
2970 0.325929
2971 0.654471
2972 0.466287
2973 0.579612
2974 0.282195
2975 0.299132
2976 0.612785
2977 0.778445
2978 0.334742
2979 0.713395
2980 0.266153
2981 0.471087
2982 0.265552
2983 0.295281
2984 0.637224
2985 0.813646
2986 0.393605
2987 0.805524
2988 0.468126
2989 0.777976
2990 0.565975
2991 0.528182
2992 0.606128
2993 0.579911
2994 0.531545
2995 0.573136
2996 0.589217
2997 0.552226
2998 0.553555
2999 0.579449
3000 0.566829
3001 0.554047
3002 0.566099
3003 0.568726
3004 0.560685
3005 0.561074
3006 0.564482
3007 0.562888
3008 0.561593
3009 0.562071
3010 0.562020
3011 0.561663
3012 0.561487
3013 0.561304
3014 0.561087
3015 0.560800
3016 0.560366
3017 0.559616
3018 0.558165
3019 0.555056
3020 0.547649
3021 0.528125
3022 0.479377
3023 0.455449
3024 0.356730
3025 0.672660
3026 0.236117
3027 0.160185
3028 0.416892
3029 0.260502
3030 0.195609
3031 0.529483
3032 0.259076
3033 0.313120
3034 0.603752
3035 0.256117
3036 0.176703
3037 0.519297
3038 0.297023
3039 0.203273
3040 0.527623
3041 0.668570
3042 0.303109
3043 0.184682
3044 0.542761
3045 0.270039
3046 0.190664
3047 0.527330
3048 0.300210
3049 0.545003
3050 0.245432
3051 0.183253
3052 0.532430
3053 0.252442
3054 0.187212
3055 0.528724
3056 0.257022
3057 0.260844
3058 0.647392
3059 0.721433
3060 0.245768
3061 0.166468
3062 0.469217
3063 0.282224
3064 0.212095
3065 0.540241
3066 0.797983
3067 0.224393
3068 0.179104
3069 0.529409
3070 0.312971
3071 0.203862
3072 0.528357
3073 0.786827
3074 0.224218
3075 0.166871
3076 0.457739
3077 0.270555
3078 0.200662
3079 0.524780
3080 0.777770
3081 0.226420
3082 0.161088
3083 0.420610
3084 0.259672
3085 0.205773
3086 0.535328
3087 0.803555
3088 0.222817
3089 0.164644
3090 0.432438
3091 0.257487
3092 0.189408
3093 0.525341
3094 0.478390
3095 0.345365
3096 0.586053
3097 0.829560
3098 0.237363
3099 0.212772
3100 0.651133
3101 0.272001
3102 0.157104
3103 0.425095
3104 0.265902
3105 0.203296
3106 0.527880
3107 0.825672
3108 0.224095
3109 0.164948
3110 0.422283
3111 0.256987
3112 0.186935
3113 0.532399
3114 0.285425
3115 0.492238
3116 0.305745
3117 0.218990
3118 0.565101
3119 0.833767
3120 0.234428
3121 0.191658
3122 0.596124
3123 0.323664
3124 0.172732
3125 0.530456
3126 0.299438
3127 0.201107
3128 0.525436
3129 0.847281
3130 0.233876
3131 0.183507
3132 0.556497
3133 0.319919
3134 0.181985
3135 0.535817
3136 0.253208
3137 0.174977
3138 0.540049
3139 0.291963
3140 0.192942
3141 0.522596
3142 0.773919
3143 0.230987
3144 0.143897
3145 0.285095
3146 0.787056
3147 0.250798
3148 0.220286
3149 0.634414
3150 0.439230
3151 0.721314
3152 0.235369
3153 0.143549
3154 0.292712
3155 0.771909
3156 0.298337
3157 0.616135
3158 0.305209
3159 0.162676
3160 0.480610
3161 0.290746
3162 0.215237
3163 0.563610
3164 0.867424
3165 0.307133
3166 0.579911
3167 0.243245
3168 0.141436
3169 0.269768
3170 0.800590
3171 0.250342
3172 0.197528
3173 0.608332
3174 0.254247
3175 0.148674
3176 0.338469
3177 0.636557
3178 0.817863
3179 0.228463
3180 0.147294
3181 0.264405
3182 0.809125
3183 0.230485
3184 0.138482
3185 0.226976
3186 0.660646
3187 0.502839
3188 0.366625
3189 0.763644
3190 0.296119
3191 0.597175
3192 0.315893
3193 0.161682
3194 0.461578
3195 0.281238
3196 0.197983
3197 0.526989
3198 0.894099
3199 0.291376
3200 0.461672
3201 0.279037
3202 0.352501
3203 0.634174
3204 0.784981
3205 0.229782
3206 0.131644
3207 0.187984
3208 0.599633
3209 0.297209
3210 0.161811
3211 0.457232
3212 0.279652
3213 0.194347
3214 0.527065
3215 0.852845
3216 0.248957
3217 0.181889
3218 0.540578
3219 0.296488
3220 0.171881
3221 0.532473
3222 0.296696
3223 0.199683
3224 0.528521
3225 0.934230
3226 0.449682
3227 0.828411
3228 0.584579
3229 0.405645
3230 0.589071
3231 0.695017
3232 0.544473
3233 0.437069
3234 0.627254
3235 0.641098
3236 0.502909
3237 0.508068
3238 0.661429
3239 0.567587
3240 0.446529
3241 0.589203
3242 0.637034
3243 0.553148
3244 0.489111
3245 0.597795
3246 0.599816
3247 0.528575
3248 0.531670
3249 0.601990
3250 0.563371
3251 0.523193
3252 0.567510
3253 0.578525
3254 0.550872
3255 0.546152
3256 0.565048
3257 0.559952
3258 0.554332
3259 0.556355
3260 0.556839
3261 0.556178
3262 0.555922
3263 0.555340
3264 0.554554
3265 0.552783
3266 0.549245
3267 0.540346
3268 0.518770
3269 0.472918
3270 0.487734
3271 0.226610
3272 0.096323
3273 0.088861
3274 0.086440
3275 0.084904
3276 0.083610
3277 0.082441
3278 0.081352
3279 0.080322
3280 0.079337
3281 0.078391
3282 0.077477
3283 0.076593
3284 0.075735
3285 0.074903
3286 0.074095
3287 0.073309
3288 0.072544
3289 0.071800
3290 0.071075
3291 0.070369
3292 0.069680
3293 0.069008
3294 0.068353
3295 0.067714
3296 0.067089
3297 0.066479
3298 0.065883
3299 0.065301
3300 0.064732
3301 0.064175
3302 0.063630
3303 0.063097
3304 0.062576
3305 0.062065
3306 0.061565
3307 0.061075
3308 0.060595
3309 0.060124
3310 0.059663
3311 0.059211
3312 0.058768
3313 0.058333
3314 0.057906
3315 0.057488
3316 0.057077
3317 0.056674
3318 0.056278
3319 0.055889
3320 0.055507
3321 0.055132
3322 0.054763
3323 0.054401
3324 0.054045
3325 0.053695
3326 0.053351
3327 0.053013
3328 0.052680
3329 0.052352
3330 0.052031
3331 0.051714
3332 0.051402
3333 0.051095
3334 0.050793
3335 0.050496
3336 0.050203
3337 0.049915
3338 0.049631
3339 0.049351
3340 0.049076
3341 0.048805
3342 0.048537
3343 0.048274
3344 0.048014
3345 0.047758
3346 0.047506
3347 0.047257
3348 0.047012
3349 0.046770
3350 0.046532
3351 0.046297
3352 0.046065
3353 0.045836
3354 0.045610
3355 0.045388
3356 0.045168
3357 0.044951
3358 0.044737
3359 0.044526
3360 0.044317
3361 0.044111
3362 0.043908
3363 0.043707
3364 0.043509
3365 0.043314
3366 0.043120
3367 0.042929
3368 0.042741
3369 0.042555
3370 0.042371
3371 0.042189
3372 0.042009
3373 0.041832
3374 0.041656
3375 0.041483
3376 0.041312
3377 0.041142
3378 0.040975
3379 0.040810
3380 0.040646
3381 0.040484
3382 0.040324
3383 0.040166
3384 0.040010
3385 0.039855
3386 0.039702
3387 0.039551
3388 0.039401
3389 0.039253
3390 0.039107
3391 0.038962
3392 0.038819
3393 0.038677
3394 0.038537
3395 0.038398
3396 0.038260
3397 0.038125
3398 0.037990
3399 0.037857
3400 0.037725
3401 0.037594
3402 0.037465
3403 0.037337
3404 0.037211
3405 0.037085
3406 0.036961
3407 0.036838
3408 0.036717
3409 0.036596
3410 0.036477
3411 0.036358
3412 0.036241
3413 0.036125
3414 0.036011
3415 0.035897
3416 0.035784
3417 0.035672
3418 0.035562
3419 0.035452
3420 0.035344
3421 0.035236
3422 0.035130
3423 0.035024
3424 0.034919
3425 0.034815
3426 0.034713
3427 0.034611
3428 0.034510
3429 0.034410
3430 0.034311
3431 0.034212
3432 0.034115
3433 0.034018
3434 0.033922
3435 0.033827
3436 0.033733
3437 0.033640
3438 0.033547
3439 0.033456
3440 0.033365
3441 0.033274
3442 0.033185
3443 0.033096
3444 0.033008
3445 0.032921
3446 0.032834
3447 0.032748
3448 0.032663
3449 0.032579
3450 0.032495
3451 0.032412
3452 0.032329
3453 0.032248
3454 0.032166
3455 0.032086
3456 0.032006
3457 0.031927
3458 0.031848
3459 0.031770
3460 0.031693
3461 0.031616
3462 0.031540
3463 0.031464
3464 0.031389
3465 0.031315
3466 0.031241
3467 0.031167
3468 0.031095
3469 0.031022
3470 0.030951
3471 0.030879
3472 0.030809
3473 0.030739
3474 0.030669
3475 0.030600
3476 0.030531
3477 0.030463
3478 0.030396
3479 0.030328
3480 0.030262
3481 0.030196
3482 0.030130
3483 0.030065
3484 0.030000
3485 0.029935
3486 0.029872
3487 0.029808
3488 0.029745
3489 0.029683
3490 0.029620
3491 0.029559
3492 0.029497
3493 0.029437
3494 0.029376
3495 0.029316
3496 0.029256
3497 0.029197
3498 0.029138
3499 0.029080
3500 0.029022
3501 0.028964
3502 0.028907
3503 0.028850
3504 0.028794
3505 0.028737
3506 0.028682
3507 0.028626
3508 0.028571
3509 0.028516
3510 0.028462
3511 0.028408
3512 0.028354
3513 0.028301
3514 0.028248
3515 0.028195
3516 0.028143
3517 0.028091
3518 0.028039
3519 0.027988
3520 0.027937
3521 0.027886
3522 0.027836
3523 0.027786
3524 0.027736
3525 0.027686
3526 0.027637
3527 0.027588
3528 0.027540
3529 0.027492
3530 0.027444
3531 0.027396
3532 0.027348
3533 0.027301
3534 0.027254
3535 0.027208
3536 0.027161
3537 0.027115
3538 0.027070
3539 0.027024
3540 0.026979
3541 0.026934
3542 0.026889
3543 0.026845
3544 0.026800
3545 0.026756
3546 0.026713
3547 0.026669
3548 0.026626
3549 0.026583
3550 0.026540
3551 0.026498
3552 0.026456
3553 0.026414
3554 0.026372
3555 0.026330
3556 0.026289
3557 0.026248
3558 0.026207
3559 0.026166
3560 0.026126
3561 0.026086
3562 0.026046
3563 0.026006
3564 0.025966
3565 0.025927
3566 0.025888
3567 0.025849
3568 0.025810
3569 0.025772
3570 0.025733
3571 0.025695
3572 0.025657
3573 0.025620
3574 0.025582
3575 0.025545
3576 0.025508
3577 0.025471
3578 0.025434
3579 0.025397
3580 0.025361
3581 0.025325
3582 0.025289
3583 0.025253
3584 0.025217
3585 0.025182
3586 0.025146
3587 0.025111
3588 0.025076
3589 0.025042
3590 0.025007
3591 0.024973
3592 0.024938
3593 0.024904
3594 0.024870
3595 0.024837
3596 0.024803
3597 0.024770
3598 0.024736
3599 0.024703
3600 0.024670
3601 0.024637
3602 0.024605
3603 0.024572
3604 0.024540
3605 0.024508
3606 0.024476
3607 0.024444
3608 0.024412
3609 0.024381
3610 0.024349
3611 0.024318
3612 0.024287
3613 0.024256
3614 0.024225
3615 0.024194
3616 0.024164
3617 0.024133
3618 0.024103
3619 0.024073
3620 0.024043
3621 0.024013
3622 0.023983
3623 0.023954
3624 0.023924
3625 0.023895
3626 0.023866
3627 0.023836
3628 0.023807
3629 0.023779
3630 0.023750
3631 0.023721
3632 0.023693
3633 0.023665
3634 0.023636
3635 0.023608
3636 0.023580
3637 0.023553
3638 0.023525
3639 0.023497
3640 0.023470
3641 0.023442
3642 0.023415
3643 0.023388
3644 0.023361
3645 0.023334
3646 0.023307
3647 0.023281
3648 0.023254
3649 0.023228
3650 0.023201
3651 0.023175
3652 0.023149
3653 0.023123
3654 0.023097
3655 0.023071
3656 0.023045
3657 0.023020
3658 0.022994
3659 0.022969
3660 0.022943
3661 0.022918
3662 0.022893
3663 0.022868
3664 0.022843
3665 0.022819
3666 0.022794
3667 0.022769
3668 0.022745
3669 0.022720
3670 0.022696
3671 0.022672
3672 0.022648
3673 0.022624
3674 0.022600
3675 0.022576
3676 0.022552
3677 0.022528
3678 0.022505
3679 0.022481
3680 0.022458
3681 0.022435
3682 0.022411
3683 0.022388
3684 0.022365
3685 0.022342
3686 0.022320
3687 0.022297
3688 0.022274
3689 0.022251
3690 0.022229
3691 0.022206
3692 0.022184
3693 0.022162
3694 0.022140
3695 0.022117
3696 0.022095
3697 0.022073
3698 0.022052
3699 0.022030
3700 0.022008
3701 0.021986
3702 0.021965
3703 0.021943
3704 0.021922
3705 0.021901
3706 0.021879
3707 0.021858
3708 0.021837
3709 0.021816
3710 0.021795
3711 0.021774
3712 0.021753
3713 0.021733
3714 0.021712
3715 0.021691
3716 0.021671
3717 0.021650
3718 0.021630
3719 0.021610
3720 0.021589
3721 0.021569
3722 0.021549
3723 0.021529
3724 0.021509
3725 0.021489
3726 0.021469
3727 0.021450
3728 0.021430
3729 0.021410
3730 0.021391
3731 0.021371
3732 0.021352
3733 0.021332
3734 0.021313
3735 0.021294
3736 0.021274
3737 0.021255
3738 0.021236
3739 0.021217
3740 0.021198
3741 0.021179
3742 0.021161
3743 0.021142
3744 0.021123
3745 0.021104
3746 0.021086
3747 0.021067
3748 0.021049
3749 0.021030
3750 0.021012
3751 0.020994
3752 0.020976
3753 0.020957
3754 0.020939
3755 0.020921
3756 0.020903
3757 0.020885
3758 0.020867
3759 0.020849
3760 0.020832
3761 0.020814
3762 0.020796
3763 0.020779
3764 0.020761
3765 0.020744
3766 0.020726
3767 0.020709
3768 0.020691
3769 0.020674
3770 0.020657
3771 0.020639
3772 0.020622
3773 0.020605
3774 0.020588
3775 0.020571
3776 0.020554
3777 0.020537
3778 0.020520
3779 0.020504
3780 0.020487
3781 0.020470
3782 0.020453
3783 0.020437
3784 0.020420
3785 0.020404
3786 0.020387
3787 0.020371
3788 0.020354
3789 0.020338
3790 0.020322
3791 0.020306
3792 0.020289
3793 0.020273
3794 0.020257
3795 0.020241
3796 0.020225
3797 0.020209
3798 0.020193
3799 0.020177
3800 0.020161
3801 0.020146
3802 0.020130
3803 0.020114
3804 0.020099
3805 0.020083
3806 0.020067
3807 0.020052
3808 0.020036
3809 0.020021
3810 0.020005
3811 0.019990
3812 0.019975
3813 0.019959
3814 0.019944
3815 0.019929
3816 0.019914
3817 0.019899
3818 0.019884
3819 0.019869
3820 0.019854
3821 0.019839
3822 0.019824
3823 0.019809
3824 0.019794
3825 0.019779
3826 0.019764
3827 0.019750
3828 0.019735
3829 0.019720
3830 0.019706
3831 0.019691
3832 0.019677
3833 0.019662
3834 0.019648
3835 0.019633
3836 0.019619
3837 0.019604
3838 0.019590
3839 0.019576
3840 0.019562
3841 0.019547
3842 0.019533
3843 0.019519
3844 0.019505
3845 0.019491
3846 0.019477
3847 0.019463
3848 0.019449
3849 0.019435
3850 0.019421
3851 0.019407
3852 0.019393
3853 0.019379
3854 0.019366
3855 0.019352
3856 0.019338
3857 0.019325
3858 0.019311
3859 0.019297
3860 0.019284
3861 0.019270
3862 0.019257
3863 0.019243
3864 0.019230
3865 0.019216
3866 0.019203
3867 0.019190
3868 0.019176
3869 0.019163
3870 0.019150
3871 0.019137
3872 0.019123
3873 0.019110
3874 0.019097
3875 0.019084
3876 0.019071
3877 0.019058
3878 0.019045
3879 0.019032
3880 0.019019
3881 0.019006
3882 0.018993
3883 0.018980
3884 0.018967
3885 0.018955
3886 0.018942
3887 0.018929
3888 0.018916
3889 0.018904
3890 0.018891
3891 0.018878
3892 0.018866
3893 0.018853
3894 0.018841
3895 0.018828
3896 0.018816
3897 0.018803
3898 0.018791
3899 0.018778
3900 0.018766
3901 0.018753
3902 0.018741
3903 0.018729
3904 0.018717
3905 0.018704
3906 0.018692
3907 0.018680
3908 0.018668
3909 0.018656
3910 0.018643
3911 0.018631
3912 0.018619
3913 0.018607
3914 0.018595
3915 0.018583
3916 0.018571
3917 0.018559
3918 0.018547
3919 0.018535
3920 0.018524
3921 0.018512
3922 0.018500
3923 0.018488
3924 0.018476
3925 0.018465
3926 0.018453
3927 0.018441
3928 0.018430
3929 0.018418
3930 0.018406
3931 0.018395
3932 0.018383
3933 0.018371
3934 0.018360
3935 0.018348
3936 0.018337
3937 0.018326
3938 0.018314
3939 0.018303
3940 0.018291
3941 0.018280
3942 0.018269
3943 0.018257
3944 0.018246
3945 0.018235
3946 0.018223
3947 0.018212
3948 0.018201
3949 0.018190
3950 0.018179
3951 0.018167
3952 0.018156
3953 0.018145
3954 0.018134
3955 0.018123
3956 0.018112
3957 0.018101
3958 0.018090
3959 0.018079
3960 0.018068
3961 0.018057
3962 0.018046
3963 0.018035
3964 0.018024
3965 0.018014
3966 0.018003
3967 0.017992
3968 0.017981
3969 0.017970
3970 0.017960
3971 0.017949
3972 0.017938
3973 0.017927
3974 0.017917
3975 0.017906
3976 0.017896
3977 0.017885
3978 0.017874
3979 0.017864
3980 0.017853
3981 0.017843
3982 0.017832
3983 0.017822
3984 0.017811
3985 0.017801
3986 0.017790
3987 0.017780
3988 0.017769
3989 0.017759
3990 0.017749
3991 0.017738
3992 0.017728
3993 0.017718
3994 0.017707
3995 0.017697
3996 0.017687
3997 0.017677
3998 0.017667
3999 0.017656
4000 0.017646
4001 0.017636
4002 0.017626
4003 0.017616
4004 0.017606
4005 0.017596
4006 0.017585
4007 0.017575
4008 0.017565
4009 0.017555
4010 0.017545
4011 0.017535
4012 0.017525
4013 0.017515
4014 0.017506
4015 0.017496
4016 0.017486
4017 0.017476
4018 0.017466
4019 0.017456
4020 0.017446
4021 0.017436
4022 0.017427
4023 0.017417
4024 0.017407
4025 0.017397
4026 0.017388
4027 0.017378
4028 0.017368
4029 0.017359
4030 0.017349
4031 0.017339
4032 0.017330
4033 0.017320
4034 0.017310
4035 0.017301
4036 0.017291
4037 0.017282
4038 0.017272
4039 0.017263
4040 0.017253
4041 0.017244
4042 0.017234
4043 0.017225
4044 0.017215
4045 0.017206
4046 0.017196
4047 0.017187
4048 0.017178
4049 0.017168
4050 0.017159
4051 0.017150
4052 0.017140
4053 0.017131
4054 0.017122
4055 0.017112
4056 0.017103
4057 0.017094
4058 0.017085
4059 0.017075
4060 0.017066
4061 0.017057
4062 0.017048
4063 0.017039
4064 0.017030
4065 0.017020
4066 0.017011
4067 0.017002
4068 0.016993
4069 0.016984
4070 0.016975
4071 0.016966
4072 0.016957
4073 0.016948
4074 0.016939
4075 0.016930
4076 0.016921
4077 0.016912
4078 0.016903
4079 0.016894
4080 0.016885
4081 0.016876
4082 0.016867
4083 0.016858
4084 0.016850
4085 0.016841
4086 0.016832
4087 0.016823
4088 0.016814
4089 0.016805
4090 0.016797
4091 0.016788
4092 0.016779
4093 0.016770
4094 0.016762
4095 0.016753
4096 0.016744
4097 0.016736
4098 0.016727
4099 0.016718
4100 0.016710
4101 0.016701
4102 0.016692
4103 0.016684
4104 0.016675
4105 0.016666
4106 0.016658
4107 0.016649
4108 0.016641
4109 0.016632
4110 0.016624
4111 0.016615
4112 0.016607
4113 0.016598
4114 0.016590
4115 0.016581
4116 0.016573
4117 0.016564
4118 0.016556
4119 0.016547
4120 0.016539
4121 0.016531
4122 0.016522
4123 0.016514
4124 0.016506
4125 0.016497
4126 0.016489
4127 0.016481
4128 0.016472
4129 0.016464
4130 0.016456
4131 0.016447
4132 0.016439
4133 0.016431
4134 0.016423
4135 0.016414
4136 0.016406
4137 0.016398
4138 0.016390
4139 0.016382
4140 0.016373
4141 0.016365
4142 0.016357
4143 0.016349
4144 0.016341
4145 0.016333
4146 0.016325
4147 0.016317
4148 0.016308
4149 0.016300
4150 0.016292
4151 0.016284
4152 0.016276
4153 0.016268
4154 0.016260
4155 0.016252
4156 0.016244
4157 0.016236
4158 0.016228
4159 0.016220
4160 0.016212
4161 0.016204
4162 0.016196
4163 0.016189
4164 0.016181
4165 0.016173
4166 0.016165
4167 0.016157
4168 0.016149
4169 0.016141
4170 0.016133
4171 0.016126
4172 0.016118
4173 0.016110
4174 0.016102
4175 0.016094
4176 0.016087
4177 0.016079
4178 0.016071
4179 0.016063
4180 0.016056
4181 0.016048
4182 0.016040
4183 0.016032
4184 0.016025
4185 0.016017
4186 0.016009
4187 0.016002
4188 0.015994
4189 0.015986
4190 0.015979
4191 0.015971
4192 0.015963
4193 0.015956
4194 0.015948
4195 0.015941
4196 0.015933
4197 0.015925
4198 0.015918
4199 0.015910
4200 0.015903
4201 0.015895
4202 0.015888
4203 0.015880
4204 0.015873
4205 0.015865
4206 0.015858
4207 0.015850
4208 0.015843
4209 0.015835
4210 0.015828
4211 0.015820
4212 0.015813
4213 0.015806
4214 0.015798
4215 0.015791
4216 0.015783
4217 0.015776
4218 0.015769
4219 0.015761
4220 0.015754
4221 0.015747
4222 0.015739
4223 0.015732
4224 0.015725
4225 0.015717
4226 0.015710
4227 0.015703
4228 0.015695
4229 0.015688
4230 0.015681
4231 0.015674
4232 0.015666
4233 0.015659
4234 0.015652
4235 0.015645
4236 0.015637
4237 0.015630
4238 0.015623
4239 0.015616
4240 0.015609
4241 0.015602
4242 0.015594
4243 0.015587
4244 0.015580
4245 0.015573
4246 0.015566
4247 0.015559
4248 0.015552
4249 0.015544
4250 0.015537
4251 0.015530
4252 0.015523
4253 0.015516
4254 0.015509
4255 0.015502
4256 0.015495
4257 0.015488
4258 0.015481
4259 0.015474
4260 0.015467
4261 0.015460
4262 0.015453
4263 0.015446
4264 0.015439
4265 0.015432
4266 0.015425
4267 0.015418
4268 0.015411
4269 0.015404
4270 0.015397
4271 0.015390
4272 0.015383
4273 0.015377
4274 0.015370
4275 0.015363
4276 0.015356
4277 0.015349
4278 0.015342
4279 0.015335
4280 0.015328
4281 0.015322
4282 0.015315
4283 0.015308
4284 0.015301
4285 0.015294
4286 0.015288
4287 0.015281
4288 0.015274
4289 0.015267
4290 0.015260
4291 0.015254
4292 0.015247
4293 0.015240
4294 0.015233
4295 0.015227
4296 0.015220
4297 0.015213
4298 0.015207
4299 0.015200
4300 0.015193
4301 0.015186
4302 0.015180
4303 0.015173
4304 0.015166
4305 0.015160
4306 0.015153
4307 0.015147
4308 0.015140
4309 0.015133
4310 0.015127
4311 0.015120
4312 0.015113
4313 0.015107
4314 0.015100
4315 0.015094
4316 0.015087
4317 0.015081
4318 0.015074
4319 0.015067
4320 0.015061
4321 0.015054
4322 0.015048
4323 0.015041
4324 0.015035
4325 0.015028
4326 0.015022
4327 0.015015
4328 0.015009
4329 0.015002
4330 0.014996
4331 0.014989
4332 0.014983
4333 0.014976
4334 0.014970
4335 0.014964
4336 0.014957
4337 0.014951
4338 0.014944
4339 0.014938
4340 0.014931
4341 0.014925
4342 0.014919
4343 0.014912
4344 0.014906
4345 0.014900
4346 0.014893
4347 0.014887
4348 0.014881
4349 0.014874
4350 0.014868
4351 0.014862
4352 0.014855
4353 0.014849
4354 0.014843
4355 0.014836
4356 0.014830
4357 0.014824
4358 0.014817
4359 0.014811
4360 0.014805
4361 0.014799
4362 0.014792
4363 0.014786
4364 0.014780
4365 0.014774
4366 0.014767
4367 0.014761
4368 0.014755
4369 0.014749
4370 0.014743
4371 0.014736
4372 0.014730
4373 0.014724
4374 0.014718
4375 0.014712
4376 0.014705
4377 0.014699
4378 0.014693
4379 0.014687
4380 0.014681
4381 0.014675
4382 0.014669
4383 0.014662
4384 0.014656
4385 0.014650
4386 0.014644
4387 0.014638
4388 0.014632
4389 0.014626
4390 0.014620
4391 0.014614
4392 0.014608
4393 0.014602
4394 0.014596
4395 0.014590
4396 0.014583
4397 0.014577
4398 0.014571
4399 0.014565
4400 0.014559
4401 0.014553
4402 0.014547
4403 0.014541
4404 0.014535
4405 0.014529
4406 0.014523
4407 0.014517
4408 0.014511
4409 0.014506
4410 0.014500
4411 0.014494
4412 0.014488
4413 0.014482
4414 0.014476
4415 0.014470
4416 0.014464
4417 0.014458
4418 0.014452
4419 0.014446
4420 0.014440
4421 0.014434
4422 0.014429
4423 0.014423
4424 0.014417
4425 0.014411
4426 0.014405
4427 0.014399
4428 0.014393
4429 0.014388
4430 0.014382
4431 0.014376
4432 0.014370
4433 0.014364
4434 0.014358
4435 0.014353
4436 0.014347
4437 0.014341
4438 0.014335
4439 0.014329
4440 0.014324
4441 0.014318
4442 0.014312
4443 0.014306
4444 0.014301
4445 0.014295
4446 0.014289
4447 0.014283
4448 0.014278
4449 0.014272
4450 0.014266
4451 0.014260
4452 0.014255
4453 0.014249
4454 0.014243
4455 0.014238
4456 0.014232
4457 0.014226
4458 0.014221
4459 0.014215
4460 0.014209
4461 0.014204
4462 0.014198
4463 0.014192
4464 0.014187
4465 0.014181
4466 0.014175
4467 0.014170
4468 0.014164
4469 0.014158
4470 0.014153
4471 0.014147
4472 0.014142
4473 0.014136
4474 0.014130
4475 0.014125
4476 0.014119
4477 0.014114
4478 0.014108
4479 0.014103
4480 0.014097
4481 0.014091
4482 0.014086
4483 0.014080
4484 0.014075
4485 0.014069
4486 0.014064
4487 0.014058
4488 0.014053
4489 0.014047
4490 0.014042
4491 0.014036
4492 0.014031
4493 0.014025
4494 0.014020
4495 0.014014
4496 0.014009
4497 0.014003
4498 0.013998
4499 0.013992
4500 0.013987
4501 0.013981
4502 0.013976
4503 0.013971
4504 0.013965
4505 0.013960
4506 0.013954
4507 0.013949
4508 0.013943
4509 0.013938
4510 0.013933
4511 0.013927
4512 0.013922
4513 0.013916
4514 0.013911
4515 0.013906
4516 0.013900
4517 0.013895
4518 0.013889
4519 0.013884
4520 0.013879
4521 0.013873
4522 0.013868
4523 0.013863
4524 0.013857
4525 0.013852
4526 0.013847
4527 0.013841
4528 0.013836
4529 0.013831
4530 0.013825
4531 0.013820
4532 0.013815
4533 0.013809
4534 0.013804
4535 0.013799
4536 0.013794
4537 0.013788
4538 0.013783
4539 0.013778
4540 0.013773
4541 0.013767
4542 0.013762
4543 0.013757
4544 0.013752
4545 0.013746
4546 0.013741
4547 0.013736
4548 0.013731
4549 0.013725
4550 0.013720
4551 0.013715
4552 0.013710
4553 0.013705
4554 0.013699
4555 0.013694
4556 0.013689
4557 0.013684
4558 0.013679
4559 0.013673
4560 0.013668
4561 0.013663
4562 0.013658
4563 0.013653
4564 0.013648
4565 0.013642
4566 0.013637
4567 0.013632
4568 0.013627
4569 0.013622
4570 0.013617
4571 0.013612
4572 0.013607
4573 0.013601
4574 0.013596
4575 0.013591
4576 0.013586
4577 0.013581
4578 0.013576
4579 0.013571
4580 0.013566
4581 0.013561
4582 0.013556
4583 0.013551
4584 0.013546
4585 0.013540
4586 0.013535
4587 0.013530
4588 0.013525
4589 0.013520
4590 0.013515
4591 0.013510
4592 0.013505
4593 0.013500
4594 0.013495
4595 0.013490
4596 0.013485
4597 0.013480
4598 0.013475
4599 0.013470
4600 0.013465
4601 0.013460
4602 0.013455
4603 0.013450
4604 0.013445
4605 0.013440
4606 0.013435
4607 0.013430
4608 0.013425
4609 0.013420
4610 0.013415
4611 0.013410
4612 0.013406
4613 0.013401
4614 0.013396
4615 0.013391
4616 0.013386
4617 0.013381
4618 0.013376
4619 0.013371
4620 0.013366
4621 0.013361
4622 0.013356
4623 0.013351
4624 0.013347
4625 0.013342
4626 0.013337
4627 0.013332
4628 0.013327
4629 0.013322
4630 0.013317
4631 0.013312
4632 0.013308
4633 0.013303
4634 0.013298
4635 0.013293
4636 0.013288
4637 0.013283
4638 0.013279
4639 0.013274
4640 0.013269
4641 0.013264
4642 0.013259
4643 0.013254
4644 0.013250
4645 0.013245
4646 0.013240
4647 0.013235
4648 0.013230
4649 0.013226
4650 0.013221
4651 0.013216
4652 0.013211
4653 0.013206
4654 0.013202
4655 0.013197
4656 0.013192
4657 0.013187
4658 0.013183
4659 0.013178
4660 0.013173
4661 0.013168
4662 0.013164
4663 0.013159
4664 0.013154
4665 0.013149
4666 0.013145
4667 0.013140
4668 0.013135
4669 0.013131
4670 0.013126
4671 0.013121
4672 0.013116
4673 0.013112
4674 0.013107
4675 0.013102
4676 0.013098
4677 0.013093
4678 0.013088
4679 0.013084
4680 0.013079
4681 0.013074
4682 0.013070
4683 0.013065
4684 0.013060
4685 0.013056
4686 0.013051
4687 0.013046
4688 0.013042
4689 0.013037
4690 0.013033
4691 0.013028
4692 0.013023
4693 0.013019
4694 0.013014
4695 0.013009
4696 0.013005
4697 0.013000
4698 0.012996
4699 0.012991
4700 0.012986
4701 0.012982
4702 0.012977
4703 0.012973
4704 0.012968
4705 0.012963
4706 0.012959
4707 0.012954
4708 0.012950
4709 0.012945
4710 0.012941
4711 0.012936
4712 0.012932
4713 0.012927
4714 0.012922
4715 0.012918
4716 0.012913
4717 0.012909
4718 0.012904
4719 0.012900
4720 0.012895
4721 0.012891
4722 0.012886
4723 0.012882
4724 0.012877
4725 0.012873
4726 0.012868
4727 0.012864
4728 0.012859
4729 0.012855
4730 0.012850
4731 0.012846
4732 0.012841
4733 0.012837
4734 0.012832
4735 0.012828
4736 0.012823
4737 0.012819
4738 0.012814
4739 0.012810
4740 0.012806
4741 0.012801
4742 0.012797
4743 0.012792
4744 0.012788
4745 0.012783
4746 0.012779
4747 0.012775
4748 0.012770
4749 0.012766
4750 0.012761
4751 0.012757
4752 0.012752
4753 0.012748
4754 0.012744
4755 0.012739
4756 0.012735
4757 0.012730
4758 0.012726
4759 0.012722
4760 0.012717
4761 0.012713
4762 0.012709
4763 0.012704
4764 0.012700
4765 0.012695
4766 0.012691
4767 0.012687
4768 0.012682
4769 0.012678
4770 0.012674
4771 0.012669
4772 0.012665
4773 0.012661
4774 0.012656
4775 0.012652
4776 0.012648
4777 0.012643
4778 0.012639
4779 0.012635
4780 0.012630
4781 0.012626
4782 0.012622
4783 0.012617
4784 0.012613
4785 0.012609
4786 0.012605
4787 0.012600
4788 0.012596
4789 0.012592
4790 0.012587
4791 0.012583
4792 0.012579
4793 0.012575
4794 0.012570
4795 0.012566
4796 0.012562
4797 0.012557
4798 0.012553
4799 0.012549
4800 0.012545
4801 0.012540
4802 0.012536
4803 0.012532
4804 0.012528
4805 0.012524
4806 0.012519
4807 0.012515
4808 0.012511
4809 0.012507
4810 0.012502
4811 0.012498
4812 0.012494
4813 0.012490
4814 0.012486
4815 0.012481
4816 0.012477
4817 0.012473
4818 0.012469
4819 0.012465
4820 0.012460
4821 0.012456
4822 0.012452
4823 0.012448
4824 0.012444
4825 0.012439
4826 0.012435
4827 0.012431
4828 0.012427
4829 0.012423
4830 0.012419
4831 0.012415
4832 0.012410
4833 0.012406
4834 0.012402
4835 0.012398
4836 0.012394
4837 0.012390
4838 0.012386
4839 0.012381
4840 0.012377
4841 0.012373
4842 0.012369
4843 0.012365
4844 0.012361
4845 0.012357
4846 0.012353
4847 0.012349
4848 0.012344
4849 0.012340
4850 0.012336
4851 0.012332
4852 0.012328
4853 0.012324
4854 0.012320
4855 0.012316
4856 0.012312
4857 0.012308
4858 0.012304
4859 0.012299
4860 0.012295
4861 0.012291
4862 0.012287
4863 0.012283
4864 0.012279
4865 0.012275
4866 0.012271
4867 0.012267
4868 0.012263
4869 0.012259
4870 0.012255
4871 0.012251
4872 0.012247
4873 0.012243
4874 0.012239
4875 0.012235
4876 0.012231
4877 0.012227
4878 0.012223
4879 0.012219
4880 0.012215
4881 0.012211
4882 0.012207
4883 0.012203
4884 0.012199
4885 0.012195
4886 0.012191
4887 0.012187
4888 0.012183
4889 0.012179
4890 0.012175
4891 0.012171
4892 0.012167
4893 0.012163
4894 0.012159
4895 0.012155
4896 0.012151
4897 0.012147
4898 0.012143
4899 0.012139
4900 0.012135
4901 0.012131
4902 0.012127
4903 0.012123
4904 0.012119
4905 0.012116
4906 0.012112
4907 0.012108
4908 0.012104
4909 0.012100
4910 0.012096
4911 0.012092
4912 0.012088
4913 0.012084
4914 0.012080
4915 0.012076
4916 0.012072
4917 0.012069
4918 0.012065
4919 0.012061
4920 0.012057
4921 0.012053
4922 0.012049
4923 0.012045
4924 0.012041
4925 0.012037
4926 0.012034
4927 0.012030
4928 0.012026
4929 0.012022
4930 0.012018
4931 0.012014
4932 0.012010
4933 0.012007
4934 0.012003
4935 0.011999
4936 0.011995
4937 0.011991
4938 0.011987
4939 0.011983
4940 0.011980
4941 0.011976
4942 0.011972
4943 0.011968
4944 0.011964
4945 0.011960
4946 0.011957
4947 0.011953
4948 0.011949
4949 0.011945
4950 0.011941
4951 0.011938
4952 0.011934
4953 0.011930
4954 0.011926
4955 0.011922
4956 0.011919
4957 0.011915
4958 0.011911
4959 0.011907
4960 0.011903
4961 0.011900
4962 0.011896
4963 0.011892
4964 0.011888
4965 0.011885
4966 0.011881
4967 0.011877
4968 0.011873
4969 0.011870
4970 0.011866
4971 0.011862
4972 0.011858
4973 0.011854
4974 0.011851
4975 0.011847
4976 0.011843
4977 0.011840
4978 0.011836
4979 0.011832
4980 0.011828
4981 0.011825
4982 0.011821
4983 0.011817
4984 0.011813
4985 0.011810
4986 0.011806
4987 0.011802
4988 0.011799
4989 0.011795
4990 0.011791
4991 0.011787
4992 0.011784
4993 0.011780
4994 0.011776
4995 0.011773
4996 0.011769
4997 0.011765
4998 0.011762
4999 0.011758
