0 35.033876
1 33.958558
2 34.373814
3 34.563668
4 34.658290
5 34.724162
6 34.780629
7 34.832737
8 34.881002
9 34.922250
10 34.943069
11 34.905628
12 34.762635
13 34.478461
14 33.974776
15 33.166203
16 32.062718
17 30.651439
18 28.960573
19 27.143948
20 25.323592
21 23.593440
22 22.010388
23 20.573595
24 19.249803
25 18.008209
26 16.834202
27 15.725671
28 14.685020
29 13.714481
30 12.814121
31 11.981398
32 11.211522
33 10.498364
34 9.835382
35 9.216571
36 8.637130
37 8.093560
38 7.583451
39 7.105339
40 6.658425
41 6.242125
42 5.855701
43 5.498009
44 5.167391
45 4.861933
46 4.579912
47 4.319978
48 4.080974
49 3.861694
50 3.660792
51 3.476846
52 3.308464
53 3.154367
54 3.013421
55 2.884624
56 2.767075
57 2.659942
58 2.562429
59 2.473771
60 2.393219
61 2.320047
62 2.253552
63 2.193065
64 2.137952
65 2.087624
66 2.041541
67 1.999210
68 1.960193
69 1.924099
70 1.890588
71 1.859363
72 1.830169
73 1.802786
74 1.777027
75 1.752732
76 1.729764
77 1.708007
78 1.687360
79 1.667739
80 1.649070
81 1.631287
82 1.614334
83 1.598162
84 1.582724
85 1.567982
86 1.553898
87 1.540437
88 1.527568
89 1.515262
90 1.503490
91 1.492225
92 1.481443
93 1.471118
94 1.461228
95 1.451750
96 1.442661
97 1.433942
98 1.425571
99 1.417530
100 1.409800
101 1.402362
102 1.395200
103 1.388297
104 1.381638
105 1.375207
106 1.368990
107 1.362974
108 1.357147
109 1.351496
110 1.346010
111 1.340679
112 1.335494
113 1.330445
114 1.325525
115 1.320726
116 1.316042
117 1.311467
118 1.306994
119 1.302620
120 1.298341
121 1.294151
122 1.290049
123 1.286031
124 1.282095
125 1.278238
126 1.274458
127 1.270753
128 1.267122
129 1.263563
130 1.260074
131 1.256652
132 1.253296
133 1.250004
134 1.246772
135 1.243599
136 1.240481
137 1.237415
138 1.234397
139 1.231422
140 1.228487
141 1.225586
142 1.222715
143 1.219868
144 1.217040
145 1.214223
146 1.211413
147 1.208602
148 1.205785
149 1.202953
150 1.200102
151 1.197222
152 1.194309
153 1.191354
154 1.188351
155 1.185293
156 1.182175
157 1.178989
158 1.175729
159 1.172391
160 1.168970
161 1.165459
162 1.161857
163 1.158159
164 1.154363
165 1.150468
166 1.146472
167 1.142376
168 1.138181
169 1.133889
170 1.129503
171 1.125028
172 1.120470
173 1.115834
174 1.111128
175 1.106362
176 1.101544
177 1.096684
178 1.091795
179 1.086887
180 1.081972
181 1.077065
182 1.072176
183 1.067319
184 1.062507
185 1.057752
186 1.053066
187 1.048461
188 1.043947
189 1.039534
190 1.035232
191 1.031050
192 1.026993
193 1.023069
194 1.019283
195 1.015640
196 1.012144
197 1.008796
198 1.005600
199 1.002556
200 0.999665
201 0.996928
202 0.994344
203 0.991913
204 0.989632
205 0.987500
206 0.985517
207 0.983679
208 0.981985
209 0.980432
210 0.979017
211 0.977739
212 0.976594
213 0.975580
214 0.974694
215 0.973934
216 0.973296
217 0.972778
218 0.972377
219 0.972091
220 0.971916
221 0.971849
222 0.971889
223 0.972033
224 0.972277
225 0.972619
226 0.973056
227 0.973587
228 0.974207
229 0.974915
230 0.975709
231 0.976585
232 0.977541
233 0.978575
234 0.979685
235 0.980867
236 0.982121
237 0.983443
238 0.984831
239 0.986283
240 0.987798
241 0.989372
242 0.991004
243 0.992691
244 0.994432
245 0.996224
246 0.998065
247 0.999954
248 1.001888
249 1.003865
250 1.005883
251 1.007940
252 1.010033
253 1.012161
254 1.014322
255 1.016513
256 1.018732
257 1.020978
258 1.023247
259 1.025539
260 1.027851
261 1.030181
262 1.032527
263 1.034888
264 1.037262
265 1.039647
266 1.042043
267 1.044448
268 1.046861
269 1.049282
270 1.051709
271 1.054143
272 1.056583
273 1.059031
274 1.061485
275 1.063948
276 1.066420
277 1.068903
278 1.071398
279 1.073908
280 1.076435
281 1.078982
282 1.081553
283 1.084151
284 1.086780
285 1.089446
286 1.092154
287 1.094910
288 1.097720
289 1.100592
290 1.103536
291 1.106559
292 1.109675
293 1.112894
294 1.116233
295 1.119707
296 1.123338
297 1.127147
298 1.131164
299 1.135423
300 1.139966
301 1.144846
302 1.150128
303 1.155897
304 1.162263
305 1.169371
306 1.177412
307 1.186636
308 1.197364
309 1.209983
310 1.224917
311 1.242601
312 1.263605
313 1.289137
314 1.322204
315 1.368999
316 1.432328
317 1.500780
318 1.562161
319 1.616520
320 1.663663
321 1.698300
322 1.723520
323 1.743080
324 1.758667
325 1.771301
326 1.781835
327 1.790962
328 1.799153
329 1.806692
330 1.813743
331 1.820407
332 1.826750
333 1.832820
334 1.838657
335 1.844294
336 1.849759
337 1.855076
338 1.860269
339 1.865354
340 1.870347
341 1.875262
342 1.880108
343 1.884894
344 1.889626
345 1.894308
346 1.898940
347 1.903524
348 1.908055
349 1.912531
350 1.916944
351 1.921289
352 1.925555
353 1.929733
354 1.933811
355 1.937778
356 1.941621
357 1.945327
358 1.948883
359 1.952278
360 1.955499
361 1.958537
362 1.961383
363 1.964032
364 1.966481
365 1.968731
366 1.970786
367 1.972655
368 1.974350
369 1.975885
370 1.977278
371 1.978546
372 1.979704
373 1.980761
374 1.981718
375 1.982565
376 1.983271
377 1.983782
378 1.984014
379 1.983844
380 1.983107
381 1.981582
382 1.979004
383 1.975079
384 1.969570
385 1.962484
386 1.954311
387 1.946062
388 1.938791
389 1.932921
390 1.928143
391 1.924076
392 1.920514
393 1.917254
394 1.914209
395 1.911203
396 1.908225
397 1.904995
398 1.901570
399 1.897437
400 1.892487
401 1.885937
402 1.876994
403 1.865402
404 1.855001
405 1.853627
406 1.858083
407 1.863142
408 1.868132
409 1.872472
410 1.874855
411 1.872905
412 1.863460
413 1.845465
414 1.838643
415 1.846817
416 1.844217
417 1.846570
418 1.846465
419 1.846346
420 1.845627
421 1.844582
422 1.843372
423 1.842102
424 1.840804
425 1.839496
426 1.838180
427 1.836864
428 1.835544
429 1.834227
430 1.832897
431 1.831587
432 1.830200
433 1.829010
434 1.827112
435 1.827645
436 1.818813
437 1.847004
438 1.726258
439 1.562155
440 1.817447
441 1.918280
442 1.640747
443 1.494344
444 1.903409
445 1.484336
446 1.891164
447 1.474473
448 1.881899
449 1.465092
450 1.874102
451 1.456923
452 1.867273
453 1.450522
454 1.861583
455 1.446014
456 1.857612
457 1.443195
458 1.855941
459 1.441625
460 1.856661
461 1.440838
462 1.859307
463 1.440641
464 1.863400
465 1.441093
466 1.868709
467 1.442409
468 1.875251
469 1.445394
470 1.883568
471 1.456171
472 1.897171
473 1.784407
474 1.902978
475 1.463884
476 1.828804
477 1.917131
478 1.774635
479 1.651758
480 1.510714
481 1.481119
482 1.614751
483 1.465393
484 1.798861
485 1.746299
486 1.853526
487 1.902065
488 1.870319
489 1.649631
490 1.610648
491 1.516083
492 1.520172
493 1.485335
494 1.503933
495 1.480199
496 1.567946
497 1.467495
498 1.716211
499 1.286134
500 1.470974
501 1.636920
502 1.441515
503 1.652304
504 1.504547
505 1.458347
506 1.616372
507 1.488599
508 1.446508
509 1.547361
510 1.442134
511 1.457335
512 1.432751
513 1.301675
514 1.489206
515 1.406306
516 1.184933
517 1.187491
518 1.194720
519 1.212689
520 1.245961
521 1.328942
522 1.400326
523 1.399303
524 1.378643
525 1.191052
526 1.193728
527 1.200696
528 1.211631
529 1.225916
530 1.243397
531 1.264814
532 1.290927
533 1.317483
534 1.328339
535 1.310961
536 1.270322
537 1.217801
538 1.201955
539 1.205757
540 1.209052
541 1.211883
542 1.213966
543 1.215272
544 1.215875
545 1.215900
546 1.215480
547 1.214738
548 1.213782
549 1.212710
550 1.211615
551 1.210593
552 1.209744
553 1.209175
554 1.208982
555 1.209236
556 1.209958
557 1.211120
558 1.212675
559 1.214579
560 1.216805
561 1.219339
562 1.222184
563 1.225359
564 1.228893
565 1.232861
566 1.237289
567 1.242554
568 1.248024
569 1.257342
570 1.260634
571 1.292559
572 1.297140
573 1.342497
574 1.737057
575 1.760632
576 1.221472
577 1.148705
578 1.172037
579 1.413849
580 1.470951
581 1.391609
582 1.271076
583 1.566727
584 1.913521
585 1.623489
586 1.333911
587 1.306365
588 1.306521
589 1.319120
590 1.358426
591 1.399977
592 1.325196
593 1.610432
594 1.977455
595 1.771866
596 1.857161
597 1.557729
598 1.858096
599 1.666854
600 1.992537
601 1.750592
602 2.105053
603 1.792118
604 1.709455
605 2.149184
606 1.997326
607 1.802706
608 2.154856
609 2.151777
610 2.204466
611 2.244032
612 2.264828
613 2.269315
614 2.271548
615 2.271383
616 2.261573
617 2.242621
618 2.180031
619 1.890388
620 1.884262
621 1.966056
622 1.865344
623 1.996097
624 1.948833
625 1.914676
626 1.980374
627 1.868324
628 1.816837
629 1.752793
630 1.682602
631 1.696094
632 1.725770
633 1.711545
634 2.213130
635 1.806411
636 1.816330
637 2.009864
638 2.015539
639 2.007289
640 2.094855
641 2.210946
642 2.204091
643 2.270140
644 2.275482
645 2.275996
646 2.271949
647 2.280943
648 2.282373
649 2.243030
650 2.294466
651 2.298345
652 2.305464
653 2.315258
654 2.313296
655 2.320268
656 2.338105
657 2.362778
658 2.372073
659 2.376493
660 2.375900
661 2.369596
662 2.362369
663 2.360081
664 2.348831
665 2.311315
666 2.314377
667 2.307883
668 2.192274
669 2.316806
670 2.262745
671 2.323175
672 2.280313
673 2.363871
674 2.219027
675 2.324512
676 2.227903
677 2.244272
678 2.364655
679 2.336447
680 2.363341
681 2.334559
682 2.342748
683 2.370792
684 2.362921
685 2.348912
686 2.374086
687 2.367405
688 2.367568
689 2.377244
690 2.377783
691 2.381168
692 2.381040
693 2.394318
694 2.394553
695 2.391256
696 2.403561
697 2.386677
698 2.386282
699 2.378463
700 2.379483
701 2.384168
702 2.386613
703 2.389403
704 2.391439
705 2.391627
706 2.388521
707 2.383686
708 2.384489
709 2.378065
710 2.389358
711 2.355979
712 2.426327
713 2.389311
714 2.332248
715 2.430026
716 2.360616
717 2.333278
718 2.440254
719 2.351808
720 2.347357
721 2.419934
722 2.351921
723 2.386725
724 2.340104
725 2.401021
726 2.385394
727 2.383421
728 2.385819
729 2.374301
730 2.391062
731 2.385502
732 2.392093
733 2.384982
734 2.392765
735 2.389038
736 2.393324
737 2.392627
738 2.393611
739 2.393988
740 2.392939
741 2.391629
742 2.388945
743 2.385041
744 2.379982
745 2.374269
746 2.368799
747 2.364217
748 2.360254
749 2.356321
750 2.352236
751 2.347979
752 2.343524
753 2.338875
754 2.334051
755 2.329113
756 2.324164
757 2.319393
758 2.315249
759 2.312871
760 2.314298
761 2.319723
762 2.323417
763 2.323571
764 2.319985
765 2.310715
766 2.294005
767 2.272904
768 2.259151
769 2.237917
770 2.213820
771 2.296531
772 2.297002
773 2.257277
774 2.235156
775 2.185915
776 2.051461
777 2.261998
778 2.225104
779 2.358771
780 2.279277
781 2.252362
782 2.215981
783 1.983082
784 2.296110
785 2.244999
786 2.176885
787 2.453142
788 2.197737
789 2.229340
790 2.078347
791 2.348337
792 2.335441
793 2.303729
794 2.252501
795 2.208584
796 1.982107
797 2.314872
798 2.267358
799 2.249112
800 2.111601
801 2.306400
802 2.273019
803 2.259152
804 2.490087
805 2.258020
806 2.247031
807 2.359126
808 2.337050
809 2.304295
810 2.279164
811 2.263363
812 2.064109
813 2.091223
814 2.283092
815 2.345119
816 2.338985
817 2.308218
818 2.295276
819 2.249380
820 2.047487
821 2.335235
822 2.310217
823 2.274750
824 2.024814
825 2.358030
826 2.340512
827 2.308113
828 2.548756
829 2.332571
830 2.362060
831 2.383301
832 2.372516
833 2.361037
834 2.337919
835 2.235284
836 2.099740
837 2.373137
838 2.356216
839 2.288637
840 2.110121
841 2.363578
842 2.309327
843 2.079167
844 2.361836
845 2.231988
846 2.521187
847 2.452581
848 2.274738
849 2.441069
850 2.245213
851 2.474132
852 2.395364
853 2.384905
854 2.387223
855 2.360071
856 2.366652
857 2.378974
858 2.391471
859 2.392844
860 2.367000
861 2.362966
862 2.433009
863 2.328597
864 2.441316
865 2.236748
866 2.494376
867 2.272505
868 2.378216
869 2.393377
870 2.382453
871 2.369188
872 2.413882
873 2.407510
874 2.411313
875 2.417730
876 2.435132
877 2.440580
878 2.449343
879 2.460068
880 2.471229
881 2.478643
882 2.482980
883 2.486136
884 2.488256
885 2.489439
886 2.489642
887 2.488863
888 2.487079
889 2.483697
890 2.472139
891 2.458995
892 2.457637
893 2.452691
894 2.447436
895 2.441011
896 2.433900
897 2.426465
898 2.418388
899 2.408495
900 2.391518
901 2.376723
902 2.377911
903 2.245086
904 2.279401
905 2.084089
906 2.460314
907 2.435446
908 2.409980
909 2.379346
910 2.213484
911 2.108766
912 2.415216
913 2.422912
914 2.383344
915 2.203059
916 2.449873
917 2.361907
918 2.206183
919 2.133748
920 2.373349
921 2.144276
922 2.094696
923 2.350555
924 2.085493
925 2.347975
926 2.260361
927 2.259923
928 2.260747
929 2.389940
930 2.100507
931 2.369949
932 2.141735
933 2.104179
934 2.343980
935 2.149389
936 2.105782
937 2.317489
938 2.137589
939 2.290745
940 2.115267
941 2.224209
942 2.411838
943 2.202056
944 2.120490
945 2.208689
946 2.127166
947 2.219297
948 2.140340
949 2.266774
950 2.155254
951 2.166824
952 2.332281
953 2.195798
954 2.232098
955 2.405490
956 2.255198
957 2.246088
958 2.244579
959 2.327852
960 2.249342
961 2.392459
962 2.413101
963 2.271521
964 2.265145
965 2.290996
966 2.323620
967 2.410955
968 2.322254
969 2.405348
970 2.332607
971 2.414265
972 2.332427
973 2.332727
974 2.462707
975 2.327969
976 2.361866
977 2.330725
978 2.465945
979 2.398785
980 2.328264
981 2.486086
982 2.330148
983 2.440595
984 2.459335
985 2.422144
986 2.346901
987 2.462036
988 2.330852
989 2.329489
990 2.479102
991 2.330011
992 2.367620
993 2.374398
994 2.353960
995 2.456206
996 3.823609
997 1.809696
998 1.692630
999 1.680869
1000 1.709563
1001 2.304077
1002 1.764438
1003 2.469821
1004 2.459415
1005 2.281299
1006 2.399089
1007 2.248123
1008 2.347830
1009 2.357633
1010 2.327364
1011 2.316714
1012 2.297017
1013 2.280112
1014 2.275820
1015 2.281928
1016 2.287307
1017 2.283688
1018 2.270207
1019 2.412511
1020 2.412980
1021 2.441543
1022 2.444783
1023 1.711074
1024 1.614798
1025 1.651363
1026 1.644998
1027 1.676854
1028 1.773325
1029 2.389051
1030 2.756997
1031 2.565839
1032 2.427049
1033 2.486880
1034 2.368385
1035 2.637605
1036 2.536344
1037 2.301112
1038 2.489615
1039 2.301177
1040 2.319813
1041 2.426400
1042 2.329869
1043 2.406728
1044 2.386769
1045 2.380625
1046 2.369757
1047 2.360655
1048 2.347008
1049 2.338183
1050 4.068615
1051 1.891433
1052 2.381469
1053 2.355092
1054 2.452280
1055 2.363702
1056 2.409909
1057 2.407271
1058 2.443308
1059 2.431624
1060 2.446141
1061 2.432369
1062 3.266410
1063 1.749542
1064 1.529748
1065 1.547493
1066 1.574605
1067 1.594543
1068 1.654836
1069 1.726371
1070 3.791507
1071 2.179838
1072 2.938193
1073 2.939892
1074 2.942806
1075 2.940707
1076 2.905084
1077 2.860095
1078 2.847888
1079 2.624422
1080 2.784623
1081 2.487879
1082 2.672834
1083 2.430406
1084 2.628607
1085 2.529855
1086 2.560859
1087 2.525434
1088 2.497251
1089 2.476316
1090 2.464972
1091 2.462503
1092 2.464956
1093 2.465482
1094 2.451499
1095 4.077014
1096 1.671724
1097 2.060396
1098 1.697788
1099 4.062648
1100 2.572329
1101 2.464581
1102 2.482324
1103 2.480010
1104 2.475541
1105 2.472280
1106 2.465584
1107 2.463338
1108 2.536233
1109 2.599474
1110 2.445423
1111 2.576247
1112 2.593525
1113 2.561005
1114 2.598644
1115 2.448601
1116 2.487663
1117 4.058597
1118 1.579465
1119 1.543469
1120 2.220956
1121 2.561257
1122 2.505096
1123 2.537020
1124 2.582122
1125 2.457562
1126 2.585677
1127 2.445465
1128 2.469652
1129 2.739175
1130 2.828489
1131 2.538803
1132 4.052466
1133 2.695812
1134 2.495327
1135 2.510767
1136 4.020057
1137 1.692628
1138 2.516702
1139 2.587574
1140 3.073094
1141 1.585031
1142 2.547093
1143 2.524927
1144 2.479199
1145 2.438031
1146 2.849572
1147 2.661182
1148 2.659964
1149 2.626115
1150 3.092450
1151 1.650956
1152 2.702356
1153 2.566078
1154 3.575736
1155 1.787546
1156 2.819522
1157 2.576577
1158 2.472365
1159 2.822576
1160 4.315811
1161 1.533337
1162 2.554318
1163 2.530677
1164 2.953419
1165 2.670221
1166 2.676921
1167 2.633698
1168 2.656072
1169 2.645950
1170 2.647193
1171 2.645311
1172 2.645481
1173 2.644276
1174 2.643726
1175 2.642809
1176 2.641880
1177 2.640879
1178 2.639742
1179 2.638447
1180 2.636934
1181 2.635068
1182 2.632550
1183 2.628549
1184 2.619968
1185 2.596359
1186 2.614624
1187 2.707394
1188 2.677156
1189 2.647983
1190 2.636810
1191 2.607565
1192 2.631714
1193 2.712224
1194 2.685881
1195 2.644060
1196 2.602023
1197 2.520595
1198 4.448902
1199 4.379408
1200 1.858194
1201 3.164421
1202 2.039089
1203 1.921620
1204 2.695809
1205 3.192177
1206 2.989502
1207 2.919391
1208 2.917625
1209 2.912112
1210 2.901862
1211 2.886691
1212 2.867269
1213 2.844882
1214 2.820767
1215 2.795516
1216 2.768571
1217 2.738176
1218 2.702452
1219 2.661450
1220 2.617693
1221 2.574164
1222 2.532838
1223 2.494770
1224 2.460371
1225 2.429626
1226 2.402283
1227 2.377993
1228 2.356390
1229 2.337132
1230 2.319911
1231 2.304456
1232 2.290535
1233 2.277947
1234 2.266516
1235 2.256092
1236 2.246544
1237 2.237756
1238 2.229631
1239 2.222080
1240 2.215027
1241 2.208407
1242 2.202160
1243 2.196237
1244 2.190594
1245 2.185194
1246 2.180004
1247 2.174996
1248 2.170149
1249 2.165440
1250 2.160856
1251 2.156381
1252 2.152006
1253 2.147721
1254 2.143519
1255 2.139396
1256 2.135347
1257 2.131370
1258 2.127463
1259 2.123625
1260 2.119856
1261 2.116156
1262 2.112526
1263 2.108966
1264 2.105478
1265 2.102063
1266 2.098721
1267 2.095455
1268 2.092265
1269 2.089152
1270 2.086118
1271 2.083163
1272 2.080289
1273 2.077494
1274 2.074781
1275 2.072149
1276 2.069598
1277 2.067127
1278 2.064737
1279 2.062427
1280 2.060196
1281 2.058043
1282 2.055968
1283 2.053969
1284 2.052044
1285 2.050193
1286 2.048413
1287 2.046704
1288 2.045063
1289 2.043489
1290 2.041980
1291 2.040534
1292 2.039150
1293 2.037825
1294 2.036557
1295 2.035344
1296 2.034185
1297 2.033078
1298 2.032020
1299 2.031010
1300 2.030046
1301 2.029126
1302 2.028248
1303 2.027411
1304 2.026612
1305 2.025851
1306 2.025125
1307 2.024433
1308 2.023774
1309 2.023146
1310 2.022547
1311 2.021976
1312 2.021432
1313 2.020914
1314 2.020420
1315 2.019950
1316 2.019501
1317 2.019074
1318 2.018666
1319 2.018278
1320 2.017907
1321 2.017554
1322 2.017216
1323 2.016895
1324 2.016588
1325 2.016295
1326 2.016015
1327 2.015748
1328 2.015492
1329 2.015248
1330 2.015015
1331 2.014792
1332 2.014578
1333 2.014374
1334 2.014178
1335 2.013990
1336 2.013810
1337 2.013638
1338 2.013472
1339 2.013313
1340 2.013160
1341 2.013013
1342 2.012872
1343 2.012735
1344 2.012604
1345 2.012478
1346 2.012356
1347 2.012238
1348 2.012125
1349 2.012015
1350 2.011908
1351 2.011805
1352 2.011705
1353 2.011609
1354 2.011515
1355 2.011424
1356 2.011335
1357 2.011249
1358 2.011165
1359 2.011083
1360 2.011003
1361 2.010925
1362 2.010849
1363 2.010775
1364 2.010702
1365 2.010631
1366 2.010561
1367 2.010493
1368 2.010426
1369 2.010360
1370 2.010296
1371 2.010232
1372 2.010170
1373 2.010108
1374 2.010049
1375 2.009987
1376 2.009933
1377 2.009867
1378 2.009825
1379 2.009740
1380 2.009740
1381 2.009578
1382 2.009729
1383 2.009278
1384 2.010007
1385 2.008431
1386 2.011476
1387 2.005515
1388 2.018656
1389 1.995965
1390 2.065554
1391 1.973519
1392 2.173928
1393 1.965946
1394 2.144406
1395 1.965856
1396 2.149743
1397 1.965484
1398 2.151067
1399 1.965203
1400 2.152955
1401 1.964933
1402 2.154622
1403 1.964683
1404 2.156176
1405 1.964451
1406 2.157593
1407 1.964236
1408 2.158864
1409 1.964036
1410 2.159981
1411 1.963852
1412 2.160931
1413 1.963681
1414 2.161704
1415 1.963522
1416 2.162290
1417 1.963375
1418 2.162676
1419 1.963238
1420 2.162851
1421 1.963111
1422 2.162807
1423 1.962992
1424 2.162532
1425 1.962882
1426 2.162020
1427 1.962779
1428 2.161265
1429 1.962683
1430 2.160264
1431 1.962595
1432 2.159016
1433 1.962514
1434 2.157524
1435 1.962442
1436 2.155795
1437 1.962378
1438 2.153839
1439 1.962324
1440 2.151669
1441 1.962281
1442 2.149303
1443 1.962250
1444 2.146758
1445 1.962231
1446 2.144057
1447 1.962226
1448 2.141222
1449 1.962236
1450 2.138273
1451 1.962261
1452 2.135235
1453 1.962302
1454 2.132126
1455 1.962359
1456 2.128968
1457 1.962431
1458 2.125777
1459 1.962520
1460 2.122570
1461 1.962624
1462 2.119360
1463 1.962743
1464 2.116160
1465 1.962876
1466 2.112981
1467 1.963023
1468 2.109832
1469 1.963182
1470 2.106719
1471 1.963353
1472 2.103649
1473 1.963536
1474 2.100628
1475 1.963728
1476 2.097659
1477 1.963929
1478 2.094746
1479 1.964138
1480 2.091891
1481 1.964354
1482 2.089096
1483 1.964576
1484 2.086362
1485 1.964804
1486 2.083690
1487 1.965036
1488 2.081082
1489 1.965271
1490 2.078536
1491 1.965509
1492 2.076052
1493 1.965749
1494 2.073632
1495 1.965990
1496 2.071273
1497 1.966232
1498 2.068975
1499 1.966474
1500 2.066737
1501 1.966716
1502 2.064559
1503 1.966956
1504 2.062440
1505 1.967195
1506 2.060377
1507 1.967432
1508 2.058371
1509 1.967668
1510 2.056420
1511 1.967900
1512 2.054524
1513 1.968131
1514 2.052680
1515 1.968358
1516 2.050887
1517 1.968584
1518 2.049146
1519 1.968806
1520 2.047454
1521 1.969026
1522 2.045810
1523 1.969243
1524 2.044214
1525 1.969458
1526 2.042665
1527 1.969672
1528 2.041161
1529 1.969884
1530 2.039702
1531 1.970094
1532 2.038287
1533 1.970304
1534 2.036915
1535 1.970514
1536 2.035585
1537 1.970724
1538 2.034297
1539 1.970936
1540 2.033050
1541 1.971150
1542 2.031844
1543 1.971366
1544 2.030678
1545 1.971586
1546 2.029551
1547 1.971811
1548 2.028463
1549 1.972041
1550 2.027414
1551 1.972279
1552 2.026404
1553 1.972524
1554 2.025431
1555 1.972777
1556 2.024495
1557 1.973042
1558 2.023597
1559 1.973317
1560 2.022735
1561 1.973605
1562 2.021910
1563 1.973907
1564 2.021121
1565 1.974224
1566 2.020366
1567 1.974557
1568 2.019649
1569 1.974906
1570 2.018959
1571 1.975279
1572 2.018318
1573 1.975658
1574 2.017675
1575 1.976091
1576 2.017142
1577 1.976464
1578 2.016467
1579 1.977058
1580 2.016211
1581 1.977192
1582 2.015108
1583 1.978555
1584 2.016049
1585 1.977100
1586 2.012557
1587 1.983193
1588 2.019799
1589 1.974149
1590 2.005577
1591 2.006669
1592 2.020680
1593 1.983643
1594 2.016028
1595 1.977169
1596 2.007534
1597 1.998155
1598 2.022032
1599 1.975178
1600 2.002377
1601 2.011668
1602 2.010653
1603 2.012277
1604 2.008782
1605 2.014222
1606 2.002248
1607 2.017217
1608 1.985055
1609 2.009200
1610 1.992268
1611 2.013236
1612 1.984671
1613 2.006911
1614 1.997426
1615 2.013336
1616 1.987739
1617 2.007419
1618 1.995610
1619 2.010868
1620 1.991061
1621 2.007644
1622 1.994931
1623 2.008555
1624 1.994338
1625 2.007216
1626 1.995780
1627 2.006625
1628 1.996671
1629 2.005677
1630 1.997571
1631 2.004572
1632 1.998318
1633 2.003261
1634 1.998795
1635 2.001762
1636 1.998869
1637 2.000159
1638 1.998444
1639 1.998574
1640 1.997541
1641 1.997072
1642 1.996296
1643 1.995602
1644 1.994848
1645 1.994073
1646 1.993270
1647 1.992436
1648 1.991569
1649 1.990669
1650 1.989731
1651 1.988754
1652 1.987734
1653 1.986668
1654 1.985552
1655 1.984380
1656 1.983148
1657 1.981849
1658 1.980475
1659 1.979019
1660 1.977472
1661 1.975824
1662 1.974068
1663 1.972199
1664 1.970220
1665 1.968149
1666 1.966029
1667 1.963934
1668 1.961967
1669 1.960233
1670 1.958793
1671 1.957633
1672 1.956678
1673 1.955842
1674 1.955061
1675 1.954300
1676 1.953544
1677 1.952788
1678 1.952031
1679 1.951273
1680 1.950516
1681 1.949760
1682 1.949006
1683 1.948255
1684 1.947506
1685 1.946760
1686 1.946017
1687 1.945278
1688 1.944541
1689 1.943808
1690 1.943077
1691 1.942350
1692 1.941625
1693 1.940903
1694 1.940184
1695 1.939468
1696 1.938755
1697 1.938044
1698 1.937335
1699 1.936629
1700 1.935926
1701 1.935225
1702 1.934526
1703 1.933830
1704 1.933136
1705 1.932444
1706 1.931754
1707 1.931066
1708 1.930381
1709 1.929697
1710 1.929015
1711 1.928336
1712 1.927658
1713 1.926982
1714 1.926308
1715 1.925636
1716 1.924966
1717 1.924297
1718 1.923630
1719 1.922965
1720 1.922301
1721 1.921639
1722 1.920979
1723 1.920320
1724 1.919662
1725 1.919006
1726 1.918352
1727 1.917699
1728 1.917047
1729 1.916396
1730 1.915747
1731 1.915099
1732 1.914453
1733 1.913808
1734 1.913163
1735 1.912520
1736 1.911879
1737 1.911238
1738 1.910598
1739 1.909960
1740 1.909322
1741 1.908686
1742 1.908050
1743 1.907416
1744 1.906782
1745 1.906149
1746 1.905518
1747 1.904887
1748 1.904256
1749 1.903627
1750 1.902998
1751 1.902370
1752 1.901743
1753 1.901117
1754 1.900491
1755 1.899865
1756 1.899241
1757 1.898617
1758 1.897993
1759 1.897370
1760 1.896748
1761 1.896126
1762 1.895504
1763 1.894883
1764 1.894262
1765 1.893642
1766 1.893021
1767 1.892402
1768 1.891782
1769 1.891163
1770 1.890544
1771 1.889925
1772 1.889306
1773 1.888688
1774 1.888069
1775 1.887451
1776 1.886833
1777 1.886215
1778 1.885597
1779 1.884978
1780 1.884360
1781 1.883742
1782 1.883123
1783 1.882505
1784 1.881886
1785 1.881268
1786 1.880648
1787 1.880029
1788 1.879410
1789 1.878790
1790 1.878170
1791 1.877549
1792 1.876929
1793 1.876308
1794 1.875686
1795 1.875064
1796 1.874441
1797 1.873819
1798 1.873195
1799 1.872571
1800 1.871947
1801 1.871321
1802 1.870696
1803 1.870069
1804 1.869442
1805 1.868814
1806 1.868186
1807 1.867557
1808 1.866927
1809 1.866296
1810 1.865664
1811 1.865032
1812 1.864399
1813 1.863765
1814 1.863130
1815 1.862494
1816 1.861857
1817 1.861219
1818 1.860580
1819 1.859940
1820 1.859300
1821 1.858658
1822 1.858015
1823 1.857371
1824 1.856725
1825 1.856079
1826 1.855432
1827 1.854783
1828 1.854133
1829 1.853482
1830 1.852830
1831 1.852176
1832 1.851522
1833 1.850865
1834 1.850208
1835 1.849550
1836 1.848890
1837 1.848228
1838 1.847566
1839 1.846902
1840 1.846236
1841 1.845570
1842 1.844901
1843 1.844232
1844 1.843561
1845 1.842888
1846 1.842214
1847 1.841539
1848 1.840862
1849 1.840184
1850 1.839504
1851 1.838823
1852 1.838140
1853 1.837456
1854 1.836770
1855 1.836083
1856 1.835394
1857 1.834704
1858 1.834012
1859 1.833319
1860 1.832624
1861 1.831928
1862 1.831230
1863 1.830530
1864 1.829829
1865 1.829127
1866 1.828423
1867 1.827717
1868 1.827010
1869 1.826302
1870 1.825592
1871 1.824880
1872 1.824167
1873 1.823453
1874 1.822737
1875 1.822019
1876 1.821301
1877 1.820580
1878 1.819859
1879 1.819136
1880 1.818411
1881 1.817685
1882 1.816958
1883 1.816229
1884 1.815499
1885 1.814768
1886 1.814036
1887 1.813302
1888 1.812567
1889 1.811830
1890 1.811093
1891 1.810354
1892 1.809615
1893 1.808874
1894 1.808132
1895 1.807389
1896 1.806645
1897 1.805900
1898 1.805154
1899 1.804407
1900 1.803659
1901 1.802910
1902 1.802161
1903 1.801410
1904 1.800659
1905 1.799907
1906 1.799155
1907 1.798402
1908 1.797648
1909 1.796894
1910 1.796140
1911 1.795385
1912 1.794629
1913 1.793873
1914 1.793117
1915 1.792361
1916 1.791605
1917 1.790848
1918 1.790092
1919 1.789335
1920 1.788579
1921 1.787822
1922 1.787066
1923 1.786311
1924 1.785555
1925 1.784800
1926 1.784045
1927 1.783291
1928 1.782538
1929 1.781785
1930 1.781033
1931 1.780282
1932 1.779532
1933 1.778783
1934 1.778035
1935 1.777288
1936 1.776542
1937 1.775798
1938 1.775055
1939 1.774314
1940 1.773574
1941 1.772837
1942 1.772101
1943 1.771367
1944 1.770635
1945 1.769905
1946 1.769177
1947 1.768452
1948 1.767730
1949 1.767010
1950 1.766292
1951 1.765578
1952 1.764866
1953 1.764158
1954 1.763453
1955 1.762751
1956 1.762053
1957 1.761358
1958 1.760667
1959 1.759980
1960 1.759297
1961 1.758618
1962 1.757944
1963 1.757274
1964 1.756609
1965 1.755948
1966 1.755293
1967 1.754643
1968 1.753998
1969 1.753359
1970 1.752725
1971 1.752097
1972 1.751476
1973 1.750860
1974 1.750252
1975 1.749649
1976 1.749054
1977 1.748465
1978 1.747884
1979 1.747310
1980 1.746744
1981 1.746185
1982 1.745635
1983 1.745092
1984 1.744558
1985 1.744032
1986 1.743515
1987 1.743006
1988 1.742505
1989 1.742014
1990 1.741531
1991 1.741056
1992 1.740590
1993 1.740133
1994 1.739683
1995 1.739242
1996 1.738808
1997 1.738381
1998 1.737960
1999 1.737546
2000 1.737138
2001 1.736735
2002 1.736335
2003 1.735939
2004 1.735546
2005 1.735155
2006 1.734764
2007 1.734374
2008 1.733983
2009 1.733590
2010 1.733195
2011 1.732797
2012 1.732395
2013 1.731989
2014 1.731578
2015 1.731161
2016 1.730740
2017 1.730313
2018 1.729880
2019 1.729442
2020 1.728999
2021 1.728551
2022 1.728098
2023 1.727642
2024 1.727182
2025 1.726720
2026 1.726256
2027 1.725792
2028 1.725329
2029 1.724868
2030 1.724410
2031 1.723957
2032 1.723512
2033 1.723075
2034 1.722648
2035 1.722235
2036 1.721838
2037 1.721458
2038 1.721100
2039 1.720766
2040 1.720459
2041 1.720181
2042 1.719937
2043 1.719728
2044 1.719555
2045 1.719420
2046 1.719322
2047 1.719258
2048 1.719223
2049 1.719212
2050 1.719213
2051 1.719217
2052 1.719209
2053 1.719175
2054 1.719102
2055 1.718976
2056 1.718785
2057 1.718520
2058 1.718173
2059 1.717739
2060 1.717216
2061 1.716603
2062 1.715898
2063 1.715104
2064 1.714219
2065 1.713242
2066 1.712170
2067 1.710994
2068 1.709702
2069 1.708270
2070 1.706658
2071 1.704803
2072 1.702590
2073 1.699821
2074 1.696120
2075 1.690756
2076 1.682169
2077 1.662959
2078 1.629733
2079 1.775505
2080 1.694852
2081 1.701745
2082 1.701985
2083 1.703397
2084 1.706286
2085 1.711837
2086 1.721251
2087 1.733414
2088 1.743883
2089 1.750472
2090 1.754142
2091 1.755825
2092 1.756095
2093 1.755384
2094 1.754013
2095 1.752204
2096 1.750107
2097 1.747820
2098 1.745408
2099 1.742915
2100 1.740367
2101 1.737782
2102 1.735173
2103 1.732546
2104 1.729906
2105 1.727254
2106 1.724589
2107 1.721911
2108 1.719214
2109 1.716493
2110 1.713738
2111 1.710937
2112 1.708070
2113 1.705110
2114 1.702015
2115 1.698722
2116 1.695128
2117 1.691062
2118 1.686224
2119 1.680058
2120 1.671513
2121 1.658057
2122 1.625404
2123 1.690669
2124 1.676800
2125 1.640090
2126 1.704917
2127 1.666749
2128 1.656369
2129 1.716421
2130 1.671407
2131 1.666445
2132 1.706989
2133 1.686136
2134 1.684331
2135 1.694196
2136 1.698915
2137 1.699395
2138 1.703075
2139 1.708633
2140 1.720575
2141 1.756925
2142 1.797824
2143 1.815327
2144 1.829243
2145 1.839509
2146 1.846774
2147 1.851854
2148 1.855385
2149 1.857830
2150 1.859517
2151 1.860678
2152 1.861480
2153 1.862038
2154 1.862438
2155 1.862741
2156 1.862993
2157 1.863229
2158 1.863474
2159 1.863753
2160 1.864083
2161 1.864480
2162 1.864962
2163 1.865543
2164 1.866241
2165 1.867072
2166 1.868055
2167 1.869214
2168 1.870572
2169 1.872160
2170 1.874009
2171 1.876161
2172 1.878661
2173 1.881562
2174 1.884930
2175 1.888835
2176 1.893360
2177 1.898597
2178 1.904640
2179 1.911582
2180 1.919495
2181 1.928413
2182 1.938305
2183 1.949046
2184 1.960412
2185 1.972105
2186 1.983817
2187 1.995310
2188 2.006480
2189 2.017364
2190 2.028107
2191 2.038918
2192 2.050037
2193 2.061730
2194 2.074312
2195 2.088199
2196 2.103999
2197 2.122706
2198 2.146132
2199 2.178036
2200 2.227723
2201 2.324362
2202 2.551316
2203 2.804615
2204 2.736295
2205 2.648970
2206 2.618038
2207 2.571260
2208 2.541300
2209 2.509085
2210 2.484457
2211 2.460718
2212 2.441131
2213 2.423027
2214 2.407502
2215 2.393363
2216 2.380968
2217 2.369721
2218 2.359722
2219 2.350644
2220 2.342495
2221 2.335081
2222 2.328381
2223 2.322267
2224 2.316713
2225 2.311631
2226 2.306993
2227 2.302737
2228 2.298838
2229 2.295250
2230 2.291951
2231 2.288904
2232 2.286094
2233 2.283491
2234 2.281083
2235 2.278845
2236 2.276769
2237 2.274833
2238 2.273033
2239 2.271350
2240 2.269782
2241 2.268311
2242 2.266939
2243 2.265648
2244 2.264445
2245 2.263308
2246 2.262250
2247 2.261245
2248 2.260317
2249 2.259425
2250 2.258614
2251 2.257817
2252 2.257115
2253 2.256395
2254 2.255805
2255 2.255134
2256 2.254672
2257 2.254006
2258 2.253719
2259 2.252968
2260 2.252978
2261 2.251947
2262 2.252537
2263 2.250775
2264 2.252629
2265 2.249068
2266 2.253846
2267 2.245893
2268 2.257685
2269 2.238970
2270 2.267963
2271 2.223013
2272 2.293883
2273 2.189114
2274 2.347414
2275 2.140608
2276 2.395608
2277 2.112249
2278 2.393660
2279 2.119511
2280 2.396566
2281 2.118671
2282 2.394981
2283 2.122193
2284 2.395540
2285 2.123724
2286 2.394870
2287 2.126510
2288 2.394773
2289 2.128810
2290 2.394282
2291 2.131540
2292 2.393926
2293 2.134184
2294 2.393417
2295 2.137011
2296 2.392917
2297 2.139863
2298 2.392337
2299 2.142814
2300 2.391728
2301 2.145816
2302 2.391063
2303 2.148889
2304 2.390358
2305 2.152015
2306 2.389607
2307 2.155198
2308 2.388813
2309 2.158434
2310 2.387975
2311 2.161722
2312 2.387094
2313 2.165060
2314 2.386170
2315 2.168448
2316 2.385204
2317 2.171885
2318 2.384195
2319 2.175372
2320 2.383143
2321 2.178909
2322 2.382048
2323 2.182496
2324 2.380909
2325 2.186135
2326 2.379725
2327 2.189827
2328 2.378496
2329 2.193574
2330 2.377221
2331 2.197376
2332 2.375898
2333 2.201236
2334 2.374526
2335 2.205157
2336 2.373103
2337 2.209141
2338 2.371627
2339 2.213190
2340 2.370096
2341 2.217309
2342 2.368509
2343 2.221499
2344 2.366861
2345 2.225767
2346 2.365151
2347 2.230115
2348 2.363376
2349 2.234549
2350 2.361532
2351 2.239074
2352 2.359616
2353 2.243699
2354 2.357625
2355 2.248429
2356 2.355556
2357 2.253273
2358 2.353409
2359 2.258241
2360 2.351183
2361 2.263341
2362 2.348882
2363 2.268585
2364 2.346516
2365 2.273979
2366 2.344100
2367 2.279529
2368 2.341665
2369 2.285229
2370 2.339259
2371 2.291064
2372 2.336955
2373 2.296992
2374 2.334855
2375 2.302944
2376 2.333093
2377 2.308814
2378 2.331822
2379 2.314466
2380 2.331192
2381 2.319761
2382 2.331311
2383 2.324597
2384 2.332214
2385 2.328943
2386 2.333849
2387 2.332860
2388 2.336096
2389 2.336471
2390 2.338806
2391 2.339920
2392 2.341848
2393 2.343332
2394 2.345126
2395 2.346797
2396 2.348587
2397 2.350368
2398 2.352208
2399 2.354076
2400 2.355988
2401 2.357939
2402 2.359934
2403 2.361973
2404 2.364059
2405 2.366192
2406 2.368376
2407 2.370612
2408 2.372901
2409 2.375248
2410 2.377652
2411 2.380117
2412 2.382645
2413 2.385237
2414 2.387896
2415 2.390623
2416 2.393420
2417 2.396286
2418 2.399223
2419 2.402229
2420 2.405303
2421 2.408442
2422 2.411640
2423 2.414892
2424 2.418189
2425 2.421520
2426 2.424872
2427 2.428229
2428 2.431575
2429 2.434891
2430 2.438159
2431 2.441359
2432 2.444476
2433 2.447494
2434 2.450405
2435 2.453199
2436 2.455874
2437 2.458430
2438 2.460868
2439 2.463194
2440 2.465412
2441 2.467530
2442 2.469554
2443 2.471490
2444 2.473345
2445 2.475125
2446 2.476836
2447 2.478483
2448 2.480070
2449 2.481603
2450 2.483084
2451 2.484518
2452 2.485907
2453 2.487256
2454 2.488565
2455 2.489839
2456 2.491078
2457 2.492286
2458 2.493463
2459 2.494612
2460 2.495734
2461 2.496830
2462 2.497902
2463 2.498951
2464 2.499978
2465 2.500984
2466 2.501970
2467 2.502936
2468 2.503884
2469 2.504814
2470 2.505727
2471 2.506624
2472 2.507504
2473 2.508370
2474 2.509220
2475 2.510056
2476 2.510878
2477 2.511687
2478 2.512483
2479 2.513265
2480 2.514036
2481 2.514794
2482 2.515541
2483 2.516276
2484 2.517000
2485 2.517713
2486 2.518416
2487 2.519108
2488 2.519790
2489 2.520462
2490 2.521124
2491 2.521777
2492 2.522420
2493 2.523054
2494 2.523679
2495 2.524295
2496 2.524902
2497 2.525501
2498 2.526092
2499 2.526674
2500 2.527248
2501 2.527815
2502 2.528373
2503 2.528924
2504 2.529467
2505 2.530002
2506 2.530531
2507 2.531052
2508 2.531566
2509 2.532072
2510 2.532572
2511 2.533065
2512 2.533552
2513 2.534031
2514 2.534504
2515 2.534971
2516 2.535431
2517 2.535885
2518 2.536333
2519 2.536774
2520 2.537210
2521 2.537639
2522 2.538063
2523 2.538481
2524 2.538893
2525 2.539299
2526 2.539700
2527 2.540095
2528 2.540485
2529 2.540869
2530 2.541248
2531 2.541622
2532 2.541989
2533 2.542354
2534 2.542709
2535 2.543067
2536 2.543406
2537 2.543767
2538 2.544072
2539 2.544468
2540 2.544676
2541 2.545231
2542 2.545105
2543 2.546285
2544 2.544900
2545 2.548534
2546 2.542213
2547 2.555575
2548 2.529197
2549 2.581078
2550 2.471049
2551 2.658641
2552 2.318051
2553 2.787299
2554 2.207419
2555 2.867033
2556 2.148709
2557 2.603345
2558 2.419087
2559 2.700507
2560 2.275029
2561 2.872300
2562 2.148202
2563 2.603419
2564 2.424085
2565 2.701349
2566 2.274242
2567 2.886197
2568 2.138950
2569 2.538247
2570 2.592942
2571 2.458430
2572 2.683946
2573 2.290701
2574 2.874315
2575 2.144032
2576 2.568709
2577 2.532270
2578 2.602175
2579 2.436351
2580 2.706469
2581 2.270051
2582 2.906325
2583 2.128466
2584 2.431818
2585 2.712973
2586 2.265753
2587 2.915542
2588 2.123884
2589 2.387124
2590 2.745446
2591 2.238170
2592 2.918394
2593 2.121100
2594 2.358655
2595 2.780613
2596 2.206956
2597 2.865273
2598 2.137155
2599 2.494531
2600 2.668166
2601 2.314385
2602 2.871302
2603 2.138893
2604 2.496825
2605 2.667624
2606 2.315904
2607 2.870094
2608 2.139664
2609 2.489682
2610 2.675704
2611 2.306861
2612 2.884517
2613 2.132700
2614 2.425890
2615 2.719645
2616 2.264105
2617 2.912497
2618 2.123105
2619 2.340557
2620 2.821715
2621 2.171588
2622 2.641977
2623 2.357836
2624 2.803292
2625 2.186323
2626 2.701010
2627 2.274732
2628 2.906420
2629 2.125184
2630 2.339625
2631 2.824686
2632 2.168812
2633 2.600647
2634 2.469836
2635 2.685360
2636 2.301965
2637 2.883903
2638 2.134191
2639 2.381126
2640 2.761677
2641 2.227632
2642 2.814859
2643 2.172086
2644 2.581591
2645 2.527362
2646 2.624731
2647 2.400598
2648 2.749083
2649 2.241112
2650 2.818721
2651 2.173096
2652 2.558707
2653 2.581453
2654 2.513924
2655 2.643034
2656 2.365291
2657 2.794163
2658 2.201908
2659 2.649369
2660 2.355567
2661 2.806833
2662 2.191438
2663 2.599497
2664 2.473943
2665 2.689737
2666 2.306010
2667 2.839755
2668 2.167014
2669 2.477458
2670 2.695767
2671 2.301496
2672 2.834444
2673 2.171313
2674 2.484696
2675 2.689716
2676 2.309718
2677 2.829305
2678 2.176314
2679 2.493635
2680 2.681357
2681 2.320959
2682 2.822286
2683 2.183262
2684 2.509134
2685 2.664133
2686 2.344271
2687 2.807047
2688 2.197942
2689 2.551254
2690 2.597915
2691 2.475290
2692 2.690820
2693 2.315128
2694 2.797923
2695 2.208432
2696 2.565481
2697 2.566451
2698 2.551939
2699 2.580894
2700 2.515165
2701 2.640925
2702 2.384048
2703 2.763160
2704 2.247882
2705 2.646096
2706 2.378469
2707 2.766230
2708 2.246063
2709 2.632604
2710 2.404009
2711 2.750292
2712 2.263234
2713 2.665129
2714 2.354232
2715 2.770552
2716 2.244095
2717 2.609979
2718 2.456501
2719 2.710595
2720 2.306264
2721 2.728669
2722 2.286737
2723 2.692754
2724 2.325339
2725 2.746639
2726 2.270470
2727 2.650464
2728 2.381846
2729 2.757916
2730 2.262230
2731 2.621699
2732 2.436012
2733 2.727556
2734 2.294888
2735 2.678992
2736 2.346936
2737 2.743137
2738 2.279808
2739 2.640629
2740 2.403110
2741 2.743538
2742 2.282229
2743 2.634978
2744 2.414554
2745 2.736342
2746 2.291507
2747 2.642757
2748 2.402778
2749 2.737323
2750 2.292397
2751 2.634428
2752 2.418528
2753 2.729502
2754 2.302410
2755 2.642479
2756 2.406482
2757 2.729274
2758 2.304563
2759 2.636471
2760 2.417976
2761 2.723434
2762 2.312597
2763 2.640164
2764 2.413397
2765 2.720467
2766 2.317621
2767 2.638687
2768 2.417330
2769 2.715961
2770 2.324288
2771 2.639529
2772 2.417505
2773 2.711653
2774 2.330752
2775 2.639795
2776 2.418605
2777 2.707068
2778 2.337526
2779 2.640239
2780 2.419424
2781 2.702269
2782 2.344545
2783 2.640742
2784 2.420156
2785 2.697236
2786 2.351837
2787 2.641309
2788 2.420790
2789 2.691955
2790 2.359425
2791 2.641935
2792 2.421341
2793 2.686416
2794 2.367335
2795 2.642597
2796 2.421840
2797 2.680615
2798 2.375583
2799 2.643252
2800 2.422348
2801 2.674568
2802 2.384171
2803 2.643816
2804 2.422976
2805 2.668325
2806 2.393063
2807 2.644152
2808 2.423900
2809 2.661983
2810 2.402160
2811 2.644060
2812 2.425365
2813 2.655697
2814 2.411278
2815 2.643300
2816 2.427660
2817 2.649658
2818 2.420162
2819 2.641653
2820 2.431039
2821 2.644019
2822 2.428569
2823 2.639019
2824 2.435609
2825 2.638805
2826 2.436410
2827 2.635471
2828 2.441262
2829 2.633866
2830 2.443818
2831 2.631201
2832 2.447742
2833 2.628958
2834 2.451074
2835 2.626402
2836 2.454784
2837 2.623852
2838 2.458446
2839 2.621172
2840 2.462236
2841 2.618399
2842 2.466101
2843 2.615510
2844 2.470064
2845 2.612500
2846 2.474128
2847 2.609355
2848 2.478301
2849 2.606064
2850 2.482587
2851 2.602614
2852 2.486994
2853 2.598990
2854 2.491523
2855 2.595181
2856 2.496173
2857 2.591173
2858 2.500938
2859 2.586961
2860 2.505799
2861 2.582545
2862 2.510721
2863 2.577944
2864 2.515647
2865 2.573198
2866 2.520488
2867 2.568381
2868 2.525124
2869 2.563611
2870 2.529401
2871 2.559041
2872 2.533153
2873 2.554852
2874 2.536235
2875 2.551207
2876 2.538558
2877 2.548214
2878 2.540123
2879 2.545891
2880 2.541016
2881 2.544166
2882 2.541380
2883 2.542914
2884 2.541375
2885 2.541994
2886 2.541140
2887 2.541285
2888 2.540779
2889 2.540702
2890 2.540360
2891 2.540190
2892 2.539921
2893 2.539717
2894 2.539481
2895 2.539268
2896 2.539047
2897 2.538835
2898 2.538622
2899 2.538414
2900 2.538207
2901 2.538003
2902 2.537801
2903 2.537601
2904 2.537402
2905 2.537206
2906 2.537010
2907 2.536817
2908 2.536624
2909 2.536433
2910 2.536243
2911 2.536054
2912 2.535866
2913 2.535678
2914 2.535492
2915 2.535306
2916 2.535120
2917 2.534935
2918 2.534751
2919 2.534567
2920 2.534383
2921 2.534200
2922 2.534016
2923 2.533833
2924 2.533650
2925 2.533467
2926 2.533283
2927 2.533100
2928 2.532917
2929 2.532733
2930 2.532549
2931 2.532365
2932 2.532180
2933 2.531996
2934 2.531810
2935 2.531625
2936 2.531439
2937 2.531252
2938 2.531065
2939 2.530878
2940 2.530689
2941 2.530501
2942 2.530311
2943 2.530121
2944 2.529930
2945 2.529739
2946 2.529547
2947 2.529354
2948 2.529160
2949 2.528966
2950 2.528770
2951 2.528574
2952 2.528377
2953 2.528179
2954 2.527981
2955 2.527781
2956 2.527580
2957 2.527379
2958 2.527176
2959 2.526973
2960 2.526768
2961 2.526563
2962 2.526356
2963 2.526148
2964 2.525940
2965 2.525730
2966 2.525519
2967 2.525307
2968 2.525093
2969 2.524879
2970 2.524664
2971 2.524447
2972 2.524229
2973 2.524010
2974 2.523789
2975 2.523567
2976 2.523344
2977 2.523120
2978 2.522895
2979 2.522668
2980 2.522439
2981 2.522210
2982 2.521979
2983 2.521746
2984 2.521512
2985 2.521277
2986 2.521040
2987 2.520802
2988 2.520562
2989 2.520321
2990 2.520078
2991 2.519834
2992 2.519588
2993 2.519340
2994 2.519091
2995 2.518840
2996 2.518587
2997 2.518333
2998 2.518076
2999 2.517819
3000 2.517559
3001 2.517297
3002 2.517034
3003 2.516769
3004 2.516502
3005 2.516232
3006 2.515961
3007 2.515688
3008 2.515413
3009 2.515136
3010 2.514857
3011 2.514575
3012 2.514292
3013 2.514006
3014 2.513718
3015 2.513427
3016 2.513135
3017 2.512839
3018 2.512542
3019 2.512242
3020 2.511939
3021 2.511634
3022 2.511326
3023 2.511016
3024 2.510703
3025 2.510387
3026 2.510068
3027 2.509747
3028 2.509422
3029 2.509095
3030 2.508764
3031 2.508430
3032 2.508093
3033 2.507753
3034 2.507409
3035 2.507062
3036 2.506711
3037 2.506357
3038 2.505999
3039 2.505638
3040 2.505272
3041 2.504903
3042 2.504529
3043 2.504152
3044 2.503770
3045 2.503383
3046 2.502992
3047 2.502597
3048 2.502197
3049 2.501792
3050 2.501382
3051 2.500966
3052 2.500546
3053 2.500120
3054 2.499688
3055 2.499251
3056 2.498807
3057 2.498358
3058 2.497902
3059 2.497439
3060 2.496970
3061 2.496493
3062 2.496010
3063 2.495518
3064 2.495019
3065 2.494512
3066 2.493997
3067 2.493473
3068 2.492940
3069 2.492398
3070 2.491846
3071 2.491284
3072 2.490712
3073 2.490129
3074 2.489535
3075 2.488929
3076 2.488310
3077 2.487680
3078 2.487036
3079 2.486378
3080 2.485706
3081 2.485020
3082 2.484318
3083 2.483600
3084 2.482865
3085 2.482114
3086 2.481344
3087 2.480556
3088 2.479748
3089 2.478921
3090 2.478073
3091 2.477205
3092 2.476314
3093 2.475402
3094 2.474467
3095 2.473509
3096 2.472528
3097 2.471523
3098 2.470495
3099 2.469444
3100 2.468370
3101 2.467273
3102 2.466154
3103 2.465015
3104 2.463857
3105 2.462680
3106 2.461488
3107 2.460281
3108 2.459063
3109 2.457837
3110 2.456604
3111 2.455370
3112 2.454137
3113 2.452909
3114 2.451690
3115 2.450484
3116 2.449295
3117 2.448127
3118 2.446984
3119 2.445871
3120 2.444791
3121 2.443746
3122 2.442742
3123 2.441780
3124 2.440864
3125 2.439995
3126 2.439176
3127 2.438408
3128 2.437693
3129 2.437032
3130 2.436426
3131 2.435876
3132 2.435383
3133 2.434946
3134 2.434567
3135 2.434246
3136 2.433984
3137 2.433780
3138 2.433637
3139 2.433554
3140 2.433533
3141 2.433576
3142 2.433684
3143 2.433861
3144 2.434109
3145 2.434433
3146 2.434838
3147 2.435331
3148 2.435920
3149 2.436617
3150 2.437436
3151 2.438395
3152 2.439520
3153 2.440843
3154 2.442412
3155 2.444291
3156 2.446580
3157 2.449430
3158 2.453099
3159 2.458072
3160 2.465394
3161 2.477782
3162 2.503211
3163 2.560731
3164 2.631102
3165 2.592541
3166 2.612159
3167 2.593251
3168 2.594879
3169 2.587075
3170 2.581952
3171 2.576027
3172 2.569921
3173 2.563516
3174 2.556743
3175 2.549508
3176 2.541700
3177 2.533194
3178 2.523867
3179 2.513624
3180 2.502396
3181 2.490057
3182 2.476488
3183 2.462077
3184 2.447901
3185 2.435093
3186 2.424295
3187 2.415500
3188 2.408277
3189 2.402093
3190 2.396490
3191 2.391094
3192 2.385567
3193 2.379525
3194 2.372410
3195 2.363229
3196 2.350144
3197 2.330427
3198 2.302594
3199 2.271687
3200 2.247694
3201 2.233651
3202 2.226341
3203 2.222667
3204 2.220890
3205 2.220127
3206 2.219923
3207 2.220036
3208 2.220333
3209 2.220738
3210 2.221207
3211 2.221715
3212 2.222244
3213 2.222786
3214 2.223334
3215 2.223884
3216 2.224433
3217 2.224981
3218 2.225524
3219 2.226063
3220 2.226597
3221 2.227125
3222 2.227646
3223 2.228161
3224 2.228668
3225 2.229168
3226 2.229661
3227 2.230146
3228 2.230623
3229 2.231092
3230 2.231553
3231 2.232006
3232 2.232451
3233 2.232888
3234 2.233316
3235 2.233737
3236 2.234149
3237 2.234554
3238 2.234950
3239 2.235339
3240 2.235719
3241 2.236092
3242 2.236457
3243 2.236815
3244 2.237165
3245 2.237508
3246 2.237843
3247 2.238172
3248 2.238493
3249 2.238807
3250 2.239114
3251 2.239415
3252 2.239709
3253 2.239997
3254 2.240278
3255 2.240553
3256 2.240821
3257 2.241084
3258 2.241341
3259 2.241592
3260 2.241837
3261 2.242077
3262 2.242311
3263 2.242540
3264 2.242763
3265 2.242982
3266 2.243195
3267 2.243403
3268 2.243607
3269 2.243806
3270 2.244000
3271 2.244190
3272 2.244375
3273 2.244556
3274 2.244732
3275 2.244905
3276 2.245073
3277 2.245238
3278 2.245398
3279 2.245555
3280 2.245708
3281 2.245857
3282 2.246003
3283 2.246145
3284 2.246284
3285 2.246420
3286 2.246552
3287 2.246681
3288 2.246807
3289 2.246930
3290 2.247050
3291 2.247167
3292 2.247281
3293 2.247392
3294 2.247501
3295 2.247607
3296 2.247711
3297 2.247812
3298 2.247910
3299 2.248006
3300 2.248099
3301 2.248191
3302 2.248280
3303 2.248367
3304 2.248451
3305 2.248534
3306 2.248614
3307 2.248693
3308 2.248769
3309 2.248844
3310 2.248916
3311 2.248987
3312 2.249056
3313 2.249123
3314 2.249189
3315 2.249252
3316 2.249315
3317 2.249375
3318 2.249434
3319 2.249492
3320 2.249547
3321 2.249602
3322 2.249655
3323 2.249707
3324 2.249757
3325 2.249806
3326 2.249853
3327 2.249900
3328 2.249945
3329 2.249988
3330 2.250031
3331 2.250073
3332 2.250113
3333 2.250152
3334 2.250190
3335 2.250227
3336 2.250263
3337 2.250298
3338 2.250332
3339 2.250365
3340 2.250397
3341 2.250428
3342 2.250459
3343 2.250488
3344 2.250516
3345 2.250544
3346 2.250571
3347 2.250597
3348 2.250622
3349 2.250646
3350 2.250670
3351 2.250693
3352 2.250715
3353 2.250736
3354 2.250757
3355 2.250777
3356 2.250797
3357 2.250815
3358 2.250834
3359 2.250851
3360 2.250868
3361 2.250884
3362 2.250900
3363 2.250915
3364 2.250930
3365 2.250944
3366 2.250958
3367 2.250971
3368 2.250983
3369 2.250996
3370 2.251007
3371 2.251018
3372 2.251029
3373 2.251039
3374 2.251049
3375 2.251059
3376 2.251068
3377 2.251076
3378 2.251084
3379 2.251092
3380 2.251100
3381 2.251107
3382 2.251113
3383 2.251120
3384 2.251126
3385 2.251132
3386 2.251137
3387 2.251142
3388 2.251147
3389 2.251151
3390 2.251156
3391 2.251159
3392 2.251163
3393 2.251166
3394 2.251170
3395 2.251172
3396 2.251175
3397 2.251177
3398 2.251180
3399 2.251182
3400 2.251183
3401 2.251185
3402 2.251186
3403 2.251187
3404 2.251188
3405 2.251189
3406 2.251189
3407 2.251190
3408 2.251190
3409 2.251190
3410 2.251190
3411 2.251189
3412 2.251189
3413 2.251188
3414 2.251188
3415 2.251187
3416 2.251186
3417 2.251185
3418 2.251184
3419 2.251182
3420 2.251181
3421 2.251179
3422 2.251178
3423 2.251176
3424 2.251174
3425 2.251172
3426 2.251170
3427 2.251168
3428 2.251166
3429 2.251164
3430 2.251162
3431 2.251160
3432 2.251157
3433 2.251155
3434 2.251152
3435 2.251150
3436 2.251147
3437 2.251145
3438 2.251142
3439 2.251140
3440 2.251137
3441 2.251135
3442 2.251132
3443 2.251129
3444 2.251127
3445 2.251124
3446 2.251121
3447 2.251119
3448 2.251116
3449 2.251113
3450 2.251111
3451 2.251108
3452 2.251106
3453 2.251103
3454 2.251101
3455 2.251098
3456 2.251096
3457 2.251093
3458 2.251091
3459 2.251089
3460 2.251087
3461 2.251084
3462 2.251082
3463 2.251080
3464 2.251078
3465 2.251076
3466 2.251075
3467 2.251073
3468 2.251071
3469 2.251070
3470 2.251068
3471 2.251067
3472 2.251065
3473 2.251064
3474 2.251063
3475 2.251062
3476 2.251061
3477 2.251060
3478 2.251060
3479 2.251059
3480 2.251058
3481 2.251058
3482 2.251058
3483 2.251058
3484 2.251058
3485 2.251058
3486 2.251058
3487 2.251059
3488 2.251059
3489 2.251060
3490 2.251061
3491 2.251062
3492 2.251063
3493 2.251065
3494 2.251066
3495 2.251068
3496 2.251070
3497 2.251072
3498 2.251074
3499 2.251077
3500 2.251079
3501 2.251082
3502 2.251085
3503 2.251088
3504 2.251092
3505 2.251095
3506 2.251099
3507 2.251103
3508 2.251107
3509 2.251112
3510 2.251116
3511 2.251121
3512 2.251126
3513 2.251131
3514 2.251137
3515 2.251143
3516 2.251149
3517 2.251155
3518 2.251161
3519 2.251168
3520 2.251175
3521 2.251182
3522 2.251190
3523 2.251198
3524 2.251206
3525 2.251214
3526 2.251222
3527 2.251231
3528 2.251240
3529 2.251250
3530 2.251259
3531 2.251269
3532 2.251279
3533 2.251290
3534 2.251301
3535 2.251312
3536 2.251323
3537 2.251335
3538 2.251347
3539 2.251360
3540 2.251372
3541 2.251385
3542 2.251399
3543 2.251412
3544 2.251426
3545 2.251441
3546 2.251455
3547 2.251470
3548 2.251486
3549 2.251501
3550 2.251517
3551 2.251534
3552 2.251551
3553 2.251568
3554 2.251585
3555 2.251603
3556 2.251622
3557 2.251640
3558 2.251659
3559 2.251679
3560 2.251699
3561 2.251719
3562 2.251739
3563 2.251761
3564 2.251782
3565 2.251804
3566 2.251826
3567 2.251849
3568 2.251872
3569 2.251895
3570 2.251919
3571 2.251944
3572 2.251969
3573 2.251994
3574 2.252020
3575 2.252046
3576 2.252073
3577 2.252100
3578 2.252127
3579 2.252155
3580 2.252184
3581 2.252213
3582 2.252242
3583 2.252272
3584 2.252303
3585 2.252334
3586 2.252365
3587 2.252397
3588 2.252430
3589 2.252463
3590 2.252496
3591 2.252530
3592 2.252565
3593 2.252600
3594 2.252635
3595 2.252671
3596 2.252708
3597 2.252745
3598 2.252783
3599 2.252821
3600 2.252860
3601 2.252900
3602 2.252940
3603 2.252980
3604 2.253022
3605 2.253063
3606 2.253106
3607 2.253149
3608 2.253192
3609 2.253236
3610 2.253281
3611 2.253326
3612 2.253372
3613 2.253419
3614 2.253466
3615 2.253514
3616 2.253563
3617 2.253612
3618 2.253662
3619 2.253712
3620 2.253763
3621 2.253815
3622 2.253867
3623 2.253920
3624 2.253974
3625 2.254029
3626 2.254084
3627 2.254140
3628 2.254196
3629 2.254253
3630 2.254311
3631 2.254370
3632 2.254429
3633 2.254489
3634 2.254550
3635 2.254612
3636 2.254674
3637 2.254737
3638 2.254801
3639 2.254866
3640 2.254931
3641 2.254997
3642 2.255064
3643 2.255132
3644 2.255200
3645 2.255269
3646 2.255339
3647 2.255410
3648 2.255482
3649 2.255554
3650 2.255628
3651 2.255702
3652 2.255777
3653 2.255853
3654 2.255929
3655 2.256007
3656 2.256085
3657 2.256164
3658 2.256244
3659 2.256325
3660 2.256407
3661 2.256490
3662 2.256574
3663 2.256658
3664 2.256743
3665 2.256830
3666 2.256917
3667 2.257005
3668 2.257094
3669 2.257184
3670 2.257275
3671 2.257367
3672 2.257460
3673 2.257554
3674 2.257649
3675 2.257745
3676 2.257842
3677 2.257940
3678 2.258039
3679 2.258138
3680 2.258239
3681 2.258341
3682 2.258444
3683 2.258548
3684 2.258653
3685 2.258759
3686 2.258866
3687 2.258974
3688 2.259083
3689 2.259194
3690 2.259305
3691 2.259418
3692 2.259531
3693 2.259646
3694 2.259762
3695 2.259879
3696 2.259997
3697 2.260116
3698 2.260237
3699 2.260358
3700 2.260481
3701 2.260605
3702 2.260730
3703 2.260856
3704 2.260983
3705 2.261112
3706 2.261242
3707 2.261373
3708 2.261505
3709 2.261639
3710 2.261774
3711 2.261910
3712 2.262047
3713 2.262185
3714 2.262325
3715 2.262466
3716 2.262609
3717 2.262753
3718 2.262898
3719 2.263044
3720 2.263192
3721 2.263341
3722 2.263491
3723 2.263643
3724 2.263796
3725 2.263951
3726 2.264107
3727 2.264264
3728 2.264423
3729 2.264583
3730 2.264744
3731 2.264907
3732 2.265072
3733 2.265237
3734 2.265405
3735 2.265573
3736 2.265744
3737 2.265916
3738 2.266089
3739 2.266264
3740 2.266440
3741 2.266618
3742 2.266797
3743 2.266978
3744 2.267160
3745 2.267344
3746 2.267530
3747 2.267717
3748 2.267906
3749 2.268096
3750 2.268288
3751 2.268482
3752 2.268677
3753 2.268874
3754 2.269073
3755 2.269273
3756 2.269475
3757 2.269679
3758 2.269884
3759 2.270091
3760 2.270300
3761 2.270510
3762 2.270722
3763 2.270936
3764 2.271152
3765 2.271370
3766 2.271589
3767 2.271810
3768 2.272033
3769 2.272258
3770 2.272484
3771 2.272713
3772 2.272943
3773 2.273175
3774 2.273409
3775 2.273645
3776 2.273883
3777 2.274122
3778 2.274364
3779 2.274607
3780 2.274853
3781 2.275100
3782 2.275350
3783 2.275601
3784 2.275854
3785 2.276109
3786 2.276367
3787 2.276626
3788 2.276887
3789 2.277150
3790 2.277416
3791 2.277683
3792 2.277952
3793 2.278224
3794 2.278497
3795 2.278773
3796 2.279050
3797 2.279330
3798 2.279612
3799 2.279896
3800 2.280182
3801 2.280471
3802 2.280761
3803 2.281053
3804 2.281348
3805 2.281645
3806 2.281944
3807 2.282245
3808 2.282549
3809 2.282854
3810 2.283162
3811 2.283472
3812 2.283784
3813 2.284099
3814 2.284415
3815 2.284734
3816 2.285055
3817 2.285379
3818 2.285704
3819 2.286032
3820 2.286362
3821 2.286694
3822 2.287029
3823 2.287366
3824 2.287705
3825 2.288046
3826 2.288390
3827 2.288736
3828 2.289084
3829 2.289434
3830 2.289787
3831 2.290142
3832 2.290499
3833 2.290858
3834 2.291220
3835 2.291584
3836 2.291950
3837 2.292319
3838 2.292689
3839 2.293062
3840 2.293437
3841 2.293815
3842 2.294194
3843 2.294576
3844 2.294960
3845 2.295346
3846 2.295735
3847 2.296125
3848 2.296518
3849 2.296913
3850 2.297310
3851 2.297709
3852 2.298110
3853 2.298513
3854 2.298918
3855 2.299326
3856 2.299735
3857 2.300146
3858 2.300560
3859 2.300975
3860 2.301392
3861 2.301812
3862 2.302233
3863 2.302656
3864 2.303081
3865 2.303508
3866 2.303936
3867 2.304366
3868 2.304799
3869 2.305232
3870 2.305668
3871 2.306105
3872 2.306544
3873 2.306984
3874 2.307426
3875 2.307870
3876 2.308315
3877 2.308761
3878 2.309209
3879 2.309658
3880 2.310108
3881 2.310560
3882 2.311013
3883 2.311468
3884 2.311923
3885 2.312380
3886 2.312837
3887 2.313296
3888 2.313755
3889 2.314216
3890 2.314677
3891 2.315140
3892 2.315603
3893 2.316066
3894 2.316531
3895 2.316996
3896 2.317462
3897 2.317928
3898 2.318394
3899 2.318861
3900 2.319328
3901 2.319796
3902 2.320264
3903 2.320732
3904 2.321200
3905 2.321668
3906 2.322136
3907 2.322604
3908 2.323072
3909 2.323540
3910 2.324008
3911 2.324475
3912 2.324942
3913 2.325408
3914 2.325874
3915 2.326339
3916 2.326804
3917 2.327268
3918 2.327731
3919 2.328193
3920 2.328655
3921 2.329116
3922 2.329575
3923 2.330034
3924 2.330491
3925 2.330948
3926 2.331403
3927 2.331857
3928 2.332309
3929 2.332760
3930 2.333210
3931 2.333658
3932 2.334104
3933 2.334549
3934 2.334992
3935 2.335434
3936 2.335874
3937 2.336311
3938 2.336747
3939 2.337181
3940 2.337613
3941 2.338043
3942 2.338471
3943 2.338897
3944 2.339320
3945 2.339742
3946 2.340161
3947 2.340578
3948 2.340992
3949 2.341404
3950 2.341814
3951 2.342221
3952 2.342625
3953 2.343027
3954 2.343427
3955 2.343824
3956 2.344218
3957 2.344610
3958 2.344998
3959 2.345385
3960 2.345768
3961 2.346148
3962 2.346526
3963 2.346901
3964 2.347273
3965 2.347641
3966 2.348007
3967 2.348370
3968 2.348730
3969 2.349087
3970 2.349441
3971 2.349791
3972 2.350139
3973 2.350483
3974 2.350824
3975 2.351162
3976 2.351496
3977 2.351828
3978 2.352156
3979 2.352480
3980 2.352801
3981 2.353119
3982 2.353433
3983 2.353744
3984 2.354051
3985 2.354354
3986 2.354654
3987 2.354950
3988 2.355242
3989 2.355531
3990 2.355815
3991 2.356096
3992 2.356373
3993 2.356646
3994 2.356915
3995 2.357179
3996 2.357440
3997 2.357696
3998 2.357948
3999 2.358196
4000 2.358439
4001 2.358678
4002 2.358912
4003 2.359141
4004 2.359366
4005 2.359586
4006 2.359801
4007 2.360011
4008 2.360216
4009 2.360416
4010 2.360610
4011 2.360800
4012 2.360983
4013 2.361161
4014 2.361334
4015 2.361501
4016 2.361661
4017 2.361816
4018 2.361965
4019 2.362107
4020 2.362243
4021 2.362373
4022 2.362496
4023 2.362612
4024 2.362722
4025 2.362824
4026 2.362919
4027 2.363007
4028 2.363087
4029 2.363160
4030 2.363225
4031 2.363282
4032 2.363331
4033 2.363372
4034 2.363405
4035 2.363429
4036 2.363444
4037 2.363451
4038 2.363448
4039 2.363437
4040 2.363416
4041 2.363385
4042 2.363345
4043 2.363295
4044 2.363235
4045 2.363165
4046 2.363085
4047 2.362994
4048 2.362893
4049 2.362781
4050 2.362658
4051 2.362524
4052 2.362378
4053 2.362222
4054 2.362054
4055 2.361874
4056 2.361683
4057 2.361480
4058 2.361265
4059 2.361039
4060 2.360800
4061 2.360549
4062 2.360286
4063 2.360012
4064 2.359724
4065 2.359425
4066 2.359114
4067 2.358791
4068 2.358456
4069 2.358109
4070 2.357750
4071 2.357379
4072 2.356998
4073 2.356605
4074 2.356200
4075 2.355785
4076 2.355360
4077 2.354924
4078 2.354479
4079 2.354023
4080 2.353559
4081 2.353086
4082 2.352604
4083 2.352115
4084 2.351618
4085 2.351114
4086 2.350604
4087 2.350089
4088 2.349567
4089 2.349042
4090 2.348512
4091 2.347979
4092 2.347443
4093 2.346904
4094 2.346364
4095 2.345824
4096 2.345282
4097 2.344741
4098 2.344201
4099 2.343662
4100 2.343126
4101 2.342592
4102 2.342060
4103 2.341533
4104 2.341009
4105 2.340491
4106 2.339977
4107 2.339468
4108 2.338965
4109 2.338469
4110 2.337979
4111 2.337495
4112 2.337019
4113 2.336550
4114 2.336088
4115 2.335634
4116 2.335188
4117 2.334750
4118 2.334320
4119 2.333898
4120 2.333485
4121 2.333079
4122 2.332682
4123 2.332293
4124 2.331913
4125 2.331541
4126 2.331177
4127 2.330822
4128 2.330474
4129 2.330135
4130 2.329804
4131 2.329481
4132 2.329165
4133 2.328857
4134 2.328557
4135 2.328265
4136 2.327980
4137 2.327702
4138 2.327431
4139 2.327167
4140 2.326910
4141 2.326660
4142 2.326417
4143 2.326180
4144 2.325949
4145 2.325725
4146 2.325507
4147 2.325294
4148 2.325087
4149 2.324887
4150 2.324691
4151 2.324501
4152 2.324316
4153 2.324137
4154 2.323962
4155 2.323792
4156 2.323627
4157 2.323467
4158 2.323311
4159 2.323159
4160 2.323012
4161 2.322869
4162 2.322730
4163 2.322595
4164 2.322464
4165 2.322336
4166 2.322212
4167 2.322092
4168 2.321974
4169 2.321861
4170 2.321750
4171 2.321643
4172 2.321538
4173 2.321437
4174 2.321338
4175 2.321242
4176 2.321149
4177 2.321058
4178 2.320970
4179 2.320885
4180 2.320801
4181 2.320720
4182 2.320641
4183 2.320565
4184 2.320490
4185 2.320417
4186 2.320347
4187 2.320278
4188 2.320211
4189 2.320145
4190 2.320082
4191 2.320020
4192 2.319959
4193 2.319900
4194 2.319843
4195 2.319787
4196 2.319732
4197 2.319679
4198 2.319627
4199 2.319576
4200 2.319526
4201 2.319477
4202 2.319429
4203 2.319383
4204 2.319337
4205 2.319293
4206 2.319249
4207 2.319206
4208 2.319164
4209 2.319122
4210 2.319082
4211 2.319042
4212 2.319003
4213 2.318964
4214 2.318926
4215 2.318889
4216 2.318852
4217 2.318816
4218 2.318780
4219 2.318745
4220 2.318710
4221 2.318676
4222 2.318641
4223 2.318608
4224 2.318574
4225 2.318541
4226 2.318508
4227 2.318476
4228 2.318443
4229 2.318411
4230 2.318379
4231 2.318347
4232 2.318315
4233 2.318284
4234 2.318252
4235 2.318221
4236 2.318190
4237 2.318158
4238 2.318127
4239 2.318096
4240 2.318064
4241 2.318033
4242 2.318002
4243 2.317970
4244 2.317939
4245 2.317907
4246 2.317875
4247 2.317844
4248 2.317812
4249 2.317780
4250 2.317747
4251 2.317715
4252 2.317682
4253 2.317649
4254 2.317616
4255 2.317583
4256 2.317550
4257 2.317516
4258 2.317482
4259 2.317448
4260 2.317413
4261 2.317378
4262 2.317343
4263 2.317308
4264 2.317272
4265 2.317236
4266 2.317199
4267 2.317163
4268 2.317125
4269 2.317088
4270 2.317050
4271 2.317012
4272 2.316973
4273 2.316934
4274 2.316895
4275 2.316855
4276 2.316815
4277 2.316774
4278 2.316733
4279 2.316691
4280 2.316649
4281 2.316607
4282 2.316564
4283 2.316520
4284 2.316477
4285 2.316432
4286 2.316387
4287 2.316342
4288 2.316296
4289 2.316250
4290 2.316203
4291 2.316156
4292 2.316108
4293 2.316060
4294 2.316011
4295 2.315962
4296 2.315912
4297 2.315861
4298 2.315810
4299 2.315759
4300 2.315707
4301 2.315654
4302 2.315601
4303 2.315547
4304 2.315493
4305 2.315438
4306 2.315383
4307 2.315326
4308 2.315270
4309 2.315213
4310 2.315155
4311 2.315097
4312 2.315038
4313 2.314978
4314 2.314918
4315 2.314857
4316 2.314796
4317 2.314734
4318 2.314671
4319 2.314608
4320 2.314544
4321 2.314480
4322 2.314415
4323 2.314349
4324 2.314283
4325 2.314216
4326 2.314148
4327 2.314080
4328 2.314011
4329 2.313941
4330 2.313871
4331 2.313801
4332 2.313729
4333 2.313657
4334 2.313584
4335 2.313511
4336 2.313437
4337 2.313362
4338 2.313287
4339 2.313211
4340 2.313134
4341 2.313057
4342 2.312979
4343 2.312900
4344 2.312821
4345 2.312741
4346 2.312660
4347 2.312578
4348 2.312496
4349 2.312414
4350 2.312330
4351 2.312246
4352 2.312161
4353 2.312076
4354 2.311990
4355 2.311903
4356 2.311815
4357 2.311727
4358 2.311638
4359 2.311548
4360 2.311458
4361 2.311367
4362 2.311275
4363 2.311183
4364 2.311090
4365 2.310996
4366 2.310901
4367 2.310806
4368 2.310710
4369 2.310613
4370 2.310516
4371 2.310418
4372 2.310319
4373 2.310220
4374 2.310119
4375 2.310019
4376 2.309917
4377 2.309815
4378 2.309712
4379 2.309608
4380 2.309503
4381 2.309398
4382 2.309292
4383 2.309186
4384 2.309078
4385 2.308970
4386 2.308861
4387 2.308752
4388 2.308642
4389 2.308531
4390 2.308419
4391 2.308307
4392 2.308194
4393 2.308080
4394 2.307965
4395 2.307850
4396 2.307734
4397 2.307617
4398 2.307500
4399 2.307382
4400 2.307263
4401 2.307143
4402 2.307023
4403 2.306902
4404 2.306780
4405 2.306658
4406 2.306535
4407 2.306411
4408 2.306286
4409 2.306161
4410 2.306035
4411 2.305908
4412 2.305781
4413 2.305653
4414 2.305524
4415 2.305394
4416 2.305264
4417 2.305133
4418 2.305001
4419 2.304869
4420 2.304735
4421 2.304602
4422 2.304467
4423 2.304332
4424 2.304196
4425 2.304059
4426 2.303922
4427 2.303784
4428 2.303645
4429 2.303506
4430 2.303365
4431 2.303225
4432 2.303083
4433 2.302941
4434 2.302798
4435 2.302654
4436 2.302510
4437 2.302365
4438 2.302220
4439 2.302073
4440 2.301926
4441 2.301779
4442 2.301630
4443 2.301481
4444 2.301332
4445 2.301182
4446 2.301031
4447 2.300879
4448 2.300727
4449 2.300574
4450 2.300420
4451 2.300266
4452 2.300111
4453 2.299956
4454 2.299800
4455 2.299643
4456 2.299486
4457 2.299328
4458 2.299169
4459 2.299010
4460 2.298850
4461 2.298690
4462 2.298529
4463 2.298367
4464 2.298205
4465 2.298042
4466 2.297879
4467 2.297715
4468 2.297550
4469 2.297385
4470 2.297220
4471 2.297053
4472 2.296887
4473 2.296719
4474 2.296551
4475 2.296383
4476 2.296214
4477 2.296044
4478 2.295874
4479 2.295704
4480 2.295533
4481 2.295361
4482 2.295189
4483 2.295016
4484 2.294843
4485 2.294669
4486 2.294495
4487 2.294321
4488 2.294146
4489 2.293970
4490 2.293794
4491 2.293618
4492 2.293441
4493 2.293264
4494 2.293086
4495 2.292908
4496 2.292729
4497 2.292550
4498 2.292371
4499 2.292191
4500 2.292011
4501 2.291830
4502 2.291649
4503 2.291468
4504 2.291286
4505 2.291104
4506 2.290921
4507 2.290739
4508 2.290555
4509 2.290372
4510 2.290188
4511 2.290004
4512 2.289820
4513 2.289635
4514 2.289450
4515 2.289265
4516 2.289079
4517 2.288894
4518 2.288708
4519 2.288521
4520 2.288335
4521 2.288148
4522 2.287961
4523 2.287774
4524 2.287587
4525 2.287399
4526 2.287211
4527 2.287023
4528 2.286835
4529 2.286647
4530 2.286459
4531 2.286270
4532 2.286082
4533 2.285893
4534 2.285704
4535 2.285515
4536 2.285326
4537 2.285137
4538 2.284948
4539 2.284758
4540 2.284569
4541 2.284380
4542 2.284190
4543 2.284001
4544 2.283811
4545 2.283622
4546 2.283432
4547 2.283243
4548 2.283054
4549 2.282864
4550 2.282675
4551 2.282486
4552 2.282297
4553 2.282108
4554 2.281919
4555 2.281730
4556 2.281541
4557 2.281352
4558 2.281164
4559 2.280975
4560 2.280787
4561 2.280599
4562 2.280411
4563 2.280223
4564 2.280036
4565 2.279849
4566 2.279661
4567 2.279475
4568 2.279288
4569 2.279102
4570 2.278916
4571 2.278730
4572 2.278544
4573 2.278359
4574 2.278174
4575 2.277989
4576 2.277805
4577 2.277621
4578 2.277437
4579 2.277254
4580 2.277071
4581 2.276888
4582 2.276706
4583 2.276524
4584 2.276343
4585 2.276162
4586 2.275981
4587 2.275801
4588 2.275621
4589 2.275442
4590 2.275263
4591 2.275085
4592 2.274907
4593 2.274729
4594 2.274552
4595 2.274376
4596 2.274200
4597 2.274025
4598 2.273850
4599 2.273676
4600 2.273502
4601 2.273329
4602 2.273156
4603 2.272984
4604 2.272813
4605 2.272642
4606 2.272472
4607 2.272302
4608 2.272133
4609 2.271965
4610 2.271797
4611 2.271630
4612 2.271463
4613 2.271297
4614 2.271132
4615 2.270968
4616 2.270804
4617 2.270641
4618 2.270478
4619 2.270317
4620 2.270156
4621 2.269995
4622 2.269836
4623 2.269677
4624 2.269519
4625 2.269361
4626 2.269204
4627 2.269048
4628 2.268893
4629 2.268739
4630 2.268585
4631 2.268432
4632 2.268280
4633 2.268128
4634 2.267978
4635 2.267828
4636 2.267679
4637 2.267531
4638 2.267383
4639 2.267236
4640 2.267090
4641 2.266945
4642 2.266801
4643 2.266657
4644 2.266515
4645 2.266373
4646 2.266232
4647 2.266091
4648 2.265952
4649 2.265813
4650 2.265675
4651 2.265538
4652 2.265402
4653 2.265267
4654 2.265132
4655 2.264998
4656 2.264865
4657 2.264733
4658 2.264602
4659 2.264471
4660 2.264342
4661 2.264213
4662 2.264085
4663 2.263958
4664 2.263831
4665 2.263706
4666 2.263581
4667 2.263457
4668 2.263334
4669 2.263212
4670 2.263090
4671 2.262969
4672 2.262849
4673 2.262730
4674 2.262612
4675 2.262494
4676 2.262378
4677 2.262262
4678 2.262146
4679 2.262032
4680 2.261918
4681 2.261806
4682 2.261693
4683 2.261582
4684 2.261472
4685 2.261362
4686 2.261253
4687 2.261144
4688 2.261037
4689 2.260930
4690 2.260824
4691 2.260719
4692 2.260614
4693 2.260510
4694 2.260407
4695 2.260304
4696 2.260202
4697 2.260101
4698 2.260001
4699 2.259901
4700 2.259802
4701 2.259704
4702 2.259606
4703 2.259509
4704 2.259412
4705 2.259317
4706 2.259221
4707 2.259127
4708 2.259033
4709 2.258940
4710 2.258847
4711 2.258755
4712 2.258663
4713 2.258573
4714 2.258482
4715 2.258392
4716 2.258303
4717 2.258215
4718 2.258127
4719 2.258039
4720 2.257952
4721 2.257866
4722 2.257780
4723 2.257694
4724 2.257610
4725 2.257525
4726 2.257441
4727 2.257358
4728 2.257275
4729 2.257192
4730 2.257110
4731 2.257029
4732 2.256948
4733 2.256867
4734 2.256787
4735 2.256707
4736 2.256628
4737 2.256549
4738 2.256470
4739 2.256392
4740 2.256314
4741 2.256237
4742 2.256160
4743 2.256083
4744 2.256007
4745 2.255931
4746 2.255855
4747 2.255779
4748 2.255704
4749 2.255630
4750 2.255555
4751 2.255481
4752 2.255407
4753 2.255334
4754 2.255261
4755 2.255188
4756 2.255115
4757 2.255042
4758 2.254970
4759 2.254898
4760 2.254826
4761 2.254755
4762 2.254683
4763 2.254612
4764 2.254541
4765 2.254471
4766 2.254400
4767 2.254330
4768 2.254259
4769 2.254189
4770 2.254120
4771 2.254050
4772 2.253980
4773 2.253911
4774 2.253841
4775 2.253772
4776 2.253703
4777 2.253634
4778 2.253565
4779 2.253497
4780 2.253428
4781 2.253359
4782 2.253291
4783 2.253222
4784 2.253154
4785 2.253086
4786 2.253017
4787 2.252949
4788 2.252881
4789 2.252813
4790 2.252745
4791 2.252677
4792 2.252609
4793 2.252541
4794 2.252473
4795 2.252405
4796 2.252336
4797 2.252268
4798 2.252200
4799 2.252132
4800 2.252064
4801 2.251996
4802 2.251928
4803 2.251860
4804 2.251791
4805 2.251723
4806 2.251655
4807 2.251586
4808 2.251518
4809 2.251449
4810 2.251380
4811 2.251312
4812 2.251243
4813 2.251174
4814 2.251105
4815 2.251036
4816 2.250967
4817 2.250897
4818 2.250828
4819 2.250758
4820 2.250689
4821 2.250619
4822 2.250549
4823 2.250479
4824 2.250409
4825 2.250339
4826 2.250268
4827 2.250198
4828 2.250127
4829 2.250056
4830 2.249985
4831 2.249914
4832 2.249842
4833 2.249771
4834 2.249699
4835 2.249627
4836 2.249555
4837 2.249483
4838 2.249411
4839 2.249338
4840 2.249265
4841 2.249192
4842 2.249119
4843 2.249046
4844 2.248972
4845 2.248899
4846 2.248825
4847 2.248750
4848 2.248676
4849 2.248602
4850 2.248527
4851 2.248452
4852 2.248377
4853 2.248301
4854 2.248226
4855 2.248150
4856 2.248074
4857 2.247997
4858 2.247921
4859 2.247844
4860 2.247767
4861 2.247690
4862 2.247612
4863 2.247534
4864 2.247457
4865 2.247378
4866 2.247300
4867 2.247221
4868 2.247142
4869 2.247063
4870 2.246984
4871 2.246904
4872 2.246824
4873 2.246744
4874 2.246663
4875 2.246583
4876 2.246502
4877 2.246421
4878 2.246339
4879 2.246257
4880 2.246175
4881 2.246093
4882 2.246011
4883 2.245928
4884 2.245845
4885 2.245761
4886 2.245678
4887 2.245594
4888 2.245510
4889 2.245425
4890 2.245341
4891 2.245256
4892 2.245171
4893 2.245085
4894 2.244999
4895 2.244913
4896 2.244827
4897 2.244741
4898 2.244654
4899 2.244567
4900 2.244479
4901 2.244391
4902 2.244303
4903 2.244215
4904 2.244127
4905 2.244038
4906 2.243949
4907 2.243860
4908 2.243770
4909 2.243680
4910 2.243590
4911 2.243499
4912 2.243409
4913 2.243318
4914 2.243226
4915 2.243135
4916 2.243043
4917 2.242951
4918 2.242858
4919 2.242766
4920 2.242673
4921 2.242579
4922 2.242486
4923 2.242392
4924 2.242298
4925 2.242204
4926 2.242109
4927 2.242014
4928 2.241919
4929 2.241823
4930 2.241727
4931 2.241631
4932 2.241535
4933 2.241438
4934 2.241342
4935 2.241244
4936 2.241147
4937 2.241049
4938 2.240951
4939 2.240853
4940 2.240754
4941 2.240656
4942 2.240556
4943 2.240457
4944 2.240357
4945 2.240258
4946 2.240157
4947 2.240057
4948 2.239956
4949 2.239855
4950 2.239754
4951 2.239652
4952 2.239550
4953 2.239448
4954 2.239346
4955 2.239243
4956 2.239140
4957 2.239037
4958 2.238934
4959 2.238830
4960 2.238726
4961 2.238622
4962 2.238517
4963 2.238413
4964 2.238308
4965 2.238202
4966 2.238097
4967 2.237991
4968 2.237885
4969 2.237778
4970 2.237672
4971 2.237565
4972 2.237458
4973 2.237350
4974 2.237243
4975 2.237135
4976 2.237027
4977 2.236918
4978 2.236810
4979 2.236701
4980 2.236591
4981 2.236482
4982 2.236372
4983 2.236262
4984 2.236152
4985 2.236042
4986 2.235931
4987 2.235820
4988 2.235709
4989 2.235597
4990 2.235486
4991 2.235374
4992 2.235262
4993 2.235149
4994 2.235036
4995 2.234924
4996 2.234810
4997 2.234697
4998 2.234583
4999 2.234469
