0 37.328870
1 38.112845
2 38.856523
3 39.155101
4 39.360612
5 39.536526
6 39.680088
7 39.747046
8 39.611667
9 39.115576
10 38.274502
11 37.103016
12 35.538996
13 33.679938
14 31.665275
15 29.581059
16 27.570711
17 25.751442
18 24.153608
19 22.739775
20 21.454362
21 20.239525
22 19.051822
23 17.877374
24 16.723723
25 15.602792
26 14.519953
27 13.474784
28 12.469437
29 11.511187
30 10.610633
31 9.777890
32 9.018851
33 8.333788
34 7.718280
35 7.165361
36 6.667578
37 6.218188
38 5.811543
39 5.443008
40 5.108627
41 4.804728
42 4.527778
43 4.274606
44 4.042683
45 3.830130
46 3.635483
47 3.457439
48 3.294716
49 3.146029
50 3.010132
51 2.885865
52 2.772180
53 2.668147
54 2.572940
55 2.485816
56 2.406102
57 2.333172
58 2.266441
59 2.205357
60 2.149401
61 2.098085
62 2.050953
63 2.007586
64 1.967597
65 1.930638
66 1.896392
67 1.864579
68 1.834947
69 1.807276
70 1.781370
71 1.757057
72 1.734186
73 1.712626
74 1.692261
75 1.672988
76 1.654720
77 1.637378
78 1.620894
79 1.605207
80 1.590263
81 1.576015
82 1.562420
83 1.549439
84 1.537036
85 1.525180
86 1.513841
87 1.502991
88 1.492604
89 1.482656
90 1.473123
91 1.463983
92 1.455215
93 1.446798
94 1.438714
95 1.430944
96 1.423470
97 1.416275
98 1.409342
99 1.402656
100 1.396202
101 1.389966
102 1.383934
103 1.378095
104 1.372436
105 1.366945
106 1.361614
107 1.356432
108 1.351390
109 1.346481
110 1.341698
111 1.337033
112 1.332481
113 1.328037
114 1.323696
115 1.319454
116 1.315308
117 1.311254
118 1.307290
119 1.303413
120 1.299622
121 1.295915
122 1.292290
123 1.288745
124 1.285280
125 1.281892
126 1.278579
127 1.275341
128 1.272174
129 1.269078
130 1.266048
131 1.263083
132 1.260179
133 1.257333
134 1.254541
135 1.251798
136 1.249100
137 1.246442
138 1.243818
139 1.241225
140 1.238655
141 1.236102
142 1.233561
143 1.231026
144 1.228490
145 1.225946
146 1.223389
147 1.220812
148 1.218210
149 1.215575
150 1.212903
151 1.210188
152 1.207425
153 1.204609
154 1.201737
155 1.198804
156 1.195807
157 1.192744
158 1.189614
159 1.186414
160 1.183144
161 1.179805
162 1.176398
163 1.172924
164 1.169386
165 1.165787
166 1.162131
167 1.158424
168 1.154670
169 1.150875
170 1.147046
171 1.143191
172 1.139316
173 1.135431
174 1.131542
175 1.127659
176 1.123790
177 1.119944
178 1.116130
179 1.112358
180 1.108634
181 1.104968
182 1.101369
183 1.097843
184 1.094398
185 1.091042
186 1.087780
187 1.084619
188 1.081565
189 1.078622
190 1.075795
191 1.073087
192 1.070502
193 1.068043
194 1.065712
195 1.063510
196 1.061440
197 1.059501
198 1.057695
199 1.056022
200 1.054482
201 1.053074
202 1.051798
203 1.050652
204 1.049636
205 1.048748
206 1.047988
207 1.047353
208 1.046841
209 1.046452
210 1.046183
211 1.046032
212 1.045997
213 1.046077
214 1.046269
215 1.046571
216 1.046981
217 1.047496
218 1.048115
219 1.048835
220 1.049654
221 1.050570
222 1.051580
223 1.052683
224 1.053875
225 1.055154
226 1.056519
227 1.057966
228 1.059493
229 1.061098
230 1.062779
231 1.064533
232 1.066357
233 1.068249
234 1.070207
235 1.072229
236 1.074311
237 1.076453
238 1.078650
239 1.080901
240 1.083204
241 1.085557
242 1.087956
243 1.090401
244 1.092889
245 1.095418
246 1.097986
247 1.100592
248 1.103235
249 1.105911
250 1.108622
251 1.111365
252 1.114140
253 1.116946
254 1.119782
255 1.122650
256 1.125549
257 1.128480
258 1.131444
259 1.134442
260 1.137476
261 1.140549
262 1.143663
263 1.146822
264 1.150029
265 1.153290
266 1.156609
267 1.159993
268 1.163448
269 1.166982
270 1.170604
271 1.174324
272 1.178153
273 1.182102
274 1.186187
275 1.190423
276 1.194827
277 1.199419
278 1.204222
279 1.209260
280 1.214562
281 1.220159
282 1.226089
283 1.232393
284 1.239121
285 1.246328
286 1.254084
287 1.262469
288 1.271585
289 1.281554
290 1.292535
291 1.304728
292 1.318399
293 1.333899
294 1.351684
295 1.372292
296 1.396240
297 1.423802
298 1.454729
299 1.488070
300 1.522252
301 1.555509
302 1.586534
303 1.614923
304 1.640810
305 1.664207
306 1.685011
307 1.703325
308 1.719476
309 1.733845
310 1.746763
311 1.758482
312 1.769192
313 1.779041
314 1.788143
315 1.796593
316 1.804470
317 1.811839
318 1.818757
319 1.825271
320 1.831422
321 1.837247
322 1.842774
323 1.848031
324 1.853040
325 1.857822
326 1.862393
327 1.866769
328 1.870962
329 1.874985
330 1.878847
331 1.882557
332 1.886122
333 1.889549
334 1.892844
335 1.896012
336 1.899056
337 1.901983
338 1.904794
339 1.907493
340 1.910084
341 1.912569
342 1.914951
343 1.917233
344 1.919417
345 1.921506
346 1.923502
347 1.925407
348 1.927223
349 1.928952
350 1.930595
351 1.932152
352 1.933624
353 1.935009
354 1.936306
355 1.937510
356 1.938617
357 1.939620
358 1.940509
359 1.941272
360 1.941897
361 1.942366
362 1.942661
363 1.942759
364 1.942638
365 1.942274
366 1.941643
367 1.940726
368 1.939505
369 1.937971
370 1.936122
371 1.933970
372 1.931538
373 1.928862
374 1.925990
375 1.922977
376 1.919881
377 1.916755
378 1.913644
379 1.910579
380 1.907575
381 1.904635
382 1.901752
383 1.898911
384 1.896094
385 1.893281
386 1.890453
387 1.887594
388 1.884690
389 1.881737
390 1.878741
391 1.875719
392 1.872699
393 1.869724
394 1.866839
395 1.864088
396 1.861500
397 1.859087
398 1.856842
399 1.854743
400 1.852758
401 1.850858
402 1.849016
403 1.847210
404 1.845427
405 1.843657
406 1.841894
407 1.840135
408 1.838378
409 1.836623
410 1.834867
411 1.833112
412 1.831356
413 1.829599
414 1.827839
415 1.826078
416 1.824313
417 1.822543
418 1.820768
419 1.818985
420 1.817193
421 1.815389
422 1.813569
423 1.811728
424 1.809862
425 1.807963
426 1.806022
427 1.804026
428 1.801961
429 1.799807
430 1.797535
431 1.795109
432 1.792475
433 1.789554
434 1.786222
435 1.782268
436 1.777297
437 1.770437
438 1.759348
439 1.735958
440 1.673583
441 1.591824
442 1.617482
443 1.607536
444 1.628461
445 1.640617
446 1.660082
447 1.696557
448 1.799048
449 1.827062
450 1.834878
451 1.838362
452 1.819432
453 1.767424
454 1.804747
455 1.751373
456 1.734143
457 1.655344
458 1.573228
459 1.573010
460 1.565321
461 1.574166
462 1.569436
463 1.582087
464 1.583849
465 1.595238
466 1.604945
467 1.615817
468 1.630173
469 1.665799
470 1.632677
471 1.439657
472 1.572887
473 1.582463
474 1.587986
475 1.594563
476 1.601007
477 1.609330
478 1.625607
479 1.612799
480 1.423518
481 1.570241
482 1.572373
483 1.574668
484 1.575889
485 1.576063
486 1.575104
487 1.572795
488 1.569067
489 1.564371
490 1.559339
491 1.554034
492 1.548253
493 1.541889
494 1.534900
495 1.527290
496 1.519043
497 1.510097
498 1.500383
499 1.489851
500 1.478494
501 1.466353
502 1.453496
503 1.439998
504 1.425936
505 1.411465
506 1.396982
507 1.383346
508 1.371939
509 1.364107
510 1.360062
511 1.358647
512 1.358494
513 1.358862
514 1.359479
515 1.360250
516 1.361138
517 1.362134
518 1.363240
519 1.364466
520 1.365821
521 1.367319
522 1.368969
523 1.370784
524 1.372771
525 1.374935
526 1.377277
527 1.379789
528 1.382458
529 1.385262
530 1.388174
531 1.391167
532 1.394216
533 1.397305
534 1.400427
535 1.403581
536 1.406778
537 1.410032
538 1.413371
539 1.416838
540 1.420511
541 1.424559
542 1.429445
543 1.437248
544 1.478616
545 1.540803
546 1.588172
547 1.501092
548 1.491301
549 1.483884
550 1.478598
551 1.475288
552 1.473926
553 1.476706
554 1.603791
555 1.641718
556 1.663999
557 1.536441
558 1.760519
559 1.690280
560 1.694626
561 1.785701
562 1.739554
563 1.853888
564 1.869589
565 1.832179
566 1.845043
567 1.850478
568 1.895676
569 1.890577
570 1.928831
571 1.946064
572 1.945705
573 1.958369
574 1.974455
575 2.015071
576 2.094949
577 2.139718
578 2.124916
579 2.131300
580 2.137808
581 2.141793
582 2.142048
583 2.139731
584 2.137174
585 2.134861
586 2.133610
587 2.133930
588 2.135313
589 2.136812
590 2.138460
591 2.140184
592 2.142043
593 2.143970
594 2.146030
595 2.148136
596 2.150379
597 2.152630
598 2.155059
599 2.157408
600 2.160104
601 2.162399
602 2.165853
603 2.167336
604 2.174426
605 2.172223
606 2.186631
607 2.180419
608 2.186808
609 2.189625
610 2.194938
611 2.200088
612 2.204656
613 2.207381
614 2.207623
615 2.206030
616 2.203577
617 2.200575
618 2.196712
619 2.190976
620 2.181272
621 2.170628
622 2.184234
623 2.167906
624 2.192839
625 2.169955
626 2.171563
627 2.165531
628 2.205109
629 2.157296
630 2.207226
631 2.148218
632 2.190200
633 2.168471
634 2.217677
635 2.157246
636 2.200208
637 2.173525
638 2.227605
639 2.177746
640 2.232442
641 2.187577
642 2.237423
643 2.193614
644 2.236919
645 2.198255
646 2.232598
647 2.200928
648 2.221474
649 2.198724
650 2.200555
651 2.196252
652 2.198312
653 2.201013
654 2.202015
655 2.205355
656 2.221784
657 2.211617
658 2.231676
659 2.216039
660 2.228370
661 2.218789
662 2.232222
663 2.224821
664 2.225405
665 2.228769
666 2.229720
667 2.231712
668 2.233123
669 2.234545
670 2.236207
671 2.229459
672 2.232012
673 2.235245
674 2.236772
675 2.237737
676 2.238520
677 2.239157
678 2.239456
679 2.238729
680 2.236536
681 2.237123
682 2.238297
683 2.238894
684 2.239172
685 2.239297
686 2.239348
687 2.239345
688 2.239288
689 2.239174
690 2.238999
691 2.238757
692 2.238443
693 2.238050
694 2.237573
695 2.237009
696 2.236356
697 2.235618
698 2.234807
699 2.233941
700 2.233050
701 2.232167
702 2.231321
703 2.230521
704 2.229754
705 2.228989
706 2.228199
707 2.227376
708 2.226530
709 2.225672
710 2.224804
711 2.223918
712 2.223006
713 2.222063
714 2.221086
715 2.220067
716 2.219000
717 2.217874
718 2.216679
719 2.215399
720 2.214012
721 2.212492
722 2.210799
723 2.208882
724 2.206672
725 2.204082
726 2.201014
727 2.197379
728 2.193148
729 2.188514
730 2.184331
731 2.182423
732 2.182856
733 2.182893
734 2.182264
735 2.181514
736 2.180864
737 2.180443
738 2.180583
739 2.182744
740 2.203432
741 1.800797
742 2.193932
743 2.200829
744 2.200752
745 2.197240
746 2.206162
747 2.077699
748 2.057885
749 2.010510
750 1.848955
751 1.904743
752 2.275152
753 2.265767
754 2.258394
755 2.253133
756 2.250838
757 2.248290
758 2.246309
759 2.248980
760 2.216327
761 2.172497
762 2.283500
763 2.260272
764 2.162973
765 2.283545
766 2.270811
767 2.114289
768 2.274260
769 2.274962
770 2.150763
771 2.276826
772 2.173610
773 2.275895
774 2.250409
775 2.200964
776 2.286679
777 2.192921
778 2.289300
779 2.183439
780 2.280904
781 2.172288
782 2.158417
783 2.050722
784 2.160642
785 2.054392
786 2.247613
787 2.268885
788 2.242648
789 2.242278
790 2.223575
791 2.216357
792 2.196613
793 2.163015
794 1.971056
795 2.245285
796 2.222463
797 2.197970
798 2.120637
799 2.076974
800 2.077038
801 2.280357
802 2.249518
803 2.218905
804 2.184052
805 1.986767
806 2.264246
807 2.230472
808 2.195689
809 2.031713
810 2.256715
811 2.222752
812 2.142801
813 1.987419
814 2.304663
815 2.272446
816 2.238764
817 2.177361
818 1.968068
819 2.326711
820 2.300982
821 2.269168
822 2.229277
823 2.104240
824 2.287822
825 2.247721
826 2.141500
827 2.017188
828 2.341580
829 2.319186
830 2.285552
831 2.213990
832 1.999962
833 2.353656
834 2.334371
835 2.300870
836 2.213772
837 2.021858
838 2.357979
839 2.335017
840 2.285426
841 2.167577
842 2.324488
843 2.224060
844 2.080966
845 2.350788
846 2.301435
847 2.178007
848 2.331772
849 2.206241
850 2.202924
851 2.206120
852 2.203337
853 2.364362
854 2.340308
855 2.233146
856 2.312600
857 2.213775
858 2.362796
859 2.321554
860 2.232628
861 2.241846
862 2.415453
863 2.373279
864 2.356205
865 2.317447
866 2.294180
867 2.406953
868 2.389948
869 2.393797
870 2.397975
871 2.403140
872 2.409318
873 2.416751
874 2.425099
875 2.433607
876 2.441975
877 2.450237
878 2.458283
879 2.465863
880 2.472778
881 2.478919
882 2.484209
883 2.488608
884 2.492138
885 2.494851
886 2.496802
887 2.498039
888 2.498587
889 2.498426
890 2.497518
891 2.495900
892 2.493678
893 2.490911
894 2.487582
895 2.483736
896 2.479659
897 2.475587
898 2.471344
899 2.466628
900 2.461273
901 2.455187
902 2.448301
903 2.440578
904 2.432054
905 2.422867
906 2.413191
907 2.402999
908 2.391517
909 2.376337
910 2.356633
911 2.346238
912 2.350891
913 2.335902
914 2.339782
915 2.330841
916 2.313572
917 2.267298
918 2.192020
919 2.253883
920 2.236316
921 2.298523
922 2.242330
923 2.280939
924 2.203295
925 2.227993
926 2.265609
927 2.219007
928 2.238074
929 2.262262
930 2.234506
931 2.244338
932 2.248615
933 2.242863
934 2.228139
935 2.190920
936 2.168322
937 2.219438
938 2.169344
939 2.210818
940 2.149775
941 2.192743
942 2.153093
943 2.191100
944 2.163921
945 2.194322
946 2.152230
947 2.189803
948 2.190840
949 2.191283
950 2.193901
951 2.186990
952 2.219812
953 2.167161
954 2.201917
955 2.177168
956 2.226828
957 2.193650
958 2.265310
959 2.226166
960 2.203382
961 2.256518
962 2.229272
963 2.213273
964 2.222481
965 2.231039
966 2.246323
967 2.266748
968 2.287170
969 2.293413
970 2.294262
971 2.298282
972 2.301677
973 2.306911
974 2.314196
975 2.324556
976 2.338821
977 2.367421
978 2.398016
979 2.359102
980 2.387506
981 2.372011
982 2.399475
983 2.379909
984 2.390242
985 2.382123
986 2.383799
987 2.383472
988 2.384961
989 2.388212
990 2.398217
991 2.414958
992 2.414121
993 2.419014
994 2.417410
995 2.424828
996 2.416836
997 2.438772
998 2.399427
999 2.469084
1000 2.394697
1001 2.473509
1002 2.392450
1003 2.474251
1004 2.389981
1005 2.476026
1006 2.390481
1007 2.469201
1008 2.404895
1009 2.480509
1010 2.401330
1011 2.479646
1012 2.404798
1013 2.480567
1014 2.404278
1015 2.481337
1016 2.405676
1017 2.481439
1018 2.410825
1019 2.480315
1020 2.424339
1021 2.477274
1022 2.453911
1023 2.425348
1024 2.483976
1025 2.429338
1026 2.481400
1027 2.458416
1028 2.428285
1029 2.486796
1030 2.444026
1031 2.478257
1032 2.492862
1033 2.393487
1034 2.397698
1035 2.495058
1036 2.396506
1037 2.494757
1038 2.496250
1039 2.394946
1040 2.522253
1041 2.396722
1042 2.445047
1043 2.523095
1044 2.398306
1045 2.524987
1046 2.394723
1047 2.506050
1048 2.509085
1049 2.440924
1050 2.524077
1051 2.389796
1052 2.489778
1053 2.510715
1054 2.396011
1055 2.408548
1056 2.517536
1057 2.503300
1058 2.587184
1059 3.081219
1060 1.600797
1061 1.645008
1062 1.685431
1063 1.841238
1064 2.457404
1065 2.516222
1066 2.405800
1067 2.400659
1068 2.393168
1069 2.397223
1070 2.403888
1071 2.411351
1072 2.413620
1073 2.435677
1074 2.413547
1075 2.395034
1076 2.421387
1077 2.511664
1078 2.538041
1079 2.395911
1080 2.408984
1081 2.546665
1082 2.528520
1083 2.539414
1084 2.435414
1085 2.408764
1086 2.557050
1087 2.530934
1088 2.559672
1089 2.521323
1090 2.567064
1091 2.501492
1092 4.012635
1093 1.696378
1094 1.590451
1095 1.695732
1096 1.740968
1097 2.918970
1098 1.801212
1099 2.572603
1100 1.789886
1101 3.629728
1102 2.572055
1103 1.848627
1104 2.481261
1105 3.080009
1106 2.811025
1107 2.734486
1108 2.785891
1109 2.754421
1110 2.659704
1111 2.800001
1112 2.541776
1113 2.563310
1114 2.534212
1115 2.426979
1116 2.725993
1117 2.407440
1118 2.480990
1119 2.575413
1120 2.463051
1121 1.705955
1122 2.231418
1123 2.510520
1124 2.169545
1125 2.767612
1126 2.431621
1127 2.224176
1128 2.564883
1129 1.703209
1130 2.889002
1131 1.686973
1132 2.968302
1133 1.832595
1134 2.524030
1135 4.507825
1136 2.486168
1137 3.424373
1138 2.706420
1139 2.880715
1140 1.790488
1141 2.603861
1142 1.846456
1143 2.535122
1144 3.264154
1145 2.313020
1146 4.080683
1147 2.108882
1148 2.653485
1149 2.308060
1150 3.241691
1151 3.222871
1152 3.587005
1153 3.251437
1154 3.007254
1155 3.080722
1156 3.216113
1157 3.179528
1158 3.241229
1159 3.259562
1160 3.267387
1161 3.272315
1162 3.274964
1163 3.275497
1164 3.274269
1165 3.271730
1166 3.268308
1167 3.264319
1168 3.259936
1169 3.255218
1170 3.250152
1171 3.244673
1172 3.238688
1173 3.232066
1174 3.224650
1175 3.216245
1176 3.206631
1177 3.195595
1178 3.183020
1179 3.169127
1180 3.154988
1181 3.143276
1182 3.137586
1183 3.137354
1184 3.137792
1185 3.137511
1186 3.136934
1187 3.136192
1188 3.135327
1189 3.134382
1190 3.133389
1191 3.132379
1192 3.131376
1193 3.130402
1194 3.129478
1195 3.128622
1196 3.127853
1197 3.127189
1198 3.126647
1199 3.126247
1200 3.126007
1201 3.125947
1202 3.126085
1203 3.126440
1204 3.127028
1205 3.127859
1206 3.128933
1207 3.130237
1208 3.131734
1209 3.133359
1210 3.135013
1211 3.136566
1212 3.137869
1213 3.138782
1214 3.139194
1215 3.139055
1216 3.138373
1217 3.137214
1218 3.135673
1219 3.133857
1220 3.131866
1221 3.129784
1222 3.127675
1223 3.125582
1224 3.123534
1225 3.121545
1226 3.119623
1227 3.117768
1228 3.115979
1229 3.114252
1230 3.112585
1231 3.110974
1232 3.109417
1233 3.107913
1234 3.106460
1235 3.105057
1236 3.103706
1237 3.102406
1238 3.101159
1239 3.099964
1240 3.098824
1241 3.097738
1242 3.096709
1243 3.095736
1244 3.094820
1245 3.093964
1246 3.093165
1247 3.092427
1248 3.091747
1249 3.091128
1250 3.090567
1251 3.090066
1252 3.089623
1253 3.089239
1254 3.088911
1255 3.088640
1256 3.088423
1257 3.088260
1258 3.088150
1259 3.088090
1260 3.088079
1261 3.088116
1262 3.088199
1263 3.088325
1264 3.088494
1265 3.088704
1266 3.088952
1267 3.089238
1268 3.089559
1269 3.089914
1270 3.090302
1271 3.090720
1272 3.091168
1273 3.091644
1274 3.092148
1275 3.092677
1276 3.093230
1277 3.093808
1278 3.094408
1279 3.095029
1280 3.095672
1281 3.096334
1282 3.097016
1283 3.097716
1284 3.098435
1285 3.099170
1286 3.099922
1287 3.100691
1288 3.101475
1289 3.102274
1290 3.103088
1291 3.103916
1292 3.104758
1293 3.105613
1294 3.106482
1295 3.107363
1296 3.108256
1297 3.109162
1298 3.110080
1299 3.111008
1300 3.111949
1301 3.112900
1302 3.113862
1303 3.114835
1304 3.115818
1305 3.116811
1306 3.117814
1307 3.118828
1308 3.119851
1309 3.120884
1310 3.121927
1311 3.122980
1312 3.124043
1313 3.125116
1314 3.126198
1315 3.127292
1316 3.128395
1317 3.129510
1318 3.130636
1319 3.131773
1320 3.132923
1321 3.134085
1322 3.135260
1323 3.136450
1324 3.137654
1325 3.138874
1326 3.140111
1327 3.141367
1328 3.142641
1329 3.143937
1330 3.145255
1331 3.146598
1332 3.147967
1333 3.149365
1334 3.150794
1335 3.152258
1336 3.153759
1337 3.155301
1338 3.156889
1339 3.158526
1340 3.160219
1341 3.161973
1342 3.163796
1343 3.165694
1344 3.167678
1345 3.169758
1346 3.171947
1347 3.174259
1348 3.176713
1349 3.179330
1350 3.182136
1351 3.185160
1352 3.188440
1353 3.192014
1354 3.195922
1355 3.200177
1356 3.204699
1357 3.209070
1358 3.211671
1359 3.206701
1360 3.178233
1361 3.120072
1362 3.078193
1363 3.045537
1364 3.020567
1365 3.000348
1366 2.983433
1367 2.968479
1368 2.954819
1369 2.941977
1370 2.929712
1371 2.917872
1372 2.906380
1373 2.895194
1374 2.884292
1375 2.873668
1376 2.863316
1377 2.853239
1378 2.843436
1379 2.833905
1380 2.824642
1381 2.815637
1382 2.806873
1383 2.798325
1384 2.789956
1385 2.781710
1386 2.773510
1387 2.765248
1388 2.756785
1389 2.747970
1390 2.738810
1391 2.730203
1392 2.724506
1393 2.721808
1394 2.719669
1395 2.717649
1396 2.715730
1397 2.713876
1398 2.712075
1399 2.710321
1400 2.708607
1401 2.706928
1402 2.705281
1403 2.703663
1404 2.702071
1405 2.700502
1406 2.698953
1407 2.697423
1408 2.695909
1409 2.694410
1410 2.692924
1411 2.691450
1412 2.689986
1413 2.688531
1414 2.687084
1415 2.685643
1416 2.684208
1417 2.682777
1418 2.681350
1419 2.679925
1420 2.678501
1421 2.677077
1422 2.675653
1423 2.674228
1424 2.672800
1425 2.671368
1426 2.669933
1427 2.668492
1428 2.667045
1429 2.665590
1430 2.664128
1431 2.662657
1432 2.661175
1433 2.659682
1434 2.658177
1435 2.656659
1436 2.655126
1437 2.653577
1438 2.652012
1439 2.650428
1440 2.648824
1441 2.647199
1442 2.645550
1443 2.643878
1444 2.642179
1445 2.640452
1446 2.638694
1447 2.636903
1448 2.635077
1449 2.633214
1450 2.631309
1451 2.629360
1452 2.627362
1453 2.625313
1454 2.623207
1455 2.621038
1456 2.618801
1457 2.616489
1458 2.614094
1459 2.611606
1460 2.609013
1461 2.606302
1462 2.603457
1463 2.600457
1464 2.597276
1465 2.593880
1466 2.590228
1467 2.586259
1468 2.581892
1469 2.577011
1470 2.571439
1471 2.564899
1472 2.556928
1473 2.546695
1474 2.532596
1475 2.511342
1476 2.477199
1477 2.430202
1478 2.388492
1479 2.357557
1480 2.332151
1481 2.310398
1482 2.290804
1483 2.272487
1484 2.254930
1485 2.237870
1486 2.221210
1487 2.204960
1488 2.189199
1489 2.174041
1490 2.159611
1491 2.146022
1492 2.133360
1493 2.121674
1494 2.110979
1495 2.101259
1496 2.092481
1497 2.084595
1498 2.077548
1499 2.071282
1500 2.065742
1501 2.060871
1502 2.056616
1503 2.052925
1504 2.049749
1505 2.047039
1506 2.044751
1507 2.042840
1508 2.041265
1509 2.039986
1510 2.038966
1511 2.038172
1512 2.037572
1513 2.037136
1514 2.036838
1515 2.036655
1516 2.036566
1517 2.036553
1518 2.036600
1519 2.036693
1520 2.036821
1521 2.036975
1522 2.037146
1523 2.037328
1524 2.037516
1525 2.037705
1526 2.037891
1527 2.038073
1528 2.038247
1529 2.038413
1530 2.038570
1531 2.038716
1532 2.038852
1533 2.038977
1534 2.039090
1535 2.039192
1536 2.039283
1537 2.039364
1538 2.039434
1539 2.039493
1540 2.039543
1541 2.039583
1542 2.039614
1543 2.039636
1544 2.039649
1545 2.039654
1546 2.039651
1547 2.039641
1548 2.039624
1549 2.039599
1550 2.039568
1551 2.039530
1552 2.039486
1553 2.039436
1554 2.039380
1555 2.039319
1556 2.039252
1557 2.039180
1558 2.039102
1559 2.039020
1560 2.038933
1561 2.038841
1562 2.038745
1563 2.038644
1564 2.038539
1565 2.038430
1566 2.038317
1567 2.038199
1568 2.038078
1569 2.037953
1570 2.037824
1571 2.037691
1572 2.037554
1573 2.037414
1574 2.037271
1575 2.037124
1576 2.036974
1577 2.036820
1578 2.036663
1579 2.036503
1580 2.036341
1581 2.036175
1582 2.036006
1583 2.035834
1584 2.035659
1585 2.035482
1586 2.035302
1587 2.035119
1588 2.034934
1589 2.034747
1590 2.034557
1591 2.034364
1592 2.034170
1593 2.033973
1594 2.033774
1595 2.033574
1596 2.033371
1597 2.033166
1598 2.032960
1599 2.032752
1600 2.032542
1601 2.032330
1602 2.032117
1603 2.031903
1604 2.031687
1605 2.031470
1606 2.031252
1607 2.031033
1608 2.030812
1609 2.030591
1610 2.030369
1611 2.030146
1612 2.029922
1613 2.029697
1614 2.029472
1615 2.029247
1616 2.029021
1617 2.028794
1618 2.028568
1619 2.028341
1620 2.028114
1621 2.027887
1622 2.027659
1623 2.027432
1624 2.027206
1625 2.026979
1626 2.026753
1627 2.026527
1628 2.026301
1629 2.026076
1630 2.025852
1631 2.025628
1632 2.025405
1633 2.025183
1634 2.024962
1635 2.024742
1636 2.024523
1637 2.024305
1638 2.024089
1639 2.023873
1640 2.023659
1641 2.023447
1642 2.023236
1643 2.023027
1644 2.022819
1645 2.022613
1646 2.022409
1647 2.022207
1648 2.022007
1649 2.021809
1650 2.021613
1651 2.021420
1652 2.021229
1653 2.021040
1654 2.020854
1655 2.020670
1656 2.020490
1657 2.020312
1658 2.020137
1659 2.019964
1660 2.019795
1661 2.019630
1662 2.019467
1663 2.019308
1664 2.019152
1665 2.019000
1666 2.018852
1667 2.018707
1668 2.018566
1669 2.018430
1670 2.018297
1671 2.018169
1672 2.018045
1673 2.017925
1674 2.017811
1675 2.017700
1676 2.017595
1677 2.017495
1678 2.017400
1679 2.017310
1680 2.017226
1681 2.017147
1682 2.017074
1683 2.017007
1684 2.016946
1685 2.016891
1686 2.016843
1687 2.016801
1688 2.016766
1689 2.016738
1690 2.016717
1691 2.016703
1692 2.016697
1693 2.016699
1694 2.016709
1695 2.016726
1696 2.016753
1697 2.016788
1698 2.016831
1699 2.016884
1700 2.016947
1701 2.017019
1702 2.017101
1703 2.017194
1704 2.017297
1705 2.017411
1706 2.017537
1707 2.017674
1708 2.017823
1709 2.017984
1710 2.018159
1711 2.018346
1712 2.018547
1713 2.018762
1714 2.018992
1715 2.019237
1716 2.019497
1717 2.019773
1718 2.020066
1719 2.020376
1720 2.020703
1721 2.021049
1722 2.021414
1723 2.021799
1724 2.022204
1725 2.022631
1726 2.023079
1727 2.023551
1728 2.024045
1729 2.024565
1730 2.025110
1731 2.025682
1732 2.026281
1733 2.026909
1734 2.027567
1735 2.028256
1736 2.028978
1737 2.029733
1738 2.030523
1739 2.031351
1740 2.032217
1741 2.033122
1742 2.034070
1743 2.035061
1744 2.036099
1745 2.037184
1746 2.038318
1747 2.039506
1748 2.040748
1749 2.042047
1750 2.043407
1751 2.044829
1752 2.046318
1753 2.047875
1754 2.049506
1755 2.051212
1756 2.052998
1757 2.054867
1758 2.056825
1759 2.058874
1760 2.061019
1761 2.063265
1762 2.065617
1763 2.068079
1764 2.070656
1765 2.073354
1766 2.076178
1767 2.079133
1768 2.082225
1769 2.085459
1770 2.088841
1771 2.092376
1772 2.096070
1773 2.099927
1774 2.103954
1775 2.108155
1776 2.112535
1777 2.117098
1778 2.121850
1779 2.126793
1780 2.131931
1781 2.137266
1782 2.142802
1783 2.148539
1784 2.154479
1785 2.160619
1786 2.166959
1787 2.173495
1788 2.180221
1789 2.187127
1790 2.194204
1791 2.201435
1792 2.208802
1793 2.216282
1794 2.223846
1795 2.231463
1796 2.239098
1797 2.246715
1798 2.254276
1799 2.261745
1800 2.269092
1801 2.276289
1802 2.283314
1803 2.290154
1804 2.296798
1805 2.303241
1806 2.309481
1807 2.315517
1808 2.321353
1809 2.326991
1810 2.332434
1811 2.337687
1812 2.342753
1813 2.347637
1814 2.352343
1815 2.356876
1816 2.361241
1817 2.365442
1818 2.369486
1819 2.373376
1820 2.377119
1821 2.380719
1822 2.384182
1823 2.387513
1824 2.390716
1825 2.393796
1826 2.396757
1827 2.399603
1828 2.402339
1829 2.404966
1830 2.407490
1831 2.409913
1832 2.412238
1833 2.414467
1834 2.416604
1835 2.418651
1836 2.420610
1837 2.422485
1838 2.424277
1839 2.425988
1840 2.427622
1841 2.429180
1842 2.430665
1843 2.432079
1844 2.433424
1845 2.434703
1846 2.435917
1847 2.437070
1848 2.438162
1849 2.439196
1850 2.440175
1851 2.441100
1852 2.441973
1853 2.442797
1854 2.443573
1855 2.444302
1856 2.444988
1857 2.445631
1858 2.446233
1859 2.446797
1860 2.447322
1861 2.447812
1862 2.448267
1863 2.448689
1864 2.449080
1865 2.449440
1866 2.449771
1867 2.450074
1868 2.450350
1869 2.450600
1870 2.450826
1871 2.451029
1872 2.451209
1873 2.451368
1874 2.451505
1875 2.451623
1876 2.451723
1877 2.451804
1878 2.451867
1879 2.451914
1880 2.451946
1881 2.451962
1882 2.451963
1883 2.451950
1884 2.451924
1885 2.451886
1886 2.451835
1887 2.451772
1888 2.451698
1889 2.451613
1890 2.451519
1891 2.451414
1892 2.451300
1893 2.451177
1894 2.451045
1895 2.450905
1896 2.450758
1897 2.450603
1898 2.450441
1899 2.450272
1900 2.450096
1901 2.449914
1902 2.449727
1903 2.449533
1904 2.449335
1905 2.449131
1906 2.448922
1907 2.448709
1908 2.448491
1909 2.448269
1910 2.448043
1911 2.447813
1912 2.447579
1913 2.447343
1914 2.447103
1915 2.446859
1916 2.446613
1917 2.446365
1918 2.446113
1919 2.445860
1920 2.445603
1921 2.445345
1922 2.445085
1923 2.444823
1924 2.444559
1925 2.444294
1926 2.444026
1927 2.443758
1928 2.443488
1929 2.443217
1930 2.442945
1931 2.442672
1932 2.442398
1933 2.442123
1934 2.441847
1935 2.441571
1936 2.441294
1937 2.441016
1938 2.440738
1939 2.440460
1940 2.440181
1941 2.439903
1942 2.439623
1943 2.439344
1944 2.439065
1945 2.438786
1946 2.438507
1947 2.438227
1948 2.437948
1949 2.437670
1950 2.437391
1951 2.437113
1952 2.436835
1953 2.436557
1954 2.436280
1955 2.436003
1956 2.435727
1957 2.435451
1958 2.435176
1959 2.434902
1960 2.434628
1961 2.434354
1962 2.434082
1963 2.433810
1964 2.433538
1965 2.433268
1966 2.432998
1967 2.432729
1968 2.432461
1969 2.432194
1970 2.431927
1971 2.431662
1972 2.431397
1973 2.431133
1974 2.430870
1975 2.430608
1976 2.430347
1977 2.430087
1978 2.429828
1979 2.429570
1980 2.429313
1981 2.429057
1982 2.428802
1983 2.428548
1984 2.428295
1985 2.428043
1986 2.427793
1987 2.427543
1988 2.427294
1989 2.427047
1990 2.426800
1991 2.426555
1992 2.426311
1993 2.426068
1994 2.425826
1995 2.425585
1996 2.425345
1997 2.425107
1998 2.424869
1999 2.424633
2000 2.424398
2001 2.424163
2002 2.423931
2003 2.423699
2004 2.423468
2005 2.423239
2006 2.423010
2007 2.422783
2008 2.422557
2009 2.422332
2010 2.422108
2011 2.421886
2012 2.421664
2013 2.421444
2014 2.421225
2015 2.421007
2016 2.420790
2017 2.420574
2018 2.420360
2019 2.420146
2020 2.419934
2021 2.419723
2022 2.419513
2023 2.419304
2024 2.419096
2025 2.418889
2026 2.418684
2027 2.418479
2028 2.418276
2029 2.418074
2030 2.417873
2031 2.417673
2032 2.417474
2033 2.417276
2034 2.417079
2035 2.416883
2036 2.416689
2037 2.416495
2038 2.416303
2039 2.416112
2040 2.415921
2041 2.415732
2042 2.415544
2043 2.415357
2044 2.415171
2045 2.414986
2046 2.414802
2047 2.414619
2048 2.414437
2049 2.414256
2050 2.414077
2051 2.413898
2052 2.413720
2053 2.413543
2054 2.413367
2055 2.413192
2056 2.413019
2057 2.412846
2058 2.412674
2059 2.412503
2060 2.412333
2061 2.412164
2062 2.411996
2063 2.411829
2064 2.411663
2065 2.411498
2066 2.411334
2067 2.411170
2068 2.411008
2069 2.410847
2070 2.410686
2071 2.410527
2072 2.410368
2073 2.410210
2074 2.410053
2075 2.409897
2076 2.409742
2077 2.409588
2078 2.409434
2079 2.409282
2080 2.409130
2081 2.408979
2082 2.408830
2083 2.408680
2084 2.408532
2085 2.408385
2086 2.408238
2087 2.408092
2088 2.407948
2089 2.407803
2090 2.407660
2091 2.407518
2092 2.407376
2093 2.407235
2094 2.407095
2095 2.406955
2096 2.406817
2097 2.406679
2098 2.406542
2099 2.406406
2100 2.406270
2101 2.406135
2102 2.406001
2103 2.405868
2104 2.405736
2105 2.405604
2106 2.405473
2107 2.405342
2108 2.405213
2109 2.405084
2110 2.404955
2111 2.404828
2112 2.404701
2113 2.404575
2114 2.404449
2115 2.404325
2116 2.404200
2117 2.404077
2118 2.403954
2119 2.403832
2120 2.403710
2121 2.403590
2122 2.403469
2123 2.403350
2124 2.403231
2125 2.403113
2126 2.402995
2127 2.402878
2128 2.402761
2129 2.402645
2130 2.402530
2131 2.402416
2132 2.402302
2133 2.402188
2134 2.402075
2135 2.401963
2136 2.401851
2137 2.401740
2138 2.401629
2139 2.401519
2140 2.401410
2141 2.401301
2142 2.401193
2143 2.401085
2144 2.400978
2145 2.400871
2146 2.400765
2147 2.400659
2148 2.400554
2149 2.400449
2150 2.400345
2151 2.400241
2152 2.400138
2153 2.400036
2154 2.399933
2155 2.399832
2156 2.399731
2157 2.399630
2158 2.399530
2159 2.399430
2160 2.399331
2161 2.399232
2162 2.399134
2163 2.399036
2164 2.398938
2165 2.398841
2166 2.398745
2167 2.398649
2168 2.398553
2169 2.398458
2170 2.398363
2171 2.398269
2172 2.398175
2173 2.398081
2174 2.397988
2175 2.397895
2176 2.397803
2177 2.397711
2178 2.397620
2179 2.397528
2180 2.397438
2181 2.397347
2182 2.397257
2183 2.397168
2184 2.397079
2185 2.396990
2186 2.396901
2187 2.396813
2188 2.396725
2189 2.396638
2190 2.396551
2191 2.396464
2192 2.396378
2193 2.396292
2194 2.396206
2195 2.396120
2196 2.396035
2197 2.395951
2198 2.395866
2199 2.395782
2200 2.395698
2201 2.395615
2202 2.395532
2203 2.395449
2204 2.395366
2205 2.395284
2206 2.395202
2207 2.395120
2208 2.395039
2209 2.394958
2210 2.394877
2211 2.394797
2212 2.394716
2213 2.394636
2214 2.394557
2215 2.394477
2216 2.394398
2217 2.394319
2218 2.394240
2219 2.394162
2220 2.394084
2221 2.394006
2222 2.393928
2223 2.393850
2224 2.393773
2225 2.393696
2226 2.393619
2227 2.393543
2228 2.393466
2229 2.393390
2230 2.393314
2231 2.393239
2232 2.393163
2233 2.393088
2234 2.393013
2235 2.392938
2236 2.392863
2237 2.392789
2238 2.392714
2239 2.392640
2240 2.392566
2241 2.392492
2242 2.392419
2243 2.392345
2244 2.392272
2245 2.392199
2246 2.392126
2247 2.392054
2248 2.391981
2249 2.391909
2250 2.391836
2251 2.391764
2252 2.391692
2253 2.391620
2254 2.391549
2255 2.391477
2256 2.391406
2257 2.391335
2258 2.391264
2259 2.391193
2260 2.391122
2261 2.391051
2262 2.390981
2263 2.390910
2264 2.390840
2265 2.390769
2266 2.390699
2267 2.390629
2268 2.390559
2269 2.390490
2270 2.390420
2271 2.390350
2272 2.390281
2273 2.390211
2274 2.390142
2275 2.390073
2276 2.390004
2277 2.389935
2278 2.389866
2279 2.389797
2280 2.389728
2281 2.389659
2282 2.389591
2283 2.389522
2284 2.389454
2285 2.389385
2286 2.389317
2287 2.389249
2288 2.389180
2289 2.389112
2290 2.389044
2291 2.388976
2292 2.388908
2293 2.388840
2294 2.388772
2295 2.388704
2296 2.388636
2297 2.388568
2298 2.388500
2299 2.388433
2300 2.388365
2301 2.388297
2302 2.388229
2303 2.388162
2304 2.388094
2305 2.388027
2306 2.387959
2307 2.387891
2308 2.387824
2309 2.387756
2310 2.387689
2311 2.387621
2312 2.387554
2313 2.387486
2314 2.387419
2315 2.387351
2316 2.387283
2317 2.387216
2318 2.387148
2319 2.387081
2320 2.387013
2321 2.386946
2322 2.386878
2323 2.386810
2324 2.386743
2325 2.386675
2326 2.386607
2327 2.386540
2328 2.386472
2329 2.386404
2330 2.386337
2331 2.386269
2332 2.386201
2333 2.386133
2334 2.386065
2335 2.385997
2336 2.385929
2337 2.385861
2338 2.385793
2339 2.385725
2340 2.385657
2341 2.385588
2342 2.385520
2343 2.385452
2344 2.385383
2345 2.385315
2346 2.385246
2347 2.385178
2348 2.385109
2349 2.385040
2350 2.384971
2351 2.384902
2352 2.384834
2353 2.384765
2354 2.384695
2355 2.384626
2356 2.384557
2357 2.384488
2358 2.384418
2359 2.384349
2360 2.384279
2361 2.384210
2362 2.384140
2363 2.384070
2364 2.384000
2365 2.383930
2366 2.383860
2367 2.383790
2368 2.383719
2369 2.383649
2370 2.383579
2371 2.383508
2372 2.383437
2373 2.383366
2374 2.383295
2375 2.383224
2376 2.383153
2377 2.383082
2378 2.383011
2379 2.382939
2380 2.382868
2381 2.382796
2382 2.382724
2383 2.382652
2384 2.382580
2385 2.382508
2386 2.382435
2387 2.382363
2388 2.382290
2389 2.382218
2390 2.382145
2391 2.382072
2392 2.381999
2393 2.381925
2394 2.381852
2395 2.381779
2396 2.381705
2397 2.381631
2398 2.381557
2399 2.381483
2400 2.381409
2401 2.381334
2402 2.381260
2403 2.381185
2404 2.381110
2405 2.381036
2406 2.380960
2407 2.380885
2408 2.380810
2409 2.380734
2410 2.380658
2411 2.380583
2412 2.380506
2413 2.380430
2414 2.380354
2415 2.380277
2416 2.380201
2417 2.380124
2418 2.380047
2419 2.379969
2420 2.379892
2421 2.379815
2422 2.379737
2423 2.379659
2424 2.379581
2425 2.379503
2426 2.379424
2427 2.379346
2428 2.379267
2429 2.379188
2430 2.379109
2431 2.379030
2432 2.378950
2433 2.378870
2434 2.378791
2435 2.378711
2436 2.378630
2437 2.378550
2438 2.378469
2439 2.378389
2440 2.378308
2441 2.378226
2442 2.378145
2443 2.378063
2444 2.377982
2445 2.377900
2446 2.377818
2447 2.377735
2448 2.377653
2449 2.377570
2450 2.377487
2451 2.377404
2452 2.377321
2453 2.377237
2454 2.377153
2455 2.377069
2456 2.376985
2457 2.376901
2458 2.376816
2459 2.376732
2460 2.376647
2461 2.376561
2462 2.376476
2463 2.376390
2464 2.376305
2465 2.376219
2466 2.376132
2467 2.376046
2468 2.375959
2469 2.375872
2470 2.375785
2471 2.375698
2472 2.375611
2473 2.375523
2474 2.375435
2475 2.375347
2476 2.375258
2477 2.375170
2478 2.375081
2479 2.374992
2480 2.374902
2481 2.374813
2482 2.374723
2483 2.374633
2484 2.374543
2485 2.374453
2486 2.374362
2487 2.374271
2488 2.374180
2489 2.374089
2490 2.373997
2491 2.373905
2492 2.373813
2493 2.373721
2494 2.373629
2495 2.373536
2496 2.373443
2497 2.373350
2498 2.373257
2499 2.373163
2500 2.373069
2501 2.372975
2502 2.372881
2503 2.372786
2504 2.372691
2505 2.372596
2506 2.372501
2507 2.372405
2508 2.372310
2509 2.372214
2510 2.372118
2511 2.372021
2512 2.371924
2513 2.371827
2514 2.371730
2515 2.371633
2516 2.371535
2517 2.371437
2518 2.371339
2519 2.371241
2520 2.371142
2521 2.371043
2522 2.370944
2523 2.370845
2524 2.370745
2525 2.370645
2526 2.370545
2527 2.370445
2528 2.370345
2529 2.370244
2530 2.370143
2531 2.370041
2532 2.369940
2533 2.369838
2534 2.369736
2535 2.369634
2536 2.369531
2537 2.369428
2538 2.369325
2539 2.369222
2540 2.369119
2541 2.369015
2542 2.368911
2543 2.368807
2544 2.368702
2545 2.368597
2546 2.368492
2547 2.368387
2548 2.368282
2549 2.368176
2550 2.368070
2551 2.367964
2552 2.367857
2553 2.367751
2554 2.367644
2555 2.367536
2556 2.367429
2557 2.367321
2558 2.367213
2559 2.367105
2560 2.366997
2561 2.366888
2562 2.366779
2563 2.366670
2564 2.366560
2565 2.366451
2566 2.366341
2567 2.366230
2568 2.366120
2569 2.366009
2570 2.365898
2571 2.365787
2572 2.365676
2573 2.365564
2574 2.365452
2575 2.365340
2576 2.365227
2577 2.365115
2578 2.365002
2579 2.364888
2580 2.364775
2581 2.364661
2582 2.364547
2583 2.364433
2584 2.364319
2585 2.364204
2586 2.364089
2587 2.363974
2588 2.363859
2589 2.363743
2590 2.363627
2591 2.363511
2592 2.363394
2593 2.363278
2594 2.363161
2595 2.363044
2596 2.362926
2597 2.362809
2598 2.362691
2599 2.362573
2600 2.362454
2601 2.362336
2602 2.362217
2603 2.362098
2604 2.361978
2605 2.361859
2606 2.361739
2607 2.361619
2608 2.361498
2609 2.361378
2610 2.361257
2611 2.361136
2612 2.361015
2613 2.360893
2614 2.360771
2615 2.360649
2616 2.360527
2617 2.360404
2618 2.360282
2619 2.360159
2620 2.360035
2621 2.359912
2622 2.359788
2623 2.359664
2624 2.359540
2625 2.359416
2626 2.359291
2627 2.359166
2628 2.359041
2629 2.358915
2630 2.358790
2631 2.358664
2632 2.358538
2633 2.358411
2634 2.358285
2635 2.358158
2636 2.358031
2637 2.357904
2638 2.357776
2639 2.357648
2640 2.357520
2641 2.357392
2642 2.357264
2643 2.357135
2644 2.357006
2645 2.356877
2646 2.356747
2647 2.356618
2648 2.356488
2649 2.356358
2650 2.356227
2651 2.356097
2652 2.355966
2653 2.355835
2654 2.355704
2655 2.355572
2656 2.355440
2657 2.355309
2658 2.355176
2659 2.355044
2660 2.354911
2661 2.354778
2662 2.354645
2663 2.354512
2664 2.354378
2665 2.354245
2666 2.354111
2667 2.353976
2668 2.353842
2669 2.353707
2670 2.353572
2671 2.353437
2672 2.353302
2673 2.353166
2674 2.353031
2675 2.352895
2676 2.352758
2677 2.352622
2678 2.352485
2679 2.352348
2680 2.352211
2681 2.352074
2682 2.351936
2683 2.351799
2684 2.351661
2685 2.351522
2686 2.351384
2687 2.351245
2688 2.351106
2689 2.350967
2690 2.350828
2691 2.350689
2692 2.350549
2693 2.350409
2694 2.350269
2695 2.350128
2696 2.349988
2697 2.349847
2698 2.349706
2699 2.349565
2700 2.349423
2701 2.349282
2702 2.349140
2703 2.348998
2704 2.348856
2705 2.348713
2706 2.348570
2707 2.348427
2708 2.348284
2709 2.348141
2710 2.347998
2711 2.347854
2712 2.347710
2713 2.347566
2714 2.347421
2715 2.347277
2716 2.347132
2717 2.346987
2718 2.346842
2719 2.346697
2720 2.346551
2721 2.346405
2722 2.346259
2723 2.346113
2724 2.345967
2725 2.345820
2726 2.345673
2727 2.345526
2728 2.345379
2729 2.345232
2730 2.345084
2731 2.344936
2732 2.344788
2733 2.344640
2734 2.344492
2735 2.344343
2736 2.344195
2737 2.344046
2738 2.343896
2739 2.343747
2740 2.343598
2741 2.343448
2742 2.343298
2743 2.343148
2744 2.342998
2745 2.342847
2746 2.342696
2747 2.342545
2748 2.342394
2749 2.342243
2750 2.342092
2751 2.341940
2752 2.341788
2753 2.341636
2754 2.341484
2755 2.341331
2756 2.341179
2757 2.341026
2758 2.340873
2759 2.340720
2760 2.340567
2761 2.340413
2762 2.340259
2763 2.340105
2764 2.339951
2765 2.339797
2766 2.339643
2767 2.339488
2768 2.339333
2769 2.339178
2770 2.339023
2771 2.338868
2772 2.338712
2773 2.338556
2774 2.338400
2775 2.338244
2776 2.338088
2777 2.337932
2778 2.337775
2779 2.337618
2780 2.337461
2781 2.337304
2782 2.337147
2783 2.336989
2784 2.336832
2785 2.336674
2786 2.336516
2787 2.336358
2788 2.336199
2789 2.336041
2790 2.335882
2791 2.335723
2792 2.335564
2793 2.335405
2794 2.335245
2795 2.335086
2796 2.334926
2797 2.334766
2798 2.334606
2799 2.334445
2800 2.334285
2801 2.334124
2802 2.333964
2803 2.333803
2804 2.333642
2805 2.333480
2806 2.333319
2807 2.333157
2808 2.332995
2809 2.332833
2810 2.332671
2811 2.332509
2812 2.332346
2813 2.332184
2814 2.332021
2815 2.331858
2816 2.331695
2817 2.331532
2818 2.331368
2819 2.331205
2820 2.331041
2821 2.330877
2822 2.330713
2823 2.330548
2824 2.330384
2825 2.330219
2826 2.330055
2827 2.329890
2828 2.329725
2829 2.329559
2830 2.329394
2831 2.329229
2832 2.329063
2833 2.328897
2834 2.328731
2835 2.328565
2836 2.328398
2837 2.328232
2838 2.328065
2839 2.327898
2840 2.327731
2841 2.327564
2842 2.327397
2843 2.327230
2844 2.327062
2845 2.326894
2846 2.326726
2847 2.326558
2848 2.326390
2849 2.326222
2850 2.326053
2851 2.325885
2852 2.325716
2853 2.325547
2854 2.325378
2855 2.325208
2856 2.325039
2857 2.324869
2858 2.324700
2859 2.324530
2860 2.324360
2861 2.324190
2862 2.324019
2863 2.323849
2864 2.323678
2865 2.323508
2866 2.323337
2867 2.323166
2868 2.322994
2869 2.322823
2870 2.322651
2871 2.322480
2872 2.322308
2873 2.322136
2874 2.321964
2875 2.321792
2876 2.321619
2877 2.321447
2878 2.321274
2879 2.321101
2880 2.320928
2881 2.320755
2882 2.320582
2883 2.320409
2884 2.320235
2885 2.320062
2886 2.319888
2887 2.319714
2888 2.319540
2889 2.319365
2890 2.319191
2891 2.319017
2892 2.318842
2893 2.318667
2894 2.318492
2895 2.318317
2896 2.318142
2897 2.317966
2898 2.317791
2899 2.317615
2900 2.317440
2901 2.317264
2902 2.317088
2903 2.316911
2904 2.316735
2905 2.316559
2906 2.316382
2907 2.316205
2908 2.316028
2909 2.315851
2910 2.315674
2911 2.315497
2912 2.315320
2913 2.315142
2914 2.314964
2915 2.314787
2916 2.314609
2917 2.314431
2918 2.314252
2919 2.314074
2920 2.313895
2921 2.313717
2922 2.313538
2923 2.313359
2924 2.313180
2925 2.313001
2926 2.312822
2927 2.312642
2928 2.312463
2929 2.312283
2930 2.312103
2931 2.311923
2932 2.311743
2933 2.311563
2934 2.311383
2935 2.311202
2936 2.311022
2937 2.310841
2938 2.310660
2939 2.310479
2940 2.310298
2941 2.310117
2942 2.309935
2943 2.309754
2944 2.309572
2945 2.309391
2946 2.309209
2947 2.309027
2948 2.308845
2949 2.308662
2950 2.308480
2951 2.308298
2952 2.308115
2953 2.307932
2954 2.307749
2955 2.307566
2956 2.307383
2957 2.307200
2958 2.307017
2959 2.306833
2960 2.306649
2961 2.306466
2962 2.306282
2963 2.306098
2964 2.305914
2965 2.305729
2966 2.305545
2967 2.305361
2968 2.305176
2969 2.304991
2970 2.304806
2971 2.304621
2972 2.304436
2973 2.304251
2974 2.304066
2975 2.303880
2976 2.303695
2977 2.303509
2978 2.303323
2979 2.303137
2980 2.302951
2981 2.302765
2982 2.302579
2983 2.302392
2984 2.302206
2985 2.302019
2986 2.301832
2987 2.301645
2988 2.301458
2989 2.301271
2990 2.301084
2991 2.300896
2992 2.300709
2993 2.300521
2994 2.300333
2995 2.300146
2996 2.299958
2997 2.299770
2998 2.299581
2999 2.299393
3000 2.299205
3001 2.299016
3002 2.298827
3003 2.298639
3004 2.298450
3005 2.298261
3006 2.298072
3007 2.297882
3008 2.297693
3009 2.297503
3010 2.297314
3011 2.297124
3012 2.296934
3013 2.296744
3014 2.296554
3015 2.296364
3016 2.296174
3017 2.295983
3018 2.295793
3019 2.295602
3020 2.295412
3021 2.295221
3022 2.295030
3023 2.294839
3024 2.294647
3025 2.294456
3026 2.294265
3027 2.294073
3028 2.293882
3029 2.293690
3030 2.293498
3031 2.293306
3032 2.293114
3033 2.292922
3034 2.292729
3035 2.292537
3036 2.292344
3037 2.292152
3038 2.291959
3039 2.291766
3040 2.291573
3041 2.291380
3042 2.291187
3043 2.290994
3044 2.290800
3045 2.290607
3046 2.290413
3047 2.290219
3048 2.290026
3049 2.289832
3050 2.289637
3051 2.289443
3052 2.289249
3053 2.289055
3054 2.288860
3055 2.288666
3056 2.288471
3057 2.288276
3058 2.288081
3059 2.287886
3060 2.287691
3061 2.287496
3062 2.287300
3063 2.287105
3064 2.286909
3065 2.286713
3066 2.286518
3067 2.286322
3068 2.286126
3069 2.285930
3070 2.285733
3071 2.285537
3072 2.285341
3073 2.285144
3074 2.284947
3075 2.284751
3076 2.284554
3077 2.284357
3078 2.284160
3079 2.283963
3080 2.283765
3081 2.283568
3082 2.283370
3083 2.283173
3084 2.282975
3085 2.282777
3086 2.282579
3087 2.282381
3088 2.282183
3089 2.281985
3090 2.281787
3091 2.281588
3092 2.281390
3093 2.281191
3094 2.280992
3095 2.280793
3096 2.280594
3097 2.280395
3098 2.280196
3099 2.279997
3100 2.279798
3101 2.279598
3102 2.279398
3103 2.279199
3104 2.278999
3105 2.278799
3106 2.278599
3107 2.278399
3108 2.278199
3109 2.277998
3110 2.277798
3111 2.277598
3112 2.277397
3113 2.277196
3114 2.276995
3115 2.276794
3116 2.276593
3117 2.276392
3118 2.276191
3119 2.275990
3120 2.275788
3121 2.275587
3122 2.275385
3123 2.275183
3124 2.274981
3125 2.274779
3126 2.274577
3127 2.274375
3128 2.274173
3129 2.273971
3130 2.273768
3131 2.273566
3132 2.273363
3133 2.273160
3134 2.272957
3135 2.272754
3136 2.272551
3137 2.272348
3138 2.272145
3139 2.271941
3140 2.271738
3141 2.271534
3142 2.271331
3143 2.271127
3144 2.270923
3145 2.270719
3146 2.270515
3147 2.270311
3148 2.270106
3149 2.269902
3150 2.269698
3151 2.269493
3152 2.269288
3153 2.269083
3154 2.268879
3155 2.268674
3156 2.268468
3157 2.268263
3158 2.268058
3159 2.267852
3160 2.267647
3161 2.267441
3162 2.267236
3163 2.267030
3164 2.266824
3165 2.266618
3166 2.266412
3167 2.266206
3168 2.265999
3169 2.265793
3170 2.265586
3171 2.265380
3172 2.265173
3173 2.264966
3174 2.264759
3175 2.264552
3176 2.264345
3177 2.264138
3178 2.263930
3179 2.263723
3180 2.263515
3181 2.263308
3182 2.263100
3183 2.262892
3184 2.262684
3185 2.262476
3186 2.262268
3187 2.262060
3188 2.261851
3189 2.261643
3190 2.261434
3191 2.261226
3192 2.261017
3193 2.260808
3194 2.260599
3195 2.260390
3196 2.260181
3197 2.259972
3198 2.259762
3199 2.259553
3200 2.259343
3201 2.259133
3202 2.258924
3203 2.258714
3204 2.258504
3205 2.258294
3206 2.258083
3207 2.257873
3208 2.257663
3209 2.257452
3210 2.257242
3211 2.257031
3212 2.256820
3213 2.256609
3214 2.256398
3215 2.256187
3216 2.255976
3217 2.255764
3218 2.255553
3219 2.255341
3220 2.255130
3221 2.254918
3222 2.254706
3223 2.254494
3224 2.254282
3225 2.254070
3226 2.253858
3227 2.253645
3228 2.253433
3229 2.253220
3230 2.253007
3231 2.252795
3232 2.252582
3233 2.252369
3234 2.252155
3235 2.251942
3236 2.251729
3237 2.251515
3238 2.251302
3239 2.251088
3240 2.250874
3241 2.250661
3242 2.250447
3243 2.250233
3244 2.250018
3245 2.249804
3246 2.249590
3247 2.249375
3248 2.249160
3249 2.248946
3250 2.248731
3251 2.248516
3252 2.248301
3253 2.248086
3254 2.247870
3255 2.247655
3256 2.247440
3257 2.247224
3258 2.247008
3259 2.246792
3260 2.246577
3261 2.246360
3262 2.246144
3263 2.245928
3264 2.245712
3265 2.245495
3266 2.245279
3267 2.245062
3268 2.244845
3269 2.244628
3270 2.244411
3271 2.244194
3272 2.243977
3273 2.243759
3274 2.243542
3275 2.243324
3276 2.243106
3277 2.242889
3278 2.242671
3279 2.242453
3280 2.242234
3281 2.242016
3282 2.241798
3283 2.241579
3284 2.241361
3285 2.241142
3286 2.240923
3287 2.240704
3288 2.240485
3289 2.240266
3290 2.240046
3291 2.239827
3292 2.239607
3293 2.239388
3294 2.239168
3295 2.238948
3296 2.238728
3297 2.238508
3298 2.238288
3299 2.238067
3300 2.237847
3301 2.237626
3302 2.237405
3303 2.237185
3304 2.236964
3305 2.236743
3306 2.236521
3307 2.236300
3308 2.236079
3309 2.235857
3310 2.235635
3311 2.235413
3312 2.235192
3313 2.234969
3314 2.234747
3315 2.234525
3316 2.234303
3317 2.234080
3318 2.233857
3319 2.233634
3320 2.233412
3321 2.233189
3322 2.232965
3323 2.232742
3324 2.232519
3325 2.232295
3326 2.232071
3327 2.231848
3328 2.231624
3329 2.231400
3330 2.231175
3331 2.230951
3332 2.230727
3333 2.230502
3334 2.230277
3335 2.230053
3336 2.229828
3337 2.229602
3338 2.229377
3339 2.229152
3340 2.228926
3341 2.228701
3342 2.228475
3343 2.228249
3344 2.228023
3345 2.227797
3346 2.227571
3347 2.227344
3348 2.227118
3349 2.226891
3350 2.226664
3351 2.226437
3352 2.226210
3353 2.225983
3354 2.225756
3355 2.225528
3356 2.225301
3357 2.225073
3358 2.224845
3359 2.224617
3360 2.224389
3361 2.224161
3362 2.223932
3363 2.223703
3364 2.223475
3365 2.223246
3366 2.223017
3367 2.222788
3368 2.222558
3369 2.222329
3370 2.222099
3371 2.221870
3372 2.221640
3373 2.221410
3374 2.221180
3375 2.220949
3376 2.220719
3377 2.220488
3378 2.220258
3379 2.220027
3380 2.219796
3381 2.219565
3382 2.219333
3383 2.219102
3384 2.218870
3385 2.218638
3386 2.218407
3387 2.218175
3388 2.217942
3389 2.217710
3390 2.217477
3391 2.217245
3392 2.217012
3393 2.216779
3394 2.216546
3395 2.216313
3396 2.216079
3397 2.215846
3398 2.215612
3399 2.215378
3400 2.215144
3401 2.214910
3402 2.214676
3403 2.214441
3404 2.214206
3405 2.213972
3406 2.213737
3407 2.213502
3408 2.213266
3409 2.213031
3410 2.212795
3411 2.212559
3412 2.212323
3413 2.212087
3414 2.211851
3415 2.211615
3416 2.211378
3417 2.211141
3418 2.210905
3419 2.210667
3420 2.210430
3421 2.210193
3422 2.209955
3423 2.209718
3424 2.209480
3425 2.209242
3426 2.209003
3427 2.208765
3428 2.208526
3429 2.208288
3430 2.208049
3431 2.207810
3432 2.207571
3433 2.207331
3434 2.207092
3435 2.206852
3436 2.206612
3437 2.206372
3438 2.206132
3439 2.205891
3440 2.205650
3441 2.205410
3442 2.205169
3443 2.204928
3444 2.204686
3445 2.204445
3446 2.204203
3447 2.203961
3448 2.203719
3449 2.203477
3450 2.203235
3451 2.202992
3452 2.202749
3453 2.202506
3454 2.202263
3455 2.202020
3456 2.201777
3457 2.201533
3458 2.201289
3459 2.201045
3460 2.200801
3461 2.200557
3462 2.200312
3463 2.200067
3464 2.199822
3465 2.199577
3466 2.199332
3467 2.199086
3468 2.198841
3469 2.198595
3470 2.198349
3471 2.198102
3472 2.197856
3473 2.197609
3474 2.197363
3475 2.197116
3476 2.196868
3477 2.196621
3478 2.196373
3479 2.196126
3480 2.195878
3481 2.195629
3482 2.195381
3483 2.195132
3484 2.194884
3485 2.194635
3486 2.194386
3487 2.194136
3488 2.193887
3489 2.193637
3490 2.193387
3491 2.193137
3492 2.192886
3493 2.192636
3494 2.192385
3495 2.192134
3496 2.191883
3497 2.191632
3498 2.191380
3499 2.191128
3500 2.190876
3501 2.190624
3502 2.190372
3503 2.190119
3504 2.189866
3505 2.189613
3506 2.189360
3507 2.189107
3508 2.188853
3509 2.188599
3510 2.188345
3511 2.188091
3512 2.187836
3513 2.187582
3514 2.187327
3515 2.187072
3516 2.186816
3517 2.186561
3518 2.186305
3519 2.186049
3520 2.185793
3521 2.185537
3522 2.185280
3523 2.185023
3524 2.184766
3525 2.184509
3526 2.184251
3527 2.183994
3528 2.183736
3529 2.183478
3530 2.183219
3531 2.182961
3532 2.182702
3533 2.182443
3534 2.182184
3535 2.181924
3536 2.181665
3537 2.181405
3538 2.181145
3539 2.180884
3540 2.180624
3541 2.180363
3542 2.180102
3543 2.179841
3544 2.179580
3545 2.179318
3546 2.179056
3547 2.178794
3548 2.178531
3549 2.178269
3550 2.178006
3551 2.177743
3552 2.177480
3553 2.177216
3554 2.176953
3555 2.176689
3556 2.176425
3557 2.176160
3558 2.175895
3559 2.175631
3560 2.175366
3561 2.175100
3562 2.174835
3563 2.174569
3564 2.174303
3565 2.174037
3566 2.173770
3567 2.173503
3568 2.173236
3569 2.172969
3570 2.172702
3571 2.172434
3572 2.172166
3573 2.171898
3574 2.171630
3575 2.171361
3576 2.171092
3577 2.170823
3578 2.170554
3579 2.170284
3580 2.170014
3581 2.169744
3582 2.169474
3583 2.169204
3584 2.168933
3585 2.168662
3586 2.168391
3587 2.168119
3588 2.167847
3589 2.167575
3590 2.167303
3591 2.167031
3592 2.166758
3593 2.166485
3594 2.166212
3595 2.165939
3596 2.165665
3597 2.165391
3598 2.165117
3599 2.164842
3600 2.164568
3601 2.164293
3602 2.164018
3603 2.163742
3604 2.163467
3605 2.163191
3606 2.162915
3607 2.162638
3608 2.162362
3609 2.162085
3610 2.161808
3611 2.161531
3612 2.161253
3613 2.160975
3614 2.160697
3615 2.160419
3616 2.160140
3617 2.159861
3618 2.159582
3619 2.159303
3620 2.159024
3621 2.158744
3622 2.158464
3623 2.158183
3624 2.157903
3625 2.157622
3626 2.157341
3627 2.157060
3628 2.156778
3629 2.156496
3630 2.156214
3631 2.155932
3632 2.155649
3633 2.155367
3634 2.155084
3635 2.154800
3636 2.154517
3637 2.154233
3638 2.153949
3639 2.153665
3640 2.153380
3641 2.153095
3642 2.152810
3643 2.152525
3644 2.152240
3645 2.151954
3646 2.151668
3647 2.151381
3648 2.151095
3649 2.150808
3650 2.150521
3651 2.150234
3652 2.149946
3653 2.149658
3654 2.149370
3655 2.149082
3656 2.148794
3657 2.148505
3658 2.148216
3659 2.147927
3660 2.147637
3661 2.147347
3662 2.147057
3663 2.146767
3664 2.146476
3665 2.146186
3666 2.145895
3667 2.145603
3668 2.145312
3669 2.145020
3670 2.144728
3671 2.144436
3672 2.144143
3673 2.143851
3674 2.143558
3675 2.143264
3676 2.142971
3677 2.142677
3678 2.142383
3679 2.142089
3680 2.141794
3681 2.141500
3682 2.141205
3683 2.140909
3684 2.140614
3685 2.140318
3686 2.140022
3687 2.139726
3688 2.139430
3689 2.139133
3690 2.138836
3691 2.138539
3692 2.138242
3693 2.137944
3694 2.137646
3695 2.137348
3696 2.137050
3697 2.136751
3698 2.136452
3699 2.136153
3700 2.135854
3701 2.135554
3702 2.135254
3703 2.134954
3704 2.134654
3705 2.134353
3706 2.134053
3707 2.133752
3708 2.133450
3709 2.133149
3710 2.132847
3711 2.132545
3712 2.132243
3713 2.131940
3714 2.131638
3715 2.131335
3716 2.131032
3717 2.130728
3718 2.130425
3719 2.130121
3720 2.129817
3721 2.129513
3722 2.129208
3723 2.128903
3724 2.128598
3725 2.128293
3726 2.127988
3727 2.127682
3728 2.127376
3729 2.127070
3730 2.126764
3731 2.126457
3732 2.126150
3733 2.125843
3734 2.125536
3735 2.125229
3736 2.124921
3737 2.124613
3738 2.124305
3739 2.123997
3740 2.123688
3741 2.123379
3742 2.123070
3743 2.122761
3744 2.122452
3745 2.122142
3746 2.121832
3747 2.121522
3748 2.121212
3749 2.120901
3750 2.120591
3751 2.120280
3752 2.119968
3753 2.119657
3754 2.119346
3755 2.119034
3756 2.118722
3757 2.118410
3758 2.118097
3759 2.117785
3760 2.117472
3761 2.117159
3762 2.116846
3763 2.116532
3764 2.116219
3765 2.115905
3766 2.115591
3767 2.115277
3768 2.114962
3769 2.114647
3770 2.114333
3771 2.114018
3772 2.113702
3773 2.113387
3774 2.113072
3775 2.112756
3776 2.112440
3777 2.112124
3778 2.111807
3779 2.111491
3780 2.111174
3781 2.110857
3782 2.110540
3783 2.110223
3784 2.109905
3785 2.109588
3786 2.109270
3787 2.108952
3788 2.108634
3789 2.108315
3790 2.107997
3791 2.107678
3792 2.107359
3793 2.107040
3794 2.106721
3795 2.106401
3796 2.106082
3797 2.105762
3798 2.105442
3799 2.105122
3800 2.104802
3801 2.104481
3802 2.104161
3803 2.103840
3804 2.103519
3805 2.103198
3806 2.102877
3807 2.102555
3808 2.102234
3809 2.101912
3810 2.101590
3811 2.101268
3812 2.100946
3813 2.100624
3814 2.100301
3815 2.099979
3816 2.099656
3817 2.099333
3818 2.099010
3819 2.098687
3820 2.098363
3821 2.098040
3822 2.097716
3823 2.097392
3824 2.097069
3825 2.096744
3826 2.096420
3827 2.096096
3828 2.095772
3829 2.095447
3830 2.095122
3831 2.094797
3832 2.094472
3833 2.094147
3834 2.093822
3835 2.093497
3836 2.093171
3837 2.092846
3838 2.092520
3839 2.092194
3840 2.091868
3841 2.091542
3842 2.091216
3843 2.090890
3844 2.090563
3845 2.090237
3846 2.089910
3847 2.089583
3848 2.089256
3849 2.088929
3850 2.088602
3851 2.088275
3852 2.087948
3853 2.087620
3854 2.087293
3855 2.086965
3856 2.086638
3857 2.086310
3858 2.085982
3859 2.085654
3860 2.085326
3861 2.084998
3862 2.084670
3863 2.084341
3864 2.084013
3865 2.083685
3866 2.083356
3867 2.083027
3868 2.082699
3869 2.082370
3870 2.082041
3871 2.081712
3872 2.081383
3873 2.081054
3874 2.080725
3875 2.080396
3876 2.080066
3877 2.079737
3878 2.079407
3879 2.079078
3880 2.078748
3881 2.078419
3882 2.078089
3883 2.077759
3884 2.077430
3885 2.077100
3886 2.076770
3887 2.076440
3888 2.076110
3889 2.075780
3890 2.075450
3891 2.075120
3892 2.074789
3893 2.074459
3894 2.074129
3895 2.073798
3896 2.073468
3897 2.073138
3898 2.072807
3899 2.072477
3900 2.072146
3901 2.071816
3902 2.071485
3903 2.071155
3904 2.070824
3905 2.070493
3906 2.070163
3907 2.069832
3908 2.069501
3909 2.069171
3910 2.068840
3911 2.068509
3912 2.068178
3913 2.067848
3914 2.067517
3915 2.067186
3916 2.066855
3917 2.066524
3918 2.066194
3919 2.065863
3920 2.065532
3921 2.065201
3922 2.064870
3923 2.064539
3924 2.064209
3925 2.063878
3926 2.063547
3927 2.063216
3928 2.062885
3929 2.062555
3930 2.062224
3931 2.061893
3932 2.061562
3933 2.061231
3934 2.060901
3935 2.060570
3936 2.060239
3937 2.059909
3938 2.059578
3939 2.059248
3940 2.058917
3941 2.058586
3942 2.058256
3943 2.057925
3944 2.057595
3945 2.057265
3946 2.056934
3947 2.056604
3948 2.056274
3949 2.055943
3950 2.055613
3951 2.055283
3952 2.054953
3953 2.054623
3954 2.054293
3955 2.053963
3956 2.053633
3957 2.053303
3958 2.052973
3959 2.052643
3960 2.052313
3961 2.051984
3962 2.051654
3963 2.051325
3964 2.050995
3965 2.050666
3966 2.050336
3967 2.050007
3968 2.049678
3969 2.049349
3970 2.049020
3971 2.048691
3972 2.048362
3973 2.048033
3974 2.047704
3975 2.047375
3976 2.047047
3977 2.046718
3978 2.046390
3979 2.046061
3980 2.045733
3981 2.045405
3982 2.045077
3983 2.044748
3984 2.044421
3985 2.044093
3986 2.043765
3987 2.043437
3988 2.043110
3989 2.042782
3990 2.042455
3991 2.042127
3992 2.041800
3993 2.041473
3994 2.041146
3995 2.040819
3996 2.040492
3997 2.040166
3998 2.039839
3999 2.039513
4000 2.039186
4001 2.038860
4002 2.038534
4003 2.038208
4004 2.037882
4005 2.037556
4006 2.037230
4007 2.036905
4008 2.036579
4009 2.036254
4010 2.035929
4011 2.035604
4012 2.035279
4013 2.034954
4014 2.034629
4015 2.034304
4016 2.033980
4017 2.033655
4018 2.033331
4019 2.033007
4020 2.032683
4021 2.032359
4022 2.032036
4023 2.031712
4024 2.031389
4025 2.031065
4026 2.030742
4027 2.030419
4028 2.030096
4029 2.029774
4030 2.029451
4031 2.029129
4032 2.028806
4033 2.028484
4034 2.028162
4035 2.027840
4036 2.027519
4037 2.027197
4038 2.026876
4039 2.026554
4040 2.026233
4041 2.025912
4042 2.025591
4043 2.025271
4044 2.024950
4045 2.024630
4046 2.024310
4047 2.023990
4048 2.023670
4049 2.023350
4050 2.023030
4051 2.022711
4052 2.022392
4053 2.022073
4054 2.021754
4055 2.021435
4056 2.021116
4057 2.020798
4058 2.020480
4059 2.020162
4060 2.019844
4061 2.019526
4062 2.019208
4063 2.018891
4064 2.018574
4065 2.018257
4066 2.017940
4067 2.017623
4068 2.017306
4069 2.016990
4070 2.016674
4071 2.016358
4072 2.016042
4073 2.015726
4074 2.015411
4075 2.015095
4076 2.014780
4077 2.014465
4078 2.014150
4079 2.013836
4080 2.013521
4081 2.013207
4082 2.012893
4083 2.012579
4084 2.012265
4085 2.011951
4086 2.011638
4087 2.011325
4088 2.011012
4089 2.010699
4090 2.010386
4091 2.010074
4092 2.009762
4093 2.009449
4094 2.009138
4095 2.008826
4096 2.008514
4097 2.008203
4098 2.007892
4099 2.007581
4100 2.007270
4101 2.006959
4102 2.006649
4103 2.006339
4104 2.006028
4105 2.005719
4106 2.005409
4107 2.005099
4108 2.004790
4109 2.004481
4110 2.004172
4111 2.003863
4112 2.003555
4113 2.003246
4114 2.002938
4115 2.002630
4116 2.002322
4117 2.002015
4118 2.001707
4119 2.001400
4120 2.001093
4121 2.000786
4122 2.000479
4123 2.000173
4124 1.999867
4125 1.999560
4126 1.999254
4127 1.998949
4128 1.998643
4129 1.998338
4130 1.998033
4131 1.997728
4132 1.997423
4133 1.997118
4134 1.996814
4135 1.996509
4136 1.996205
4137 1.995902
4138 1.995598
4139 1.995294
4140 1.994991
4141 1.994688
4142 1.994385
4143 1.994082
4144 1.993780
4145 1.993477
4146 1.993175
4147 1.992873
4148 1.992571
4149 1.992269
4150 1.991968
4151 1.991666
4152 1.991365
4153 1.991064
4154 1.990764
4155 1.990463
4156 1.990163
4157 1.989862
4158 1.989562
4159 1.989262
4160 1.988963
4161 1.988663
4162 1.988364
4163 1.988065
4164 1.987766
4165 1.987467
4166 1.987168
4167 1.986870
4168 1.986571
4169 1.986273
4170 1.985975
4171 1.985677
4172 1.985380
4173 1.985082
4174 1.984785
4175 1.984488
4176 1.984191
4177 1.983894
4178 1.983597
4179 1.983301
4180 1.983004
4181 1.982708
4182 1.982412
4183 1.982116
4184 1.981820
4185 1.981525
4186 1.981229
4187 1.980934
4188 1.980639
4189 1.980344
4190 1.980049
4191 1.979755
4192 1.979460
4193 1.979166
4194 1.978872
4195 1.978578
4196 1.978284
4197 1.977990
4198 1.977696
4199 1.977403
4200 1.977109
4201 1.976816
4202 1.976523
4203 1.976230
4204 1.975937
4205 1.975644
4206 1.975352
4207 1.975059
4208 1.974767
4209 1.974475
4210 1.974183
4211 1.973891
4212 1.973599
4213 1.973307
4214 1.973016
4215 1.972724
4216 1.972433
4217 1.972142
4218 1.971850
4219 1.971559
4220 1.971268
4221 1.970978
4222 1.970687
4223 1.970396
4224 1.970106
4225 1.969815
4226 1.969525
4227 1.969235
4228 1.968945
4229 1.968654
4230 1.968365
4231 1.968075
4232 1.967785
4233 1.967495
4234 1.967205
4235 1.966916
4236 1.966626
4237 1.966337
4238 1.966047
4239 1.965758
4240 1.965469
4241 1.965180
4242 1.964891
4243 1.964602
4244 1.964313
4245 1.964024
4246 1.963735
4247 1.963446
4248 1.963157
4249 1.962868
4250 1.962580
4251 1.962291
4252 1.962002
4253 1.961714
4254 1.961425
4255 1.961137
4256 1.960848
4257 1.960560
4258 1.960271
4259 1.959983
4260 1.959694
4261 1.959406
4262 1.959117
4263 1.958829
4264 1.958540
4265 1.958252
4266 1.957963
4267 1.957675
4268 1.957386
4269 1.957098
4270 1.956810
4271 1.956521
4272 1.956232
4273 1.955944
4274 1.955655
4275 1.955367
4276 1.955078
4277 1.954789
4278 1.954500
4279 1.954212
4280 1.953923
4281 1.953634
4282 1.953345
4283 1.953056
4284 1.952767
4285 1.952477
4286 1.952188
4287 1.951899
4288 1.951609
4289 1.951320
4290 1.951030
4291 1.950741
4292 1.950451
4293 1.950161
4294 1.949871
4295 1.949581
4296 1.949291
4297 1.949000
4298 1.948710
4299 1.948419
4300 1.948128
4301 1.947837
4302 1.947546
4303 1.947255
4304 1.946964
4305 1.946672
4306 1.946381
4307 1.946089
4308 1.945797
4309 1.945505
4310 1.945213
4311 1.944920
4312 1.944627
4313 1.944334
4314 1.944041
4315 1.943748
4316 1.943454
4317 1.943161
4318 1.942867
4319 1.942572
4320 1.942278
4321 1.941983
4322 1.941688
4323 1.941393
4324 1.941098
4325 1.940802
4326 1.940506
4327 1.940210
4328 1.939913
4329 1.939617
4330 1.939320
4331 1.939022
4332 1.938724
4333 1.938426
4334 1.938128
4335 1.937829
4336 1.937531
4337 1.937231
4338 1.936932
4339 1.936632
4340 1.936331
4341 1.936030
4342 1.935729
4343 1.935428
4344 1.935126
4345 1.934824
4346 1.934521
4347 1.934218
4348 1.933915
4349 1.933611
4350 1.933306
4351 1.933002
4352 1.932696
4353 1.932391
4354 1.932085
4355 1.931778
4356 1.931471
4357 1.931164
4358 1.930856
4359 1.930547
4360 1.930238
4361 1.929928
4362 1.929618
4363 1.929308
4364 1.928997
4365 1.928685
4366 1.928373
4367 1.928060
4368 1.927747
4369 1.927433
4370 1.927118
4371 1.926803
4372 1.926487
4373 1.926171
4374 1.925854
4375 1.925536
4376 1.925217
4377 1.924898
4378 1.924579
4379 1.924258
4380 1.923937
4381 1.923616
4382 1.923293
4383 1.922970
4384 1.922646
4385 1.922321
4386 1.921996
4387 1.921670
4388 1.921343
4389 1.921015
4390 1.920687
4391 1.920357
4392 1.920027
4393 1.919696
4394 1.919364
4395 1.919031
4396 1.918698
4397 1.918363
4398 1.918028
4399 1.917692
4400 1.917354
4401 1.917016
4402 1.916677
4403 1.916337
4404 1.915996
4405 1.915654
4406 1.915311
4407 1.914967
4408 1.914622
4409 1.914276
4410 1.913929
4411 1.913581
4412 1.913232
4413 1.912881
4414 1.912530
4415 1.912177
4416 1.911823
4417 1.911469
4418 1.911113
4419 1.910755
4420 1.910397
4421 1.910037
4422 1.909676
4423 1.909314
4424 1.908951
4425 1.908586
4426 1.908220
4427 1.907853
4428 1.907484
4429 1.907114
4430 1.906743
4431 1.906370
4432 1.905996
4433 1.905621
4434 1.905244
4435 1.904866
4436 1.904486
4437 1.904104
4438 1.903721
4439 1.903337
4440 1.902951
4441 1.902564
4442 1.902175
4443 1.901784
4444 1.901392
4445 1.900998
4446 1.900602
4447 1.900205
4448 1.899806
4449 1.899405
4450 1.899002
4451 1.898598
4452 1.898192
4453 1.897784
4454 1.897374
4455 1.896963
4456 1.896549
4457 1.896134
4458 1.895716
4459 1.895297
4460 1.894876
4461 1.894452
4462 1.894027
4463 1.893599
4464 1.893170
4465 1.892738
4466 1.892305
4467 1.891869
4468 1.891431
4469 1.890990
4470 1.890548
4471 1.890103
4472 1.889656
4473 1.889206
4474 1.888754
4475 1.888300
4476 1.887843
4477 1.887384
4478 1.886923
4479 1.886458
4480 1.885992
4481 1.885523
4482 1.885051
4483 1.884576
4484 1.884099
4485 1.883619
4486 1.883137
4487 1.882651
4488 1.882163
4489 1.881672
4490 1.881178
4491 1.880681
4492 1.880181
4493 1.879679
4494 1.879173
4495 1.878664
4496 1.878152
4497 1.877637
4498 1.877118
4499 1.876597
4500 1.876072
4501 1.875544
4502 1.875012
4503 1.874477
4504 1.873939
4505 1.873397
4506 1.872851
4507 1.872302
4508 1.871750
4509 1.871193
4510 1.870633
4511 1.870070
4512 1.869502
4513 1.868931
4514 1.868355
4515 1.867776
4516 1.867192
4517 1.866605
4518 1.866013
4519 1.865418
4520 1.864818
4521 1.864213
4522 1.863605
4523 1.862992
4524 1.862374
4525 1.861752
4526 1.861125
4527 1.860494
4528 1.859858
4529 1.859217
4530 1.858572
4531 1.857921
4532 1.857266
4533 1.856605
4534 1.855939
4535 1.855269
4536 1.854592
4537 1.853911
4538 1.853224
4539 1.852532
4540 1.851834
4541 1.851131
4542 1.850422
4543 1.849707
4544 1.848987
4545 1.848260
4546 1.847528
4547 1.846789
4548 1.846045
4549 1.845294
4550 1.844537
4551 1.843773
4552 1.843003
4553 1.842226
4554 1.841443
4555 1.840653
4556 1.839856
4557 1.839052
4558 1.838241
4559 1.837424
4560 1.836599
4561 1.835766
4562 1.834927
4563 1.834080
4564 1.833225
4565 1.832363
4566 1.831493
4567 1.830615
4568 1.829730
4569 1.828836
4570 1.827934
4571 1.827025
4572 1.826107
4573 1.825180
4574 1.824245
4575 1.823302
4576 1.822350
4577 1.821390
4578 1.820421
4579 1.819443
4580 1.818456
4581 1.817460
4582 1.816456
4583 1.815442
4584 1.814419
4585 1.813387
4586 1.812346
4587 1.811296
4588 1.810236
4589 1.809167
4590 1.808089
4591 1.807001
4592 1.805904
4593 1.804798
4594 1.803682
4595 1.802558
4596 1.801423
4597 1.800280
4598 1.799128
4599 1.797966
4600 1.796795
4601 1.795616
4602 1.794427
4603 1.793230
4604 1.792024
4605 1.790810
4606 1.789587
4607 1.788356
4608 1.787117
4609 1.785870
4610 1.784616
4611 1.783354
4612 1.782084
4613 1.780808
4614 1.779525
4615 1.778235
4616 1.776939
4617 1.775637
4618 1.774329
4619 1.773015
4620 1.771696
4621 1.770372
4622 1.769044
4623 1.767711
4624 1.766373
4625 1.765032
4626 1.763686
4627 1.762337
4628 1.760985
4629 1.759630
4630 1.758272
4631 1.756911
4632 1.755547
4633 1.754181
4634 1.752813
4635 1.751443
4636 1.750071
4637 1.748697
4638 1.747322
4639 1.745944
4640 1.744565
4641 1.743185
4642 1.741803
4643 1.740420
4644 1.739036
4645 1.737650
4646 1.736264
4647 1.734876
4648 1.733487
4649 1.732098
4650 1.730707
4651 1.729316
4652 1.727924
4653 1.726532
4654 1.725140
4655 1.723748
4656 1.722356
4657 1.720964
4658 1.719573
4659 1.718182
4660 1.716793
4661 1.715405
4662 1.714019
4663 1.712635
4664 1.711254
4665 1.709876
4666 1.708500
4667 1.707129
4668 1.705762
4669 1.704399
4670 1.703041
4671 1.701689
4672 1.700343
4673 1.699003
4674 1.697670
4675 1.696345
4676 1.695027
4677 1.693717
4678 1.692417
4679 1.691125
4680 1.689842
4681 1.688570
4682 1.687307
4683 1.686055
4684 1.684814
4685 1.683584
4686 1.682365
4687 1.681158
4688 1.679963
4689 1.678779
4690 1.677608
4691 1.676449
4692 1.675302
4693 1.674167
4694 1.673045
4695 1.671936
4696 1.670839
4697 1.669754
4698 1.668682
4699 1.667622
4700 1.666575
4701 1.665539
4702 1.664516
4703 1.663505
4704 1.662506
4705 1.661519
4706 1.660543
4707 1.659578
4708 1.658625
4709 1.657683
4710 1.656753
4711 1.655832
4712 1.654923
4713 1.654024
4714 1.653135
4715 1.652256
4716 1.651387
4717 1.650527
4718 1.649677
4719 1.648836
4720 1.648004
4721 1.647181
4722 1.646367
4723 1.645561
4724 1.644763
4725 1.643973
4726 1.643191
4727 1.642417
4728 1.641650
4729 1.640890
4730 1.640137
4731 1.639392
4732 1.638653
4733 1.637920
4734 1.637194
4735 1.636474
4736 1.635760
4737 1.635051
4738 1.634349
4739 1.633652
4740 1.632960
4741 1.632273
4742 1.631591
4743 1.630914
4744 1.630242
4745 1.629574
4746 1.628911
4747 1.628252
4748 1.627597
4749 1.626946
4750 1.626299
4751 1.625655
4752 1.625015
4753 1.624379
4754 1.623746
4755 1.623116
4756 1.622489
4757 1.621865
4758 1.621244
4759 1.620626
4760 1.620010
4761 1.619397
4762 1.618786
4763 1.618178
4764 1.617572
4765 1.616968
4766 1.616366
4767 1.615766
4768 1.615168
4769 1.614571
4770 1.613977
4771 1.613384
4772 1.612792
4773 1.612202
4774 1.611614
4775 1.611027
4776 1.610441
4777 1.609856
4778 1.609272
4779 1.608690
4780 1.608108
4781 1.607527
4782 1.606948
4783 1.606369
4784 1.605791
4785 1.605214
4786 1.604637
4787 1.604061
4788 1.603485
4789 1.602911
4790 1.602336
4791 1.601762
4792 1.601189
4793 1.600616
4794 1.600043
4795 1.599470
4796 1.598898
4797 1.598326
4798 1.597754
4799 1.597183
4800 1.596611
4801 1.596039
4802 1.595468
4803 1.594896
4804 1.594325
4805 1.593754
4806 1.593182
4807 1.592610
4808 1.592038
4809 1.591466
4810 1.590894
4811 1.590322
4812 1.589749
4813 1.589176
4814 1.588603
4815 1.588029
4816 1.587455
4817 1.586881
4818 1.586306
4819 1.585731
4820 1.585156
4821 1.584579
4822 1.584003
4823 1.583426
4824 1.582848
4825 1.582270
4826 1.581691
4827 1.581111
4828 1.580531
4829 1.579950
4830 1.579369
4831 1.578786
4832 1.578203
4833 1.577619
4834 1.577035
4835 1.576449
4836 1.575863
4837 1.575276
4838 1.574687
4839 1.574098
4840 1.573508
4841 1.572917
4842 1.572325
4843 1.571732
4844 1.571138
4845 1.570543
4846 1.569947
4847 1.569349
4848 1.568751
4849 1.568151
4850 1.567550
4851 1.566948
4852 1.566344
4853 1.565740
4854 1.565134
4855 1.564526
4856 1.563917
4857 1.563307
4858 1.562696
4859 1.562083
4860 1.561468
4861 1.560852
4862 1.560235
4863 1.559616
4864 1.558995
4865 1.558373
4866 1.557749
4867 1.557123
4868 1.556496
4869 1.555867
4870 1.555236
4871 1.554603
4872 1.553969
4873 1.553333
4874 1.552695
4875 1.552054
4876 1.551412
4877 1.550768
4878 1.550122
4879 1.549474
4880 1.548824
4881 1.548171
4882 1.547517
4883 1.546860
4884 1.546201
4885 1.545540
4886 1.544876
4887 1.544211
4888 1.543542
4889 1.542872
4890 1.542198
4891 1.541523
4892 1.540845
4893 1.540164
4894 1.539480
4895 1.538794
4896 1.538106
4897 1.537414
4898 1.536720
4899 1.536022
4900 1.535322
4901 1.534619
4902 1.533913
4903 1.533204
4904 1.532492
4905 1.531776
4906 1.531058
4907 1.530336
4908 1.529611
4909 1.528882
4910 1.528150
4911 1.527415
4912 1.526676
4913 1.525933
4914 1.525187
4915 1.524437
4916 1.523683
4917 1.522925
4918 1.522164
4919 1.521398
4920 1.520628
4921 1.519854
4922 1.519076
4923 1.518293
4924 1.517506
4925 1.516715
4926 1.515919
4927 1.515118
4928 1.514312
4929 1.513502
4930 1.512686
4931 1.511866
4932 1.511040
4933 1.510209
4934 1.509373
4935 1.508531
4936 1.507683
4937 1.506830
4938 1.505971
4939 1.505105
4940 1.504234
4941 1.503356
4942 1.502472
4943 1.501581
4944 1.500683
4945 1.499778
4946 1.498866
4947 1.497947
4948 1.497020
4949 1.496086
4950 1.495143
4951 1.494193
4952 1.493234
4953 1.492266
4954 1.491290
4955 1.490304
4956 1.489309
4957 1.488304
4958 1.487289
4959 1.486264
4960 1.485228
4961 1.484181
4962 1.483122
4963 1.482052
4964 1.480969
4965 1.479874
4966 1.478765
4967 1.477643
4968 1.476506
4969 1.475355
4970 1.474188
4971 1.473005
4972 1.471805
4973 1.470588
4974 1.469353
4975 1.468098
4976 1.466823
4977 1.465527
4978 1.464209
4979 1.462867
4980 1.461501
4981 1.460109
4982 1.458690
4983 1.457242
4984 1.455763
4985 1.454251
4986 1.452705
4987 1.451123
4988 1.449501
4989 1.447837
4990 1.446128
4991 1.444371
4992 1.442562
4993 1.440697
4994 1.438773
4995 1.436783
4996 1.434722
4997 1.432585
4998 1.430365
4999 1.428053
