0 28.476737
1 28.698077
2 29.154574
3 29.330904
4 29.423875
5 29.490459
6 29.543438
7 29.583523
8 29.604484
9 29.588895
10 29.499233
11 29.278850
12 28.892706
13 28.338234
14 27.538781
15 26.361581
16 24.816531
17 23.092722
18 21.401012
19 19.880660
20 18.580087
21 17.481821
22 16.548192
23 15.745388
24 15.043642
25 14.416036
26 13.840557
27 13.300947
28 12.785744
29 12.286868
30 11.798195
31 11.314934
32 10.834367
33 10.356711
34 9.884097
35 9.418549
36 8.961241
37 8.512901
38 8.074217
39 7.645971
40 7.229082
41 6.824691
42 6.434213
43 6.059304
44 5.701680
45 5.362835
46 5.043809
47 4.745120
48 4.466838
49 4.208674
50 3.970026
51 3.750014
52 3.547552
53 3.361437
54 3.190452
55 3.033417
56 2.889226
57 2.756848
58 2.635319
59 2.523735
60 2.421243
61 2.327044
62 2.240391
63 2.160586
64 2.086984
65 2.018991
66 1.956060
67 1.897696
68 1.843450
69 1.792917
70 1.745733
71 1.701574
72 1.660155
73 1.621220
74 1.584546
75 1.549936
76 1.517218
77 1.486239
78 1.456866
79 1.428980
80 1.402477
81 1.377264
82 1.353260
83 1.330388
84 1.308584
85 1.287786
86 1.267940
87 1.248996
88 1.230906
89 1.213628
90 1.197123
91 1.181353
92 1.166285
93 1.151884
94 1.138122
95 1.124968
96 1.112395
97 1.100378
98 1.088892
99 1.077914
100 1.067421
101 1.057392
102 1.047807
103 1.038647
104 1.029895
105 1.021532
106 1.013543
107 1.005912
108 0.998624
109 0.991665
110 0.985023
111 0.978684
112 0.972637
113 0.966869
114 0.961372
115 0.956134
116 0.951146
117 0.946399
118 0.941884
119 0.937594
120 0.933519
121 0.929654
122 0.925991
123 0.922523
124 0.919244
125 0.916148
126 0.913229
127 0.910481
128 0.907901
129 0.905481
130 0.903218
131 0.901107
132 0.899144
133 0.897323
134 0.895642
135 0.894095
136 0.892679
137 0.891390
138 0.890225
139 0.889180
140 0.888251
141 0.887436
142 0.886730
143 0.886131
144 0.885636
145 0.885240
146 0.884943
147 0.884740
148 0.884628
149 0.884606
150 0.884669
151 0.884817
152 0.885045
153 0.885351
154 0.885733
155 0.886188
156 0.886714
157 0.887309
158 0.887970
159 0.888694
160 0.889480
161 0.890326
162 0.891229
163 0.892187
164 0.893197
165 0.894259
166 0.895370
167 0.896528
168 0.897730
169 0.898976
170 0.900263
171 0.901589
172 0.902953
173 0.904352
174 0.905786
175 0.907251
176 0.908748
177 0.910272
178 0.911824
179 0.913402
180 0.915003
181 0.916627
182 0.918271
183 0.919935
184 0.921616
185 0.923313
186 0.925024
187 0.926749
188 0.928485
189 0.930231
190 0.931987
191 0.933749
192 0.935518
193 0.937291
194 0.939067
195 0.940846
196 0.942625
197 0.944404
198 0.946181
199 0.947955
200 0.949726
201 0.951491
202 0.953250
203 0.955002
204 0.956746
205 0.958480
206 0.960205
207 0.961919
208 0.963621
209 0.965311
210 0.966988
211 0.968651
212 0.970301
213 0.971935
214 0.973554
215 0.975158
216 0.976746
217 0.978318
218 0.979873
219 0.981413
220 0.982935
221 0.984442
222 0.985931
223 0.987405
224 0.988862
225 0.990304
226 0.991729
227 0.993140
228 0.994535
229 0.995915
230 0.997281
231 0.998633
232 0.999972
233 1.001298
234 1.002611
235 1.003911
236 1.005200
237 1.006477
238 1.007744
239 1.008999
240 1.010244
241 1.011479
242 1.012705
243 1.013920
244 1.015126
245 1.016323
246 1.017510
247 1.018688
248 1.019857
249 1.021016
250 1.022165
251 1.023305
252 1.024434
253 1.025553
254 1.026662
255 1.027760
256 1.028846
257 1.029920
258 1.030982
259 1.032032
260 1.033068
261 1.034090
262 1.035098
263 1.036091
264 1.037069
265 1.038030
266 1.038975
267 1.039902
268 1.040812
269 1.041703
270 1.042574
271 1.043426
272 1.044257
273 1.045068
274 1.045856
275 1.046622
276 1.047365
277 1.048084
278 1.048780
279 1.049450
280 1.050095
281 1.050714
282 1.051307
283 1.051873
284 1.052412
285 1.052923
286 1.053407
287 1.053862
288 1.054289
289 1.054687
290 1.055056
291 1.055396
292 1.055707
293 1.055990
294 1.056243
295 1.056468
296 1.056664
297 1.056832
298 1.056972
299 1.057084
300 1.057169
301 1.057226
302 1.057258
303 1.057263
304 1.057243
305 1.057199
306 1.057130
307 1.057038
308 1.056923
309 1.056786
310 1.056628
311 1.056449
312 1.056251
313 1.056034
314 1.055799
315 1.055547
316 1.055278
317 1.054994
318 1.054695
319 1.054383
320 1.054058
321 1.053720
322 1.053371
323 1.053012
324 1.052643
325 1.052265
326 1.051879
327 1.051486
328 1.051086
329 1.050680
330 1.050269
331 1.049853
332 1.049433
333 1.049010
334 1.048584
335 1.048156
336 1.047727
337 1.047296
338 1.046865
339 1.046434
340 1.046003
341 1.045572
342 1.045143
343 1.044716
344 1.044290
345 1.043866
346 1.043445
347 1.043027
348 1.042612
349 1.042200
350 1.041791
351 1.041387
352 1.040986
353 1.040590
354 1.040197
355 1.039809
356 1.039426
357 1.039047
358 1.038673
359 1.038304
360 1.037940
361 1.037580
362 1.037226
363 1.036876
364 1.036532
365 1.036193
366 1.035859
367 1.035530
368 1.035206
369 1.034887
370 1.034573
371 1.034265
372 1.033961
373 1.033663
374 1.033369
375 1.033080
376 1.032796
377 1.032517
378 1.032243
379 1.031974
380 1.031709
381 1.031449
382 1.031193
383 1.030942
384 1.030695
385 1.030453
386 1.030215
387 1.029981
388 1.029751
389 1.029526
390 1.029304
391 1.029087
392 1.028873
393 1.028664
394 1.028458
395 1.028256
396 1.028057
397 1.027862
398 1.027671
399 1.027483
400 1.027299
401 1.027118
402 1.026940
403 1.026765
404 1.026594
405 1.026426
406 1.026260
407 1.026098
408 1.025939
409 1.025783
410 1.025629
411 1.025479
412 1.025331
413 1.025186
414 1.025043
415 1.024904
416 1.024767
417 1.024632
418 1.024500
419 1.024370
420 1.024243
421 1.024118
422 1.023996
423 1.023876
424 1.023758
425 1.023642
426 1.023529
427 1.023418
428 1.023309
429 1.023202
430 1.023098
431 1.022995
432 1.022895
433 1.022796
434 1.022700
435 1.022605
436 1.022513
437 1.022422
438 1.022334
439 1.022247
440 1.022162
441 1.022079
442 1.021998
443 1.021919
444 1.021842
445 1.021766
446 1.021692
447 1.021620
448 1.021550
449 1.021481
450 1.021414
451 1.021349
452 1.021286
453 1.021224
454 1.021164
455 1.021105
456 1.021048
457 1.020993
458 1.020940
459 1.020888
460 1.020838
461 1.020789
462 1.020742
463 1.020696
464 1.020652
465 1.020610
466 1.020569
467 1.020530
468 1.020492
469 1.020455
470 1.020421
471 1.020387
472 1.020356
473 1.020325
474 1.020297
475 1.020269
476 1.020244
477 1.020219
478 1.020196
479 1.020175
480 1.020155
481 1.020136
482 1.020119
483 1.020103
484 1.020089
485 1.020076
486 1.020064
487 1.020054
488 1.020046
489 1.020038
490 1.020032
491 1.020028
492 1.020024
493 1.020022
494 1.020022
495 1.020023
496 1.020025
497 1.020028
498 1.020033
499 1.020039
500 1.020046
501 1.020055
502 1.020065
503 1.020076
504 1.020089
505 1.020103
506 1.020118
507 1.020134
508 1.020152
509 1.020171
510 1.020191
511 1.020213
512 1.020235
513 1.020259
514 1.020284
515 1.020310
516 1.020338
517 1.020367
518 1.020397
519 1.020428
520 1.020460
521 1.020494
522 1.020528
523 1.020564
524 1.020601
525 1.020639
526 1.020679
527 1.020719
528 1.020761
529 1.020804
530 1.020848
531 1.020893
532 1.020939
533 1.020986
534 1.021034
535 1.021084
536 1.021134
537 1.021186
538 1.021239
539 1.021292
540 1.021347
541 1.021403
542 1.021460
543 1.021518
544 1.021577
545 1.021637
546 1.021699
547 1.021761
548 1.021824
549 1.021888
550 1.021954
551 1.022020
552 1.022087
553 1.022155
554 1.022225
555 1.022295
556 1.022366
557 1.022438
558 1.022512
559 1.022586
560 1.022661
561 1.022737
562 1.022814
563 1.022892
564 1.022971
565 1.023051
566 1.023132
567 1.023213
568 1.023296
569 1.023380
570 1.023464
571 1.023550
572 1.023636
573 1.023723
574 1.023811
575 1.023900
576 1.023990
577 1.024081
578 1.024173
579 1.024265
580 1.024359
581 1.024453
582 1.024548
583 1.024644
584 1.024741
585 1.024839
586 1.024938
587 1.025037
588 1.025137
589 1.025239
590 1.025341
591 1.025443
592 1.025547
593 1.025652
594 1.025757
595 1.025863
596 1.025970
597 1.026078
598 1.026186
599 1.026296
600 1.026406
601 1.026517
602 1.026629
603 1.026741
604 1.026855
605 1.026969
606 1.027084
607 1.027200
608 1.027317
609 1.027434
610 1.027552
611 1.027671
612 1.027791
613 1.027911
614 1.028033
615 1.028155
616 1.028278
617 1.028401
618 1.028526
619 1.028651
620 1.028777
621 1.028903
622 1.029031
623 1.029159
624 1.029288
625 1.029418
626 1.029549
627 1.029680
628 1.029812
629 1.029945
630 1.030078
631 1.030213
632 1.030348
633 1.030484
634 1.030620
635 1.030758
636 1.030896
637 1.031035
638 1.031174
639 1.031315
640 1.031456
641 1.031598
642 1.031740
643 1.031884
644 1.032028
645 1.032173
646 1.032319
647 1.032465
648 1.032612
649 1.032760
650 1.032909
651 1.033059
652 1.033209
653 1.033360
654 1.033512
655 1.033664
656 1.033817
657 1.033971
658 1.034126
659 1.034282
660 1.034438
661 1.034595
662 1.034753
663 1.034912
664 1.035071
665 1.035231
666 1.035392
667 1.035554
668 1.035717
669 1.035880
670 1.036044
671 1.036209
672 1.036375
673 1.036541
674 1.036708
675 1.036876
676 1.037045
677 1.037215
678 1.037385
679 1.037556
680 1.037728
681 1.037901
682 1.038075
683 1.038249
684 1.038424
685 1.038600
686 1.038777
687 1.038955
688 1.039133
689 1.039312
690 1.039492
691 1.039673
692 1.039855
693 1.040038
694 1.040221
695 1.040405
696 1.040590
697 1.040776
698 1.040963
699 1.041151
700 1.041339
701 1.041529
702 1.041719
703 1.041910
704 1.042102
705 1.042295
706 1.042488
707 1.042683
708 1.042878
709 1.043074
710 1.043272
711 1.043470
712 1.043669
713 1.043868
714 1.044069
715 1.044271
716 1.044473
717 1.044677
718 1.044881
719 1.045086
720 1.045293
721 1.045500
722 1.045708
723 1.045917
724 1.046127
725 1.046338
726 1.046549
727 1.046762
728 1.046976
729 1.047191
730 1.047406
731 1.047623
732 1.047841
733 1.048059
734 1.048279
735 1.048499
736 1.048721
737 1.048943
738 1.049167
739 1.049391
740 1.049617
741 1.049843
742 1.050071
743 1.050299
744 1.050529
745 1.050760
746 1.050991
747 1.051224
748 1.051458
749 1.051693
750 1.051928
751 1.052165
752 1.052403
753 1.052642
754 1.052883
755 1.053124
756 1.053366
757 1.053610
758 1.053854
759 1.054100
760 1.054346
761 1.054594
762 1.054843
763 1.055093
764 1.055345
765 1.055597
766 1.055850
767 1.056105
768 1.056361
769 1.056618
770 1.056876
771 1.057135
772 1.057396
773 1.057658
774 1.057920
775 1.058184
776 1.058450
777 1.058716
778 1.058984
779 1.059253
780 1.059523
781 1.059794
782 1.060067
783 1.060341
784 1.060616
785 1.060892
786 1.061170
787 1.061449
788 1.061729
789 1.062010
790 1.062293
791 1.062577
792 1.062862
793 1.063149
794 1.063437
795 1.063726
796 1.064017
797 1.064309
798 1.064602
799 1.064897
800 1.065193
801 1.065490
802 1.065789
803 1.066089
804 1.066391
805 1.066693
806 1.066998
807 1.067303
808 1.067610
809 1.067919
810 1.068229
811 1.068540
812 1.068853
813 1.069167
814 1.069483
815 1.069800
816 1.070118
817 1.070438
818 1.070760
819 1.071083
820 1.071407
821 1.071733
822 1.072061
823 1.072390
824 1.072720
825 1.073052
826 1.073386
827 1.073721
828 1.074057
829 1.074395
830 1.074735
831 1.075076
832 1.075419
833 1.075763
834 1.076109
835 1.076457
836 1.076806
837 1.077156
838 1.077508
839 1.077862
840 1.078218
841 1.078575
842 1.078933
843 1.079293
844 1.079655
845 1.080019
846 1.080384
847 1.080750
848 1.081119
849 1.081489
850 1.081860
851 1.082233
852 1.082608
853 1.082985
854 1.083363
855 1.083743
856 1.084124
857 1.084507
858 1.084892
859 1.085278
860 1.085666
861 1.086056
862 1.086447
863 1.086840
864 1.087235
865 1.087631
866 1.088029
867 1.088428
868 1.088829
869 1.089232
870 1.089636
871 1.090042
872 1.090449
873 1.090858
874 1.091269
875 1.091681
876 1.092095
877 1.092511
878 1.092928
879 1.093346
880 1.093766
881 1.094188
882 1.094611
883 1.095035
884 1.095461
885 1.095888
886 1.096317
887 1.096748
888 1.097179
889 1.097612
890 1.098047
891 1.098483
892 1.098920
893 1.099358
894 1.099798
895 1.100239
896 1.100681
897 1.101124
898 1.101569
899 1.102014
900 1.102461
901 1.102909
902 1.103358
903 1.103808
904 1.104259
905 1.104711
906 1.105163
907 1.105617
908 1.106071
909 1.106527
910 1.106983
911 1.107439
912 1.107897
913 1.108355
914 1.108813
915 1.109273
916 1.109732
917 1.110192
918 1.110653
919 1.111114
920 1.111575
921 1.112036
922 1.112498
923 1.112960
924 1.113422
925 1.113884
926 1.114346
927 1.114807
928 1.115269
929 1.115731
930 1.116192
931 1.116654
932 1.117115
933 1.117575
934 1.118035
935 1.118495
936 1.118954
937 1.119413
938 1.119871
939 1.120329
940 1.120785
941 1.121241
942 1.121697
943 1.122151
944 1.122605
945 1.123057
946 1.123509
947 1.123959
948 1.124409
949 1.124857
950 1.125305
951 1.125751
952 1.126196
953 1.126640
954 1.127082
955 1.127524
956 1.127964
957 1.128402
958 1.128840
959 1.129276
960 1.129710
961 1.130143
962 1.130575
963 1.131005
964 1.131434
965 1.131861
966 1.132287
967 1.132711
968 1.133134
969 1.133555
970 1.133975
971 1.134393
972 1.134809
973 1.135224
974 1.135638
975 1.136050
976 1.136460
977 1.136869
978 1.137276
979 1.137682
980 1.138086
981 1.138489
982 1.138890
983 1.139289
984 1.139687
985 1.140084
986 1.140479
987 1.140873
988 1.141265
989 1.141655
990 1.142044
991 1.142432
992 1.142818
993 1.143203
994 1.143586
995 1.143968
996 1.144349
997 1.144728
998 1.145105
999 1.145482
1000 1.145857
1001 1.146230
1002 1.146603
1003 1.146974
1004 1.147343
1005 1.147711
1006 1.148078
1007 1.148444
1008 1.148809
1009 1.149172
1010 1.149534
1011 1.149894
1012 1.150254
1013 1.150612
1014 1.150969
1015 1.151325
1016 1.151679
1017 1.152033
1018 1.152385
1019 1.152736
1020 1.153086
1021 1.153435
1022 1.153783
1023 1.154129
1024 1.154475
1025 1.154819
1026 1.155162
1027 1.155505
1028 1.155846
1029 1.156186
1030 1.156525
1031 1.156863
1032 1.157200
1033 1.157536
1034 1.157870
1035 1.158204
1036 1.158537
1037 1.158869
1038 1.159200
1039 1.159530
1040 1.159859
1041 1.160187
1042 1.160514
1043 1.160840
1044 1.161166
1045 1.161490
1046 1.161813
1047 1.162136
1048 1.162457
1049 1.162778
1050 1.163098
1051 1.163417
1052 1.163735
1053 1.164052
1054 1.164369
1055 1.164684
1056 1.164999
1057 1.165313
1058 1.165626
1059 1.165938
1060 1.166249
1061 1.166560
1062 1.166870
1063 1.167179
1064 1.167487
1065 1.167794
1066 1.168101
1067 1.168407
1068 1.168712
1069 1.169016
1070 1.169320
1071 1.169623
1072 1.169925
1073 1.170227
1074 1.170527
1075 1.170827
1076 1.171126
1077 1.171425
1078 1.171723
1079 1.172020
1080 1.172317
1081 1.172612
1082 1.172907
1083 1.173202
1084 1.173496
1085 1.173789
1086 1.174081
1087 1.174373
1088 1.174664
1089 1.174954
1090 1.175244
1091 1.175533
1092 1.175822
1093 1.176110
1094 1.176397
1095 1.176684
1096 1.176970
1097 1.177255
1098 1.177540
1099 1.177824
1100 1.178108
1101 1.178391
1102 1.178674
1103 1.178955
1104 1.179237
1105 1.179517
1106 1.179798
1107 1.180077
1108 1.180356
1109 1.180634
1110 1.180912
1111 1.181190
1112 1.181466
1113 1.181743
1114 1.182018
1115 1.182293
1116 1.182568
1117 1.182842
1118 1.183116
1119 1.183389
1120 1.183661
1121 1.183933
1122 1.184204
1123 1.184475
1124 1.184746
1125 1.185015
1126 1.185285
1127 1.185554
1128 1.185822
1129 1.186090
1130 1.186357
1131 1.186624
1132 1.186890
1133 1.187156
1134 1.187422
1135 1.187687
1136 1.187951
1137 1.188215
1138 1.188478
1139 1.188741
1140 1.189004
1141 1.189266
1142 1.189527
1143 1.189788
1144 1.190049
1145 1.190309
1146 1.190569
1147 1.190828
1148 1.191086
1149 1.191345
1150 1.191602
1151 1.191860
1152 1.192117
1153 1.192373
1154 1.192629
1155 1.192884
1156 1.193139
1157 1.193394
1158 1.193648
1159 1.193902
1160 1.194155
1161 1.194407
1162 1.194660
1163 1.194911
1164 1.195163
1165 1.195413
1166 1.195664
1167 1.195914
1168 1.196163
1169 1.196412
1170 1.196661
1171 1.196908
1172 1.197156
1173 1.197403
1174 1.197650
1175 1.197896
1176 1.198141
1177 1.198386
1178 1.198631
1179 1.198875
1180 1.199118
1181 1.199361
1182 1.199604
1183 1.199846
1184 1.200087
1185 1.200328
1186 1.200569
1187 1.200808
1188 1.201048
1189 1.201286
1190 1.201524
1191 1.201762
1192 1.201999
1193 1.202235
1194 1.202471
1195 1.202706
1196 1.202940
1197 1.203174
1198 1.203407
1199 1.203639
1200 1.203871
1201 1.204102
1202 1.204332
1203 1.204561
1204 1.204790
1205 1.205018
1206 1.205245
1207 1.205471
1208 1.205696
1209 1.205921
1210 1.206144
1211 1.206367
1212 1.206588
1213 1.206809
1214 1.207028
1215 1.207247
1216 1.207464
1217 1.207681
1218 1.207896
1219 1.208110
1220 1.208322
1221 1.208534
1222 1.208744
1223 1.208952
1224 1.209160
1225 1.209365
1226 1.209569
1227 1.209772
1228 1.209973
1229 1.210172
1230 1.210370
1231 1.210566
1232 1.210760
1233 1.210952
1234 1.211141
1235 1.211329
1236 1.211515
1237 1.211698
1238 1.211880
1239 1.212058
1240 1.212235
1241 1.212408
1242 1.212579
1243 1.212748
1244 1.212913
1245 1.213076
1246 1.213236
1247 1.213392
1248 1.213546
1249 1.213696
1250 1.213843
1251 1.213986
1252 1.214126
1253 1.214262
1254 1.214395
1255 1.214523
1256 1.214648
1257 1.214769
1258 1.214885
1259 1.214997
1260 1.215105
1261 1.215209
1262 1.215308
1263 1.215403
1264 1.215493
1265 1.215578
1266 1.215659
1267 1.215735
1268 1.215806
1269 1.215872
1270 1.215933
1271 1.215989
1272 1.216039
1273 1.216085
1274 1.216126
1275 1.216161
1276 1.216191
1277 1.216216
1278 1.216235
1279 1.216249
1280 1.216258
1281 1.216262
1282 1.216261
1283 1.216254
1284 1.216241
1285 1.216224
1286 1.216201
1287 1.216173
1288 1.216140
1289 1.216102
1290 1.216059
1291 1.216010
1292 1.215957
1293 1.215898
1294 1.215834
1295 1.215766
1296 1.215692
1297 1.215613
1298 1.215530
1299 1.215442
1300 1.215349
1301 1.215251
1302 1.215149
1303 1.215042
1304 1.214930
1305 1.214814
1306 1.214694
1307 1.214568
1308 1.214439
1309 1.214305
1310 1.214167
1311 1.214024
1312 1.213877
1313 1.213726
1314 1.213570
1315 1.213411
1316 1.213247
1317 1.213079
1318 1.212908
1319 1.212732
1320 1.212552
1321 1.212368
1322 1.212180
1323 1.211989
1324 1.211793
1325 1.211594
1326 1.211390
1327 1.211183
1328 1.210973
1329 1.210758
1330 1.210540
1331 1.210318
1332 1.210092
1333 1.209863
1334 1.209630
1335 1.209393
1336 1.209153
1337 1.208909
1338 1.208662
1339 1.208411
1340 1.208157
1341 1.207899
1342 1.207638
1343 1.207373
1344 1.207104
1345 1.206833
1346 1.206558
1347 1.206279
1348 1.205997
1349 1.205712
1350 1.205423
1351 1.205131
1352 1.204836
1353 1.204537
1354 1.204235
1355 1.203930
1356 1.203621
1357 1.203309
1358 1.202994
1359 1.202676
1360 1.202354
1361 1.202029
1362 1.201701
1363 1.201370
1364 1.201035
1365 1.200698
1366 1.200357
1367 1.200013
1368 1.199665
1369 1.199315
1370 1.198961
1371 1.198604
1372 1.198243
1373 1.197881
1374 1.197513
1375 1.197146
1376 1.196770
1377 1.196398
1378 1.196013
1379 1.195638
1380 1.195242
1381 1.194866
1382 1.194456
1383 1.194083
1384 1.193655
1385 1.193289
1386 1.192837
1387 1.192484
1388 1.192002
1389 1.191668
1390 1.191150
1391 1.190838
1392 1.190282
1393 1.189991
1394 1.189400
1395 1.189124
1396 1.188506
1397 1.188233
1398 1.187601
1399 1.187313
1400 1.186683
1401 1.186364
1402 1.185749
1403 1.185385
1404 1.184793
1405 1.184378
1406 1.183805
1407 1.183342
1408 1.182780
1409 1.182274
1410 1.181710
1411 1.181166
1412 1.180589
1413 1.180011
1414 1.179409
1415 1.178795
1416 1.178161
1417 1.177507
1418 1.176829
1419 1.176128
1420 1.175398
1421 1.174639
1422 1.173846
1423 1.173017
1424 1.172147
1425 1.171233
1426 1.170271
1427 1.169255
1428 1.168181
1429 1.167045
1430 1.165840
1431 1.164564
1432 1.163210
1433 1.161775
1434 1.160254
1435 1.158645
1436 1.156944
1437 1.155151
1438 1.153264
1439 1.151283
1440 1.149207
1441 1.147037
1442 1.144771
1443 1.142409
1444 1.139947
1445 1.137382
1446 1.134706
1447 1.131914
1448 1.128998
1449 1.125950
1450 1.122766
1451 1.119443
1452 1.115987
1453 1.112410
1454 1.108732
1455 1.104986
1456 1.101210
1457 1.097453
1458 1.093763
1459 1.090188
1460 1.086769
1461 1.083535
1462 1.080504
1463 1.077681
1464 1.075059
1465 1.072625
1466 1.070361
1467 1.068245
1468 1.066256
1469 1.064375
1470 1.062585
1471 1.060870
1472 1.059217
1473 1.057617
1474 1.056061
1475 1.054542
1476 1.053055
1477 1.051597
1478 1.050163
1479 1.048752
1480 1.047361
1481 1.045988
1482 1.044634
1483 1.043296
1484 1.041973
1485 1.040666
1486 1.039373
1487 1.038094
1488 1.036829
1489 1.035576
1490 1.034337
1491 1.033110
1492 1.031895
1493 1.030691
1494 1.029500
1495 1.028320
1496 1.027151
1497 1.025993
1498 1.024845
1499 1.023708
1500 1.022582
1501 1.021465
1502 1.020359
1503 1.019262
1504 1.018175
1505 1.017098
1506 1.016030
1507 1.014971
1508 1.013921
1509 1.012880
1510 1.011847
1511 1.010824
1512 1.009808
1513 1.008802
1514 1.007803
1515 1.006812
1516 1.005830
1517 1.004855
1518 1.003888
1519 1.002928
1520 1.001976
1521 1.001032
1522 1.000095
1523 0.999164
1524 0.998241
1525 0.997325
1526 0.996416
1527 0.995513
1528 0.994617
1529 0.993728
1530 0.992845
1531 0.991968
1532 0.991098
1533 0.990234
1534 0.989376
1535 0.988524
1536 0.987678
1537 0.986838
1538 0.986003
1539 0.985174
1540 0.984351
1541 0.983533
1542 0.982721
1543 0.981914
1544 0.981112
1545 0.980315
1546 0.979524
1547 0.978737
1548 0.977956
1549 0.977180
1550 0.976408
1551 0.975641
1552 0.974879
1553 0.974121
1554 0.973368
1555 0.972620
1556 0.971876
1557 0.971136
1558 0.970401
1559 0.969670
1560 0.968943
1561 0.968220
1562 0.967501
1563 0.966787
1564 0.966076
1565 0.965370
1566 0.964667
1567 0.963968
1568 0.963273
1569 0.962581
1570 0.961893
1571 0.961209
1572 0.960528
1573 0.959851
1574 0.959178
1575 0.958507
1576 0.957840
1577 0.957177
1578 0.956517
1579 0.955860
1580 0.955206
1581 0.954555
1582 0.953908
1583 0.953263
1584 0.952622
1585 0.951983
1586 0.951348
1587 0.950715
1588 0.950086
1589 0.949459
1590 0.948835
1591 0.948213
1592 0.947595
1593 0.946979
1594 0.946366
1595 0.945755
1596 0.945147
1597 0.944541
1598 0.943938
1599 0.943338
1600 0.942740
1601 0.942144
1602 0.941551
1603 0.940960
1604 0.940372
1605 0.939785
1606 0.939201
1607 0.938620
1608 0.938040
1609 0.937463
1610 0.936887
1611 0.936314
1612 0.935743
1613 0.935174
1614 0.934607
1615 0.934042
1616 0.933480
1617 0.932919
1618 0.932359
1619 0.931802
1620 0.931247
1621 0.930694
1622 0.930142
1623 0.929592
1624 0.929044
1625 0.928498
1626 0.927954
1627 0.927411
1628 0.926870
1629 0.926331
1630 0.925793
1631 0.925257
1632 0.924722
1633 0.924189
1634 0.923658
1635 0.923128
1636 0.922600
1637 0.922073
1638 0.921548
1639 0.921024
1640 0.920502
1641 0.919981
1642 0.919461
1643 0.918943
1644 0.918426
1645 0.917911
1646 0.917397
1647 0.916884
1648 0.916373
1649 0.915863
1650 0.915354
1651 0.914846
1652 0.914340
1653 0.913834
1654 0.913330
1655 0.912828
1656 0.912326
1657 0.911826
1658 0.911326
1659 0.910828
1660 0.910331
1661 0.909835
1662 0.909340
1663 0.908846
1664 0.908353
1665 0.907861
1666 0.907371
1667 0.906881
1668 0.906392
1669 0.905904
1670 0.905418
1671 0.904932
1672 0.904447
1673 0.903963
1674 0.903480
1675 0.902997
1676 0.902516
1677 0.902036
1678 0.901556
1679 0.901078
1680 0.900600
1681 0.900123
1682 0.899646
1683 0.899171
1684 0.898696
1685 0.898223
1686 0.897750
1687 0.897277
1688 0.896806
1689 0.896335
1690 0.895865
1691 0.895396
1692 0.894927
1693 0.894459
1694 0.893992
1695 0.893525
1696 0.893059
1697 0.892594
1698 0.892130
1699 0.891666
1700 0.891202
1701 0.890740
1702 0.890278
1703 0.889816
1704 0.889355
1705 0.888895
1706 0.888435
1707 0.887976
1708 0.887518
1709 0.887060
1710 0.886602
1711 0.886145
1712 0.885689
1713 0.885233
1714 0.884777
1715 0.884323
1716 0.883868
1717 0.883414
1718 0.882961
1719 0.882508
1720 0.882055
1721 0.881603
1722 0.881152
1723 0.880701
1724 0.880250
1725 0.879800
1726 0.879350
1727 0.878900
1728 0.878451
1729 0.878003
1730 0.877555
1731 0.877107
1732 0.876659
1733 0.876212
1734 0.875765
1735 0.875319
1736 0.874873
1737 0.874428
1738 0.873982
1739 0.873537
1740 0.873093
1741 0.872648
1742 0.872205
1743 0.871761
1744 0.871318
1745 0.870875
1746 0.870432
1747 0.869989
1748 0.869547
1749 0.869105
1750 0.868664
1751 0.868223
1752 0.867782
1753 0.867341
1754 0.866900
1755 0.866460
1756 0.866020
1757 0.865581
1758 0.865141
1759 0.864702
1760 0.864263
1761 0.863824
1762 0.863386
1763 0.862947
1764 0.862509
1765 0.862071
1766 0.861634
1767 0.861196
1768 0.860759
1769 0.860322
1770 0.859885
1771 0.859448
1772 0.859012
1773 0.858575
1774 0.858139
1775 0.857703
1776 0.857267
1777 0.856832
1778 0.856396
1779 0.855961
1780 0.855526
1781 0.855091
1782 0.854656
1783 0.854222
1784 0.853787
1785 0.853353
1786 0.852918
1787 0.852484
1788 0.852050
1789 0.851617
1790 0.851183
1791 0.850749
1792 0.850316
1793 0.849882
1794 0.849449
1795 0.849016
1796 0.848583
1797 0.848150
1798 0.847718
1799 0.847285
1800 0.846852
1801 0.846420
1802 0.845988
1803 0.845555
1804 0.845123
1805 0.844691
1806 0.844259
1807 0.843827
1808 0.843396
1809 0.842964
1810 0.842532
1811 0.842101
1812 0.841669
1813 0.841238
1814 0.840807
1815 0.840376
1816 0.839945
1817 0.839514
1818 0.839083
1819 0.838652
1820 0.838221
1821 0.837790
1822 0.837359
1823 0.836929
1824 0.836498
1825 0.836068
1826 0.835637
1827 0.835207
1828 0.834777
1829 0.834346
1830 0.833916
1831 0.833486
1832 0.833056
1833 0.832626
1834 0.832196
1835 0.831766
1836 0.831336
1837 0.830906
1838 0.830477
1839 0.830047
1840 0.829617
1841 0.829187
1842 0.828758
1843 0.828328
1844 0.827899
1845 0.827469
1846 0.827040
1847 0.826611
1848 0.826181
1849 0.825752
1850 0.825323
1851 0.824894
1852 0.824465
1853 0.824035
1854 0.823606
1855 0.823177
1856 0.822748
1857 0.822319
1858 0.821891
1859 0.821462
1860 0.821033
1861 0.820604
1862 0.820175
1863 0.819747
1864 0.819318
1865 0.818889
1866 0.818461
1867 0.818032
1868 0.817604
1869 0.817175
1870 0.816747
1871 0.816318
1872 0.815890
1873 0.815462
1874 0.815033
1875 0.814605
1876 0.814177
1877 0.813749
1878 0.813321
1879 0.812892
1880 0.812464
1881 0.812036
1882 0.811608
1883 0.811180
1884 0.810753
1885 0.810325
1886 0.809897
1887 0.809469
1888 0.809041
1889 0.808614
1890 0.808186
1891 0.807758
1892 0.807331
1893 0.806903
1894 0.806476
1895 0.806048
1896 0.805621
1897 0.805193
1898 0.804766
1899 0.804339
1900 0.803911
1901 0.803484
1902 0.803057
1903 0.802630
1904 0.802203
1905 0.801776
1906 0.801349
1907 0.800922
1908 0.800495
1909 0.800068
1910 0.799641
1911 0.799214
1912 0.798787
1913 0.798361
1914 0.797934
1915 0.797508
1916 0.797081
1917 0.796655
1918 0.796228
1919 0.795802
1920 0.795375
1921 0.794949
1922 0.794523
1923 0.794097
1924 0.793671
1925 0.793244
1926 0.792818
1927 0.792392
1928 0.791967
1929 0.791541
1930 0.791115
1931 0.790689
1932 0.790263
1933 0.789838
1934 0.789412
1935 0.788987
1936 0.788561
1937 0.788136
1938 0.787710
1939 0.787285
1940 0.786860
1941 0.786435
1942 0.786010
1943 0.785585
1944 0.785160
1945 0.784735
1946 0.784310
1947 0.783885
1948 0.783460
1949 0.783036
1950 0.782611
1951 0.782186
1952 0.781762
1953 0.781338
1954 0.780913
1955 0.780489
1956 0.780065
1957 0.779641
1958 0.779216
1959 0.778792
1960 0.778368
1961 0.777945
1962 0.777521
1963 0.777097
1964 0.776673
1965 0.776250
1966 0.775826
1967 0.775403
1968 0.774979
1969 0.774556
1970 0.774133
1971 0.773710
1972 0.773286
1973 0.772863
1974 0.772440
1975 0.772018
1976 0.771595
1977 0.771172
1978 0.770749
1979 0.770327
1980 0.769904
1981 0.769482
1982 0.769059
1983 0.768637
1984 0.768215
1985 0.767793
1986 0.767371
1987 0.766949
1988 0.766527
1989 0.766105
1990 0.765683
1991 0.765262
1992 0.764840
1993 0.764419
1994 0.763997
1995 0.763576
1996 0.763154
1997 0.762733
1998 0.762312
1999 0.761891
2000 0.761470
2001 0.761049
2002 0.760628
2003 0.760208
2004 0.759787
2005 0.759366
2006 0.758946
2007 0.758526
2008 0.758105
2009 0.757685
2010 0.757265
2011 0.756845
2012 0.756425
2013 0.756005
2014 0.755585
2015 0.755165
2016 0.754745
2017 0.754326
2018 0.753906
2019 0.753487
2020 0.753068
2021 0.752648
2022 0.752229
2023 0.751810
2024 0.751391
2025 0.750972
2026 0.750553
2027 0.750134
2028 0.749716
2029 0.749297
2030 0.748878
2031 0.748460
2032 0.748042
2033 0.747623
2034 0.747205
2035 0.746787
2036 0.746369
2037 0.745951
2038 0.745533
2039 0.745115
2040 0.744698
2041 0.744280
2042 0.743862
2043 0.743445
2044 0.743027
2045 0.742610
2046 0.742193
2047 0.741776
2048 0.741359
2049 0.740942
2050 0.740525
2051 0.740108
2052 0.739691
2053 0.739274
2054 0.738858
2055 0.738441
2056 0.738025
2057 0.737608
2058 0.737192
2059 0.736776
2060 0.736360
2061 0.735944
2062 0.735528
2063 0.735112
2064 0.734696
2065 0.734280
2066 0.733865
2067 0.733449
2068 0.733034
2069 0.732618
2070 0.732203
2071 0.731788
2072 0.731373
2073 0.730957
2074 0.730542
2075 0.730127
2076 0.729713
2077 0.729298
2078 0.728883
2079 0.728468
2080 0.728054
2081 0.727639
2082 0.727225
2083 0.726811
2084 0.726396
2085 0.725982
2086 0.725568
2087 0.725154
2088 0.724740
2089 0.724326
2090 0.723912
2091 0.723499
2092 0.723085
2093 0.722671
2094 0.722258
2095 0.721844
2096 0.721431
2097 0.721018
2098 0.720605
2099 0.720191
2100 0.719778
2101 0.719365
2102 0.718952
2103 0.718540
2104 0.718127
2105 0.717714
2106 0.717302
2107 0.716889
2108 0.716476
2109 0.716064
2110 0.715652
2111 0.715239
2112 0.714827
2113 0.714415
2114 0.714003
2115 0.713591
2116 0.713179
2117 0.712767
2118 0.712356
2119 0.711944
2120 0.711532
2121 0.711121
2122 0.710709
2123 0.710298
2124 0.709886
2125 0.709475
2126 0.709064
2127 0.708653
2128 0.708242
2129 0.707831
2130 0.707420
2131 0.707009
2132 0.706598
2133 0.706187
2134 0.705777
2135 0.705366
2136 0.704955
2137 0.704545
2138 0.704135
2139 0.703724
2140 0.703314
2141 0.702904
2142 0.702494
2143 0.702084
2144 0.701674
2145 0.701264
2146 0.700854
2147 0.700444
2148 0.700035
2149 0.699625
2150 0.699215
2151 0.698806
2152 0.698396
2153 0.697987
2154 0.697578
2155 0.697169
2156 0.696759
2157 0.696350
2158 0.695941
2159 0.695532
2160 0.695124
2161 0.694715
2162 0.694306
2163 0.693897
2164 0.693489
2165 0.693080
2166 0.692672
2167 0.692263
2168 0.691855
2169 0.691447
2170 0.691039
2171 0.690630
2172 0.690222
2173 0.689814
2174 0.689406
2175 0.688999
2176 0.688591
2177 0.688183
2178 0.687776
2179 0.687368
2180 0.686960
2181 0.686553
2182 0.686146
2183 0.685738
2184 0.685331
2185 0.684924
2186 0.684517
2187 0.684110
2188 0.683703
2189 0.683296
2190 0.682890
2191 0.682483
2192 0.682076
2193 0.681670
2194 0.681263
2195 0.680857
2196 0.680450
2197 0.680044
2198 0.679638
2199 0.679232
2200 0.678826
2201 0.678420
2202 0.678014
2203 0.677608
2204 0.677203
2205 0.676797
2206 0.676391
2207 0.675986
2208 0.675580
2209 0.675175
2210 0.674770
2211 0.674365
2212 0.673960
2213 0.673555
2214 0.673150
2215 0.672745
2216 0.672340
2217 0.671935
2218 0.671531
2219 0.671126
2220 0.670722
2221 0.670317
2222 0.669913
2223 0.669509
2224 0.669105
2225 0.668701
2226 0.668297
2227 0.667893
2228 0.667489
2229 0.667086
2230 0.666682
2231 0.666278
2232 0.665875
2233 0.665472
2234 0.665069
2235 0.664665
2236 0.664262
2237 0.663859
2238 0.663457
2239 0.663054
2240 0.662651
2241 0.662249
2242 0.661846
2243 0.661444
2244 0.661041
2245 0.660639
2246 0.660237
2247 0.659835
2248 0.659433
2249 0.659031
2250 0.658630
2251 0.658228
2252 0.657827
2253 0.657425
2254 0.657024
2255 0.656623
2256 0.656222
2257 0.655821
2258 0.655420
2259 0.655019
2260 0.654618
2261 0.654218
2262 0.653818
2263 0.653417
2264 0.653017
2265 0.652617
2266 0.652217
2267 0.651817
2268 0.651417
2269 0.651018
2270 0.650618
2271 0.650219
2272 0.649820
2273 0.649420
2274 0.649021
2275 0.648622
2276 0.648224
2277 0.647825
2278 0.647426
2279 0.647028
2280 0.646630
2281 0.646232
2282 0.645834
2283 0.645436
2284 0.645038
2285 0.644640
2286 0.644243
2287 0.643845
2288 0.643448
2289 0.643051
2290 0.642654
2291 0.642257
2292 0.641860
2293 0.641464
2294 0.641067
2295 0.640671
2296 0.640275
2297 0.639879
2298 0.639483
2299 0.639088
2300 0.638692
2301 0.638297
2302 0.637901
2303 0.637506
2304 0.637111
2305 0.636717
2306 0.636322
2307 0.635927
2308 0.635533
2309 0.635139
2310 0.634745
2311 0.634351
2312 0.633957
2313 0.633564
2314 0.633171
2315 0.632777
2316 0.632384
2317 0.631992
2318 0.631599
2319 0.631206
2320 0.630814
2321 0.630422
2322 0.630030
2323 0.629638
2324 0.629246
2325 0.628855
2326 0.628464
2327 0.628073
2328 0.627682
2329 0.627291
2330 0.626901
2331 0.626510
2332 0.626120
2333 0.625730
2334 0.625340
2335 0.624951
2336 0.624561
2337 0.624172
2338 0.623783
2339 0.623394
2340 0.623006
2341 0.622617
2342 0.622229
2343 0.621841
2344 0.621453
2345 0.621066
2346 0.620679
2347 0.620291
2348 0.619904
2349 0.619518
2350 0.619131
2351 0.618745
2352 0.618359
2353 0.617973
2354 0.617587
2355 0.617202
2356 0.616817
2357 0.616432
2358 0.616047
2359 0.615663
2360 0.615279
2361 0.614894
2362 0.614511
2363 0.614127
2364 0.613744
2365 0.613361
2366 0.612978
2367 0.612595
2368 0.612213
2369 0.611831
2370 0.611449
2371 0.611067
2372 0.610686
2373 0.610305
2374 0.609924
2375 0.609544
2376 0.609163
2377 0.608783
2378 0.608403
2379 0.608024
2380 0.607645
2381 0.607266
2382 0.606887
2383 0.606508
2384 0.606130
2385 0.605752
2386 0.605375
2387 0.604997
2388 0.604620
2389 0.604243
2390 0.603867
2391 0.603490
2392 0.603114
2393 0.602739
2394 0.602363
2395 0.601988
2396 0.601613
2397 0.601239
2398 0.600865
2399 0.600491
2400 0.600117
2401 0.599744
2402 0.599371
2403 0.598998
2404 0.598626
2405 0.598253
2406 0.597882
2407 0.597510
2408 0.597139
2409 0.596768
2410 0.596397
2411 0.596027
2412 0.595657
2413 0.595288
2414 0.594918
2415 0.594549
2416 0.594181
2417 0.593812
2418 0.593445
2419 0.593077
2420 0.592710
2421 0.592343
2422 0.591976
2423 0.591610
2424 0.591244
2425 0.590878
2426 0.590513
2427 0.590148
2428 0.589783
2429 0.589419
2430 0.589055
2431 0.588691
2432 0.588328
2433 0.587965
2434 0.587603
2435 0.587241
2436 0.586879
2437 0.586518
2438 0.586157
2439 0.585796
2440 0.585435
2441 0.585076
2442 0.584716
2443 0.584357
2444 0.583998
2445 0.583639
2446 0.583281
2447 0.582924
2448 0.582566
2449 0.582209
2450 0.581853
2451 0.581496
2452 0.581141
2453 0.580785
2454 0.580430
2455 0.580075
2456 0.579721
2457 0.579367
2458 0.579014
2459 0.578660
2460 0.578308
2461 0.577955
2462 0.577604
2463 0.577252
2464 0.576901
2465 0.576550
2466 0.576200
2467 0.575850
2468 0.575500
2469 0.575151
2470 0.574802
2471 0.574454
2472 0.574106
2473 0.573759
2474 0.573412
2475 0.573065
2476 0.572719
2477 0.572373
2478 0.572028
2479 0.571683
2480 0.571338
2481 0.570994
2482 0.570650
2483 0.570307
2484 0.569964
2485 0.569622
2486 0.569279
2487 0.568938
2488 0.568597
2489 0.568256
2490 0.567916
2491 0.567576
2492 0.567236
2493 0.566897
2494 0.566559
2495 0.566220
2496 0.565883
2497 0.565545
2498 0.565209
2499 0.564872
2500 0.564536
2501 0.564201
2502 0.563866
2503 0.563531
2504 0.563197
2505 0.562863
2506 0.562530
2507 0.562197
2508 0.561864
2509 0.561532
2510 0.561201
2511 0.560869
2512 0.560539
2513 0.560209
2514 0.559879
2515 0.559549
2516 0.559221
2517 0.558892
2518 0.558564
2519 0.558237
2520 0.557910
2521 0.557583
2522 0.557257
2523 0.556931
2524 0.556606
2525 0.556281
2526 0.555957
2527 0.555633
2528 0.555309
2529 0.554986
2530 0.554664
2531 0.554342
2532 0.554020
2533 0.553699
2534 0.553378
2535 0.553058
2536 0.552738
2537 0.552418
2538 0.552099
2539 0.551781
2540 0.551463
2541 0.551145
2542 0.550828
2543 0.550512
2544 0.550195
2545 0.549880
2546 0.549564
2547 0.549249
2548 0.548935
2549 0.548621
2550 0.548308
2551 0.547995
2552 0.547682
2553 0.547370
2554 0.547058
2555 0.546747
2556 0.546436
2557 0.546126
2558 0.545816
2559 0.545507
2560 0.545198
2561 0.544889
2562 0.544581
2563 0.544273
2564 0.543966
2565 0.543660
2566 0.543353
2567 0.543047
2568 0.542742
2569 0.542437
2570 0.542133
2571 0.541829
2572 0.541525
2573 0.541222
2574 0.540919
2575 0.540617
2576 0.540315
2577 0.540014
2578 0.539713
2579 0.539412
2580 0.539112
2581 0.538812
2582 0.538513
2583 0.538214
2584 0.537916
2585 0.537618
2586 0.537321
2587 0.537023
2588 0.536727
2589 0.536431
2590 0.536135
2591 0.535840
2592 0.535545
2593 0.535250
2594 0.534956
2595 0.534663
2596 0.534369
2597 0.534077
2598 0.533784
2599 0.533492
2600 0.533201
2601 0.532910
2602 0.532619
2603 0.532329
2604 0.532039
2605 0.531749
2606 0.531460
2607 0.531171
2608 0.530883
2609 0.530595
2610 0.530308
2611 0.530021
2612 0.529734
2613 0.529448
2614 0.529162
2615 0.528877
2616 0.528592
2617 0.528307
2618 0.528023
2619 0.527739
2620 0.527456
2621 0.527173
2622 0.526890
2623 0.526608
2624 0.526326
2625 0.526044
2626 0.525763
2627 0.525482
2628 0.525202
2629 0.524922
2630 0.524642
2631 0.524363
2632 0.524084
2633 0.523806
2634 0.523528
2635 0.523250
2636 0.522972
2637 0.522695
2638 0.522419
2639 0.522142
2640 0.521866
2641 0.521591
2642 0.521316
2643 0.521041
2644 0.520766
2645 0.520492
2646 0.520218
2647 0.519945
2648 0.519672
2649 0.519399
2650 0.519126
2651 0.518854
2652 0.518582
2653 0.518311
2654 0.518040
2655 0.517769
2656 0.517499
2657 0.517229
2658 0.516959
2659 0.516689
2660 0.516420
2661 0.516151
2662 0.515883
2663 0.515615
2664 0.515347
2665 0.515079
2666 0.514812
2667 0.514545
2668 0.514278
2669 0.514012
2670 0.513746
2671 0.513480
2672 0.513215
2673 0.512950
2674 0.512685
2675 0.512421
2676 0.512156
2677 0.511892
2678 0.511629
2679 0.511365
2680 0.511102
2681 0.510839
2682 0.510577
2683 0.510315
2684 0.510053
2685 0.509791
2686 0.509530
2687 0.509269
2688 0.509008
2689 0.508747
2690 0.508487
2691 0.508227
2692 0.507967
2693 0.507707
2694 0.507448
2695 0.507189
2696 0.506930
2697 0.506672
2698 0.506413
2699 0.506155
2700 0.505897
2701 0.505640
2702 0.505382
2703 0.505125
2704 0.504868
2705 0.504612
2706 0.504355
2707 0.504099
2708 0.503843
2709 0.503588
2710 0.503332
2711 0.503077
2712 0.502822
2713 0.502567
2714 0.502312
2715 0.502058
2716 0.501804
2717 0.501550
2718 0.501296
2719 0.501042
2720 0.500789
2721 0.500536
2722 0.500283
2723 0.500030
2724 0.499777
2725 0.499525
2726 0.499273
2727 0.499021
2728 0.498769
2729 0.498517
2730 0.498265
2731 0.498014
2732 0.497763
2733 0.497512
2734 0.497261
2735 0.497010
2736 0.496760
2737 0.496510
2738 0.496259
2739 0.496009
2740 0.495760
2741 0.495510
2742 0.495260
2743 0.495011
2744 0.494762
2745 0.494513
2746 0.494264
2747 0.494015
2748 0.493766
2749 0.493517
2750 0.493269
2751 0.493021
2752 0.492773
2753 0.492524
2754 0.492277
2755 0.492029
2756 0.491781
2757 0.491533
2758 0.491286
2759 0.491039
2760 0.490791
2761 0.490544
2762 0.490297
2763 0.490050
2764 0.489803
2765 0.489556
2766 0.489310
2767 0.489063
2768 0.488817
2769 0.488570
2770 0.488324
2771 0.488078
2772 0.487831
2773 0.487585
2774 0.487339
2775 0.487093
2776 0.486847
2777 0.486601
2778 0.486356
2779 0.486110
2780 0.485864
2781 0.485618
2782 0.485373
2783 0.485127
2784 0.484882
2785 0.484636
2786 0.484391
2787 0.484145
2788 0.483900
2789 0.483654
2790 0.483409
2791 0.483164
2792 0.482918
2793 0.482673
2794 0.482428
2795 0.482182
2796 0.481937
2797 0.481691
2798 0.481446
2799 0.481201
2800 0.480955
2801 0.480710
2802 0.480464
2803 0.480219
2804 0.479973
2805 0.479728
2806 0.479482
2807 0.479237
2808 0.478991
2809 0.478745
2810 0.478499
2811 0.478253
2812 0.478008
2813 0.477762
2814 0.477515
2815 0.477269
2816 0.477023
2817 0.476777
2818 0.476530
2819 0.476284
2820 0.476037
2821 0.475790
2822 0.475543
2823 0.475296
2824 0.475049
2825 0.474802
2826 0.474554
2827 0.474307
2828 0.474059
2829 0.473811
2830 0.473563
2831 0.473315
2832 0.473066
2833 0.472818
2834 0.472569
2835 0.472320
2836 0.472071
2837 0.471822
2838 0.471572
2839 0.471322
2840 0.471072
2841 0.470822
2842 0.470571
2843 0.470320
2844 0.470069
2845 0.469817
2846 0.469566
2847 0.469314
2848 0.469061
2849 0.468809
2850 0.468556
2851 0.468303
2852 0.468049
2853 0.467795
2854 0.467540
2855 0.467286
2856 0.467031
2857 0.466775
2858 0.466519
2859 0.466263
2860 0.466006
2861 0.465748
2862 0.465490
2863 0.465232
2864 0.464973
2865 0.464714
2866 0.464454
2867 0.464194
2868 0.463933
2869 0.463671
2870 0.463409
2871 0.463146
2872 0.462883
2873 0.462619
2874 0.462354
2875 0.462089
2876 0.461822
2877 0.461555
2878 0.461288
2879 0.461019
2880 0.460750
2881 0.460480
2882 0.460209
2883 0.459937
2884 0.459664
2885 0.459390
2886 0.459115
2887 0.458839
2888 0.458562
2889 0.458284
2890 0.458005
2891 0.457725
2892 0.457443
2893 0.457161
2894 0.456876
2895 0.456591
2896 0.456304
2897 0.456016
2898 0.455726
2899 0.455435
2900 0.455142
2901 0.454847
2902 0.454551
2903 0.454253
2904 0.453953
2905 0.453650
2906 0.453346
2907 0.453040
2908 0.452732
2909 0.452421
2910 0.452108
2911 0.451792
2912 0.451473
2913 0.451152
2914 0.450828
2915 0.450501
2916 0.450170
2917 0.449836
2918 0.449499
2919 0.449157
2920 0.448812
2921 0.448462
2922 0.448107
2923 0.447748
2924 0.447383
2925 0.447013
2926 0.446637
2927 0.446253
2928 0.445863
2929 0.445464
2930 0.445056
2931 0.444639
2932 0.444209
2933 0.443767
2934 0.443309
2935 0.442832
2936 0.442332
2937 0.441803
2938 0.441235
2939 0.440615
2940 0.439919
2941 0.439110
2942 0.438121
2943 0.436831
2944 0.435004
2945 0.432143
2946 0.427097
2947 0.416835
2948 0.393209
2949 0.312369
2950 0.305146
2951 0.316559
2952 0.313412
2953 0.340733
2954 0.384545
2955 0.408950
2956 0.326583
2957 0.402216
2958 0.363711
2959 0.507495
2960 0.905047
2961 0.687782
2962 0.587843
2963 0.506212
2964 0.415680
2965 0.343028
2966 0.276444
2967 0.275256
2968 0.270817
2969 0.275826
2970 0.271396
2971 0.280371
2972 0.271151
2973 0.288635
2974 0.268426
2975 0.304424
2976 0.266546
2977 0.325309
2978 0.268252
2979 0.341316
2980 0.278226
2981 0.323735
2982 0.270804
2983 0.345635
2984 0.339938
2985 0.298063
2986 0.282643
2987 0.311438
2988 0.286521
2989 0.304919
2990 0.294738
2991 0.300770
2992 0.301967
2993 0.304750
2994 0.307564
2995 0.310789
2996 0.314936
2997 0.321474
2998 0.337543
2999 0.494649
3000 0.691183
3001 0.769262
3002 0.622449
3003 0.496301
3004 0.416398
3005 0.383991
3006 0.375444
3007 0.383048
3008 0.406614
3009 0.446111
3010 0.488302
3011 0.509278
3012 0.496760
3013 0.459528
3014 0.419872
3015 0.390690
3016 0.373867
3017 0.367682
3018 0.371347
3019 0.386335
3020 0.415821
3021 0.458313
3022 0.497063
3023 0.514651
3024 0.500996
3025 0.461063
3026 0.413107
3027 0.371221
3028 0.338230
3029 0.311288
3030 0.289058
3031 0.276004
3032 0.270861
3033 0.267652
3034 0.265211
3035 0.263209
3036 0.261445
3037 0.259806
3038 0.258225
3039 0.256670
3040 0.255121
3041 0.253571
3042 0.252017
3043 0.250461
3044 0.248904
3045 0.247348
3046 0.245796
3047 0.244250
3048 0.242712
3049 0.241182
3050 0.239661
3051 0.238151
3052 0.236651
3053 0.235163
3054 0.233687
3055 0.232222
3056 0.230770
3057 0.229331
3058 0.227906
3059 0.226495
3060 0.225100
3061 0.223723
3062 0.222363
3063 0.221022
3064 0.219701
3065 0.218403
3066 0.217127
3067 0.215876
3068 0.214649
3069 0.213449
3070 0.212275
3071 0.211128
3072 0.210009
3073 0.208918
3074 0.207853
3075 0.206817
3076 0.205807
3077 0.204824
3078 0.203866
3079 0.202934
3080 0.202027
3081 0.201143
3082 0.200282
3083 0.199444
3084 0.198627
3085 0.197831
3086 0.197054
3087 0.196297
3088 0.195558
3089 0.194837
3090 0.194133
3091 0.193445
3092 0.192773
3093 0.192116
3094 0.191474
3095 0.190846
3096 0.190231
3097 0.189629
3098 0.189039
3099 0.188462
3100 0.187896
3101 0.187342
3102 0.186798
3103 0.186265
3104 0.185742
3105 0.185229
3106 0.184725
3107 0.184231
3108 0.183745
3109 0.183268
3110 0.182799
3111 0.182338
3112 0.181885
3113 0.181439
3114 0.181001
3115 0.180570
3116 0.180146
3117 0.179729
3118 0.179318
3119 0.178914
3120 0.178515
3121 0.178123
3122 0.177737
3123 0.177356
3124 0.176981
3125 0.176612
3126 0.176247
3127 0.175888
3128 0.175534
3129 0.175185
3130 0.174840
3131 0.174500
3132 0.174165
3133 0.173834
3134 0.173507
3135 0.173185
3136 0.172867
3137 0.172553
3138 0.172242
3139 0.171936
3140 0.171633
3141 0.171334
3142 0.171039
3143 0.170747
3144 0.170459
3145 0.170174
3146 0.169893
3147 0.169614
3148 0.169339
3149 0.169067
3150 0.168798
3151 0.168532
3152 0.168269
3153 0.168008
3154 0.167751
3155 0.167496
3156 0.167244
3157 0.166995
3158 0.166748
3159 0.166503
3160 0.166262
3161 0.166022
3162 0.165786
3163 0.165551
3164 0.165319
3165 0.165089
3166 0.164861
3167 0.164635
3168 0.164412
3169 0.164191
3170 0.163972
3171 0.163754
3172 0.163539
3173 0.163326
3174 0.163115
3175 0.162905
3176 0.162698
3177 0.162492
3178 0.162288
3179 0.162086
3180 0.161886
3181 0.161687
3182 0.161490
3183 0.161295
3184 0.161101
3185 0.160909
3186 0.160719
3187 0.160530
3188 0.160343
3189 0.160157
3190 0.159972
3191 0.159789
3192 0.159608
3193 0.159428
3194 0.159249
3195 0.159072
3196 0.158896
3197 0.158721
3198 0.158548
3199 0.158376
3200 0.158205
3201 0.158035
3202 0.157867
3203 0.157700
3204 0.157534
3205 0.157369
3206 0.157205
3207 0.157043
3208 0.156882
3209 0.156721
3210 0.156562
3211 0.156404
3212 0.156247
3213 0.156091
3214 0.155937
3215 0.155783
3216 0.155630
3217 0.155478
3218 0.155327
3219 0.155177
3220 0.155028
3221 0.154880
3222 0.154733
3223 0.154587
3224 0.154441
3225 0.154297
3226 0.154154
3227 0.154011
3228 0.153869
3229 0.153728
3230 0.153588
3231 0.153449
3232 0.153310
3233 0.153172
3234 0.153035
3235 0.152899
3236 0.152764
3237 0.152629
3238 0.152495
3239 0.152362
3240 0.152230
3241 0.152098
3242 0.151967
3243 0.151837
3244 0.151708
3245 0.151579
3246 0.151451
3247 0.151323
3248 0.151196
3249 0.151070
3250 0.150945
3251 0.150820
3252 0.150695
3253 0.150572
3254 0.150449
3255 0.150326
3256 0.150205
3257 0.150083
3258 0.149963
3259 0.149843
3260 0.149723
3261 0.149604
3262 0.149486
3263 0.149368
3264 0.149251
3265 0.149134
3266 0.149018
3267 0.148903
3268 0.148788
3269 0.148673
3270 0.148559
3271 0.148446
3272 0.148333
3273 0.148220
3274 0.148108
3275 0.147997
3276 0.147885
3277 0.147775
3278 0.147665
3279 0.147555
3280 0.147446
3281 0.147337
3282 0.147229
3283 0.147121
3284 0.147014
3285 0.146907
3286 0.146801
3287 0.146695
3288 0.146589
3289 0.146484
3290 0.146379
3291 0.146275
3292 0.146171
3293 0.146067
3294 0.145964
3295 0.145861
3296 0.145759
3297 0.145657
3298 0.145555
3299 0.145454
3300 0.145353
3301 0.145253
3302 0.145153
3303 0.145053
3304 0.144954
3305 0.144855
3306 0.144756
3307 0.144658
3308 0.144560
3309 0.144462
3310 0.144365
3311 0.144268
3312 0.144172
3313 0.144076
3314 0.143980
3315 0.143884
3316 0.143789
3317 0.143694
3318 0.143600
3319 0.143505
3320 0.143411
3321 0.143318
3322 0.143225
3323 0.143132
3324 0.143039
3325 0.142946
3326 0.142854
3327 0.142763
3328 0.142671
3329 0.142580
3330 0.142489
3331 0.142398
3332 0.142308
3333 0.142218
3334 0.142128
3335 0.142038
3336 0.141949
3337 0.141860
3338 0.141772
3339 0.141683
3340 0.141595
3341 0.141507
3342 0.141419
3343 0.141332
3344 0.141245
3345 0.141158
3346 0.141071
3347 0.140985
3348 0.140899
3349 0.140813
3350 0.140727
3351 0.140642
3352 0.140557
3353 0.140472
3354 0.140387
3355 0.140303
3356 0.140219
3357 0.140135
3358 0.140051
3359 0.139967
3360 0.139884
3361 0.139801
3362 0.139718
3363 0.139636
3364 0.139553
3365 0.139471
3366 0.139389
3367 0.139307
3368 0.139226
3369 0.139144
3370 0.139063
3371 0.138982
3372 0.138902
3373 0.138821
3374 0.138741
3375 0.138661
3376 0.138581
3377 0.138501
3378 0.138422
3379 0.138342
3380 0.138263
3381 0.138184
3382 0.138106
3383 0.138027
3384 0.137949
3385 0.137871
3386 0.137793
3387 0.137715
3388 0.137638
3389 0.137560
3390 0.137483
3391 0.137406
3392 0.137329
3393 0.137252
3394 0.137176
3395 0.137100
3396 0.137023
3397 0.136947
3398 0.136872
3399 0.136796
3400 0.136721
3401 0.136645
3402 0.136570
3403 0.136495
3404 0.136420
3405 0.136346
3406 0.136271
3407 0.136197
3408 0.136123
3409 0.136049
3410 0.135975
3411 0.135901
3412 0.135828
3413 0.135755
3414 0.135681
3415 0.135608
3416 0.135536
3417 0.135463
3418 0.135390
3419 0.135318
3420 0.135246
3421 0.135173
3422 0.135102
3423 0.135030
3424 0.134958
3425 0.134886
3426 0.134815
3427 0.134744
3428 0.134673
3429 0.134602
3430 0.134531
3431 0.134460
3432 0.134390
3433 0.134319
3434 0.134249
3435 0.134179
3436 0.134109
3437 0.134039
3438 0.133969
3439 0.133900
3440 0.133830
3441 0.133761
3442 0.133692
3443 0.133623
3444 0.133554
3445 0.133485
3446 0.133417
3447 0.133348
3448 0.133280
3449 0.133211
3450 0.133143
3451 0.133075
3452 0.133007
3453 0.132939
3454 0.132872
3455 0.132804
3456 0.132737
3457 0.132670
3458 0.132602
3459 0.132535
3460 0.132468
3461 0.132402
3462 0.132335
3463 0.132268
3464 0.132202
3465 0.132136
3466 0.132069
3467 0.132003
3468 0.131937
3469 0.131871
3470 0.131806
3471 0.131740
3472 0.131674
3473 0.131609
3474 0.131544
3475 0.131478
3476 0.131413
3477 0.131348
3478 0.131283
3479 0.131219
3480 0.131154
3481 0.131089
3482 0.131025
3483 0.130961
3484 0.130896
3485 0.130832
3486 0.130768
3487 0.130704
3488 0.130641
3489 0.130577
3490 0.130513
3491 0.130450
3492 0.130386
3493 0.130323
3494 0.130260
3495 0.130197
3496 0.130134
3497 0.130071
3498 0.130008
3499 0.129945
3500 0.129883
3501 0.129820
3502 0.129758
3503 0.129695
3504 0.129633
3505 0.129571
3506 0.129509
3507 0.129447
3508 0.129385
3509 0.129323
3510 0.129262
3511 0.129200
3512 0.129139
3513 0.129077
3514 0.129016
3515 0.128955
3516 0.128894
3517 0.128833
3518 0.128772
3519 0.128711
3520 0.128650
3521 0.128589
3522 0.128529
3523 0.128468
3524 0.128408
3525 0.128348
3526 0.128287
3527 0.128227
3528 0.128167
3529 0.128107
3530 0.128047
3531 0.127988
3532 0.127928
3533 0.127868
3534 0.127809
3535 0.127749
3536 0.127690
3537 0.127631
3538 0.127571
3539 0.127512
3540 0.127453
3541 0.127394
3542 0.127335
3543 0.127277
3544 0.127218
3545 0.127159
3546 0.127101
3547 0.127042
3548 0.126984
3549 0.126926
3550 0.126867
3551 0.126809
3552 0.126751
3553 0.126693
3554 0.126635
3555 0.126577
3556 0.126520
3557 0.126462
3558 0.126404
3559 0.126347
3560 0.126289
3561 0.126232
3562 0.126175
3563 0.126117
3564 0.126060
3565 0.126003
3566 0.125946
3567 0.125889
3568 0.125832
3569 0.125776
3570 0.125719
3571 0.125662
3572 0.125606
3573 0.125549
3574 0.125493
3575 0.125436
3576 0.125380
3577 0.125324
3578 0.125268
3579 0.125212
3580 0.125156
3581 0.125100
3582 0.125044
3583 0.124988
3584 0.124933
3585 0.124877
3586 0.124821
3587 0.124766
3588 0.124710
3589 0.124655
3590 0.124600
3591 0.124545
3592 0.124489
3593 0.124434
3594 0.124379
3595 0.124324
3596 0.124269
3597 0.124215
3598 0.124160
3599 0.124105
3600 0.124051
3601 0.123996
3602 0.123942
3603 0.123887
3604 0.123833
3605 0.123778
3606 0.123724
3607 0.123670
3608 0.123616
3609 0.123562
3610 0.123508
3611 0.123454
3612 0.123400
3613 0.123347
3614 0.123293
3615 0.123239
3616 0.123186
3617 0.123132
3618 0.123079
3619 0.123025
3620 0.122972
3621 0.122919
3622 0.122865
3623 0.122812
3624 0.122759
3625 0.122706
3626 0.122653
3627 0.122600
3628 0.122548
3629 0.122495
3630 0.122442
3631 0.122389
3632 0.122337
3633 0.122284
3634 0.122232
3635 0.122179
3636 0.122127
3637 0.122075
3638 0.122023
3639 0.121970
3640 0.121918
3641 0.121866
3642 0.121814
3643 0.121762
3644 0.121710
3645 0.121659
3646 0.121607
3647 0.121555
3648 0.121504
3649 0.121452
3650 0.121400
3651 0.121349
3652 0.121298
3653 0.121246
3654 0.121195
3655 0.121144
3656 0.121093
3657 0.121041
3658 0.120990
3659 0.120939
3660 0.120888
3661 0.120838
3662 0.120787
3663 0.120736
3664 0.120685
3665 0.120635
3666 0.120584
3667 0.120533
3668 0.120483
3669 0.120432
3670 0.120382
3671 0.120332
3672 0.120281
3673 0.120231
3674 0.120181
3675 0.120131
3676 0.120081
3677 0.120031
3678 0.119981
3679 0.119931
3680 0.119881
3681 0.119831
3682 0.119782
3683 0.119732
3684 0.119682
3685 0.119633
3686 0.119583
3687 0.119534
3688 0.119484
3689 0.119435
3690 0.119386
3691 0.119336
3692 0.119287
3693 0.119238
3694 0.119189
3695 0.119140
3696 0.119091
3697 0.119042
3698 0.118993
3699 0.118944
3700 0.118895
3701 0.118847
3702 0.118798
3703 0.118749
3704 0.118701
3705 0.118652
3706 0.118604
3707 0.118555
3708 0.118507
3709 0.118459
3710 0.118410
3711 0.118362
3712 0.118314
3713 0.118266
3714 0.118218
3715 0.118170
3716 0.118122
3717 0.118074
3718 0.118026
3719 0.117978
3720 0.117931
3721 0.117883
3722 0.117835
3723 0.117788
3724 0.117740
3725 0.117693
3726 0.117645
3727 0.117598
3728 0.117550
3729 0.117503
3730 0.117456
3731 0.117409
3732 0.117361
3733 0.117314
3734 0.117267
3735 0.117220
3736 0.117173
3737 0.117126
3738 0.117079
3739 0.117033
3740 0.116986
3741 0.116939
3742 0.116892
3743 0.116846
3744 0.116799
3745 0.116753
3746 0.116706
3747 0.116660
3748 0.116613
3749 0.116567
3750 0.116521
3751 0.116475
3752 0.116428
3753 0.116382
3754 0.116336
3755 0.116290
3756 0.116244
3757 0.116198
3758 0.116152
3759 0.116106
3760 0.116060
3761 0.116015
3762 0.115969
3763 0.115923
3764 0.115878
3765 0.115832
3766 0.115787
3767 0.115741
3768 0.115696
3769 0.115650
3770 0.115605
3771 0.115560
3772 0.115514
3773 0.115469
3774 0.115424
3775 0.115379
3776 0.115334
3777 0.115289
3778 0.115244
3779 0.115199
3780 0.115154
3781 0.115109
3782 0.115064
3783 0.115019
3784 0.114975
3785 0.114930
3786 0.114885
3787 0.114841
3788 0.114796
3789 0.114752
3790 0.114707
3791 0.114663
3792 0.114619
3793 0.114574
3794 0.114530
3795 0.114486
3796 0.114442
3797 0.114398
3798 0.114353
3799 0.114309
3800 0.114265
3801 0.114221
3802 0.114178
3803 0.114134
3804 0.114090
3805 0.114046
3806 0.114002
3807 0.113959
3808 0.113915
3809 0.113871
3810 0.113828
3811 0.113784
3812 0.113741
3813 0.113697
3814 0.113654
3815 0.113611
3816 0.113567
3817 0.113524
3818 0.113481
3819 0.113438
3820 0.113395
3821 0.113352
3822 0.113308
3823 0.113265
3824 0.113223
3825 0.113180
3826 0.113137
3827 0.113094
3828 0.113051
3829 0.113008
3830 0.112966
3831 0.112923
3832 0.112880
3833 0.112838
3834 0.112795
3835 0.112753
3836 0.112710
3837 0.112668
3838 0.112625
3839 0.112583
3840 0.112541
3841 0.112499
3842 0.112456
3843 0.112414
3844 0.112372
3845 0.112330
3846 0.112288
3847 0.112246
3848 0.112204
3849 0.112162
3850 0.112120
3851 0.112078
3852 0.112036
3853 0.111995
3854 0.111953
3855 0.111911
3856 0.111870
3857 0.111828
3858 0.111786
3859 0.111745
3860 0.111703
3861 0.111662
3862 0.111621
3863 0.111579
3864 0.111538
3865 0.111497
3866 0.111455
3867 0.111414
3868 0.111373
3869 0.111332
3870 0.111291
3871 0.111250
3872 0.111209
3873 0.111168
3874 0.111127
3875 0.111086
3876 0.111045
3877 0.111004
3878 0.110963
3879 0.110922
3880 0.110882
3881 0.110841
3882 0.110800
3883 0.110760
3884 0.110719
3885 0.110679
3886 0.110638
3887 0.110598
3888 0.110557
3889 0.110517
3890 0.110476
3891 0.110436
3892 0.110396
3893 0.110356
3894 0.110315
3895 0.110275
3896 0.110235
3897 0.110195
3898 0.110155
3899 0.110115
3900 0.110075
3901 0.110035
3902 0.109995
3903 0.109955
3904 0.109915
3905 0.109876
3906 0.109836
3907 0.109796
3908 0.109756
3909 0.109717
3910 0.109677
3911 0.109637
3912 0.109598
3913 0.109558
3914 0.109519
3915 0.109479
3916 0.109440
3917 0.109401
3918 0.109361
3919 0.109322
3920 0.109283
3921 0.109243
3922 0.109204
3923 0.109165
3924 0.109126
3925 0.109087
3926 0.109047
3927 0.109008
3928 0.108969
3929 0.108930
3930 0.108891
3931 0.108852
3932 0.108814
3933 0.108775
3934 0.108736
3935 0.108697
3936 0.108658
3937 0.108620
3938 0.108581
3939 0.108542
3940 0.108504
3941 0.108465
3942 0.108426
3943 0.108388
3944 0.108349
3945 0.108311
3946 0.108272
3947 0.108234
3948 0.108196
3949 0.108157
3950 0.108119
3951 0.108081
3952 0.108042
3953 0.108004
3954 0.107966
3955 0.107928
3956 0.107889
3957 0.107851
3958 0.107813
3959 0.107775
3960 0.107737
3961 0.107699
3962 0.107661
3963 0.107623
3964 0.107585
3965 0.107547
3966 0.107510
3967 0.107472
3968 0.107434
3969 0.107396
3970 0.107358
3971 0.107321
3972 0.107283
3973 0.107245
3974 0.107208
3975 0.107170
3976 0.107133
3977 0.107095
3978 0.107058
3979 0.107020
3980 0.106983
3981 0.106945
3982 0.106908
3983 0.106870
3984 0.106833
3985 0.106796
3986 0.106758
3987 0.106721
3988 0.106684
3989 0.106647
3990 0.106609
3991 0.106572
3992 0.106535
3993 0.106498
3994 0.106461
3995 0.106424
3996 0.106387
3997 0.106350
3998 0.106313
3999 0.106276
4000 0.106239
4001 0.106202
4002 0.106165
4003 0.106128
4004 0.106091
4005 0.106055
4006 0.106018
4007 0.105981
4008 0.105944
4009 0.105908
4010 0.105871
4011 0.105834
4012 0.105798
4013 0.105761
4014 0.105724
4015 0.105688
4016 0.105651
4017 0.105615
4018 0.105578
4019 0.105542
4020 0.105505
4021 0.105469
4022 0.105432
4023 0.105396
4024 0.105360
4025 0.105323
4026 0.105287
4027 0.105251
4028 0.105214
4029 0.105178
4030 0.105142
4031 0.105106
4032 0.105069
4033 0.105033
4034 0.104997
4035 0.104961
4036 0.104925
4037 0.104889
4038 0.104853
4039 0.104817
4040 0.104781
4041 0.104745
4042 0.104709
4043 0.104673
4044 0.104637
4045 0.104601
4046 0.104565
4047 0.104529
4048 0.104493
4049 0.104457
4050 0.104421
4051 0.104386
4052 0.104350
4053 0.104314
4054 0.104278
4055 0.104243
4056 0.104207
4057 0.104171
4058 0.104136
4059 0.104100
4060 0.104064
4061 0.104029
4062 0.103993
4063 0.103958
4064 0.103922
4065 0.103886
4066 0.103851
4067 0.103815
4068 0.103780
4069 0.103744
4070 0.103709
4071 0.103674
4072 0.103638
4073 0.103603
4074 0.103567
4075 0.103532
4076 0.103497
4077 0.103461
4078 0.103426
4079 0.103391
4080 0.103355
4081 0.103320
4082 0.103285
4083 0.103250
4084 0.103215
4085 0.103179
4086 0.103144
4087 0.103109
4088 0.103074
4089 0.103039
4090 0.103004
4091 0.102969
4092 0.102933
4093 0.102898
4094 0.102863
4095 0.102828
4096 0.102793
4097 0.102758
4098 0.102723
4099 0.102688
4100 0.102653
4101 0.102618
4102 0.102583
4103 0.102549
4104 0.102514
4105 0.102479
4106 0.102444
4107 0.102409
4108 0.102374
4109 0.102339
4110 0.102305
4111 0.102270
4112 0.102235
4113 0.102200
4114 0.102165
4115 0.102131
4116 0.102096
4117 0.102061
4118 0.102026
4119 0.101992
4120 0.101957
4121 0.101922
4122 0.101888
4123 0.101853
4124 0.101819
4125 0.101784
4126 0.101749
4127 0.101715
4128 0.101680
4129 0.101646
4130 0.101611
4131 0.101576
4132 0.101542
4133 0.101507
4134 0.101473
4135 0.101438
4136 0.101404
4137 0.101369
4138 0.101335
4139 0.101301
4140 0.101266
4141 0.101232
4142 0.101197
4143 0.101163
4144 0.101129
4145 0.101094
4146 0.101060
4147 0.101025
4148 0.100991
4149 0.100957
4150 0.100922
4151 0.100888
4152 0.100854
4153 0.100820
4154 0.100785
4155 0.100751
4156 0.100717
4157 0.100683
4158 0.100648
4159 0.100614
4160 0.100580
4161 0.100546
4162 0.100511
4163 0.100477
4164 0.100443
4165 0.100409
4166 0.100375
4167 0.100341
4168 0.100307
4169 0.100272
4170 0.100238
4171 0.100204
4172 0.100170
4173 0.100136
4174 0.100102
4175 0.100068
4176 0.100034
4177 0.100000
4178 0.099966
4179 0.099932
4180 0.099898
4181 0.099864
4182 0.099830
4183 0.099796
4184 0.099762
4185 0.099728
4186 0.099694
4187 0.099660
4188 0.099626
4189 0.099592
4190 0.099558
4191 0.099524
4192 0.099490
4193 0.099456
4194 0.099422
4195 0.099389
4196 0.099355
4197 0.099321
4198 0.099287
4199 0.099253
4200 0.099219
4201 0.099185
4202 0.099152
4203 0.099118
4204 0.099084
4205 0.099050
4206 0.099016
4207 0.098983
4208 0.098949
4209 0.098915
4210 0.098881
4211 0.098848
4212 0.098814
4213 0.098780
4214 0.098746
4215 0.098713
4216 0.098679
4217 0.098645
4218 0.098612
4219 0.098578
4220 0.098544
4221 0.098510
4222 0.098477
4223 0.098443
4224 0.098410
4225 0.098376
4226 0.098342
4227 0.098309
4228 0.098275
4229 0.098241
4230 0.098208
4231 0.098174
4232 0.098141
4233 0.098107
4234 0.098073
4235 0.098040
4236 0.098006
4237 0.097973
4238 0.097939
4239 0.097906
4240 0.097872
4241 0.097838
4242 0.097805
4243 0.097771
4244 0.097738
4245 0.097704
4246 0.097671
4247 0.097637
4248 0.097604
4249 0.097570
4250 0.097537
4251 0.097504
4252 0.097470
4253 0.097437
4254 0.097403
4255 0.097370
4256 0.097336
4257 0.097303
4258 0.097269
4259 0.097236
4260 0.097203
4261 0.097169
4262 0.097136
4263 0.097102
4264 0.097069
4265 0.097036
4266 0.097002
4267 0.096969
4268 0.096936
4269 0.096902
4270 0.096869
4271 0.096836
4272 0.096802
4273 0.096769
4274 0.096736
4275 0.096702
4276 0.096669
4277 0.096636
4278 0.096602
4279 0.096569
4280 0.096536
4281 0.096503
4282 0.096469
4283 0.096436
4284 0.096403
4285 0.096370
4286 0.096336
4287 0.096303
4288 0.096270
4289 0.096237
4290 0.096203
4291 0.096170
4292 0.096137
4293 0.096104
4294 0.096071
4295 0.096037
4296 0.096004
4297 0.095971
4298 0.095938
4299 0.095905
4300 0.095872
4301 0.095838
4302 0.095805
4303 0.095772
4304 0.095739
4305 0.095706
4306 0.095673
4307 0.095640
4308 0.095607
4309 0.095573
4310 0.095540
4311 0.095507
4312 0.095474
4313 0.095441
4314 0.095408
4315 0.095375
4316 0.095342
4317 0.095309
4318 0.095276
4319 0.095243
4320 0.095210
4321 0.095177
4322 0.095144
4323 0.095111
4324 0.095078
4325 0.095045
4326 0.095012
4327 0.094979
4328 0.094946
4329 0.094913
4330 0.094880
4331 0.094847
4332 0.094814
4333 0.094781
4334 0.094748
4335 0.094715
4336 0.094682
4337 0.094649
4338 0.094616
4339 0.094583
4340 0.094550
4341 0.094517
4342 0.094485
4343 0.094452
4344 0.094419
4345 0.094386
4346 0.094353
4347 0.094320
4348 0.094287
4349 0.094254
4350 0.094222
4351 0.094189
4352 0.094156
4353 0.094123
4354 0.094090
4355 0.094057
4356 0.094025
4357 0.093992
4358 0.093959
4359 0.093926
4360 0.093893
4361 0.093861
4362 0.093828
4363 0.093795
4364 0.093762
4365 0.093730
4366 0.093697
4367 0.093664
4368 0.093631
4369 0.093599
4370 0.093566
4371 0.093533
4372 0.093501
4373 0.093468
4374 0.093435
4375 0.093402
4376 0.093370
4377 0.093337
4378 0.093304
4379 0.093272
4380 0.093239
4381 0.093207
4382 0.093174
4383 0.093141
4384 0.093109
4385 0.093076
4386 0.093043
4387 0.093011
4388 0.092978
4389 0.092946
4390 0.092913
4391 0.092880
4392 0.092848
4393 0.092815
4394 0.092783
4395 0.092750
4396 0.092718
4397 0.092685
4398 0.092653
4399 0.092620
4400 0.092588
4401 0.092555
4402 0.092523
4403 0.092490
4404 0.092458
4405 0.092425
4406 0.092393
4407 0.092360
4408 0.092328
4409 0.092295
4410 0.092263
4411 0.092231
4412 0.092198
4413 0.092166
4414 0.092133
4415 0.092101
4416 0.092069
4417 0.092036
4418 0.092004
4419 0.091971
4420 0.091939
4421 0.091907
4422 0.091874
4423 0.091842
4424 0.091810
4425 0.091777
4426 0.091745
4427 0.091713
4428 0.091680
4429 0.091648
4430 0.091616
4431 0.091584
4432 0.091551
4433 0.091519
4434 0.091487
4435 0.091455
4436 0.091422
4437 0.091390
4438 0.091358
4439 0.091326
4440 0.091294
4441 0.091261
4442 0.091229
4443 0.091197
4444 0.091165
4445 0.091133
4446 0.091101
4447 0.091068
4448 0.091036
4449 0.091004
4450 0.090972
4451 0.090940
4452 0.090908
4453 0.090876
4454 0.090844
4455 0.090812
4456 0.090780
4457 0.090747
4458 0.090715
4459 0.090683
4460 0.090651
4461 0.090619
4462 0.090587
4463 0.090555
4464 0.090523
4465 0.090491
4466 0.090459
4467 0.090427
4468 0.090395
4469 0.090363
4470 0.090332
4471 0.090300
4472 0.090268
4473 0.090236
4474 0.090204
4475 0.090172
4476 0.090140
4477 0.090108
4478 0.090076
4479 0.090045
4480 0.090013
4481 0.089981
4482 0.089949
4483 0.089917
4484 0.089885
4485 0.089854
4486 0.089822
4487 0.089790
4488 0.089758
4489 0.089726
4490 0.089695
4491 0.089663
4492 0.089631
4493 0.089599
4494 0.089568
4495 0.089536
4496 0.089504
4497 0.089473
4498 0.089441
4499 0.089409
4500 0.089378
4501 0.089346
4502 0.089314
4503 0.089283
4504 0.089251
4505 0.089220
4506 0.089188
4507 0.089156
4508 0.089125
4509 0.089093
4510 0.089062
4511 0.089030
4512 0.088999
4513 0.088967
4514 0.088936
4515 0.088904
4516 0.088873
4517 0.088841
4518 0.088810
4519 0.088778
4520 0.088747
4521 0.088715
4522 0.088684
4523 0.088652
4524 0.088621
4525 0.088590
4526 0.088558
4527 0.088527
4528 0.088495
4529 0.088464
4530 0.088433
4531 0.088401
4532 0.088370
4533 0.088339
4534 0.088307
4535 0.088276
4536 0.088245
4537 0.088214
4538 0.088182
4539 0.088151
4540 0.088120
4541 0.088089
4542 0.088057
4543 0.088026
4544 0.087995
4545 0.087964
4546 0.087933
4547 0.087901
4548 0.087870
4549 0.087839
4550 0.087808
4551 0.087777
4552 0.087746
4553 0.087715
4554 0.087684
4555 0.087652
4556 0.087621
4557 0.087590
4558 0.087559
4559 0.087528
4560 0.087497
4561 0.087466
4562 0.087435
4563 0.087404
4564 0.087373
4565 0.087342
4566 0.087311
4567 0.087280
4568 0.087249
4569 0.087219
4570 0.087188
4571 0.087157
4572 0.087126
4573 0.087095
4574 0.087064
4575 0.087033
4576 0.087002
4577 0.086972
4578 0.086941
4579 0.086910
4580 0.086879
4581 0.086848
4582 0.086818
4583 0.086787
4584 0.086756
4585 0.086725
4586 0.086695
4587 0.086664
4588 0.086633
4589 0.086603
4590 0.086572
4591 0.086541
4592 0.086511
4593 0.086480
4594 0.086449
4595 0.086419
4596 0.086388
4597 0.086358
4598 0.086327
4599 0.086296
4600 0.086266
4601 0.086235
4602 0.086205
4603 0.086174
4604 0.086144
4605 0.086113
4606 0.086083
4607 0.086052
4608 0.086022
4609 0.085991
4610 0.085961
4611 0.085931
4612 0.085900
4613 0.085870
4614 0.085839
4615 0.085809
4616 0.085779
4617 0.085748
4618 0.085718
4619 0.085688
4620 0.085657
4621 0.085627
4622 0.085597
4623 0.085566
4624 0.085536
4625 0.085506
4626 0.085476
4627 0.085446
4628 0.085415
4629 0.085385
4630 0.085355
4631 0.085325
4632 0.085295
4633 0.085264
4634 0.085234
4635 0.085204
4636 0.085174
4637 0.085144
4638 0.085114
4639 0.085084
4640 0.085054
4641 0.085024
4642 0.084994
4643 0.084964
4644 0.084934
4645 0.084904
4646 0.084874
4647 0.084844
4648 0.084814
4649 0.084784
4650 0.084754
4651 0.084724
4652 0.084694
4653 0.084664
4654 0.084634
4655 0.084604
4656 0.084575
4657 0.084545
4658 0.084515
4659 0.084485
4660 0.084455
4661 0.084426
4662 0.084396
4663 0.084366
4664 0.084336
4665 0.084307
4666 0.084277
4667 0.084247
4668 0.084217
4669 0.084188
4670 0.084158
4671 0.084128
4672 0.084099
4673 0.084069
4674 0.084040
4675 0.084010
4676 0.083980
4677 0.083951
4678 0.083921
4679 0.083892
4680 0.083862
4681 0.083833
4682 0.083803
4683 0.083774
4684 0.083744
4685 0.083715
4686 0.083685
4687 0.083656
4688 0.083626
4689 0.083597
4690 0.083567
4691 0.083538
4692 0.083509
4693 0.083479
4694 0.083450
4695 0.083421
4696 0.083391
4697 0.083362
4698 0.083333
4699 0.083303
4700 0.083274
4701 0.083245
4702 0.083216
4703 0.083186
4704 0.083157
4705 0.083128
4706 0.083099
4707 0.083069
4708 0.083040
4709 0.083011
4710 0.082982
4711 0.082953
4712 0.082924
4713 0.082895
4714 0.082866
4715 0.082836
4716 0.082807
4717 0.082778
4718 0.082749
4719 0.082720
4720 0.082691
4721 0.082662
4722 0.082633
4723 0.082604
4724 0.082575
4725 0.082546
4726 0.082517
4727 0.082489
4728 0.082460
4729 0.082431
4730 0.082402
4731 0.082373
4732 0.082344
4733 0.082315
4734 0.082287
4735 0.082258
4736 0.082229
4737 0.082200
4738 0.082171
4739 0.082143
4740 0.082114
4741 0.082085
4742 0.082056
4743 0.082028
4744 0.081999
4745 0.081970
4746 0.081942
4747 0.081913
4748 0.081884
4749 0.081856
4750 0.081827
4751 0.081798
4752 0.081770
4753 0.081741
4754 0.081713
4755 0.081684
4756 0.081656
4757 0.081627
4758 0.081599
4759 0.081570
4760 0.081542
4761 0.081513
4762 0.081485
4763 0.081456
4764 0.081428
4765 0.081399
4766 0.081371
4767 0.081343
4768 0.081314
4769 0.081286
4770 0.081258
4771 0.081229
4772 0.081201
4773 0.081173
4774 0.081144
4775 0.081116
4776 0.081088
4777 0.081060
4778 0.081031
4779 0.081003
4780 0.080975
4781 0.080947
4782 0.080918
4783 0.080890
4784 0.080862
4785 0.080834
4786 0.080806
4787 0.080778
4788 0.080750
4789 0.080721
4790 0.080693
4791 0.080665
4792 0.080637
4793 0.080609
4794 0.080581
4795 0.080553
4796 0.080525
4797 0.080497
4798 0.080469
4799 0.080441
4800 0.080413
4801 0.080385
4802 0.080357
4803 0.080329
4804 0.080302
4805 0.080274
4806 0.080246
4807 0.080218
4808 0.080190
4809 0.080162
4810 0.080134
4811 0.080107
4812 0.080079
4813 0.080051
4814 0.080023
4815 0.079995
4816 0.079968
4817 0.079940
4818 0.079912
4819 0.079885
4820 0.079857
4821 0.079829
4822 0.079801
4823 0.079774
4824 0.079746
4825 0.079719
4826 0.079691
4827 0.079663
4828 0.079636
4829 0.079608
4830 0.079581
4831 0.079553
4832 0.079525
4833 0.079498
4834 0.079470
4835 0.079443
4836 0.079415
4837 0.079388
4838 0.079360
4839 0.079333
4840 0.079306
4841 0.079278
4842 0.079251
4843 0.079223
4844 0.079196
4845 0.079169
4846 0.079141
4847 0.079114
4848 0.079087
4849 0.079059
4850 0.079032
4851 0.079005
4852 0.078977
4853 0.078950
4854 0.078923
4855 0.078895
4856 0.078868
4857 0.078841
4858 0.078814
4859 0.078787
4860 0.078759
4861 0.078732
4862 0.078705
4863 0.078678
4864 0.078651
4865 0.078624
4866 0.078596
4867 0.078569
4868 0.078542
4869 0.078515
4870 0.078488
4871 0.078461
4872 0.078434
4873 0.078407
4874 0.078380
4875 0.078353
4876 0.078326
4877 0.078299
4878 0.078272
4879 0.078245
4880 0.078218
4881 0.078191
4882 0.078164
4883 0.078137
4884 0.078110
4885 0.078084
4886 0.078057
4887 0.078030
4888 0.078003
4889 0.077976
4890 0.077949
4891 0.077923
4892 0.077896
4893 0.077869
4894 0.077842
4895 0.077815
4896 0.077789
4897 0.077762
4898 0.077735
4899 0.077708
4900 0.077682
4901 0.077655
4902 0.077628
4903 0.077602
4904 0.077575
4905 0.077548
4906 0.077522
4907 0.077495
4908 0.077468
4909 0.077442
4910 0.077415
4911 0.077389
4912 0.077362
4913 0.077336
4914 0.077309
4915 0.077283
4916 0.077256
4917 0.077229
4918 0.077203
4919 0.077176
4920 0.077150
4921 0.077124
4922 0.077097
4923 0.077071
4924 0.077044
4925 0.077018
4926 0.076991
4927 0.076965
4928 0.076939
4929 0.076912
4930 0.076886
4931 0.076860
4932 0.076833
4933 0.076807
4934 0.076781
4935 0.076754
4936 0.076728
4937 0.076702
4938 0.076675
4939 0.076649
4940 0.076623
4941 0.076597
4942 0.076570
4943 0.076544
4944 0.076518
4945 0.076492
4946 0.076466
4947 0.076439
4948 0.076413
4949 0.076387
4950 0.076361
4951 0.076335
4952 0.076309
4953 0.076283
4954 0.076257
4955 0.076230
4956 0.076204
4957 0.076178
4958 0.076152
4959 0.076126
4960 0.076100
4961 0.076074
4962 0.076048
4963 0.076022
4964 0.075996
4965 0.075970
4966 0.075944
4967 0.075918
4968 0.075892
4969 0.075866
4970 0.075840
4971 0.075814
4972 0.075789
4973 0.075763
4974 0.075737
4975 0.075711
4976 0.075685
4977 0.075659
4978 0.075633
4979 0.075608
4980 0.075582
4981 0.075556
4982 0.075530
4983 0.075504
4984 0.075479
4985 0.075453
4986 0.075427
4987 0.075401
4988 0.075375
4989 0.075350
4990 0.075324
4991 0.075298
4992 0.075273
4993 0.075247
4994 0.075221
4995 0.075196
4996 0.075170
4997 0.075144
4998 0.075119
4999 0.075093
