0 24.563494
1 24.443583
2 24.741042
3 24.871006
4 24.934875
5 24.974181
6 25.001454
7 25.020454
8 25.032053
9 25.035509
10 25.028106
11 25.003695
12 24.949466
13 24.839520
14 24.629803
15 24.283745
16 23.800891
17 23.148067
18 22.242008
19 21.043657
20 19.649949
21 18.243134
22 16.963482
23 15.871653
24 14.969693
25 14.231184
26 13.622647
27 13.113630
28 12.679455
29 12.300812
30 11.962595
31 11.652863
32 11.362037
33 11.082172
34 10.806234
35 10.527639
36 10.240578
37 9.941280
38 9.629043
39 9.305683
40 8.973981
41 8.636560
42 8.295534
43 7.952628
44 7.609434
45 7.267620
46 6.929009
47 6.595520
48 6.269040
49 5.951310
50 5.643868
51 5.348022
52 5.064820
53 4.795013
54 4.539056
55 4.297124
56 4.069166
57 3.854966
58 3.654204
59 3.466494
60 3.291404
61 3.128463
62 2.977164
63 2.836964
64 2.707298
65 2.587583
66 2.477224
67 2.375620
68 2.282165
69 2.196253
70 2.117280
71 2.044651
72 1.977783
73 1.916119
74 1.859129
75 1.806318
76 1.757231
77 1.711459
78 1.668635
79 1.628436
80 1.590582
81 1.554832
82 1.520979
83 1.488847
84 1.458288
85 1.429176
86 1.401403
87 1.374880
88 1.349529
89 1.325281
90 1.302079
91 1.279870
92 1.258609
93 1.238252
94 1.218762
95 1.200102
96 1.182238
97 1.165138
98 1.148773
99 1.133112
100 1.118127
101 1.103791
102 1.090078
103 1.076961
104 1.064416
105 1.052419
106 1.040947
107 1.029977
108 1.019488
109 1.009458
110 0.999868
111 0.990699
112 0.981931
113 0.973547
114 0.965531
115 0.957867
116 0.950539
117 0.943532
118 0.936834
119 0.930431
120 0.924311
121 0.918463
122 0.912875
123 0.907538
124 0.902442
125 0.897577
126 0.892935
127 0.888509
128 0.884290
129 0.880272
130 0.876448
131 0.872811
132 0.869356
133 0.866077
134 0.862969
135 0.860026
136 0.857245
137 0.854620
138 0.852147
139 0.849823
140 0.847643
141 0.845603
142 0.843701
143 0.841932
144 0.840293
145 0.838781
146 0.837394
147 0.836127
148 0.834979
149 0.833946
150 0.833025
151 0.832214
152 0.831511
153 0.830912
154 0.830416
155 0.830019
156 0.829720
157 0.829515
158 0.829403
159 0.829382
160 0.829449
161 0.829601
162 0.829837
163 0.830155
164 0.830553
165 0.831027
166 0.831577
167 0.832201
168 0.832895
169 0.833659
170 0.834491
171 0.835388
172 0.836349
173 0.837371
174 0.838454
175 0.839595
176 0.840793
177 0.842046
178 0.843352
179 0.844709
180 0.846117
181 0.847573
182 0.849075
183 0.850623
184 0.852215
185 0.853849
186 0.855524
187 0.857238
188 0.858990
189 0.860778
190 0.862602
191 0.864459
192 0.866349
193 0.868269
194 0.870220
195 0.872199
196 0.874204
197 0.876236
198 0.878291
199 0.880370
200 0.882471
201 0.884592
202 0.886732
203 0.888890
204 0.891064
205 0.893253
206 0.895456
207 0.897671
208 0.899897
209 0.902133
210 0.904377
211 0.906627
212 0.908883
213 0.911142
214 0.913403
215 0.915665
216 0.917927
217 0.920185
218 0.922440
219 0.924689
220 0.926930
221 0.929163
222 0.931385
223 0.933595
224 0.935791
225 0.937972
226 0.940135
227 0.942279
228 0.944403
229 0.946505
230 0.948583
231 0.950635
232 0.952661
233 0.954658
234 0.956626
235 0.958563
236 0.960467
237 0.962338
238 0.964175
239 0.965976
240 0.967740
241 0.969468
242 0.971157
243 0.972809
244 0.974422
245 0.975997
246 0.977532
247 0.979030
248 0.980490
249 0.981912
250 0.983297
251 0.984645
252 0.985959
253 0.987238
254 0.988484
255 0.989697
256 0.990879
257 0.992030
258 0.993152
259 0.994245
260 0.995309
261 0.996346
262 0.997356
263 0.998337
264 0.999291
265 1.000216
266 1.001111
267 1.001976
268 1.002809
269 1.003608
270 1.004372
271 1.005099
272 1.005787
273 1.006434
274 1.007039
275 1.007599
276 1.008112
277 1.008579
278 1.008997
279 1.009365
280 1.009684
281 1.009952
282 1.010170
283 1.010339
284 1.010457
285 1.010527
286 1.010549
287 1.010524
288 1.010453
289 1.010337
290 1.010178
291 1.009977
292 1.009735
293 1.009453
294 1.009132
295 1.008774
296 1.008380
297 1.007950
298 1.007487
299 1.006991
300 1.006464
301 1.005907
302 1.005321
303 1.004708
304 1.004069
305 1.003405
306 1.002719
307 1.002013
308 1.001286
309 1.000543
310 0.999784
311 0.999010
312 0.998225
313 0.997429
314 0.996625
315 0.995815
316 0.994999
317 0.994180
318 0.993360
319 0.992539
320 0.991720
321 0.990904
322 0.990092
323 0.989285
324 0.988485
325 0.987693
326 0.986910
327 0.986136
328 0.985373
329 0.984621
330 0.983881
331 0.983154
332 0.982440
333 0.981739
334 0.981052
335 0.980380
336 0.979722
337 0.979078
338 0.978450
339 0.977837
340 0.977238
341 0.976655
342 0.976088
343 0.975535
344 0.974998
345 0.974476
346 0.973968
347 0.973476
348 0.972998
349 0.972535
350 0.972087
351 0.971652
352 0.971232
353 0.970825
354 0.970432
355 0.970053
356 0.969687
357 0.969334
358 0.968993
359 0.968665
360 0.968350
361 0.968046
362 0.967755
363 0.967475
364 0.967206
365 0.966949
366 0.966702
367 0.966466
368 0.966241
369 0.966026
370 0.965821
371 0.965625
372 0.965440
373 0.965263
374 0.965096
375 0.964938
376 0.964789
377 0.964648
378 0.964516
379 0.964392
380 0.964275
381 0.964167
382 0.964066
383 0.963973
384 0.963887
385 0.963808
386 0.963736
387 0.963671
388 0.963613
389 0.963561
390 0.963515
391 0.963476
392 0.963442
393 0.963414
394 0.963392
395 0.963376
396 0.963365
397 0.963359
398 0.963359
399 0.963363
400 0.963373
401 0.963387
402 0.963406
403 0.963429
404 0.963457
405 0.963489
406 0.963525
407 0.963565
408 0.963609
409 0.963657
410 0.963709
411 0.963764
412 0.963822
413 0.963884
414 0.963949
415 0.964018
416 0.964089
417 0.964164
418 0.964241
419 0.964321
420 0.964403
421 0.964488
422 0.964576
423 0.964666
424 0.964758
425 0.964853
426 0.964949
427 0.965047
428 0.965148
429 0.965250
430 0.965354
431 0.965459
432 0.965566
433 0.965675
434 0.965785
435 0.965896
436 0.966009
437 0.966122
438 0.966237
439 0.966353
440 0.966469
441 0.966587
442 0.966705
443 0.966824
444 0.966943
445 0.967064
446 0.967184
447 0.967305
448 0.967427
449 0.967548
450 0.967670
451 0.967792
452 0.967914
453 0.968037
454 0.968159
455 0.968281
456 0.968403
457 0.968525
458 0.968646
459 0.968767
460 0.968888
461 0.969009
462 0.969129
463 0.969248
464 0.969367
465 0.969486
466 0.969603
467 0.969720
468 0.969837
469 0.969952
470 0.970067
471 0.970181
472 0.970294
473 0.970406
474 0.970517
475 0.970627
476 0.970736
477 0.970844
478 0.970951
479 0.971056
480 0.971161
481 0.971264
482 0.971366
483 0.971467
484 0.971567
485 0.971665
486 0.971762
487 0.971857
488 0.971951
489 0.972044
490 0.972136
491 0.972225
492 0.972314
493 0.972401
494 0.972486
495 0.972570
496 0.972652
497 0.972733
498 0.972812
499 0.972890
500 0.972966
501 0.973040
502 0.973113
503 0.973184
504 0.973254
505 0.973321
506 0.973387
507 0.973452
508 0.973514
509 0.973575
510 0.973634
511 0.973692
512 0.973748
513 0.973801
514 0.973854
515 0.973904
516 0.973953
517 0.973999
518 0.974044
519 0.974087
520 0.974129
521 0.974168
522 0.974206
523 0.974241
524 0.974275
525 0.974307
526 0.974338
527 0.974366
528 0.974392
529 0.974417
530 0.974439
531 0.974460
532 0.974478
533 0.974495
534 0.974510
535 0.974523
536 0.974534
537 0.974543
538 0.974549
539 0.974554
540 0.974557
541 0.974558
542 0.974557
543 0.974554
544 0.974548
545 0.974541
546 0.974532
547 0.974520
548 0.974506
549 0.974491
550 0.974473
551 0.974453
552 0.974430
553 0.974406
554 0.974379
555 0.974350
556 0.974319
557 0.974286
558 0.974250
559 0.974212
560 0.974171
561 0.974129
562 0.974083
563 0.974036
564 0.973986
565 0.973933
566 0.973878
567 0.973821
568 0.973761
569 0.973698
570 0.973633
571 0.973565
572 0.973494
573 0.973421
574 0.973345
575 0.973266
576 0.973184
577 0.973099
578 0.973012
579 0.972921
580 0.972828
581 0.972731
582 0.972631
583 0.972528
584 0.972422
585 0.972312
586 0.972199
587 0.972083
588 0.971963
589 0.971840
590 0.971713
591 0.971582
592 0.971448
593 0.971310
594 0.971168
595 0.971022
596 0.970872
597 0.970717
598 0.970559
599 0.970396
600 0.970230
601 0.970058
602 0.969882
603 0.969702
604 0.969516
605 0.969326
606 0.969131
607 0.968931
608 0.968726
609 0.968515
610 0.968300
611 0.968078
612 0.967852
613 0.967619
614 0.967381
615 0.967138
616 0.966888
617 0.966632
618 0.966370
619 0.966101
620 0.965827
621 0.965546
622 0.965258
623 0.964964
624 0.964663
625 0.964355
626 0.964040
627 0.963719
628 0.963390
629 0.963054
630 0.962711
631 0.962361
632 0.962004
633 0.961640
634 0.961268
635 0.960889
636 0.960503
637 0.960110
638 0.959710
639 0.959303
640 0.958889
641 0.958468
642 0.958040
643 0.957606
644 0.957165
645 0.956718
646 0.956265
647 0.955806
648 0.955341
649 0.954871
650 0.954396
651 0.953916
652 0.953431
653 0.952942
654 0.952449
655 0.951952
656 0.951452
657 0.950949
658 0.950444
659 0.949936
660 0.949425
661 0.948914
662 0.948401
663 0.947887
664 0.947372
665 0.946857
666 0.946341
667 0.945826
668 0.945312
669 0.944798
670 0.944285
671 0.943773
672 0.943262
673 0.942753
674 0.942245
675 0.941740
676 0.941236
677 0.940734
678 0.940235
679 0.939737
680 0.939242
681 0.938748
682 0.938257
683 0.937769
684 0.937282
685 0.936798
686 0.936316
687 0.935836
688 0.935358
689 0.934882
690 0.934408
691 0.933936
692 0.933465
693 0.932997
694 0.932530
695 0.932065
696 0.931601
697 0.931139
698 0.930678
699 0.930219
700 0.929761
701 0.929304
702 0.928848
703 0.928393
704 0.927939
705 0.927487
706 0.927035
707 0.926584
708 0.926133
709 0.925684
710 0.925235
711 0.924787
712 0.924339
713 0.923892
714 0.923445
715 0.922999
716 0.922554
717 0.922108
718 0.921664
719 0.921219
720 0.920775
721 0.920331
722 0.919888
723 0.919444
724 0.919001
725 0.918558
726 0.918115
727 0.917673
728 0.917230
729 0.916788
730 0.916345
731 0.915903
732 0.915461
733 0.915019
734 0.914577
735 0.914135
736 0.913692
737 0.913250
738 0.912808
739 0.912366
740 0.911923
741 0.911481
742 0.911038
743 0.910596
744 0.910153
745 0.909710
746 0.909267
747 0.908824
748 0.908381
749 0.907937
750 0.907493
751 0.907050
752 0.906605
753 0.906161
754 0.905717
755 0.905272
756 0.904827
757 0.904382
758 0.903936
759 0.903490
760 0.903044
761 0.902598
762 0.902151
763 0.901704
764 0.901257
765 0.900810
766 0.900362
767 0.899914
768 0.899465
769 0.899016
770 0.898567
771 0.898117
772 0.897668
773 0.897217
774 0.896767
775 0.896316
776 0.895864
777 0.895413
778 0.894961
779 0.894508
780 0.894055
781 0.893602
782 0.893148
783 0.892694
784 0.892240
785 0.891785
786 0.891330
787 0.890874
788 0.890418
789 0.889961
790 0.889504
791 0.889047
792 0.888589
793 0.888130
794 0.887672
795 0.887212
796 0.886753
797 0.886293
798 0.885832
799 0.885371
800 0.884910
801 0.884448
802 0.883985
803 0.883523
804 0.883059
805 0.882596
806 0.882131
807 0.881667
808 0.881202
809 0.880736
810 0.880270
811 0.879803
812 0.879337
813 0.878869
814 0.878401
815 0.877933
816 0.877464
817 0.876995
818 0.876525
819 0.876055
820 0.875584
821 0.875113
822 0.874641
823 0.874169
824 0.873696
825 0.873223
826 0.872750
827 0.872276
828 0.871802
829 0.871327
830 0.870851
831 0.870376
832 0.869899
833 0.869423
834 0.868945
835 0.868468
836 0.867990
837 0.867511
838 0.867032
839 0.866553
840 0.866073
841 0.865593
842 0.865112
843 0.864631
844 0.864149
845 0.863667
846 0.863185
847 0.862702
848 0.862219
849 0.861735
850 0.861251
851 0.860766
852 0.860281
853 0.859796
854 0.859310
855 0.858824
856 0.858338
857 0.857851
858 0.857363
859 0.856875
860 0.856387
861 0.855899
862 0.855410
863 0.854920
864 0.854431
865 0.853941
866 0.853450
867 0.852960
868 0.852468
869 0.851977
870 0.851485
871 0.850993
872 0.850500
873 0.850007
874 0.849514
875 0.849021
876 0.848527
877 0.848032
878 0.847538
879 0.847043
880 0.846548
881 0.846052
882 0.845556
883 0.845060
884 0.844564
885 0.844067
886 0.843570
887 0.843073
888 0.842575
889 0.842078
890 0.841580
891 0.841081
892 0.840583
893 0.840084
894 0.839585
895 0.839085
896 0.838586
897 0.838086
898 0.837586
899 0.837085
900 0.836585
901 0.836084
902 0.835583
903 0.835082
904 0.834580
905 0.834079
906 0.833577
907 0.833075
908 0.832573
909 0.832070
910 0.831568
911 0.831065
912 0.830562
913 0.830059
914 0.829556
915 0.829053
916 0.828549
917 0.828046
918 0.827542
919 0.827038
920 0.826534
921 0.826030
922 0.825526
923 0.825021
924 0.824517
925 0.824012
926 0.823508
927 0.823003
928 0.822498
929 0.821993
930 0.821488
931 0.820983
932 0.820478
933 0.819973
934 0.819468
935 0.818963
936 0.818458
937 0.817952
938 0.817447
939 0.816942
940 0.816436
941 0.815931
942 0.815425
943 0.814920
944 0.814415
945 0.813909
946 0.813404
947 0.812899
948 0.812393
949 0.811888
950 0.811383
951 0.810878
952 0.810373
953 0.809868
954 0.809363
955 0.808858
956 0.808353
957 0.807848
958 0.807343
959 0.806839
960 0.806334
961 0.805830
962 0.805325
963 0.804821
964 0.804317
965 0.803813
966 0.803309
967 0.802805
968 0.802302
969 0.801798
970 0.801295
971 0.800792
972 0.800289
973 0.799786
974 0.799284
975 0.798781
976 0.798279
977 0.797777
978 0.797275
979 0.796773
980 0.796272
981 0.795770
982 0.795269
983 0.794769
984 0.794268
985 0.793768
986 0.793267
987 0.792767
988 0.792268
989 0.791768
990 0.791269
991 0.790770
992 0.790272
993 0.789773
994 0.789275
995 0.788778
996 0.788280
997 0.787783
998 0.787286
999 0.786789
1000 0.786293
1001 0.785797
1002 0.785301
1003 0.784806
1004 0.784311
1005 0.783817
1006 0.783322
1007 0.782828
1008 0.782335
1009 0.781841
1010 0.781348
1011 0.780856
1012 0.780364
1013 0.779872
1014 0.779381
1015 0.778890
1016 0.778399
1017 0.777909
1018 0.777419
1019 0.776929
1020 0.776440
1021 0.775952
1022 0.775464
1023 0.774976
1024 0.774489
1025 0.774002
1026 0.773515
1027 0.773029
1028 0.772544
1029 0.772058
1030 0.771574
1031 0.771090
1032 0.770606
1033 0.770123
1034 0.769640
1035 0.769157
1036 0.768676
1037 0.768194
1038 0.767713
1039 0.767233
1040 0.766753
1041 0.766274
1042 0.765795
1043 0.765316
1044 0.764839
1045 0.764361
1046 0.763884
1047 0.763408
1048 0.762932
1049 0.762457
1050 0.761983
1051 0.761508
1052 0.761035
1053 0.760562
1054 0.760089
1055 0.759617
1056 0.759146
1057 0.758675
1058 0.758205
1059 0.757735
1060 0.757266
1061 0.756798
1062 0.756330
1063 0.755862
1064 0.755396
1065 0.754929
1066 0.754464
1067 0.753999
1068 0.753535
1069 0.753071
1070 0.752608
1071 0.752145
1072 0.751683
1073 0.751222
1074 0.750761
1075 0.750301
1076 0.749842
1077 0.749383
1078 0.748925
1079 0.748467
1080 0.748010
1081 0.747554
1082 0.747098
1083 0.746643
1084 0.746189
1085 0.745735
1086 0.745282
1087 0.744830
1088 0.744378
1089 0.743927
1090 0.743477
1091 0.743027
1092 0.742578
1093 0.742130
1094 0.741682
1095 0.741235
1096 0.740789
1097 0.740343
1098 0.739898
1099 0.739454
1100 0.739010
1101 0.738567
1102 0.738125
1103 0.737683
1104 0.737242
1105 0.736802
1106 0.736363
1107 0.735924
1108 0.735486
1109 0.735049
1110 0.734612
1111 0.734176
1112 0.733741
1113 0.733306
1114 0.732872
1115 0.732439
1116 0.732007
1117 0.731575
1118 0.731144
1119 0.730714
1120 0.730284
1121 0.729856
1122 0.729428
1123 0.729000
1124 0.728574
1125 0.728148
1126 0.727723
1127 0.727298
1128 0.726874
1129 0.726451
1130 0.726029
1131 0.725608
1132 0.725187
1133 0.724767
1134 0.724348
1135 0.723929
1136 0.723511
1137 0.723094
1138 0.722678
1139 0.722262
1140 0.721847
1141 0.721433
1142 0.721020
1143 0.720607
1144 0.720195
1145 0.719784
1146 0.719374
1147 0.718964
1148 0.718555
1149 0.718147
1150 0.717740
1151 0.717333
1152 0.716927
1153 0.716522
1154 0.716118
1155 0.715714
1156 0.715311
1157 0.714909
1158 0.714508
1159 0.714107
1160 0.713707
1161 0.713308
1162 0.712909
1163 0.712512
1164 0.712115
1165 0.711719
1166 0.711323
1167 0.710929
1168 0.710535
1169 0.710142
1170 0.709749
1171 0.709358
1172 0.708967
1173 0.708577
1174 0.708187
1175 0.707799
1176 0.707411
1177 0.707024
1178 0.706637
1179 0.706252
1180 0.705867
1181 0.705483
1182 0.705100
1183 0.704717
1184 0.704335
1185 0.703954
1186 0.703574
1187 0.703194
1188 0.702815
1189 0.702437
1190 0.702060
1191 0.701683
1192 0.701307
1193 0.700932
1194 0.700558
1195 0.700184
1196 0.699811
1197 0.699439
1198 0.699068
1199 0.698697
1200 0.698327
1201 0.697958
1202 0.697590
1203 0.697222
1204 0.696855
1205 0.696489
1206 0.696123
1207 0.695759
1208 0.695395
1209 0.695031
1210 0.694669
1211 0.694307
1212 0.693946
1213 0.693586
1214 0.693226
1215 0.692867
1216 0.692509
1217 0.692152
1218 0.691795
1219 0.691439
1220 0.691084
1221 0.690730
1222 0.690376
1223 0.690023
1224 0.689671
1225 0.689319
1226 0.688968
1227 0.688618
1228 0.688269
1229 0.687920
1230 0.687572
1231 0.687225
1232 0.686878
1233 0.686533
1234 0.686187
1235 0.685843
1236 0.685499
1237 0.685156
1238 0.684814
1239 0.684473
1240 0.684132
1241 0.683792
1242 0.683452
1243 0.683113
1244 0.682775
1245 0.682438
1246 0.682102
1247 0.681766
1248 0.681430
1249 0.681096
1250 0.680762
1251 0.680429
1252 0.680097
1253 0.679765
1254 0.679434
1255 0.679103
1256 0.678774
1257 0.678445
1258 0.678117
1259 0.677789
1260 0.677462
1261 0.677136
1262 0.676810
1263 0.676485
1264 0.676161
1265 0.675838
1266 0.675515
1267 0.675193
1268 0.674871
1269 0.674550
1270 0.674230
1271 0.673911
1272 0.673592
1273 0.673274
1274 0.672957
1275 0.672640
1276 0.672324
1277 0.672008
1278 0.671693
1279 0.671379
1280 0.671066
1281 0.670753
1282 0.670441
1283 0.670129
1284 0.669818
1285 0.669508
1286 0.669199
1287 0.668890
1288 0.668581
1289 0.668274
1290 0.667967
1291 0.667661
1292 0.667355
1293 0.667050
1294 0.666745
1295 0.666442
1296 0.666139
1297 0.665836
1298 0.665534
1299 0.665233
1300 0.664933
1301 0.664633
1302 0.664333
1303 0.664035
1304 0.663737
1305 0.663439
1306 0.663142
1307 0.662846
1308 0.662551
1309 0.662256
1310 0.661961
1311 0.661668
1312 0.661374
1313 0.661082
1314 0.660790
1315 0.660499
1316 0.660208
1317 0.659918
1318 0.659629
1319 0.659340
1320 0.659052
1321 0.658764
1322 0.658477
1323 0.658191
1324 0.657905
1325 0.657620
1326 0.657335
1327 0.657051
1328 0.656768
1329 0.656485
1330 0.656203
1331 0.655921
1332 0.655640
1333 0.655359
1334 0.655079
1335 0.654800
1336 0.654521
1337 0.654243
1338 0.653966
1339 0.653689
1340 0.653412
1341 0.653137
1342 0.652861
1343 0.652587
1344 0.652313
1345 0.652039
1346 0.651766
1347 0.651494
1348 0.651222
1349 0.650951
1350 0.650680
1351 0.650410
1352 0.650140
1353 0.649871
1354 0.649603
1355 0.649335
1356 0.649067
1357 0.648801
1358 0.648534
1359 0.648269
1360 0.648004
1361 0.647739
1362 0.647475
1363 0.647211
1364 0.646949
1365 0.646686
1366 0.646424
1367 0.646163
1368 0.645902
1369 0.645642
1370 0.645382
1371 0.645123
1372 0.644865
1373 0.644606
1374 0.644349
1375 0.644092
1376 0.643835
1377 0.643579
1378 0.643324
1379 0.643069
1380 0.642815
1381 0.642561
1382 0.642307
1383 0.642055
1384 0.641802
1385 0.641551
1386 0.641299
1387 0.641049
1388 0.640798
1389 0.640549
1390 0.640299
1391 0.640051
1392 0.639802
1393 0.639555
1394 0.639308
1395 0.639061
1396 0.638815
1397 0.638569
1398 0.638324
1399 0.638079
1400 0.637835
1401 0.637591
1402 0.637348
1403 0.637106
1404 0.636863
1405 0.636622
1406 0.636381
1407 0.636140
1408 0.635900
1409 0.635660
1410 0.635421
1411 0.635182
1412 0.634944
1413 0.634706
1414 0.634469
1415 0.634232
1416 0.633996
1417 0.633760
1418 0.633524
1419 0.633290
1420 0.633055
1421 0.632821
1422 0.632588
1423 0.632355
1424 0.632122
1425 0.631890
1426 0.631659
1427 0.631428
1428 0.631197
1429 0.630967
1430 0.630737
1431 0.630508
1432 0.630279
1433 0.630051
1434 0.629823
1435 0.629595
1436 0.629368
1437 0.629142
1438 0.628916
1439 0.628690
1440 0.628465
1441 0.628240
1442 0.628016
1443 0.627792
1444 0.627569
1445 0.627346
1446 0.627124
1447 0.626902
1448 0.626680
1449 0.626459
1450 0.626239
1451 0.626018
1452 0.625799
1453 0.625579
1454 0.625360
1455 0.625142
1456 0.624924
1457 0.624706
1458 0.624489
1459 0.624272
1460 0.624056
1461 0.623840
1462 0.623625
1463 0.623410
1464 0.623195
1465 0.622981
1466 0.622767
1467 0.622554
1468 0.622341
1469 0.622129
1470 0.621917
1471 0.621705
1472 0.621494
1473 0.621283
1474 0.621073
1475 0.620863
1476 0.620653
1477 0.620444
1478 0.620236
1479 0.620027
1480 0.619820
1481 0.619612
1482 0.619405
1483 0.619198
1484 0.618992
1485 0.618786
1486 0.618581
1487 0.618376
1488 0.618171
1489 0.617967
1490 0.617763
1491 0.617560
1492 0.617357
1493 0.617154
1494 0.616952
1495 0.616750
1496 0.616549
1497 0.616348
1498 0.616147
1499 0.615947
1500 0.615747
1501 0.615548
1502 0.615349
1503 0.615150
1504 0.614952
1505 0.614754
1506 0.614557
1507 0.614359
1508 0.614163
1509 0.613966
1510 0.613771
1511 0.613575
1512 0.613380
1513 0.613185
1514 0.612991
1515 0.612797
1516 0.612603
1517 0.612410
1518 0.612217
1519 0.612024
1520 0.611832
1521 0.611640
1522 0.611449
1523 0.611258
1524 0.611067
1525 0.610877
1526 0.610687
1527 0.610497
1528 0.610308
1529 0.610119
1530 0.609931
1531 0.609743
1532 0.609555
1533 0.609368
1534 0.609181
1535 0.608994
1536 0.608808
1537 0.608622
1538 0.608436
1539 0.608251
1540 0.608066
1541 0.607882
1542 0.607698
1543 0.607514
1544 0.607331
1545 0.607148
1546 0.606965
1547 0.606783
1548 0.606601
1549 0.606419
1550 0.606238
1551 0.606057
1552 0.605876
1553 0.605696
1554 0.605516
1555 0.605337
1556 0.605157
1557 0.604979
1558 0.604800
1559 0.604622
1560 0.604444
1561 0.604267
1562 0.604089
1563 0.603913
1564 0.603736
1565 0.603560
1566 0.603384
1567 0.603209
1568 0.603034
1569 0.602859
1570 0.602685
1571 0.602510
1572 0.602337
1573 0.602163
1574 0.601990
1575 0.601817
1576 0.601645
1577 0.601473
1578 0.601301
1579 0.601130
1580 0.600958
1581 0.600788
1582 0.600617
1583 0.600447
1584 0.600277
1585 0.600108
1586 0.599939
1587 0.599770
1588 0.599601
1589 0.599433
1590 0.599265
1591 0.599098
1592 0.598930
1593 0.598763
1594 0.598597
1595 0.598431
1596 0.598265
1597 0.598099
1598 0.597934
1599 0.597769
1600 0.597604
1601 0.597439
1602 0.597275
1603 0.597112
1604 0.596948
1605 0.596785
1606 0.596622
1607 0.596460
1608 0.596297
1609 0.596136
1610 0.595974
1611 0.595813
1612 0.595652
1613 0.595491
1614 0.595331
1615 0.595171
1616 0.595011
1617 0.594851
1618 0.594692
1619 0.594533
1620 0.594375
1621 0.594216
1622 0.594059
1623 0.593901
1624 0.593744
1625 0.593586
1626 0.593430
1627 0.593273
1628 0.593117
1629 0.592961
1630 0.592806
1631 0.592650
1632 0.592495
1633 0.592341
1634 0.592186
1635 0.592032
1636 0.591878
1637 0.591725
1638 0.591572
1639 0.591419
1640 0.591266
1641 0.591114
1642 0.590961
1643 0.590810
1644 0.590658
1645 0.590507
1646 0.590356
1647 0.590205
1648 0.590055
1649 0.589905
1650 0.589755
1651 0.589606
1652 0.589456
1653 0.589307
1654 0.589159
1655 0.589010
1656 0.588862
1657 0.588714
1658 0.588567
1659 0.588420
1660 0.588273
1661 0.588126
1662 0.587979
1663 0.587833
1664 0.587687
1665 0.587542
1666 0.587396
1667 0.587251
1668 0.587106
1669 0.586962
1670 0.586818
1671 0.586674
1672 0.586530
1673 0.586387
1674 0.586243
1675 0.586100
1676 0.585958
1677 0.585815
1678 0.585673
1679 0.585532
1680 0.585390
1681 0.585249
1682 0.585108
1683 0.584967
1684 0.584826
1685 0.584686
1686 0.584546
1687 0.584406
1688 0.584267
1689 0.584128
1690 0.583989
1691 0.583850
1692 0.583712
1693 0.583574
1694 0.583436
1695 0.583298
1696 0.583161
1697 0.583024
1698 0.582887
1699 0.582750
1700 0.582614
1701 0.582478
1702 0.582342
1703 0.582206
1704 0.582071
1705 0.581936
1706 0.581801
1707 0.581667
1708 0.581532
1709 0.581398
1710 0.581265
1711 0.581131
1712 0.580998
1713 0.580865
1714 0.580732
1715 0.580599
1716 0.580467
1717 0.580335
1718 0.580203
1719 0.580072
1720 0.579940
1721 0.579809
1722 0.579678
1723 0.579548
1724 0.579418
1725 0.579288
1726 0.579158
1727 0.579028
1728 0.578899
1729 0.578770
1730 0.578641
1731 0.578512
1732 0.578384
1733 0.578256
1734 0.578128
1735 0.578000
1736 0.577873
1737 0.577745
1738 0.577619
1739 0.577492
1740 0.577365
1741 0.577239
1742 0.577113
1743 0.576987
1744 0.576862
1745 0.576737
1746 0.576612
1747 0.576487
1748 0.576362
1749 0.576238
1750 0.576114
1751 0.575990
1752 0.575866
1753 0.575743
1754 0.575620
1755 0.575497
1756 0.575374
1757 0.575251
1758 0.575129
1759 0.575007
1760 0.574885
1761 0.574764
1762 0.574642
1763 0.574521
1764 0.574400
1765 0.574280
1766 0.574159
1767 0.574039
1768 0.573919
1769 0.573799
1770 0.573680
1771 0.573561
1772 0.573442
1773 0.573323
1774 0.573204
1775 0.573086
1776 0.572967
1777 0.572850
1778 0.572732
1779 0.572614
1780 0.572497
1781 0.572380
1782 0.572263
1783 0.572146
1784 0.572030
1785 0.571914
1786 0.571798
1787 0.571682
1788 0.571566
1789 0.571451
1790 0.571336
1791 0.571221
1792 0.571106
1793 0.570992
1794 0.570878
1795 0.570764
1796 0.570650
1797 0.570536
1798 0.570423
1799 0.570310
1800 0.570197
1801 0.570084
1802 0.569972
1803 0.569859
1804 0.569747
1805 0.569635
1806 0.569524
1807 0.569412
1808 0.569301
1809 0.569190
1810 0.569079
1811 0.568968
1812 0.568858
1813 0.568748
1814 0.568638
1815 0.568528
1816 0.568418
1817 0.568309
1818 0.568200
1819 0.568091
1820 0.567982
1821 0.567873
1822 0.567765
1823 0.567657
1824 0.567549
1825 0.567441
1826 0.567334
1827 0.567226
1828 0.567119
1829 0.567012
1830 0.566906
1831 0.566799
1832 0.566693
1833 0.566587
1834 0.566481
1835 0.566375
1836 0.566270
1837 0.566164
1838 0.566059
1839 0.565954
1840 0.565850
1841 0.565745
1842 0.565641
1843 0.565537
1844 0.565433
1845 0.565329
1846 0.565226
1847 0.565122
1848 0.565019
1849 0.564916
1850 0.564813
1851 0.564711
1852 0.564609
1853 0.564506
1854 0.564405
1855 0.564303
1856 0.564201
1857 0.564100
1858 0.563999
1859 0.563898
1860 0.563797
1861 0.563696
1862 0.563596
1863 0.563496
1864 0.563396
1865 0.563296
1866 0.563196
1867 0.563097
1868 0.562998
1869 0.562899
1870 0.562800
1871 0.562701
1872 0.562602
1873 0.562504
1874 0.562406
1875 0.562308
1876 0.562210
1877 0.562113
1878 0.562016
1879 0.561918
1880 0.561821
1881 0.561725
1882 0.561628
1883 0.561532
1884 0.561435
1885 0.561339
1886 0.561243
1887 0.561148
1888 0.561052
1889 0.560957
1890 0.560862
1891 0.560767
1892 0.560672
1893 0.560577
1894 0.560483
1895 0.560389
1896 0.560295
1897 0.560201
1898 0.560107
1899 0.560014
1900 0.559921
1901 0.559827
1902 0.559734
1903 0.559642
1904 0.559549
1905 0.559457
1906 0.559365
1907 0.559272
1908 0.559181
1909 0.559089
1910 0.558997
1911 0.558906
1912 0.558815
1913 0.558724
1914 0.558633
1915 0.558543
1916 0.558452
1917 0.558362
1918 0.558272
1919 0.558182
1920 0.558092
1921 0.558003
1922 0.557913
1923 0.557824
1924 0.557735
1925 0.557646
1926 0.557557
1927 0.557469
1928 0.557381
1929 0.557292
1930 0.557205
1931 0.557117
1932 0.557029
1933 0.556942
1934 0.556854
1935 0.556767
1936 0.556680
1937 0.556593
1938 0.556507
1939 0.556420
1940 0.556334
1941 0.556248
1942 0.556162
1943 0.556076
1944 0.555991
1945 0.555905
1946 0.555820
1947 0.555735
1948 0.555650
1949 0.555565
1950 0.555481
1951 0.555397
1952 0.555312
1953 0.555228
1954 0.555144
1955 0.555061
1956 0.554977
1957 0.554894
1958 0.554810
1959 0.554727
1960 0.554645
1961 0.554562
1962 0.554479
1963 0.554397
1964 0.554315
1965 0.554233
1966 0.554151
1967 0.554069
1968 0.553987
1969 0.553906
1970 0.553825
1971 0.553744
1972 0.553663
1973 0.553582
1974 0.553501
1975 0.553421
1976 0.553341
1977 0.553261
1978 0.553181
1979 0.553101
1980 0.553021
1981 0.552942
1982 0.552863
1983 0.552784
1984 0.552705
1985 0.552626
1986 0.552547
1987 0.552469
1988 0.552390
1989 0.552312
1990 0.552234
1991 0.552156
1992 0.552079
1993 0.552001
1994 0.551924
1995 0.551847
1996 0.551770
1997 0.551693
1998 0.551616
1999 0.551539
2000 0.551463
2001 0.551387
2002 0.551311
2003 0.551235
2004 0.551159
2005 0.551083
2006 0.551008
2007 0.550933
2008 0.550858
2009 0.550783
2010 0.550708
2011 0.550633
2012 0.550559
2013 0.550484
2014 0.550410
2015 0.550336
2016 0.550262
2017 0.550188
2018 0.550115
2019 0.550041
2020 0.549968
2021 0.549895
2022 0.549822
2023 0.549749
2024 0.549676
2025 0.549604
2026 0.549531
2027 0.549459
2028 0.549387
2029 0.549315
2030 0.549244
2031 0.549172
2032 0.549101
2033 0.549029
2034 0.548958
2035 0.548887
2036 0.548816
2037 0.548746
2038 0.548675
2039 0.548605
2040 0.548535
2041 0.548464
2042 0.548395
2043 0.548325
2044 0.548255
2045 0.548186
2046 0.548116
2047 0.548047
2048 0.547978
2049 0.547909
2050 0.547841
2051 0.547772
2052 0.547704
2053 0.547635
2054 0.547567
2055 0.547499
2056 0.547431
2057 0.547364
2058 0.547296
2059 0.547229
2060 0.547162
2061 0.547094
2062 0.547027
2063 0.546961
2064 0.546894
2065 0.546828
2066 0.546761
2067 0.546695
2068 0.546629
2069 0.546563
2070 0.546497
2071 0.546432
2072 0.546366
2073 0.546301
2074 0.546236
2075 0.546171
2076 0.546106
2077 0.546041
2078 0.545976
2079 0.545912
2080 0.545848
2081 0.545784
2082 0.545720
2083 0.545656
2084 0.545592
2085 0.545528
2086 0.545465
2087 0.545402
2088 0.545338
2089 0.545275
2090 0.545213
2091 0.545150
2092 0.545087
2093 0.545025
2094 0.544963
2095 0.544900
2096 0.544838
2097 0.544777
2098 0.544715
2099 0.544653
2100 0.544592
2101 0.544531
2102 0.544469
2103 0.544408
2104 0.544348
2105 0.544287
2106 0.544226
2107 0.544166
2108 0.544106
2109 0.544045
2110 0.543985
2111 0.543926
2112 0.543866
2113 0.543806
2114 0.543747
2115 0.543688
2116 0.543628
2117 0.543569
2118 0.543511
2119 0.543452
2120 0.543393
2121 0.543335
2122 0.543276
2123 0.543218
2124 0.543160
2125 0.543102
2126 0.543045
2127 0.542987
2128 0.542930
2129 0.542872
2130 0.542815
2131 0.542758
2132 0.542701
2133 0.542644
2134 0.542588
2135 0.542531
2136 0.542475
2137 0.542419
2138 0.542363
2139 0.542307
2140 0.542251
2141 0.542195
2142 0.542140
2143 0.542084
2144 0.542029
2145 0.541974
2146 0.541919
2147 0.541864
2148 0.541809
2149 0.541755
2150 0.541700
2151 0.541646
2152 0.541592
2153 0.541538
2154 0.541484
2155 0.541430
2156 0.541377
2157 0.541323
2158 0.541270
2159 0.541217
2160 0.541164
2161 0.541111
2162 0.541058
2163 0.541006
2164 0.540953
2165 0.540901
2166 0.540849
2167 0.540796
2168 0.540745
2169 0.540693
2170 0.540641
2171 0.540590
2172 0.540538
2173 0.540487
2174 0.540436
2175 0.540385
2176 0.540334
2177 0.540283
2178 0.540233
2179 0.540182
2180 0.540132
2181 0.540082
2182 0.540032
2183 0.539982
2184 0.539932
2185 0.539882
2186 0.539833
2187 0.539784
2188 0.539734
2189 0.539685
2190 0.539636
2191 0.539587
2192 0.539539
2193 0.539490
2194 0.539442
2195 0.539394
2196 0.539345
2197 0.539297
2198 0.539250
2199 0.539202
2200 0.539154
2201 0.539107
2202 0.539059
2203 0.539012
2204 0.538965
2205 0.538918
2206 0.538872
2207 0.538825
2208 0.538778
2209 0.538732
2210 0.538686
2211 0.538640
2212 0.538594
2213 0.538548
2214 0.538502
2215 0.538457
2216 0.538411
2217 0.538366
2218 0.538321
2219 0.538276
2220 0.538231
2221 0.538186
2222 0.538141
2223 0.538097
2224 0.538052
2225 0.538008
2226 0.537964
2227 0.537920
2228 0.537876
2229 0.537833
2230 0.537789
2231 0.537746
2232 0.537702
2233 0.537659
2234 0.537616
2235 0.537573
2236 0.537530
2237 0.537488
2238 0.537445
2239 0.537403
2240 0.537361
2241 0.537319
2242 0.537277
2243 0.537235
2244 0.537193
2245 0.537152
2246 0.537110
2247 0.537069
2248 0.537028
2249 0.536987
2250 0.536946
2251 0.536905
2252 0.536865
2253 0.536824
2254 0.536784
2255 0.536744
2256 0.536704
2257 0.536664
2258 0.536624
2259 0.536584
2260 0.536545
2261 0.536505
2262 0.536466
2263 0.536427
2264 0.536388
2265 0.536349
2266 0.536310
2267 0.536272
2268 0.536233
2269 0.536195
2270 0.536156
2271 0.536118
2272 0.536080
2273 0.536043
2274 0.536005
2275 0.535967
2276 0.535930
2277 0.535893
2278 0.535856
2279 0.535819
2280 0.535782
2281 0.535745
2282 0.535708
2283 0.535672
2284 0.535636
2285 0.535599
2286 0.535563
2287 0.535527
2288 0.535492
2289 0.535456
2290 0.535420
2291 0.535385
2292 0.535350
2293 0.535315
2294 0.535280
2295 0.535245
2296 0.535210
2297 0.535176
2298 0.535141
2299 0.535107
2300 0.535073
2301 0.535038
2302 0.535005
2303 0.534971
2304 0.534937
2305 0.534904
2306 0.534870
2307 0.534837
2308 0.534804
2309 0.534771
2310 0.534738
2311 0.534705
2312 0.534673
2313 0.534640
2314 0.534608
2315 0.534576
2316 0.534544
2317 0.534512
2318 0.534480
2319 0.534448
2320 0.534417
2321 0.534385
2322 0.534354
2323 0.534323
2324 0.534292
2325 0.534261
2326 0.534231
2327 0.534200
2328 0.534170
2329 0.534139
2330 0.534109
2331 0.534079
2332 0.534049
2333 0.534019
2334 0.533990
2335 0.533960
2336 0.533931
2337 0.533902
2338 0.533872
2339 0.533844
2340 0.533815
2341 0.533786
2342 0.533757
2343 0.533729
2344 0.533701
2345 0.533673
2346 0.533644
2347 0.533617
2348 0.533589
2349 0.533561
2350 0.533534
2351 0.533506
2352 0.533479
2353 0.533452
2354 0.533425
2355 0.533398
2356 0.533372
2357 0.533345
2358 0.533319
2359 0.533292
2360 0.533266
2361 0.533240
2362 0.533214
2363 0.533188
2364 0.533163
2365 0.533137
2366 0.533112
2367 0.533087
2368 0.533062
2369 0.533037
2370 0.533012
2371 0.532987
2372 0.532963
2373 0.532938
2374 0.532914
2375 0.532890
2376 0.532866
2377 0.532842
2378 0.532818
2379 0.532794
2380 0.532771
2381 0.532748
2382 0.532724
2383 0.532701
2384 0.532678
2385 0.532655
2386 0.532633
2387 0.532610
2388 0.532588
2389 0.532565
2390 0.532543
2391 0.532521
2392 0.532499
2393 0.532477
2394 0.532456
2395 0.532434
2396 0.532413
2397 0.532392
2398 0.532371
2399 0.532350
2400 0.532329
2401 0.532308
2402 0.532287
2403 0.532267
2404 0.532246
2405 0.532226
2406 0.532206
2407 0.532186
2408 0.532166
2409 0.532147
2410 0.532127
2411 0.532108
2412 0.532088
2413 0.532069
2414 0.532050
2415 0.532031
2416 0.532012
2417 0.531994
2418 0.531975
2419 0.531957
2420 0.531938
2421 0.531920
2422 0.531902
2423 0.531884
2424 0.531867
2425 0.531849
2426 0.531831
2427 0.531814
2428 0.531797
2429 0.531779
2430 0.531762
2431 0.531745
2432 0.531729
2433 0.531712
2434 0.531695
2435 0.531679
2436 0.531663
2437 0.531646
2438 0.531630
2439 0.531614
2440 0.531599
2441 0.531583
2442 0.531567
2443 0.531552
2444 0.531536
2445 0.531521
2446 0.531506
2447 0.531491
2448 0.531476
2449 0.531461
2450 0.531447
2451 0.531432
2452 0.531418
2453 0.531403
2454 0.531389
2455 0.531375
2456 0.531361
2457 0.531347
2458 0.531333
2459 0.531320
2460 0.531306
2461 0.531293
2462 0.531279
2463 0.531266
2464 0.531253
2465 0.531240
2466 0.531227
2467 0.531214
2468 0.531202
2469 0.531189
2470 0.531177
2471 0.531164
2472 0.531152
2473 0.531140
2474 0.531128
2475 0.531116
2476 0.531104
2477 0.531092
2478 0.531080
2479 0.531068
2480 0.531057
2481 0.531045
2482 0.531034
2483 0.531023
2484 0.531012
2485 0.531000
2486 0.530989
2487 0.530979
2488 0.530968
2489 0.530957
2490 0.530946
2491 0.530936
2492 0.530925
2493 0.530915
2494 0.530904
2495 0.530894
2496 0.530884
2497 0.530873
2498 0.530863
2499 0.530853
2500 0.530843
2501 0.530833
2502 0.530823
2503 0.530814
2504 0.530804
2505 0.530794
2506 0.530785
2507 0.530775
2508 0.530765
2509 0.530756
2510 0.530747
2511 0.530737
2512 0.530728
2513 0.530718
2514 0.530709
2515 0.530700
2516 0.530691
2517 0.530682
2518 0.530672
2519 0.530663
2520 0.530654
2521 0.530645
2522 0.530636
2523 0.530627
2524 0.530618
2525 0.530609
2526 0.530600
2527 0.530591
2528 0.530582
2529 0.530573
2530 0.530564
2531 0.530555
2532 0.530546
2533 0.530537
2534 0.530528
2535 0.530519
2536 0.530510
2537 0.530500
2538 0.530491
2539 0.530482
2540 0.530473
2541 0.530464
2542 0.530454
2543 0.530445
2544 0.530436
2545 0.530426
2546 0.530416
2547 0.530407
2548 0.530397
2549 0.530387
2550 0.530378
2551 0.530368
2552 0.530358
2553 0.530348
2554 0.530337
2555 0.530327
2556 0.530317
2557 0.530306
2558 0.530296
2559 0.530285
2560 0.530274
2561 0.530263
2562 0.530252
2563 0.530240
2564 0.530229
2565 0.530217
2566 0.530205
2567 0.530193
2568 0.530181
2569 0.530169
2570 0.530156
2571 0.530144
2572 0.530131
2573 0.530118
2574 0.530104
2575 0.530091
2576 0.530077
2577 0.530063
2578 0.530048
2579 0.530034
2580 0.530019
2581 0.530004
2582 0.529988
2583 0.529973
2584 0.529957
2585 0.529940
2586 0.529924
2587 0.529907
2588 0.529890
2589 0.529872
2590 0.529854
2591 0.529836
2592 0.529817
2593 0.529798
2594 0.529778
2595 0.529758
2596 0.529738
2597 0.529717
2598 0.529696
2599 0.529674
2600 0.529652
2601 0.529629
2602 0.529606
2603 0.529582
2604 0.529558
2605 0.529533
2606 0.529508
2607 0.529482
2608 0.529456
2609 0.529429
2610 0.529401
2611 0.529373
2612 0.529344
2613 0.529314
2614 0.529284
2615 0.529253
2616 0.529221
2617 0.529189
2618 0.529156
2619 0.529122
2620 0.529088
2621 0.529052
2622 0.529016
2623 0.528979
2624 0.528941
2625 0.528902
2626 0.528863
2627 0.528822
2628 0.528781
2629 0.528738
2630 0.528695
2631 0.528650
2632 0.528605
2633 0.528558
2634 0.528511
2635 0.528462
2636 0.528412
2637 0.528361
2638 0.528309
2639 0.528256
2640 0.528201
2641 0.528145
2642 0.528088
2643 0.528030
2644 0.527970
2645 0.527909
2646 0.527846
2647 0.527782
2648 0.527717
2649 0.527650
2650 0.527582
2651 0.527512
2652 0.527440
2653 0.527367
2654 0.527292
2655 0.527215
2656 0.527137
2657 0.527057
2658 0.526974
2659 0.526891
2660 0.526805
2661 0.526717
2662 0.526627
2663 0.526536
2664 0.526442
2665 0.526346
2666 0.526248
2667 0.526147
2668 0.526045
2669 0.525940
2670 0.525832
2671 0.525722
2672 0.525610
2673 0.525495
2674 0.525378
2675 0.525258
2676 0.525135
2677 0.525010
2678 0.524882
2679 0.524750
2680 0.524616
2681 0.524479
2682 0.524339
2683 0.524196
2684 0.524049
2685 0.523899
2686 0.523746
2687 0.523589
2688 0.523429
2689 0.523265
2690 0.523098
2691 0.522927
2692 0.522752
2693 0.522573
2694 0.522390
2695 0.522203
2696 0.522011
2697 0.521816
2698 0.521616
2699 0.521412
2700 0.521203
2701 0.520989
2702 0.520771
2703 0.520547
2704 0.520319
2705 0.520085
2706 0.519847
2707 0.519603
2708 0.519353
2709 0.519098
2710 0.518837
2711 0.518570
2712 0.518297
2713 0.518018
2714 0.517732
2715 0.517440
2716 0.517142
2717 0.516836
2718 0.516524
2719 0.516205
2720 0.515878
2721 0.515543
2722 0.515201
2723 0.514852
2724 0.514494
2725 0.514127
2726 0.513752
2727 0.513369
2728 0.512976
2729 0.512575
2730 0.512163
2731 0.511742
2732 0.511312
2733 0.510870
2734 0.510419
2735 0.509956
2736 0.509482
2737 0.508997
2738 0.508500
2739 0.507991
2740 0.507469
2741 0.506934
2742 0.506386
2743 0.505825
2744 0.505249
2745 0.504658
2746 0.504052
2747 0.503431
2748 0.502793
2749 0.502139
2750 0.501467
2751 0.500777
2752 0.500069
2753 0.499341
2754 0.498594
2755 0.497825
2756 0.497035
2757 0.496222
2758 0.495385
2759 0.494524
2760 0.493637
2761 0.492723
2762 0.491781
2763 0.490810
2764 0.489807
2765 0.488772
2766 0.487703
2767 0.486597
2768 0.485453
2769 0.484268
2770 0.483041
2771 0.481767
2772 0.480445
2773 0.479070
2774 0.477639
2775 0.476148
2776 0.474592
2777 0.472965
2778 0.471261
2779 0.469474
2780 0.467594
2781 0.465613
2782 0.463518
2783 0.461298
2784 0.458936
2785 0.456413
2786 0.453706
2787 0.450786
2788 0.447618
2789 0.444156
2790 0.440341
2791 0.436096
2792 0.431317
2793 0.425861
2794 0.419524
2795 0.412010
2796 0.402873
2797 0.391415
2798 0.376513
2799 0.356328
2800 0.327951
2801 0.287755
2802 0.235548
2803 0.183740
2804 0.151419
2805 0.138317
2806 0.133332
2807 0.130929
2808 0.129425
2809 0.128306
2810 0.127377
2811 0.126553
2812 0.125790
2813 0.125067
2814 0.124369
2815 0.123690
2816 0.123025
2817 0.122371
2818 0.121726
2819 0.121090
2820 0.120461
2821 0.119840
2822 0.119225
2823 0.118617
2824 0.118015
2825 0.117419
2826 0.116829
2827 0.116245
2828 0.115667
2829 0.115094
2830 0.114527
2831 0.113965
2832 0.113409
2833 0.112857
2834 0.112311
2835 0.111770
2836 0.111234
2837 0.110703
2838 0.110176
2839 0.109655
2840 0.109138
2841 0.108625
2842 0.108118
2843 0.107614
2844 0.107115
2845 0.106621
2846 0.106130
2847 0.105644
2848 0.105162
2849 0.104685
2850 0.104211
2851 0.103741
2852 0.103276
2853 0.102814
2854 0.102356
2855 0.101902
2856 0.101452
2857 0.101005
2858 0.100563
2859 0.100124
2860 0.099688
2861 0.099256
2862 0.098828
2863 0.098403
2864 0.097982
2865 0.097564
2866 0.097149
2867 0.096738
2868 0.096330
2869 0.095925
2870 0.095524
2871 0.095126
2872 0.094731
2873 0.094339
2874 0.093951
2875 0.093565
2876 0.093183
2877 0.092803
2878 0.092427
2879 0.092053
2880 0.091683
2881 0.091315
2882 0.090951
2883 0.090589
2884 0.090230
2885 0.089874
2886 0.089520
2887 0.089170
2888 0.088822
2889 0.088477
2890 0.088134
2891 0.087794
2892 0.087457
2893 0.087123
2894 0.086791
2895 0.086461
2896 0.086134
2897 0.085810
2898 0.085488
2899 0.085169
2900 0.084852
2901 0.084538
2902 0.084226
2903 0.083916
2904 0.083609
2905 0.083304
2906 0.083001
2907 0.082701
2908 0.082403
2909 0.082107
2910 0.081814
2911 0.081523
2912 0.081234
2913 0.080947
2914 0.080663
2915 0.080380
2916 0.080100
2917 0.079822
2918 0.079546
2919 0.079272
2920 0.079000
2921 0.078730
2922 0.078462
2923 0.078196
2924 0.077932
2925 0.077671
2926 0.077411
2927 0.077153
2928 0.076897
2929 0.076643
2930 0.076391
2931 0.076140
2932 0.075892
2933 0.075645
2934 0.075401
2935 0.075158
2936 0.074917
2937 0.074677
2938 0.074440
2939 0.074204
2940 0.073970
2941 0.073738
2942 0.073507
2943 0.073278
2944 0.073051
2945 0.072825
2946 0.072602
2947 0.072379
2948 0.072159
2949 0.071940
2950 0.071722
2951 0.071506
2952 0.071292
2953 0.071079
2954 0.070868
2955 0.070659
2956 0.070451
2957 0.070244
2958 0.070039
2959 0.069835
2960 0.069633
2961 0.069432
2962 0.069233
2963 0.069035
2964 0.068839
2965 0.068644
2966 0.068450
2967 0.068258
2968 0.068067
2969 0.067877
2970 0.067689
2971 0.067502
2972 0.067317
2973 0.067132
2974 0.066949
2975 0.066768
2976 0.066587
2977 0.066408
2978 0.066230
2979 0.066053
2980 0.065878
2981 0.065704
2982 0.065530
2983 0.065359
2984 0.065188
2985 0.065018
2986 0.064850
2987 0.064683
2988 0.064517
2989 0.064352
2990 0.064188
2991 0.064025
2992 0.063864
2993 0.063703
2994 0.063544
2995 0.063385
2996 0.063228
2997 0.063072
2998 0.062916
2999 0.062762
3000 0.062609
3001 0.062457
3002 0.062306
3003 0.062155
3004 0.062006
3005 0.061858
3006 0.061711
3007 0.061564
3008 0.061419
3009 0.061275
3010 0.061131
3011 0.060988
3012 0.060847
3013 0.060706
3014 0.060566
3015 0.060427
3016 0.060289
3017 0.060152
3018 0.060015
3019 0.059880
3020 0.059745
3021 0.059612
3022 0.059479
3023 0.059346
3024 0.059215
3025 0.059084
3026 0.058955
3027 0.058826
3028 0.058698
3029 0.058570
3030 0.058444
3031 0.058318
3032 0.058193
3033 0.058068
3034 0.057945
3035 0.057822
3036 0.057700
3037 0.057579
3038 0.057458
3039 0.057338
3040 0.057219
3041 0.057100
3042 0.056982
3043 0.056865
3044 0.056749
3045 0.056633
3046 0.056518
3047 0.056403
3048 0.056289
3049 0.056176
3050 0.056064
3051 0.055952
3052 0.055841
3053 0.055730
3054 0.055620
3055 0.055510
3056 0.055402
3057 0.055293
3058 0.055186
3059 0.055079
3060 0.054972
3061 0.054867
3062 0.054761
3063 0.054657
3064 0.054552
3065 0.054449
3066 0.054346
3067 0.054243
3068 0.054141
3069 0.054040
3070 0.053939
3071 0.053839
3072 0.053739
3073 0.053640
3074 0.053541
3075 0.053443
3076 0.053345
3077 0.053248
3078 0.053151
3079 0.053055
3080 0.052959
3081 0.052864
3082 0.052769
3083 0.052675
3084 0.052581
3085 0.052488
3086 0.052395
3087 0.052303
3088 0.052211
3089 0.052119
3090 0.052028
3091 0.051938
3092 0.051847
3093 0.051758
3094 0.051668
3095 0.051580
3096 0.051491
3097 0.051403
3098 0.051315
3099 0.051228
3100 0.051142
3101 0.051055
3102 0.050969
3103 0.050884
3104 0.050799
3105 0.050714
3106 0.050629
3107 0.050545
3108 0.050462
3109 0.050379
3110 0.050296
3111 0.050213
3112 0.050131
3113 0.050050
3114 0.049968
3115 0.049887
3116 0.049807
3117 0.049726
3118 0.049646
3119 0.049567
3120 0.049488
3121 0.049409
3122 0.049330
3123 0.049252
3124 0.049174
3125 0.049097
3126 0.049020
3127 0.048943
3128 0.048866
3129 0.048790
3130 0.048714
3131 0.048639
3132 0.048563
3133 0.048488
3134 0.048414
3135 0.048339
3136 0.048265
3137 0.048192
3138 0.048118
3139 0.048045
3140 0.047972
3141 0.047900
3142 0.047828
3143 0.047756
3144 0.047684
3145 0.047613
3146 0.047542
3147 0.047471
3148 0.047400
3149 0.047330
3150 0.047260
3151 0.047191
3152 0.047121
3153 0.047052
3154 0.046983
3155 0.046914
3156 0.046846
3157 0.046778
3158 0.046710
3159 0.046643
3160 0.046575
3161 0.046508
3162 0.046441
3163 0.046375
3164 0.046309
3165 0.046242
3166 0.046177
3167 0.046111
3168 0.046046
3169 0.045981
3170 0.045916
3171 0.045851
3172 0.045787
3173 0.045723
3174 0.045659
3175 0.045595
3176 0.045531
3177 0.045468
3178 0.045405
3179 0.045342
3180 0.045280
3181 0.045217
3182 0.045155
3183 0.045093
3184 0.045032
3185 0.044970
3186 0.044909
3187 0.044848
3188 0.044787
3189 0.044726
3190 0.044666
3191 0.044605
3192 0.044545
3193 0.044485
3194 0.044426
3195 0.044366
3196 0.044307
3197 0.044248
3198 0.044189
3199 0.044130
3200 0.044072
3201 0.044014
3202 0.043956
3203 0.043898
3204 0.043840
3205 0.043782
3206 0.043725
3207 0.043668
3208 0.043611
3209 0.043554
3210 0.043497
3211 0.043441
3212 0.043385
3213 0.043329
3214 0.043273
3215 0.043217
3216 0.043161
3217 0.043106
3218 0.043051
3219 0.042996
3220 0.042941
3221 0.042886
3222 0.042832
3223 0.042777
3224 0.042723
3225 0.042669
3226 0.042615
3227 0.042561
3228 0.042508
3229 0.042454
3230 0.042401
3231 0.042348
3232 0.042295
3233 0.042242
3234 0.042190
3235 0.042137
3236 0.042085
3237 0.042033
3238 0.041981
3239 0.041929
3240 0.041877
3241 0.041826
3242 0.041774
3243 0.041723
3244 0.041672
3245 0.041621
3246 0.041570
3247 0.041519
3248 0.041469
3249 0.041419
3250 0.041368
3251 0.041318
3252 0.041268
3253 0.041218
3254 0.041169
3255 0.041119
3256 0.041070
3257 0.041020
3258 0.040971
3259 0.040922
3260 0.040873
3261 0.040825
3262 0.040776
3263 0.040728
3264 0.040679
3265 0.040631
3266 0.040583
3267 0.040535
3268 0.040487
3269 0.040440
3270 0.040392
3271 0.040345
3272 0.040297
3273 0.040250
3274 0.040203
3275 0.040156
3276 0.040109
3277 0.040063
3278 0.040016
3279 0.039970
3280 0.039923
3281 0.039877
3282 0.039831
3283 0.039785
3284 0.039739
3285 0.039693
3286 0.039648
3287 0.039602
3288 0.039557
3289 0.039512
3290 0.039466
3291 0.039421
3292 0.039376
3293 0.039332
3294 0.039287
3295 0.039242
3296 0.039198
3297 0.039154
3298 0.039109
3299 0.039065
3300 0.039021
3301 0.038977
3302 0.038933
3303 0.038890
3304 0.038846
3305 0.038803
3306 0.038759
3307 0.038716
3308 0.038673
3309 0.038630
3310 0.038587
3311 0.038544
3312 0.038501
3313 0.038458
3314 0.038416
3315 0.038373
3316 0.038331
3317 0.038289
3318 0.038247
3319 0.038205
3320 0.038163
3321 0.038121
3322 0.038079
3323 0.038037
3324 0.037996
3325 0.037954
3326 0.037913
3327 0.037872
3328 0.037831
3329 0.037789
3330 0.037749
3331 0.037708
3332 0.037667
3333 0.037626
3334 0.037586
3335 0.037545
3336 0.037505
3337 0.037464
3338 0.037424
3339 0.037384
3340 0.037344
3341 0.037304
3342 0.037264
3343 0.037224
3344 0.037185
3345 0.037145
3346 0.037106
3347 0.037066
3348 0.037027
3349 0.036988
3350 0.036948
3351 0.036909
3352 0.036870
3353 0.036831
3354 0.036793
3355 0.036754
3356 0.036715
3357 0.036677
3358 0.036638
3359 0.036600
3360 0.036562
3361 0.036523
3362 0.036485
3363 0.036447
3364 0.036409
3365 0.036371
3366 0.036334
3367 0.036296
3368 0.036258
3369 0.036221
3370 0.036183
3371 0.036146
3372 0.036108
3373 0.036071
3374 0.036034
3375 0.035997
3376 0.035960
3377 0.035923
3378 0.035886
3379 0.035850
3380 0.035813
3381 0.035776
3382 0.035740
3383 0.035703
3384 0.035667
3385 0.035631
3386 0.035594
3387 0.035558
3388 0.035522
3389 0.035486
3390 0.035450
3391 0.035414
3392 0.035379
3393 0.035343
3394 0.035307
3395 0.035272
3396 0.035236
3397 0.035201
3398 0.035166
3399 0.035130
3400 0.035095
3401 0.035060
3402 0.035025
3403 0.034990
3404 0.034955
3405 0.034920
3406 0.034885
3407 0.034851
3408 0.034816
3409 0.034782
3410 0.034747
3411 0.034713
3412 0.034678
3413 0.034644
3414 0.034610
3415 0.034576
3416 0.034542
3417 0.034508
3418 0.034474
3419 0.034440
3420 0.034406
3421 0.034372
3422 0.034339
3423 0.034305
3424 0.034272
3425 0.034238
3426 0.034205
3427 0.034171
3428 0.034138
3429 0.034105
3430 0.034072
3431 0.034039
3432 0.034006
3433 0.033973
3434 0.033940
3435 0.033907
3436 0.033874
3437 0.033842
3438 0.033809
3439 0.033777
3440 0.033744
3441 0.033712
3442 0.033679
3443 0.033647
3444 0.033615
3445 0.033583
3446 0.033550
3447 0.033518
3448 0.033486
3449 0.033454
3450 0.033423
3451 0.033391
3452 0.033359
3453 0.033327
3454 0.033296
3455 0.033264
3456 0.033233
3457 0.033201
3458 0.033170
3459 0.033138
3460 0.033107
3461 0.033076
3462 0.033045
3463 0.033014
3464 0.032983
3465 0.032952
3466 0.032921
3467 0.032890
3468 0.032859
3469 0.032828
3470 0.032798
3471 0.032767
3472 0.032736
3473 0.032706
3474 0.032675
3475 0.032645
3476 0.032615
3477 0.032584
3478 0.032554
3479 0.032524
3480 0.032494
3481 0.032464
3482 0.032434
3483 0.032404
3484 0.032374
3485 0.032344
3486 0.032314
3487 0.032284
3488 0.032255
3489 0.032225
3490 0.032195
3491 0.032166
3492 0.032136
3493 0.032107
3494 0.032078
3495 0.032048
3496 0.032019
3497 0.031990
3498 0.031961
3499 0.031931
3500 0.031902
3501 0.031873
3502 0.031844
3503 0.031816
3504 0.031787
3505 0.031758
3506 0.031729
3507 0.031700
3508 0.031672
3509 0.031643
3510 0.031615
3511 0.031586
3512 0.031558
3513 0.031529
3514 0.031501
3515 0.031473
3516 0.031444
3517 0.031416
3518 0.031388
3519 0.031360
3520 0.031332
3521 0.031304
3522 0.031276
3523 0.031248
3524 0.031220
3525 0.031192
3526 0.031165
3527 0.031137
3528 0.031109
3529 0.031082
3530 0.031054
3531 0.031027
3532 0.030999
3533 0.030972
3534 0.030944
3535 0.030917
3536 0.030890
3537 0.030863
3538 0.030835
3539 0.030808
3540 0.030781
3541 0.030754
3542 0.030727
3543 0.030700
3544 0.030673
3545 0.030646
3546 0.030620
3547 0.030593
3548 0.030566
3549 0.030539
3550 0.030513
3551 0.030486
3552 0.030460
3553 0.030433
3554 0.030407
3555 0.030380
3556 0.030354
3557 0.030328
3558 0.030301
3559 0.030275
3560 0.030249
3561 0.030223
3562 0.030197
3563 0.030171
3564 0.030145
3565 0.030119
3566 0.030093
3567 0.030067
3568 0.030041
3569 0.030015
3570 0.029990
3571 0.029964
3572 0.029938
3573 0.029913
3574 0.029887
3575 0.029862
3576 0.029836
3577 0.029811
3578 0.029785
3579 0.029760
3580 0.029735
3581 0.029709
3582 0.029684
3583 0.029659
3584 0.029634
3585 0.029609
3586 0.029584
3587 0.029559
3588 0.029534
3589 0.029509
3590 0.029484
3591 0.029459
3592 0.029434
3593 0.029409
3594 0.029385
3595 0.029360
3596 0.029335
3597 0.029311
3598 0.029286
3599 0.029261
3600 0.029237
3601 0.029213
3602 0.029188
3603 0.029164
3604 0.029139
3605 0.029115
3606 0.029091
3607 0.029067
3608 0.029042
3609 0.029018
3610 0.028994
3611 0.028970
3612 0.028946
3613 0.028922
3614 0.028898
3615 0.028874
3616 0.028850
3617 0.028827
3618 0.028803
3619 0.028779
3620 0.028755
3621 0.028732
3622 0.028708
3623 0.028684
3624 0.028661
3625 0.028637
3626 0.028614
3627 0.028590
3628 0.028567
3629 0.028543
3630 0.028520
3631 0.028497
3632 0.028474
3633 0.028450
3634 0.028427
3635 0.028404
3636 0.028381
3637 0.028358
3638 0.028335
3639 0.028312
3640 0.028289
3641 0.028266
3642 0.028243
3643 0.028220
3644 0.028197
3645 0.028174
3646 0.028152
3647 0.028129
3648 0.028106
3649 0.028084
3650 0.028061
3651 0.028038
3652 0.028016
3653 0.027993
3654 0.027971
3655 0.027948
3656 0.027926
3657 0.027904
3658 0.027881
3659 0.027859
3660 0.027837
3661 0.027814
3662 0.027792
3663 0.027770
3664 0.027748
3665 0.027726
3666 0.027704
3667 0.027682
3668 0.027660
3669 0.027638
3670 0.027616
3671 0.027594
3672 0.027572
3673 0.027550
3674 0.027528
3675 0.027507
3676 0.027485
3677 0.027463
3678 0.027442
3679 0.027420
3680 0.027398
3681 0.027377
3682 0.027355
3683 0.027334
3684 0.027312
3685 0.027291
3686 0.027269
3687 0.027248
3688 0.027227
3689 0.027205
3690 0.027184
3691 0.027163
3692 0.027142
3693 0.027121
3694 0.027099
3695 0.027078
3696 0.027057
3697 0.027036
3698 0.027015
3699 0.026994
3700 0.026973
3701 0.026952
3702 0.026931
3703 0.026911
3704 0.026890
3705 0.026869
3706 0.026848
3707 0.026827
3708 0.026807
3709 0.026786
3710 0.026765
3711 0.026745
3712 0.026724
3713 0.026704
3714 0.026683
3715 0.026663
3716 0.026642
3717 0.026622
3718 0.026601
3719 0.026581
3720 0.026561
3721 0.026540
3722 0.026520
3723 0.026500
3724 0.026480
3725 0.026459
3726 0.026439
3727 0.026419
3728 0.026399
3729 0.026379
3730 0.026359
3731 0.026339
3732 0.026319
3733 0.026299
3734 0.026279
3735 0.026259
3736 0.026239
3737 0.026220
3738 0.026200
3739 0.026180
3740 0.026160
3741 0.026140
3742 0.026121
3743 0.026101
3744 0.026081
3745 0.026062
3746 0.026042
3747 0.026023
3748 0.026003
3749 0.025984
3750 0.025964
3751 0.025945
3752 0.025925
3753 0.025906
3754 0.025887
3755 0.025867
3756 0.025848
3757 0.025829
3758 0.025810
3759 0.025790
3760 0.025771
3761 0.025752
3762 0.025733
3763 0.025714
3764 0.025695
3765 0.025676
3766 0.025657
3767 0.025638
3768 0.025619
3769 0.025600
3770 0.025581
3771 0.025562
3772 0.025543
3773 0.025524
3774 0.025506
3775 0.025487
3776 0.025468
3777 0.025449
3778 0.025431
3779 0.025412
3780 0.025393
3781 0.025375
3782 0.025356
3783 0.025338
3784 0.025319
3785 0.025301
3786 0.025282
3787 0.025264
3788 0.025245
3789 0.025227
3790 0.025208
3791 0.025190
3792 0.025172
3793 0.025153
3794 0.025135
3795 0.025117
3796 0.025099
3797 0.025080
3798 0.025062
3799 0.025044
3800 0.025026
3801 0.025008
3802 0.024990
3803 0.024972
3804 0.024954
3805 0.024936
3806 0.024918
3807 0.024900
3808 0.024882
3809 0.024864
3810 0.024846
3811 0.024828
3812 0.024811
3813 0.024793
3814 0.024775
3815 0.024757
3816 0.024740
3817 0.024722
3818 0.024704
3819 0.024686
3820 0.024669
3821 0.024651
3822 0.024634
3823 0.024616
3824 0.024599
3825 0.024581
3826 0.024564
3827 0.024546
3828 0.024529
3829 0.024511
3830 0.024494
3831 0.024477
3832 0.024459
3833 0.024442
3834 0.024425
3835 0.024407
3836 0.024390
3837 0.024373
3838 0.024356
3839 0.024339
3840 0.024321
3841 0.024304
3842 0.024287
3843 0.024270
3844 0.024253
3845 0.024236
3846 0.024219
3847 0.024202
3848 0.024185
3849 0.024168
3850 0.024151
3851 0.024134
3852 0.024118
3853 0.024101
3854 0.024084
3855 0.024067
3856 0.024050
3857 0.024034
3858 0.024017
3859 0.024000
3860 0.023983
3861 0.023967
3862 0.023950
3863 0.023934
3864 0.023917
3865 0.023900
3866 0.023884
3867 0.023867
3868 0.023851
3869 0.023834
3870 0.023818
3871 0.023801
3872 0.023785
3873 0.023769
3874 0.023752
3875 0.023736
3876 0.023720
3877 0.023703
3878 0.023687
3879 0.023671
3880 0.023654
3881 0.023638
3882 0.023622
3883 0.023606
3884 0.023590
3885 0.023574
3886 0.023557
3887 0.023541
3888 0.023525
3889 0.023509
3890 0.023493
3891 0.023477
3892 0.023461
3893 0.023445
3894 0.023429
3895 0.023413
3896 0.023398
3897 0.023382
3898 0.023366
3899 0.023350
3900 0.023334
3901 0.023318
3902 0.023303
3903 0.023287
3904 0.023271
3905 0.023255
3906 0.023240
3907 0.023224
3908 0.023208
3909 0.023193
3910 0.023177
3911 0.023162
3912 0.023146
3913 0.023130
3914 0.023115
3915 0.023099
3916 0.023084
3917 0.023068
3918 0.023053
3919 0.023038
3920 0.023022
3921 0.023007
3922 0.022991
3923 0.022976
3924 0.022961
3925 0.022945
3926 0.022930
3927 0.022915
3928 0.022900
3929 0.022884
3930 0.022869
3931 0.022854
3932 0.022839
3933 0.022824
3934 0.022809
3935 0.022793
3936 0.022778
3937 0.022763
3938 0.022748
3939 0.022733
3940 0.022718
3941 0.022703
3942 0.022688
3943 0.022673
3944 0.022658
3945 0.022643
3946 0.022628
3947 0.022614
3948 0.022599
3949 0.022584
3950 0.022569
3951 0.022554
3952 0.022539
3953 0.022525
3954 0.022510
3955 0.022495
3956 0.022481
3957 0.022466
3958 0.022451
3959 0.022437
3960 0.022422
3961 0.022407
3962 0.022393
3963 0.022378
3964 0.022364
3965 0.022349
3966 0.022334
3967 0.022320
3968 0.022305
3969 0.022291
3970 0.022277
3971 0.022262
3972 0.022248
3973 0.022233
3974 0.022219
3975 0.022205
3976 0.022190
3977 0.022176
3978 0.022162
3979 0.022147
3980 0.022133
3981 0.022119
3982 0.022105
3983 0.022090
3984 0.022076
3985 0.022062
3986 0.022048
3987 0.022034
3988 0.022020
3989 0.022005
3990 0.021991
3991 0.021977
3992 0.021963
3993 0.021949
3994 0.021935
3995 0.021921
3996 0.021907
3997 0.021893
3998 0.021879
3999 0.021865
4000 0.021851
4001 0.021838
4002 0.021824
4003 0.021810
4004 0.021796
4005 0.021782
4006 0.021768
4007 0.021755
4008 0.021741
4009 0.021727
4010 0.021713
4011 0.021700
4012 0.021686
4013 0.021672
4014 0.021658
4015 0.021645
4016 0.021631
4017 0.021618
4018 0.021604
4019 0.021590
4020 0.021577
4021 0.021563
4022 0.021550
4023 0.021536
4024 0.021523
4025 0.021509
4026 0.021496
4027 0.021482
4028 0.021469
4029 0.021455
4030 0.021442
4031 0.021429
4032 0.021415
4033 0.021402
4034 0.021388
4035 0.021375
4036 0.021362
4037 0.021348
4038 0.021335
4039 0.021322
4040 0.021309
4041 0.021295
4042 0.021282
4043 0.021269
4044 0.021256
4045 0.021243
4046 0.021230
4047 0.021216
4048 0.021203
4049 0.021190
4050 0.021177
4051 0.021164
4052 0.021151
4053 0.021138
4054 0.021125
4055 0.021112
4056 0.021099
4057 0.021086
4058 0.021073
4059 0.021060
4060 0.021047
4061 0.021034
4062 0.021021
4063 0.021008
4064 0.020996
4065 0.020983
4066 0.020970
4067 0.020957
4068 0.020944
4069 0.020931
4070 0.020919
4071 0.020906
4072 0.020893
4073 0.020880
4074 0.020868
4075 0.020855
4076 0.020842
4077 0.020830
4078 0.020817
4079 0.020804
4080 0.020792
4081 0.020779
4082 0.020767
4083 0.020754
4084 0.020741
4085 0.020729
4086 0.020716
4087 0.020704
4088 0.020691
4089 0.020679
4090 0.020666
4091 0.020654
4092 0.020641
4093 0.020629
4094 0.020617
4095 0.020604
4096 0.020592
4097 0.020579
4098 0.020567
4099 0.020555
4100 0.020542
4101 0.020530
4102 0.020518
4103 0.020506
4104 0.020493
4105 0.020481
4106 0.020469
4107 0.020457
4108 0.020444
4109 0.020432
4110 0.020420
4111 0.020408
4112 0.020396
4113 0.020383
4114 0.020371
4115 0.020359
4116 0.020347
4117 0.020335
4118 0.020323
4119 0.020311
4120 0.020299
4121 0.020287
4122 0.020275
4123 0.020263
4124 0.020251
4125 0.020239
4126 0.020227
4127 0.020215
4128 0.020203
4129 0.020191
4130 0.020179
4131 0.020167
4132 0.020155
4133 0.020144
4134 0.020132
4135 0.020120
4136 0.020108
4137 0.020096
4138 0.020084
4139 0.020073
4140 0.020061
4141 0.020049
4142 0.020037
4143 0.020026
4144 0.020014
4145 0.020002
4146 0.019991
4147 0.019979
4148 0.019967
4149 0.019956
4150 0.019944
4151 0.019932
4152 0.019921
4153 0.019909
4154 0.019898
4155 0.019886
4156 0.019875
4157 0.019863
4158 0.019851
4159 0.019840
4160 0.019828
4161 0.019817
4162 0.019805
4163 0.019794
4164 0.019783
4165 0.019771
4166 0.019760
4167 0.019748
4168 0.019737
4169 0.019726
4170 0.019714
4171 0.019703
4172 0.019691
4173 0.019680
4174 0.019669
4175 0.019657
4176 0.019646
4177 0.019635
4178 0.019624
4179 0.019612
4180 0.019601
4181 0.019590
4182 0.019579
4183 0.019568
4184 0.019556
4185 0.019545
4186 0.019534
4187 0.019523
4188 0.019512
4189 0.019501
4190 0.019489
4191 0.019478
4192 0.019467
4193 0.019456
4194 0.019445
4195 0.019434
4196 0.019423
4197 0.019412
4198 0.019401
4199 0.019390
4200 0.019379
4201 0.019368
4202 0.019357
4203 0.019346
4204 0.019335
4205 0.019324
4206 0.019313
4207 0.019302
4208 0.019292
4209 0.019281
4210 0.019270
4211 0.019259
4212 0.019248
4213 0.019237
4214 0.019226
4215 0.019216
4216 0.019205
4217 0.019194
4218 0.019183
4219 0.019172
4220 0.019162
4221 0.019151
4222 0.019140
4223 0.019130
4224 0.019119
4225 0.019108
4226 0.019097
4227 0.019087
4228 0.019076
4229 0.019066
4230 0.019055
4231 0.019044
4232 0.019034
4233 0.019023
4234 0.019012
4235 0.019002
4236 0.018991
4237 0.018981
4238 0.018970
4239 0.018960
4240 0.018949
4241 0.018939
4242 0.018928
4243 0.018918
4244 0.018907
4245 0.018897
4246 0.018886
4247 0.018876
4248 0.018866
4249 0.018855
4250 0.018845
4251 0.018834
4252 0.018824
4253 0.018814
4254 0.018803
4255 0.018793
4256 0.018783
4257 0.018772
4258 0.018762
4259 0.018752
4260 0.018741
4261 0.018731
4262 0.018721
4263 0.018711
4264 0.018700
4265 0.018690
4266 0.018680
4267 0.018670
4268 0.018659
4269 0.018649
4270 0.018639
4271 0.018629
4272 0.018619
4273 0.018609
4274 0.018598
4275 0.018588
4276 0.018578
4277 0.018568
4278 0.018558
4279 0.018548
4280 0.018538
4281 0.018528
4282 0.018518
4283 0.018508
4284 0.018498
4285 0.018488
4286 0.018478
4287 0.018468
4288 0.018458
4289 0.018448
4290 0.018438
4291 0.018428
4292 0.018418
4293 0.018408
4294 0.018398
4295 0.018388
4296 0.018378
4297 0.018368
4298 0.018359
4299 0.018349
4300 0.018339
4301 0.018329
4302 0.018319
4303 0.018309
4304 0.018299
4305 0.018290
4306 0.018280
4307 0.018270
4308 0.018260
4309 0.018251
4310 0.018241
4311 0.018231
4312 0.018221
4313 0.018212
4314 0.018202
4315 0.018192
4316 0.018183
4317 0.018173
4318 0.018163
4319 0.018154
4320 0.018144
4321 0.018134
4322 0.018125
4323 0.018115
4324 0.018105
4325 0.018096
4326 0.018086
4327 0.018077
4328 0.018067
4329 0.018058
4330 0.018048
4331 0.018038
4332 0.018029
4333 0.018019
4334 0.018010
4335 0.018000
4336 0.017991
4337 0.017981
4338 0.017972
4339 0.017962
4340 0.017953
4341 0.017944
4342 0.017934
4343 0.017925
4344 0.017915
4345 0.017906
4346 0.017897
4347 0.017887
4348 0.017878
4349 0.017868
4350 0.017859
4351 0.017850
4352 0.017840
4353 0.017831
4354 0.017822
4355 0.017813
4356 0.017803
4357 0.017794
4358 0.017785
4359 0.017775
4360 0.017766
4361 0.017757
4362 0.017748
4363 0.017738
4364 0.017729
4365 0.017720
4366 0.017711
4367 0.017702
4368 0.017692
4369 0.017683
4370 0.017674
4371 0.017665
4372 0.017656
4373 0.017647
4374 0.017638
4375 0.017628
4376 0.017619
4377 0.017610
4378 0.017601
4379 0.017592
4380 0.017583
4381 0.017574
4382 0.017565
4383 0.017556
4384 0.017547
4385 0.017538
4386 0.017529
4387 0.017520
4388 0.017511
4389 0.017502
4390 0.017493
4391 0.017484
4392 0.017475
4393 0.017466
4394 0.017457
4395 0.017448
4396 0.017439
4397 0.017430
4398 0.017421
4399 0.017413
4400 0.017404
4401 0.017395
4402 0.017386
4403 0.017377
4404 0.017368
4405 0.017359
4406 0.017351
4407 0.017342
4408 0.017333
4409 0.017324
4410 0.017315
4411 0.017307
4412 0.017298
4413 0.017289
4414 0.017280
4415 0.017272
4416 0.017263
4417 0.017254
4418 0.017245
4419 0.017237
4420 0.017228
4421 0.017219
4422 0.017211
4423 0.017202
4424 0.017193
4425 0.017185
4426 0.017176
4427 0.017167
4428 0.017159
4429 0.017150
4430 0.017141
4431 0.017133
4432 0.017124
4433 0.017116
4434 0.017107
4435 0.017098
4436 0.017090
4437 0.017081
4438 0.017073
4439 0.017064
4440 0.017056
4441 0.017047
4442 0.017039
4443 0.017030
4444 0.017022
4445 0.017013
4446 0.017005
4447 0.016996
4448 0.016988
4449 0.016979
4450 0.016971
4451 0.016962
4452 0.016954
4453 0.016946
4454 0.016937
4455 0.016929
4456 0.016920
4457 0.016912
4458 0.016904
4459 0.016895
4460 0.016887
4461 0.016878
4462 0.016870
4463 0.016862
4464 0.016853
4465 0.016845
4466 0.016837
4467 0.016829
4468 0.016820
4469 0.016812
4470 0.016804
4471 0.016795
4472 0.016787
4473 0.016779
4474 0.016771
4475 0.016762
4476 0.016754
4477 0.016746
4478 0.016738
4479 0.016729
4480 0.016721
4481 0.016713
4482 0.016705
4483 0.016697
4484 0.016689
4485 0.016680
4486 0.016672
4487 0.016664
4488 0.016656
4489 0.016648
4490 0.016640
4491 0.016632
4492 0.016623
4493 0.016615
4494 0.016607
4495 0.016599
4496 0.016591
4497 0.016583
4498 0.016575
4499 0.016567
4500 0.016559
4501 0.016551
4502 0.016543
4503 0.016535
4504 0.016527
4505 0.016519
4506 0.016511
4507 0.016503
4508 0.016495
4509 0.016487
4510 0.016479
4511 0.016471
4512 0.016463
4513 0.016455
4514 0.016447
4515 0.016439
4516 0.016431
4517 0.016423
4518 0.016415
4519 0.016408
4520 0.016400
4521 0.016392
4522 0.016384
4523 0.016376
4524 0.016368
4525 0.016360
4526 0.016353
4527 0.016345
4528 0.016337
4529 0.016329
4530 0.016321
4531 0.016313
4532 0.016306
4533 0.016298
4534 0.016290
4535 0.016282
4536 0.016274
4537 0.016267
4538 0.016259
4539 0.016251
4540 0.016243
4541 0.016236
4542 0.016228
4543 0.016220
4544 0.016213
4545 0.016205
4546 0.016197
4547 0.016190
4548 0.016182
4549 0.016174
4550 0.016166
4551 0.016159
4552 0.016151
4553 0.016144
4554 0.016136
4555 0.016128
4556 0.016121
4557 0.016113
4558 0.016105
4559 0.016098
4560 0.016090
4561 0.016083
4562 0.016075
4563 0.016067
4564 0.016060
4565 0.016052
4566 0.016045
4567 0.016037
4568 0.016030
4569 0.016022
4570 0.016015
4571 0.016007
4572 0.016000
4573 0.015992
4574 0.015985
4575 0.015977
4576 0.015970
4577 0.015962
4578 0.015955
4579 0.015947
4580 0.015940
4581 0.015932
4582 0.015925
4583 0.015918
4584 0.015910
4585 0.015903
4586 0.015895
4587 0.015888
4588 0.015880
4589 0.015873
4590 0.015866
4591 0.015858
4592 0.015851
4593 0.015844
4594 0.015836
4595 0.015829
4596 0.015822
4597 0.015814
4598 0.015807
4599 0.015800
4600 0.015792
4601 0.015785
4602 0.015778
4603 0.015770
4604 0.015763
4605 0.015756
4606 0.015748
4607 0.015741
4608 0.015734
4609 0.015727
4610 0.015719
4611 0.015712
4612 0.015705
4613 0.015698
4614 0.015691
4615 0.015683
4616 0.015676
4617 0.015669
4618 0.015662
4619 0.015655
4620 0.015647
4621 0.015640
4622 0.015633
4623 0.015626
4624 0.015619
4625 0.015612
4626 0.015604
4627 0.015597
4628 0.015590
4629 0.015583
4630 0.015576
4631 0.015569
4632 0.015562
4633 0.015555
4634 0.015548
4635 0.015540
4636 0.015533
4637 0.015526
4638 0.015519
4639 0.015512
4640 0.015505
4641 0.015498
4642 0.015491
4643 0.015484
4644 0.015477
4645 0.015470
4646 0.015463
4647 0.015456
4648 0.015449
4649 0.015442
4650 0.015435
4651 0.015428
4652 0.015421
4653 0.015414
4654 0.015407
4655 0.015400
4656 0.015393
4657 0.015386
4658 0.015379
4659 0.015372
4660 0.015365
4661 0.015359
4662 0.015352
4663 0.015345
4664 0.015338
4665 0.015331
4666 0.015324
4667 0.015317
4668 0.015310
4669 0.015303
4670 0.015297
4671 0.015290
4672 0.015283
4673 0.015276
4674 0.015269
4675 0.015262
4676 0.015255
4677 0.015249
4678 0.015242
4679 0.015235
4680 0.015228
4681 0.015221
4682 0.015215
4683 0.015208
4684 0.015201
4685 0.015194
4686 0.015188
4687 0.015181
4688 0.015174
4689 0.015167
4690 0.015161
4691 0.015154
4692 0.015147
4693 0.015140
4694 0.015134
4695 0.015127
4696 0.015120
4697 0.015114
4698 0.015107
4699 0.015100
4700 0.015094
4701 0.015087
4702 0.015080
4703 0.015074
4704 0.015067
4705 0.015060
4706 0.015054
4707 0.015047
4708 0.015040
4709 0.015034
4710 0.015027
4711 0.015020
4712 0.015014
4713 0.015007
4714 0.015001
4715 0.014994
4716 0.014987
4717 0.014981
4718 0.014974
4719 0.014968
4720 0.014961
4721 0.014955
4722 0.014948
4723 0.014941
4724 0.014935
4725 0.014928
4726 0.014922
4727 0.014915
4728 0.014909
4729 0.014902
4730 0.014896
4731 0.014889
4732 0.014883
4733 0.014876
4734 0.014870
4735 0.014863
4736 0.014857
4737 0.014850
4738 0.014844
4739 0.014838
4740 0.014831
4741 0.014825
4742 0.014818
4743 0.014812
4744 0.014805
4745 0.014799
4746 0.014793
4747 0.014786
4748 0.014780
4749 0.014773
4750 0.014767
4751 0.014761
4752 0.014754
4753 0.014748
4754 0.014741
4755 0.014735
4756 0.014729
4757 0.014722
4758 0.014716
4759 0.014710
4760 0.014703
4761 0.014697
4762 0.014691
4763 0.014684
4764 0.014678
4765 0.014672
4766 0.014665
4767 0.014659
4768 0.014653
4769 0.014646
4770 0.014640
4771 0.014634
4772 0.014628
4773 0.014621
4774 0.014615
4775 0.014609
4776 0.014603
4777 0.014596
4778 0.014590
4779 0.014584
4780 0.014578
4781 0.014571
4782 0.014565
4783 0.014559
4784 0.014553
4785 0.014547
4786 0.014540
4787 0.014534
4788 0.014528
4789 0.014522
4790 0.014516
4791 0.014510
4792 0.014503
4793 0.014497
4794 0.014491
4795 0.014485
4796 0.014479
4797 0.014473
4798 0.014466
4799 0.014460
4800 0.014454
4801 0.014448
4802 0.014442
4803 0.014436
4804 0.014430
4805 0.014424
4806 0.014418
4807 0.014412
4808 0.014405
4809 0.014399
4810 0.014393
4811 0.014387
4812 0.014381
4813 0.014375
4814 0.014369
4815 0.014363
4816 0.014357
4817 0.014351
4818 0.014345
4819 0.014339
4820 0.014333
4821 0.014327
4822 0.014321
4823 0.014315
4824 0.014309
4825 0.014303
4826 0.014297
4827 0.014291
4828 0.014285
4829 0.014279
4830 0.014273
4831 0.014267
4832 0.014261
4833 0.014255
4834 0.014249
4835 0.014243
4836 0.014237
4837 0.014231
4838 0.014225
4839 0.014219
4840 0.014214
4841 0.014208
4842 0.014202
4843 0.014196
4844 0.014190
4845 0.014184
4846 0.014178
4847 0.014172
4848 0.014166
4849 0.014160
4850 0.014155
4851 0.014149
4852 0.014143
4853 0.014137
4854 0.014131
4855 0.014125
4856 0.014119
4857 0.014114
4858 0.014108
4859 0.014102
4860 0.014096
4861 0.014090
4862 0.014085
4863 0.014079
4864 0.014073
4865 0.014067
4866 0.014061
4867 0.014056
4868 0.014050
4869 0.014044
4870 0.014038
4871 0.014032
4872 0.014027
4873 0.014021
4874 0.014015
4875 0.014009
4876 0.014004
4877 0.013998
4878 0.013992
4879 0.013986
4880 0.013981
4881 0.013975
4882 0.013969
4883 0.013964
4884 0.013958
4885 0.013952
4886 0.013946
4887 0.013941
4888 0.013935
4889 0.013929
4890 0.013924
4891 0.013918
4892 0.013912
4893 0.013907
4894 0.013901
4895 0.013895
4896 0.013890
4897 0.013884
4898 0.013878
4899 0.013873
4900 0.013867
4901 0.013862
4902 0.013856
4903 0.013850
4904 0.013845
4905 0.013839
4906 0.013834
4907 0.013828
4908 0.013822
4909 0.013817
4910 0.013811
4911 0.013806
4912 0.013800
4913 0.013794
4914 0.013789
4915 0.013783
4916 0.013778
4917 0.013772
4918 0.013767
4919 0.013761
4920 0.013756
4921 0.013750
4922 0.013744
4923 0.013739
4924 0.013733
4925 0.013728
4926 0.013722
4927 0.013717
4928 0.013711
4929 0.013706
4930 0.013700
4931 0.013695
4932 0.013689
4933 0.013684
4934 0.013678
4935 0.013673
4936 0.013668
4937 0.013662
4938 0.013657
4939 0.013651
4940 0.013646
4941 0.013640
4942 0.013635
4943 0.013629
4944 0.013624
4945 0.013618
4946 0.013613
4947 0.013608
4948 0.013602
4949 0.013597
4950 0.013591
4951 0.013586
4952 0.013581
4953 0.013575
4954 0.013570
4955 0.013564
4956 0.013559
4957 0.013554
4958 0.013548
4959 0.013543
4960 0.013538
4961 0.013532
4962 0.013527
4963 0.013521
4964 0.013516
4965 0.013511
4966 0.013505
4967 0.013500
4968 0.013495
4969 0.013489
4970 0.013484
4971 0.013479
4972 0.013474
4973 0.013468
4974 0.013463
4975 0.013458
4976 0.013452
4977 0.013447
4978 0.013442
4979 0.013436
4980 0.013431
4981 0.013426
4982 0.013421
4983 0.013415
4984 0.013410
4985 0.013405
4986 0.013400
4987 0.013394
4988 0.013389
4989 0.013384
4990 0.013379
4991 0.013373
4992 0.013368
4993 0.013363
4994 0.013358
4995 0.013352
4996 0.013347
4997 0.013342
4998 0.013337
4999 0.013332
