0 28.115515
1 28.633376
2 29.112616
3 29.292490
4 29.391840
5 29.464890
6 29.522160
7 29.561963
8 29.573298
9 29.529286
10 29.383432
11 29.098304
12 28.665667
13 28.028106
14 27.038655
15 25.596617
16 23.844109
17 22.037417
18 20.354420
19 18.882415
20 17.635602
21 16.583020
22 15.686162
23 14.914054
24 14.241876
25 13.649003
26 13.118642
27 12.637140
28 12.192681
29 11.774357
30 11.372256
31 10.978252
32 10.586548
33 10.193461
34 9.797033
35 9.396831
36 8.993593
37 8.588741
38 8.184093
39 7.781694
40 7.383679
41 6.992177
42 6.609280
43 6.237043
44 5.877468
45 5.532484
46 5.203919
47 4.893448
48 4.602443
49 4.331772
50 4.081632
51 3.851558
52 3.640578
53 3.447437
54 3.270761
55 3.109163
56 2.961295
57 2.825885
58 2.701753
59 2.587829
60 2.483143
61 2.386823
62 2.298082
63 2.216210
64 2.140562
65 2.070554
66 2.005656
67 1.945389
68 1.889318
69 1.837051
70 1.788238
71 1.742561
72 1.699736
73 1.659510
74 1.621656
75 1.585972
76 1.552277
77 1.520412
78 1.490233
79 1.461615
80 1.434444
81 1.408620
82 1.384051
83 1.360657
84 1.338366
85 1.317111
86 1.296834
87 1.277479
88 1.258997
89 1.241343
90 1.224475
91 1.208355
92 1.192945
93 1.178213
94 1.164127
95 1.150658
96 1.137777
97 1.125459
98 1.113679
99 1.102413
100 1.091639
101 1.081336
102 1.071485
103 1.062065
104 1.053059
105 1.044450
106 1.036220
107 1.028356
108 1.020841
109 1.013662
110 1.006804
111 1.000256
112 0.994005
113 0.988040
114 0.982349
115 0.976922
116 0.971749
117 0.966820
118 0.962127
119 0.957660
120 0.953412
121 0.949375
122 0.945541
123 0.941903
124 0.938455
125 0.935190
126 0.932101
127 0.929184
128 0.926431
129 0.923838
130 0.921400
131 0.919112
132 0.916968
133 0.914965
134 0.913097
135 0.911361
136 0.909752
137 0.908267
138 0.906901
139 0.905650
140 0.904512
141 0.903483
142 0.902559
143 0.901736
144 0.901013
145 0.900385
146 0.899850
147 0.899404
148 0.899045
149 0.898770
150 0.898576
151 0.898460
152 0.898420
153 0.898454
154 0.898558
155 0.898731
156 0.898969
157 0.899271
158 0.899635
159 0.900057
160 0.900536
161 0.901070
162 0.901657
163 0.902294
164 0.902979
165 0.903711
166 0.904488
167 0.905307
168 0.906167
169 0.907066
170 0.908003
171 0.908975
172 0.909980
173 0.911018
174 0.912086
175 0.913183
176 0.914307
177 0.915457
178 0.916632
179 0.917829
180 0.919047
181 0.920286
182 0.921543
183 0.922817
184 0.924107
185 0.925412
186 0.926731
187 0.928061
188 0.929403
189 0.930754
190 0.932115
191 0.933483
192 0.934858
193 0.936239
194 0.937624
195 0.939013
196 0.940405
197 0.941799
198 0.943194
199 0.944590
200 0.945986
201 0.947380
202 0.948772
203 0.950162
204 0.951549
205 0.952933
206 0.954312
207 0.955686
208 0.957056
209 0.958419
210 0.959777
211 0.961128
212 0.962472
213 0.963809
214 0.965139
215 0.966461
216 0.967775
217 0.969081
218 0.970379
219 0.971668
220 0.972949
221 0.974221
222 0.975484
223 0.976738
224 0.977984
225 0.979220
226 0.980447
227 0.981666
228 0.982875
229 0.984075
230 0.985266
231 0.986448
232 0.987621
233 0.988785
234 0.989940
235 0.991086
236 0.992223
237 0.993351
238 0.994470
239 0.995579
240 0.996680
241 0.997771
242 0.998854
243 0.999927
244 1.000991
245 1.002045
246 1.003090
247 1.004125
248 1.005151
249 1.006167
250 1.007172
251 1.008168
252 1.009153
253 1.010128
254 1.011092
255 1.012046
256 1.012988
257 1.013919
258 1.014838
259 1.015746
260 1.016641
261 1.017525
262 1.018396
263 1.019254
264 1.020099
265 1.020930
266 1.021749
267 1.022553
268 1.023343
269 1.024119
270 1.024880
271 1.025626
272 1.026357
273 1.027072
274 1.027772
275 1.028455
276 1.029123
277 1.029773
278 1.030407
279 1.031024
280 1.031624
281 1.032207
282 1.032772
283 1.033319
284 1.033848
285 1.034359
286 1.034851
287 1.035326
288 1.035781
289 1.036219
290 1.036637
291 1.037037
292 1.037418
293 1.037781
294 1.038124
295 1.038449
296 1.038755
297 1.039043
298 1.039312
299 1.039563
300 1.039795
301 1.040009
302 1.040206
303 1.040384
304 1.040545
305 1.040689
306 1.040815
307 1.040925
308 1.041018
309 1.041095
310 1.041157
311 1.041202
312 1.041232
313 1.041248
314 1.041248
315 1.041235
316 1.041208
317 1.041167
318 1.041114
319 1.041048
320 1.040970
321 1.040880
322 1.040779
323 1.040667
324 1.040544
325 1.040412
326 1.040269
327 1.040118
328 1.039958
329 1.039790
330 1.039614
331 1.039431
332 1.039240
333 1.039043
334 1.038840
335 1.038630
336 1.038416
337 1.038196
338 1.037972
339 1.037743
340 1.037510
341 1.037274
342 1.037035
343 1.036792
344 1.036547
345 1.036300
346 1.036050
347 1.035799
348 1.035547
349 1.035293
350 1.035038
351 1.034783
352 1.034527
353 1.034271
354 1.034015
355 1.033759
356 1.033504
357 1.033249
358 1.032995
359 1.032742
360 1.032490
361 1.032239
362 1.031990
363 1.031742
364 1.031496
365 1.031251
366 1.031009
367 1.030768
368 1.030529
369 1.030293
370 1.030059
371 1.029827
372 1.029598
373 1.029371
374 1.029146
375 1.028925
376 1.028705
377 1.028489
378 1.028275
379 1.028064
380 1.027855
381 1.027650
382 1.027447
383 1.027247
384 1.027049
385 1.026855
386 1.026664
387 1.026475
388 1.026289
389 1.026106
390 1.025926
391 1.025749
392 1.025574
393 1.025403
394 1.025234
395 1.025068
396 1.024905
397 1.024744
398 1.024586
399 1.024431
400 1.024279
401 1.024130
402 1.023983
403 1.023839
404 1.023697
405 1.023558
406 1.023422
407 1.023288
408 1.023157
409 1.023028
410 1.022902
411 1.022778
412 1.022656
413 1.022537
414 1.022421
415 1.022307
416 1.022195
417 1.022085
418 1.021978
419 1.021873
420 1.021771
421 1.021670
422 1.021572
423 1.021476
424 1.021382
425 1.021290
426 1.021201
427 1.021113
428 1.021027
429 1.020944
430 1.020863
431 1.020783
432 1.020706
433 1.020630
434 1.020557
435 1.020485
436 1.020415
437 1.020348
438 1.020282
439 1.020218
440 1.020155
441 1.020095
442 1.020036
443 1.019980
444 1.019925
445 1.019871
446 1.019820
447 1.019770
448 1.019722
449 1.019676
450 1.019631
451 1.019588
452 1.019547
453 1.019507
454 1.019469
455 1.019433
456 1.019398
457 1.019365
458 1.019334
459 1.019304
460 1.019276
461 1.019249
462 1.019224
463 1.019200
464 1.019178
465 1.019158
466 1.019139
467 1.019122
468 1.019106
469 1.019091
470 1.019078
471 1.019067
472 1.019057
473 1.019049
474 1.019042
475 1.019036
476 1.019032
477 1.019030
478 1.019029
479 1.019029
480 1.019031
481 1.019034
482 1.019039
483 1.019045
484 1.019052
485 1.019061
486 1.019071
487 1.019083
488 1.019096
489 1.019110
490 1.019126
491 1.019143
492 1.019162
493 1.019182
494 1.019203
495 1.019226
496 1.019250
497 1.019275
498 1.019302
499 1.019330
500 1.019360
501 1.019390
502 1.019422
503 1.019456
504 1.019490
505 1.019526
506 1.019564
507 1.019602
508 1.019642
509 1.019683
510 1.019726
511 1.019770
512 1.019815
513 1.019861
514 1.019908
515 1.019957
516 1.020007
517 1.020059
518 1.020111
519 1.020165
520 1.020220
521 1.020276
522 1.020334
523 1.020393
524 1.020453
525 1.020514
526 1.020576
527 1.020640
528 1.020705
529 1.020771
530 1.020838
531 1.020906
532 1.020976
533 1.021047
534 1.021119
535 1.021192
536 1.021266
537 1.021342
538 1.021418
539 1.021496
540 1.021575
541 1.021655
542 1.021736
543 1.021818
544 1.021902
545 1.021986
546 1.022072
547 1.022159
548 1.022247
549 1.022336
550 1.022426
551 1.022517
552 1.022609
553 1.022702
554 1.022797
555 1.022892
556 1.022989
557 1.023087
558 1.023185
559 1.023285
560 1.023386
561 1.023488
562 1.023591
563 1.023694
564 1.023799
565 1.023905
566 1.024012
567 1.024120
568 1.024229
569 1.024339
570 1.024450
571 1.024562
572 1.024675
573 1.024790
574 1.024905
575 1.025021
576 1.025137
577 1.025255
578 1.025374
579 1.025494
580 1.025615
581 1.025737
582 1.025860
583 1.025983
584 1.026108
585 1.026233
586 1.026360
587 1.026487
588 1.026616
589 1.026745
590 1.026875
591 1.027006
592 1.027138
593 1.027271
594 1.027405
595 1.027540
596 1.027675
597 1.027812
598 1.027949
599 1.028088
600 1.028227
601 1.028367
602 1.028508
603 1.028650
604 1.028792
605 1.028936
606 1.029080
607 1.029225
608 1.029372
609 1.029519
610 1.029666
611 1.029815
612 1.029965
613 1.030115
614 1.030266
615 1.030418
616 1.030571
617 1.030725
618 1.030879
619 1.031034
620 1.031191
621 1.031348
622 1.031505
623 1.031664
624 1.031823
625 1.031984
626 1.032145
627 1.032307
628 1.032469
629 1.032633
630 1.032797
631 1.032962
632 1.033128
633 1.033294
634 1.033462
635 1.033630
636 1.033799
637 1.033969
638 1.034139
639 1.034311
640 1.034483
641 1.034656
642 1.034830
643 1.035004
644 1.035179
645 1.035355
646 1.035532
647 1.035710
648 1.035888
649 1.036067
650 1.036247
651 1.036428
652 1.036609
653 1.036792
654 1.036975
655 1.037158
656 1.037343
657 1.037528
658 1.037714
659 1.037901
660 1.038089
661 1.038277
662 1.038466
663 1.038656
664 1.038847
665 1.039038
666 1.039231
667 1.039423
668 1.039617
669 1.039812
670 1.040007
671 1.040203
672 1.040400
673 1.040597
674 1.040796
675 1.040995
676 1.041195
677 1.041395
678 1.041597
679 1.041799
680 1.042002
681 1.042206
682 1.042410
683 1.042616
684 1.042822
685 1.043029
686 1.043236
687 1.043445
688 1.043654
689 1.043864
690 1.044075
691 1.044286
692 1.044498
693 1.044712
694 1.044925
695 1.045140
696 1.045356
697 1.045572
698 1.045789
699 1.046007
700 1.046226
701 1.046445
702 1.046665
703 1.046886
704 1.047108
705 1.047331
706 1.047555
707 1.047779
708 1.048004
709 1.048230
710 1.048457
711 1.048685
712 1.048913
713 1.049142
714 1.049372
715 1.049603
716 1.049835
717 1.050068
718 1.050301
719 1.050535
720 1.050771
721 1.051007
722 1.051243
723 1.051481
724 1.051720
725 1.051959
726 1.052199
727 1.052440
728 1.052683
729 1.052925
730 1.053169
731 1.053414
732 1.053659
733 1.053906
734 1.054153
735 1.054401
736 1.054650
737 1.054900
738 1.055151
739 1.055403
740 1.055656
741 1.055910
742 1.056164
743 1.056420
744 1.056676
745 1.056933
746 1.057192
747 1.057451
748 1.057711
749 1.057972
750 1.058234
751 1.058497
752 1.058761
753 1.059026
754 1.059292
755 1.059559
756 1.059827
757 1.060096
758 1.060365
759 1.060636
760 1.060908
761 1.061181
762 1.061455
763 1.061730
764 1.062005
765 1.062282
766 1.062560
767 1.062839
768 1.063119
769 1.063400
770 1.063682
771 1.063965
772 1.064249
773 1.064534
774 1.064821
775 1.065108
776 1.065396
777 1.065686
778 1.065976
779 1.066268
780 1.066561
781 1.066855
782 1.067149
783 1.067446
784 1.067743
785 1.068041
786 1.068340
787 1.068641
788 1.068943
789 1.069246
790 1.069550
791 1.069855
792 1.070161
793 1.070469
794 1.070777
795 1.071087
796 1.071398
797 1.071710
798 1.072024
799 1.072338
800 1.072654
801 1.072971
802 1.073290
803 1.073609
804 1.073930
805 1.074252
806 1.074575
807 1.074900
808 1.075226
809 1.075553
810 1.075881
811 1.076211
812 1.076542
813 1.076874
814 1.077208
815 1.077542
816 1.077879
817 1.078216
818 1.078555
819 1.078895
820 1.079237
821 1.079579
822 1.079924
823 1.080269
824 1.080616
825 1.080965
826 1.081314
827 1.081666
828 1.082018
829 1.082372
830 1.082727
831 1.083084
832 1.083443
833 1.083802
834 1.084163
835 1.084526
836 1.084890
837 1.085255
838 1.085622
839 1.085991
840 1.086361
841 1.086732
842 1.087105
843 1.087480
844 1.087856
845 1.088233
846 1.088612
847 1.088993
848 1.089375
849 1.089759
850 1.090144
851 1.090531
852 1.090919
853 1.091309
854 1.091701
855 1.092094
856 1.092489
857 1.092885
858 1.093283
859 1.093683
860 1.094084
861 1.094487
862 1.094891
863 1.095297
864 1.095705
865 1.096114
866 1.096525
867 1.096938
868 1.097353
869 1.097769
870 1.098186
871 1.098606
872 1.099027
873 1.099450
874 1.099874
875 1.100300
876 1.100728
877 1.101158
878 1.101589
879 1.102022
880 1.102456
881 1.102893
882 1.103331
883 1.103770
884 1.104212
885 1.104655
886 1.105100
887 1.105546
888 1.105994
889 1.106444
890 1.106896
891 1.107349
892 1.107804
893 1.108260
894 1.108719
895 1.109179
896 1.109640
897 1.110103
898 1.110568
899 1.111035
900 1.111503
901 1.111972
902 1.112443
903 1.112916
904 1.113391
905 1.113867
906 1.114344
907 1.114823
908 1.115303
909 1.115785
910 1.116269
911 1.116754
912 1.117240
913 1.117728
914 1.118217
915 1.118707
916 1.119199
917 1.119692
918 1.120186
919 1.120681
920 1.121178
921 1.121676
922 1.122175
923 1.122675
924 1.123176
925 1.123678
926 1.124181
927 1.124685
928 1.125190
929 1.125696
930 1.126203
931 1.126710
932 1.127218
933 1.127727
934 1.128237
935 1.128747
936 1.129257
937 1.129768
938 1.130280
939 1.130792
940 1.131304
941 1.131816
942 1.132329
943 1.132842
944 1.133355
945 1.133868
946 1.134381
947 1.134893
948 1.135406
949 1.135919
950 1.136431
951 1.136943
952 1.137454
953 1.137966
954 1.138476
955 1.138986
956 1.139496
957 1.140004
958 1.140512
959 1.141020
960 1.141526
961 1.142032
962 1.142536
963 1.143040
964 1.143542
965 1.144043
966 1.144544
967 1.145043
968 1.145540
969 1.146037
970 1.146532
971 1.147025
972 1.147518
973 1.148008
974 1.148497
975 1.148985
976 1.149471
977 1.149956
978 1.150438
979 1.150920
980 1.151399
981 1.151877
982 1.152353
983 1.152827
984 1.153299
985 1.153770
986 1.154239
987 1.154705
988 1.155170
989 1.155634
990 1.156095
991 1.156554
992 1.157012
993 1.157468
994 1.157921
995 1.158373
996 1.158823
997 1.159271
998 1.159718
999 1.160162
1000 1.160604
1001 1.161045
1002 1.161483
1003 1.161920
1004 1.162355
1005 1.162788
1006 1.163219
1007 1.163649
1008 1.164076
1009 1.164502
1010 1.164926
1011 1.165348
1012 1.165768
1013 1.166186
1014 1.166603
1015 1.167018
1016 1.167431
1017 1.167843
1018 1.168253
1019 1.168661
1020 1.169067
1021 1.169472
1022 1.169875
1023 1.170276
1024 1.170676
1025 1.171074
1026 1.171471
1027 1.171865
1028 1.172259
1029 1.172650
1030 1.173041
1031 1.173429
1032 1.173816
1033 1.174202
1034 1.174586
1035 1.174968
1036 1.175350
1037 1.175729
1038 1.176107
1039 1.176484
1040 1.176859
1041 1.177233
1042 1.177605
1043 1.177976
1044 1.178346
1045 1.178714
1046 1.179081
1047 1.179447
1048 1.179811
1049 1.180174
1050 1.180535
1051 1.180896
1052 1.181254
1053 1.181612
1054 1.181969
1055 1.182324
1056 1.182678
1057 1.183030
1058 1.183382
1059 1.183732
1060 1.184081
1061 1.184428
1062 1.184775
1063 1.185120
1064 1.185465
1065 1.185808
1066 1.186150
1067 1.186490
1068 1.186830
1069 1.187169
1070 1.187506
1071 1.187842
1072 1.188177
1073 1.188511
1074 1.188844
1075 1.189176
1076 1.189507
1077 1.189837
1078 1.190166
1079 1.190494
1080 1.190820
1081 1.191146
1082 1.191471
1083 1.191794
1084 1.192117
1085 1.192438
1086 1.192759
1087 1.193079
1088 1.193398
1089 1.193715
1090 1.194032
1091 1.194348
1092 1.194663
1093 1.194977
1094 1.195290
1095 1.195602
1096 1.195913
1097 1.196223
1098 1.196533
1099 1.196841
1100 1.197149
1101 1.197455
1102 1.197761
1103 1.198066
1104 1.198370
1105 1.198673
1106 1.198975
1107 1.199277
1108 1.199577
1109 1.199877
1110 1.200176
1111 1.200474
1112 1.200771
1113 1.201068
1114 1.201363
1115 1.201658
1116 1.201952
1117 1.202245
1118 1.202537
1119 1.202829
1120 1.203120
1121 1.203410
1122 1.203699
1123 1.203987
1124 1.204275
1125 1.204562
1126 1.204848
1127 1.205133
1128 1.205418
1129 1.205701
1130 1.205984
1131 1.206267
1132 1.206548
1133 1.206829
1134 1.207109
1135 1.207388
1136 1.207667
1137 1.207944
1138 1.208221
1139 1.208498
1140 1.208773
1141 1.209048
1142 1.209322
1143 1.209596
1144 1.209868
1145 1.210140
1146 1.210412
1147 1.210682
1148 1.210952
1149 1.211221
1150 1.211489
1151 1.211757
1152 1.212024
1153 1.212290
1154 1.212556
1155 1.212820
1156 1.213084
1157 1.213348
1158 1.213610
1159 1.213872
1160 1.214134
1161 1.214394
1162 1.214654
1163 1.214913
1164 1.215171
1165 1.215429
1166 1.215686
1167 1.215942
1168 1.216198
1169 1.216453
1170 1.216707
1171 1.216960
1172 1.217213
1173 1.217465
1174 1.217716
1175 1.217966
1176 1.218216
1177 1.218465
1178 1.218713
1179 1.218960
1180 1.219207
1181 1.219453
1182 1.219698
1183 1.219943
1184 1.220186
1185 1.220429
1186 1.220671
1187 1.220912
1188 1.221153
1189 1.221392
1190 1.221631
1191 1.221869
1192 1.222106
1193 1.222343
1194 1.222578
1195 1.222813
1196 1.223047
1197 1.223279
1198 1.223511
1199 1.223743
1200 1.223973
1201 1.224202
1202 1.224430
1203 1.224657
1204 1.224884
1205 1.225109
1206 1.225333
1207 1.225557
1208 1.225779
1209 1.226000
1210 1.226220
1211 1.226439
1212 1.226657
1213 1.226874
1214 1.227090
1215 1.227304
1216 1.227517
1217 1.227729
1218 1.227940
1219 1.228149
1220 1.228357
1221 1.228564
1222 1.228769
1223 1.228973
1224 1.229175
1225 1.229376
1226 1.229575
1227 1.229773
1228 1.229969
1229 1.230163
1230 1.230355
1231 1.230546
1232 1.230735
1233 1.230922
1234 1.231107
1235 1.231291
1236 1.231472
1237 1.231651
1238 1.231828
1239 1.232002
1240 1.232175
1241 1.232344
1242 1.232512
1243 1.232677
1244 1.232839
1245 1.232999
1246 1.233156
1247 1.233310
1248 1.233461
1249 1.233609
1250 1.233754
1251 1.233895
1252 1.234034
1253 1.234169
1254 1.234300
1255 1.234428
1256 1.234552
1257 1.234672
1258 1.234789
1259 1.234901
1260 1.235009
1261 1.235113
1262 1.235213
1263 1.235308
1264 1.235398
1265 1.235484
1266 1.235565
1267 1.235641
1268 1.235712
1269 1.235778
1270 1.235839
1271 1.235894
1272 1.235944
1273 1.235988
1274 1.236027
1275 1.236061
1276 1.236088
1277 1.236110
1278 1.236125
1279 1.236135
1280 1.236139
1281 1.236137
1282 1.236128
1283 1.236114
1284 1.236093
1285 1.236066
1286 1.236033
1287 1.235993
1288 1.235947
1289 1.235895
1290 1.235836
1291 1.235771
1292 1.235700
1293 1.235622
1294 1.235538
1295 1.235448
1296 1.235351
1297 1.235248
1298 1.235139
1299 1.235023
1300 1.234901
1301 1.234773
1302 1.234639
1303 1.234498
1304 1.234351
1305 1.234197
1306 1.234038
1307 1.233872
1308 1.233700
1309 1.233521
1310 1.233337
1311 1.233146
1312 1.232949
1313 1.232746
1314 1.232536
1315 1.232320
1316 1.232098
1317 1.231869
1318 1.231634
1319 1.231392
1320 1.231144
1321 1.230890
1322 1.230629
1323 1.230361
1324 1.230086
1325 1.229805
1326 1.229517
1327 1.229222
1328 1.228920
1329 1.228611
1330 1.228295
1331 1.227972
1332 1.227641
1333 1.227303
1334 1.226957
1335 1.226603
1336 1.226241
1337 1.225871
1338 1.225493
1339 1.225107
1340 1.224712
1341 1.224309
1342 1.223896
1343 1.223474
1344 1.223043
1345 1.222603
1346 1.222152
1347 1.221692
1348 1.221221
1349 1.220739
1350 1.220247
1351 1.219744
1352 1.219229
1353 1.218702
1354 1.218163
1355 1.217612
1356 1.217048
1357 1.216470
1358 1.215879
1359 1.215274
1360 1.214655
1361 1.214020
1362 1.213371
1363 1.212705
1364 1.212023
1365 1.211325
1366 1.210609
1367 1.209875
1368 1.209124
1369 1.208353
1370 1.207563
1371 1.206753
1372 1.205923
1373 1.205072
1374 1.204199
1375 1.203305
1376 1.202388
1377 1.201448
1378 1.200486
1379 1.199500
1380 1.198490
1381 1.197456
1382 1.196398
1383 1.195317
1384 1.194211
1385 1.193081
1386 1.191928
1387 1.190753
1388 1.189555
1389 1.188336
1390 1.187096
1391 1.185837
1392 1.184561
1393 1.183269
1394 1.181962
1395 1.180643
1396 1.179313
1397 1.177976
1398 1.176632
1399 1.175286
1400 1.173939
1401 1.172593
1402 1.171251
1403 1.169916
1404 1.168590
1405 1.167275
1406 1.165972
1407 1.164684
1408 1.163412
1409 1.162158
1410 1.160921
1411 1.159705
1412 1.158507
1413 1.157330
1414 1.156173
1415 1.155037
1416 1.153920
1417 1.152823
1418 1.151745
1419 1.150686
1420 1.149644
1421 1.148620
1422 1.147612
1423 1.146620
1424 1.145642
1425 1.144678
1426 1.143728
1427 1.142790
1428 1.141864
1429 1.140949
1430 1.140044
1431 1.139149
1432 1.138263
1433 1.137385
1434 1.136516
1435 1.135653
1436 1.134798
1437 1.133950
1438 1.133107
1439 1.132270
1440 1.131439
1441 1.130612
1442 1.129790
1443 1.128973
1444 1.128159
1445 1.127350
1446 1.126543
1447 1.125741
1448 1.124941
1449 1.124144
1450 1.123349
1451 1.122557
1452 1.121768
1453 1.120980
1454 1.120195
1455 1.119411
1456 1.118629
1457 1.117848
1458 1.117069
1459 1.116291
1460 1.115515
1461 1.114739
1462 1.113965
1463 1.113191
1464 1.112418
1465 1.111646
1466 1.110875
1467 1.110104
1468 1.109334
1469 1.108564
1470 1.107795
1471 1.107026
1472 1.106257
1473 1.105488
1474 1.104720
1475 1.103952
1476 1.103184
1477 1.102416
1478 1.101648
1479 1.100880
1480 1.100112
1481 1.099344
1482 1.098576
1483 1.097808
1484 1.097040
1485 1.096271
1486 1.095502
1487 1.094733
1488 1.093964
1489 1.093195
1490 1.092425
1491 1.091655
1492 1.090885
1493 1.090115
1494 1.089344
1495 1.088573
1496 1.087801
1497 1.087030
1498 1.086258
1499 1.085485
1500 1.084712
1501 1.083939
1502 1.083165
1503 1.082391
1504 1.081617
1505 1.080842
1506 1.080067
1507 1.079291
1508 1.078515
1509 1.077739
1510 1.076962
1511 1.076185
1512 1.075407
1513 1.074629
1514 1.073851
1515 1.073072
1516 1.072293
1517 1.071514
1518 1.070734
1519 1.069954
1520 1.069173
1521 1.068392
1522 1.067610
1523 1.066829
1524 1.066047
1525 1.065264
1526 1.064481
1527 1.063698
1528 1.062915
1529 1.062131
1530 1.061347
1531 1.060563
1532 1.059778
1533 1.058993
1534 1.058208
1535 1.057422
1536 1.056637
1537 1.055851
1538 1.055064
1539 1.054278
1540 1.053491
1541 1.052704
1542 1.051917
1543 1.051130
1544 1.050342
1545 1.049555
1546 1.048767
1547 1.047979
1548 1.047191
1549 1.046403
1550 1.045615
1551 1.044826
1552 1.044038
1553 1.043249
1554 1.042461
1555 1.041672
1556 1.040884
1557 1.040095
1558 1.039306
1559 1.038518
1560 1.037729
1561 1.036940
1562 1.036152
1563 1.035363
1564 1.034575
1565 1.033786
1566 1.032998
1567 1.032210
1568 1.031422
1569 1.030634
1570 1.029846
1571 1.029059
1572 1.028271
1573 1.027484
1574 1.026697
1575 1.025910
1576 1.025124
1577 1.024338
1578 1.023552
1579 1.022766
1580 1.021980
1581 1.021195
1582 1.020410
1583 1.019626
1584 1.018841
1585 1.018057
1586 1.017274
1587 1.016491
1588 1.015708
1589 1.014925
1590 1.014143
1591 1.013362
1592 1.012581
1593 1.011800
1594 1.011020
1595 1.010240
1596 1.009461
1597 1.008682
1598 1.007904
1599 1.007126
1600 1.006349
1601 1.005572
1602 1.004796
1603 1.004020
1604 1.003245
1605 1.002470
1606 1.001696
1607 1.000923
1608 1.000150
1609 0.999378
1610 0.998607
1611 0.997836
1612 0.997066
1613 0.996296
1614 0.995527
1615 0.994759
1616 0.993991
1617 0.993224
1618 0.992458
1619 0.991693
1620 0.990928
1621 0.990164
1622 0.989400
1623 0.988638
1624 0.987876
1625 0.987115
1626 0.986354
1627 0.985595
1628 0.984836
1629 0.984078
1630 0.983321
1631 0.982564
1632 0.981808
1633 0.981053
1634 0.980299
1635 0.979546
1636 0.978793
1637 0.978042
1638 0.977291
1639 0.976541
1640 0.975791
1641 0.975043
1642 0.974295
1643 0.973549
1644 0.972803
1645 0.972058
1646 0.971314
1647 0.970570
1648 0.969828
1649 0.969086
1650 0.968346
1651 0.967606
1652 0.966867
1653 0.966129
1654 0.965391
1655 0.964655
1656 0.963920
1657 0.963185
1658 0.962451
1659 0.961718
1660 0.960987
1661 0.960255
1662 0.959525
1663 0.958796
1664 0.958068
1665 0.957340
1666 0.956614
1667 0.955888
1668 0.955163
1669 0.954439
1670 0.953716
1671 0.952994
1672 0.952273
1673 0.951553
1674 0.950833
1675 0.950115
1676 0.949397
1677 0.948680
1678 0.947964
1679 0.947249
1680 0.946535
1681 0.945822
1682 0.945110
1683 0.944399
1684 0.943688
1685 0.942978
1686 0.942270
1687 0.941562
1688 0.940855
1689 0.940149
1690 0.939444
1691 0.938739
1692 0.938036
1693 0.937333
1694 0.936631
1695 0.935930
1696 0.935230
1697 0.934531
1698 0.933833
1699 0.933136
1700 0.932439
1701 0.931743
1702 0.931048
1703 0.930354
1704 0.929661
1705 0.928969
1706 0.928277
1707 0.927587
1708 0.926897
1709 0.926208
1710 0.925519
1711 0.924832
1712 0.924146
1713 0.923460
1714 0.922775
1715 0.922091
1716 0.921407
1717 0.920725
1718 0.920043
1719 0.919362
1720 0.918682
1721 0.918003
1722 0.917324
1723 0.916646
1724 0.915969
1725 0.915293
1726 0.914617
1727 0.913942
1728 0.913268
1729 0.912595
1730 0.911923
1731 0.911251
1732 0.910580
1733 0.909909
1734 0.909240
1735 0.908571
1736 0.907903
1737 0.907235
1738 0.906569
1739 0.905903
1740 0.905237
1741 0.904573
1742 0.903909
1743 0.903246
1744 0.902583
1745 0.901921
1746 0.901260
1747 0.900600
1748 0.899940
1749 0.899281
1750 0.898622
1751 0.897964
1752 0.897307
1753 0.896650
1754 0.895994
1755 0.895339
1756 0.894684
1757 0.894030
1758 0.893377
1759 0.892724
1760 0.892072
1761 0.891420
1762 0.890769
1763 0.890119
1764 0.889469
1765 0.888820
1766 0.888171
1767 0.887523
1768 0.886875
1769 0.886228
1770 0.885582
1771 0.884936
1772 0.884291
1773 0.883646
1774 0.883002
1775 0.882358
1776 0.881715
1777 0.881073
1778 0.880431
1779 0.879789
1780 0.879148
1781 0.878508
1782 0.877868
1783 0.877228
1784 0.876589
1785 0.875951
1786 0.875313
1787 0.874675
1788 0.874038
1789 0.873401
1790 0.872765
1791 0.872130
1792 0.871494
1793 0.870860
1794 0.870225
1795 0.869591
1796 0.868958
1797 0.868325
1798 0.867693
1799 0.867060
1800 0.866429
1801 0.865797
1802 0.865167
1803 0.864536
1804 0.863906
1805 0.863277
1806 0.862647
1807 0.862018
1808 0.861390
1809 0.860762
1810 0.860134
1811 0.859507
1812 0.858880
1813 0.858253
1814 0.857627
1815 0.857001
1816 0.856376
1817 0.855751
1818 0.855126
1819 0.854502
1820 0.853877
1821 0.853254
1822 0.852630
1823 0.852007
1824 0.851384
1825 0.850762
1826 0.850140
1827 0.849518
1828 0.848896
1829 0.848275
1830 0.847654
1831 0.847034
1832 0.846413
1833 0.845793
1834 0.845174
1835 0.844554
1836 0.843935
1837 0.843316
1838 0.842697
1839 0.842079
1840 0.841461
1841 0.840843
1842 0.840226
1843 0.839608
1844 0.838991
1845 0.838374
1846 0.837758
1847 0.837142
1848 0.836525
1849 0.835910
1850 0.835294
1851 0.834679
1852 0.834064
1853 0.833449
1854 0.832834
1855 0.832219
1856 0.831605
1857 0.830991
1858 0.830377
1859 0.829764
1860 0.829150
1861 0.828537
1862 0.827924
1863 0.827311
1864 0.826699
1865 0.826086
1866 0.825474
1867 0.824862
1868 0.824250
1869 0.823638
1870 0.823027
1871 0.822415
1872 0.821804
1873 0.821193
1874 0.820582
1875 0.819972
1876 0.819361
1877 0.818751
1878 0.818141
1879 0.817531
1880 0.816921
1881 0.816311
1882 0.815702
1883 0.815092
1884 0.814483
1885 0.813874
1886 0.813265
1887 0.812656
1888 0.812047
1889 0.811439
1890 0.810830
1891 0.810222
1892 0.809614
1893 0.809006
1894 0.808398
1895 0.807790
1896 0.807183
1897 0.806575
1898 0.805968
1899 0.805361
1900 0.804754
1901 0.804147
1902 0.803540
1903 0.802933
1904 0.802326
1905 0.801720
1906 0.801113
1907 0.800507
1908 0.799901
1909 0.799295
1910 0.798689
1911 0.798083
1912 0.797477
1913 0.796872
1914 0.796266
1915 0.795661
1916 0.795055
1917 0.794450
1918 0.793845
1919 0.793240
1920 0.792635
1921 0.792030
1922 0.791426
1923 0.790821
1924 0.790216
1925 0.789612
1926 0.789008
1927 0.788403
1928 0.787799
1929 0.787195
1930 0.786591
1931 0.785987
1932 0.785384
1933 0.784780
1934 0.784176
1935 0.783573
1936 0.782969
1937 0.782366
1938 0.781763
1939 0.781160
1940 0.780557
1941 0.779954
1942 0.779351
1943 0.778748
1944 0.778146
1945 0.777543
1946 0.776941
1947 0.776338
1948 0.775736
1949 0.775134
1950 0.774532
1951 0.773930
1952 0.773328
1953 0.772726
1954 0.772124
1955 0.771523
1956 0.770921
1957 0.770320
1958 0.769718
1959 0.769117
1960 0.768516
1961 0.767915
1962 0.767314
1963 0.766713
1964 0.766113
1965 0.765512
1966 0.764911
1967 0.764311
1968 0.763711
1969 0.763110
1970 0.762510
1971 0.761910
1972 0.761310
1973 0.760711
1974 0.760111
1975 0.759511
1976 0.758912
1977 0.758313
1978 0.757713
1979 0.757114
1980 0.756515
1981 0.755916
1982 0.755317
1983 0.754719
1984 0.754120
1985 0.753522
1986 0.752924
1987 0.752325
1988 0.751727
1989 0.751129
1990 0.750532
1991 0.749934
1992 0.749336
1993 0.748739
1994 0.748142
1995 0.747545
1996 0.746948
1997 0.746351
1998 0.745754
1999 0.745158
2000 0.744561
2001 0.743965
2002 0.743369
2003 0.742773
2004 0.742177
2005 0.741581
2006 0.740986
2007 0.740390
2008 0.739795
2009 0.739200
2010 0.738605
2011 0.738010
2012 0.737416
2013 0.736821
2014 0.736227
2015 0.735633
2016 0.735039
2017 0.734446
2018 0.733852
2019 0.733259
2020 0.732666
2021 0.732073
2022 0.731480
2023 0.730887
2024 0.730295
2025 0.729703
2026 0.729111
2027 0.728519
2028 0.727927
2029 0.727336
2030 0.726744
2031 0.726154
2032 0.725563
2033 0.724972
2034 0.724382
2035 0.723792
2036 0.723202
2037 0.722612
2038 0.722023
2039 0.721433
2040 0.720844
2041 0.720256
2042 0.719667
2043 0.719079
2044 0.718491
2045 0.717903
2046 0.717316
2047 0.716728
2048 0.716141
2049 0.715555
2050 0.714968
2051 0.714382
2052 0.713796
2053 0.713210
2054 0.712625
2055 0.712040
2056 0.711455
2057 0.710870
2058 0.710286
2059 0.709702
2060 0.709118
2061 0.708535
2062 0.707952
2063 0.707369
2064 0.706786
2065 0.706204
2066 0.705622
2067 0.705041
2068 0.704459
2069 0.703878
2070 0.703298
2071 0.702718
2072 0.702138
2073 0.701558
2074 0.700979
2075 0.700400
2076 0.699821
2077 0.699243
2078 0.698665
2079 0.698088
2080 0.697511
2081 0.696934
2082 0.696358
2083 0.695782
2084 0.695206
2085 0.694631
2086 0.694056
2087 0.693481
2088 0.692907
2089 0.692334
2090 0.691760
2091 0.691188
2092 0.690615
2093 0.690043
2094 0.689471
2095 0.688900
2096 0.688329
2097 0.687759
2098 0.687189
2099 0.686620
2100 0.686051
2101 0.685482
2102 0.684914
2103 0.684346
2104 0.683779
2105 0.683213
2106 0.682646
2107 0.682081
2108 0.681515
2109 0.680950
2110 0.680386
2111 0.679822
2112 0.679259
2113 0.678696
2114 0.678134
2115 0.677572
2116 0.677011
2117 0.676450
2118 0.675890
2119 0.675330
2120 0.674771
2121 0.674212
2122 0.673654
2123 0.673096
2124 0.672539
2125 0.671983
2126 0.671427
2127 0.670872
2128 0.670317
2129 0.669763
2130 0.669209
2131 0.668656
2132 0.668104
2133 0.667552
2134 0.667001
2135 0.666450
2136 0.665900
2137 0.665351
2138 0.664802
2139 0.664254
2140 0.663707
2141 0.663160
2142 0.662613
2143 0.662068
2144 0.661523
2145 0.660979
2146 0.660435
2147 0.659892
2148 0.659350
2149 0.658809
2150 0.658268
2151 0.657728
2152 0.657188
2153 0.656649
2154 0.656111
2155 0.655574
2156 0.655037
2157 0.654501
2158 0.653966
2159 0.653432
2160 0.652898
2161 0.652365
2162 0.651833
2163 0.651301
2164 0.650771
2165 0.650241
2166 0.649712
2167 0.649183
2168 0.648656
2169 0.648129
2170 0.647603
2171 0.647077
2172 0.646553
2173 0.646029
2174 0.645507
2175 0.644985
2176 0.644463
2177 0.643943
2178 0.643424
2179 0.642905
2180 0.642387
2181 0.641870
2182 0.641354
2183 0.640839
2184 0.640325
2185 0.639811
2186 0.639298
2187 0.638787
2188 0.638276
2189 0.637766
2190 0.637257
2191 0.636749
2192 0.636242
2193 0.635735
2194 0.635230
2195 0.634725
2196 0.634222
2197 0.633719
2198 0.633218
2199 0.632717
2200 0.632217
2201 0.631719
2202 0.631221
2203 0.630724
2204 0.630228
2205 0.629733
2206 0.629239
2207 0.628746
2208 0.628254
2209 0.627763
2210 0.627274
2211 0.626785
2212 0.626297
2213 0.625810
2214 0.625324
2215 0.624839
2216 0.624355
2217 0.623873
2218 0.623391
2219 0.622910
2220 0.622431
2221 0.621952
2222 0.621475
2223 0.620998
2224 0.620523
2225 0.620048
2226 0.619575
2227 0.619103
2228 0.618632
2229 0.618162
2230 0.617693
2231 0.617225
2232 0.616759
2233 0.616293
2234 0.615829
2235 0.615365
2236 0.614903
2237 0.614442
2238 0.613982
2239 0.613523
2240 0.613065
2241 0.612609
2242 0.612153
2243 0.611699
2244 0.611246
2245 0.610794
2246 0.610343
2247 0.609893
2248 0.609445
2249 0.608997
2250 0.608551
2251 0.608106
2252 0.607662
2253 0.607219
2254 0.606778
2255 0.606337
2256 0.605898
2257 0.605460
2258 0.605023
2259 0.604588
2260 0.604153
2261 0.603720
2262 0.603288
2263 0.602857
2264 0.602427
2265 0.601998
2266 0.601571
2267 0.601145
2268 0.600720
2269 0.600296
2270 0.599873
2271 0.599452
2272 0.599032
2273 0.598613
2274 0.598195
2275 0.597778
2276 0.597363
2277 0.596949
2278 0.596536
2279 0.596124
2280 0.595713
2281 0.595304
2282 0.594895
2283 0.594488
2284 0.594082
2285 0.593678
2286 0.593274
2287 0.592872
2288 0.592471
2289 0.592071
2290 0.591672
2291 0.591274
2292 0.590878
2293 0.590483
2294 0.590089
2295 0.589696
2296 0.589304
2297 0.588914
2298 0.588524
2299 0.588136
2300 0.587749
2301 0.587363
2302 0.586978
2303 0.586594
2304 0.586212
2305 0.585830
2306 0.585450
2307 0.585071
2308 0.584693
2309 0.584316
2310 0.583940
2311 0.583565
2312 0.583192
2313 0.582819
2314 0.582448
2315 0.582077
2316 0.581708
2317 0.581340
2318 0.580973
2319 0.580607
2320 0.580241
2321 0.579877
2322 0.579514
2323 0.579152
2324 0.578791
2325 0.578431
2326 0.578072
2327 0.577714
2328 0.577357
2329 0.577001
2330 0.576645
2331 0.576291
2332 0.575938
2333 0.575585
2334 0.575234
2335 0.574883
2336 0.574533
2337 0.574185
2338 0.573836
2339 0.573489
2340 0.573143
2341 0.572797
2342 0.572453
2343 0.572109
2344 0.571765
2345 0.571423
2346 0.571081
2347 0.570740
2348 0.570400
2349 0.570060
2350 0.569722
2351 0.569383
2352 0.569046
2353 0.568709
2354 0.568372
2355 0.568037
2356 0.567701
2357 0.567367
2358 0.567032
2359 0.566699
2360 0.566366
2361 0.566033
2362 0.565701
2363 0.565369
2364 0.565037
2365 0.564706
2366 0.564376
2367 0.564045
2368 0.563715
2369 0.563385
2370 0.563056
2371 0.562726
2372 0.562397
2373 0.562068
2374 0.561739
2375 0.561411
2376 0.561082
2377 0.560753
2378 0.560425
2379 0.560096
2380 0.559767
2381 0.559439
2382 0.559110
2383 0.558781
2384 0.558452
2385 0.558122
2386 0.557793
2387 0.557463
2388 0.557132
2389 0.556802
2390 0.556471
2391 0.556139
2392 0.555807
2393 0.555475
2394 0.555142
2395 0.554808
2396 0.554474
2397 0.554139
2398 0.553803
2399 0.553467
2400 0.553130
2401 0.552791
2402 0.552452
2403 0.552112
2404 0.551771
2405 0.551429
2406 0.551085
2407 0.550741
2408 0.550395
2409 0.550048
2410 0.549700
2411 0.549350
2412 0.548998
2413 0.548646
2414 0.548291
2415 0.547935
2416 0.547578
2417 0.547218
2418 0.546857
2419 0.546494
2420 0.546128
2421 0.545761
2422 0.545392
2423 0.545021
2424 0.544647
2425 0.544271
2426 0.543893
2427 0.543512
2428 0.543129
2429 0.542743
2430 0.542355
2431 0.541964
2432 0.541570
2433 0.541173
2434 0.540773
2435 0.540370
2436 0.539965
2437 0.539555
2438 0.539143
2439 0.538727
2440 0.538308
2441 0.537886
2442 0.537459
2443 0.537029
2444 0.536596
2445 0.536158
2446 0.535717
2447 0.535271
2448 0.534822
2449 0.534368
2450 0.533910
2451 0.533447
2452 0.532980
2453 0.532509
2454 0.532033
2455 0.531552
2456 0.531066
2457 0.530576
2458 0.530080
2459 0.529579
2460 0.529074
2461 0.528563
2462 0.528046
2463 0.527524
2464 0.526997
2465 0.526464
2466 0.525925
2467 0.525380
2468 0.524830
2469 0.524274
2470 0.523711
2471 0.523142
2472 0.522567
2473 0.521986
2474 0.521398
2475 0.520804
2476 0.520203
2477 0.519596
2478 0.518982
2479 0.518361
2480 0.517733
2481 0.517097
2482 0.516455
2483 0.515806
2484 0.515149
2485 0.514485
2486 0.513814
2487 0.513135
2488 0.512448
2489 0.511754
2490 0.511052
2491 0.510342
2492 0.509624
2493 0.508898
2494 0.508165
2495 0.507422
2496 0.506672
2497 0.505914
2498 0.505147
2499 0.504371
2500 0.503587
2501 0.502795
2502 0.501993
2503 0.501183
2504 0.500364
2505 0.499536
2506 0.498699
2507 0.497853
2508 0.496998
2509 0.496134
2510 0.495260
2511 0.494377
2512 0.493484
2513 0.492582
2514 0.491670
2515 0.490748
2516 0.489817
2517 0.488875
2518 0.487924
2519 0.486962
2520 0.485990
2521 0.485008
2522 0.484016
2523 0.483012
2524 0.481999
2525 0.480974
2526 0.479939
2527 0.478893
2528 0.477836
2529 0.476767
2530 0.475688
2531 0.474597
2532 0.473494
2533 0.472380
2534 0.471254
2535 0.470116
2536 0.468966
2537 0.467804
2538 0.466629
2539 0.465443
2540 0.464243
2541 0.463031
2542 0.461806
2543 0.460568
2544 0.459317
2545 0.458052
2546 0.456774
2547 0.455483
2548 0.454177
2549 0.452858
2550 0.451525
2551 0.450178
2552 0.448816
2553 0.447440
2554 0.446050
2555 0.444645
2556 0.443225
2557 0.441791
2558 0.440342
2559 0.438878
2560 0.437400
2561 0.435906
2562 0.434398
2563 0.432875
2564 0.431337
2565 0.429785
2566 0.428219
2567 0.426639
2568 0.425045
2569 0.423438
2570 0.421817
2571 0.420184
2572 0.418539
2573 0.416882
2574 0.415214
2575 0.413536
2576 0.411849
2577 0.410152
2578 0.408448
2579 0.406737
2580 0.405021
2581 0.403299
2582 0.401573
2583 0.399845
2584 0.398115
2585 0.396385
2586 0.394655
2587 0.392928
2588 0.391203
2589 0.389482
2590 0.387765
2591 0.386055
2592 0.384351
2593 0.382655
2594 0.380967
2595 0.379287
2596 0.377617
2597 0.375956
2598 0.374305
2599 0.372664
2600 0.371033
2601 0.369412
2602 0.367802
2603 0.366202
2604 0.364612
2605 0.363033
2606 0.361463
2607 0.359903
2608 0.358353
2609 0.356813
2610 0.355282
2611 0.353761
2612 0.352249
2613 0.350746
2614 0.349252
2615 0.347768
2616 0.346292
2617 0.344825
2618 0.343368
2619 0.341919
2620 0.340479
2621 0.339048
2622 0.337626
2623 0.336213
2624 0.334809
2625 0.333415
2626 0.332029
2627 0.330653
2628 0.329286
2629 0.327928
2630 0.326580
2631 0.325242
2632 0.323913
2633 0.322593
2634 0.321283
2635 0.319983
2636 0.318693
2637 0.317413
2638 0.316142
2639 0.314882
2640 0.313631
2641 0.312390
2642 0.311160
2643 0.309939
2644 0.308728
2645 0.307528
2646 0.306337
2647 0.305157
2648 0.303986
2649 0.302826
2650 0.301676
2651 0.300535
2652 0.299405
2653 0.298284
2654 0.297174
2655 0.296073
2656 0.294982
2657 0.293902
2658 0.292830
2659 0.291769
2660 0.290717
2661 0.289675
2662 0.288643
2663 0.287620
2664 0.286606
2665 0.285602
2666 0.284608
2667 0.283623
2668 0.282647
2669 0.281680
2670 0.280722
2671 0.279773
2672 0.278834
2673 0.277903
2674 0.276982
2675 0.276069
2676 0.275165
2677 0.274269
2678 0.273382
2679 0.272504
2680 0.271634
2681 0.270773
2682 0.269920
2683 0.269075
2684 0.268239
2685 0.267410
2686 0.266590
2687 0.265778
2688 0.264973
2689 0.264177
2690 0.263388
2691 0.262607
2692 0.261834
2693 0.261068
2694 0.260310
2695 0.259559
2696 0.258816
2697 0.258080
2698 0.257351
2699 0.256630
2700 0.255915
2701 0.255208
2702 0.254508
2703 0.253814
2704 0.253127
2705 0.252447
2706 0.251774
2707 0.251108
2708 0.250448
2709 0.249794
2710 0.249147
2711 0.248507
2712 0.247872
2713 0.247244
2714 0.246622
2715 0.246006
2716 0.245397
2717 0.244793
2718 0.244195
2719 0.243603
2720 0.243017
2721 0.242436
2722 0.241861
2723 0.241292
2724 0.240729
2725 0.240170
2726 0.239618
2727 0.239070
2728 0.238528
2729 0.237991
2730 0.237460
2731 0.236933
2732 0.236412
2733 0.235895
2734 0.235384
2735 0.234877
2736 0.234375
2737 0.233879
2738 0.233386
2739 0.232899
2740 0.232416
2741 0.231938
2742 0.231464
2743 0.230994
2744 0.230529
2745 0.230069
2746 0.229613
2747 0.229161
2748 0.228713
2749 0.228269
2750 0.227830
2751 0.227394
2752 0.226963
2753 0.226535
2754 0.226112
2755 0.225692
2756 0.225276
2757 0.224864
2758 0.224456
2759 0.224051
2760 0.223650
2761 0.223253
2762 0.222859
2763 0.222469
2764 0.222082
2765 0.221699
2766 0.221319
2767 0.220942
2768 0.220569
2769 0.220199
2770 0.219832
2771 0.219469
2772 0.219108
2773 0.218751
2774 0.218397
2775 0.218046
2776 0.217698
2777 0.217353
2778 0.217010
2779 0.216671
2780 0.216335
2781 0.216001
2782 0.215671
2783 0.215343
2784 0.215018
2785 0.214695
2786 0.214375
2787 0.214058
2788 0.213744
2789 0.213432
2790 0.213123
2791 0.212816
2792 0.212512
2793 0.212210
2794 0.211911
2795 0.211614
2796 0.211319
2797 0.211027
2798 0.210737
2799 0.210450
2800 0.210164
2801 0.209881
2802 0.209601
2803 0.209322
2804 0.209046
2805 0.208772
2806 0.208500
2807 0.208230
2808 0.207962
2809 0.207696
2810 0.207433
2811 0.207171
2812 0.206911
2813 0.206653
2814 0.206398
2815 0.206144
2816 0.205892
2817 0.205642
2818 0.205394
2819 0.205147
2820 0.204903
2821 0.204660
2822 0.204419
2823 0.204180
2824 0.203943
2825 0.203707
2826 0.203473
2827 0.203241
2828 0.203011
2829 0.202782
2830 0.202555
2831 0.202329
2832 0.202105
2833 0.201883
2834 0.201662
2835 0.201443
2836 0.201225
2837 0.201009
2838 0.200794
2839 0.200581
2840 0.200369
2841 0.200159
2842 0.199950
2843 0.199743
2844 0.199537
2845 0.199332
2846 0.199129
2847 0.198928
2848 0.198727
2849 0.198528
2850 0.198331
2851 0.198134
2852 0.197939
2853 0.197745
2854 0.197553
2855 0.197362
2856 0.197172
2857 0.196983
2858 0.196796
2859 0.196610
2860 0.196425
2861 0.196241
2862 0.196058
2863 0.195877
2864 0.195697
2865 0.195517
2866 0.195340
2867 0.195163
2868 0.194987
2869 0.194812
2870 0.194639
2871 0.194467
2872 0.194295
2873 0.194125
2874 0.193956
2875 0.193788
2876 0.193621
2877 0.193455
2878 0.193290
2879 0.193126
2880 0.192962
2881 0.192800
2882 0.192639
2883 0.192479
2884 0.192320
2885 0.192162
2886 0.192005
2887 0.191849
2888 0.191693
2889 0.191539
2890 0.191386
2891 0.191233
2892 0.191081
2893 0.190931
2894 0.190781
2895 0.190632
2896 0.190484
2897 0.190336
2898 0.190190
2899 0.190044
2900 0.189900
2901 0.189756
2902 0.189613
2903 0.189470
2904 0.189329
2905 0.189188
2906 0.189049
2907 0.188909
2908 0.188771
2909 0.188634
2910 0.188497
2911 0.188361
2912 0.188226
2913 0.188091
2914 0.187958
2915 0.187825
2916 0.187693
2917 0.187561
2918 0.187430
2919 0.187300
2920 0.187171
2921 0.187042
2922 0.186914
2923 0.186787
2924 0.186660
2925 0.186535
2926 0.186409
2927 0.186285
2928 0.186161
2929 0.186038
2930 0.185915
2931 0.185793
2932 0.185672
2933 0.185551
2934 0.185431
2935 0.185312
2936 0.185193
2937 0.185075
2938 0.184958
2939 0.184841
2940 0.184724
2941 0.184609
2942 0.184494
2943 0.184379
2944 0.184265
2945 0.184152
2946 0.184039
2947 0.183927
2948 0.183815
2949 0.183704
2950 0.183594
2951 0.183484
2952 0.183375
2953 0.183266
2954 0.183157
2955 0.183050
2956 0.182943
2957 0.182836
2958 0.182730
2959 0.182624
2960 0.182519
2961 0.182414
2962 0.182310
2963 0.182207
2964 0.182104
2965 0.182001
2966 0.181899
2967 0.181798
2968 0.181697
2969 0.181596
2970 0.181496
2971 0.181396
2972 0.181297
2973 0.181199
2974 0.181100
2975 0.181003
2976 0.180905
2977 0.180809
2978 0.180712
2979 0.180616
2980 0.180521
2981 0.180426
2982 0.180331
2983 0.180237
2984 0.180144
2985 0.180051
2986 0.179958
2987 0.179865
2988 0.179774
2989 0.179682
2990 0.179591
2991 0.179500
2992 0.179410
2993 0.179320
2994 0.179231
2995 0.179142
2996 0.179053
2997 0.178965
2998 0.178877
2999 0.178790
3000 0.178703
3001 0.178616
3002 0.178530
3003 0.178444
3004 0.178359
3005 0.178274
3006 0.178189
3007 0.178105
3008 0.178021
3009 0.177938
3010 0.177854
3011 0.177772
3012 0.177689
3013 0.177607
3014 0.177525
3015 0.177444
3016 0.177363
3017 0.177283
3018 0.177202
3019 0.177122
3020 0.177043
3021 0.176964
3022 0.176885
3023 0.176806
3024 0.176728
3025 0.176650
3026 0.176573
3027 0.176495
3028 0.176419
3029 0.176342
3030 0.176266
3031 0.176190
3032 0.176114
3033 0.176039
3034 0.175964
3035 0.175890
3036 0.175815
3037 0.175741
3038 0.175668
3039 0.175595
3040 0.175522
3041 0.175449
3042 0.175376
3043 0.175304
3044 0.175233
3045 0.175161
3046 0.175090
3047 0.175019
3048 0.174948
3049 0.174878
3050 0.174808
3051 0.174738
3052 0.174669
3053 0.174600
3054 0.174531
3055 0.174462
3056 0.174394
3057 0.174326
3058 0.174258
3059 0.174191
3060 0.174124
3061 0.174057
3062 0.173990
3063 0.173924
3064 0.173858
3065 0.173792
3066 0.173726
3067 0.173661
3068 0.173596
3069 0.173531
3070 0.173467
3071 0.173403
3072 0.173339
3073 0.173275
3074 0.173212
3075 0.173148
3076 0.173085
3077 0.173023
3078 0.172960
3079 0.172898
3080 0.172836
3081 0.172775
3082 0.172713
3083 0.172652
3084 0.172591
3085 0.172530
3086 0.172470
3087 0.172410
3088 0.172350
3089 0.172290
3090 0.172230
3091 0.172171
3092 0.172112
3093 0.172053
3094 0.171995
3095 0.171936
3096 0.171878
3097 0.171820
3098 0.171763
3099 0.171705
3100 0.171648
3101 0.171591
3102 0.171534
3103 0.171478
3104 0.171422
3105 0.171366
3106 0.171310
3107 0.171254
3108 0.171199
3109 0.171143
3110 0.171088
3111 0.171034
3112 0.170979
3113 0.170925
3114 0.170870
3115 0.170817
3116 0.170763
3117 0.170709
3118 0.170656
3119 0.170603
3120 0.170550
3121 0.170497
3122 0.170445
3123 0.170392
3124 0.170340
3125 0.170289
3126 0.170237
3127 0.170185
3128 0.170134
3129 0.170083
3130 0.170032
3131 0.169981
3132 0.169931
3133 0.169881
3134 0.169830
3135 0.169780
3136 0.169731
3137 0.169681
3138 0.169632
3139 0.169583
3140 0.169534
3141 0.169485
3142 0.169436
3143 0.169388
3144 0.169340
3145 0.169292
3146 0.169244
3147 0.169196
3148 0.169148
3149 0.169101
3150 0.169054
3151 0.169007
3152 0.168960
3153 0.168914
3154 0.168867
3155 0.168821
3156 0.168775
3157 0.168729
3158 0.168683
3159 0.168638
3160 0.168592
3161 0.168547
3162 0.168502
3163 0.168457
3164 0.168412
3165 0.168368
3166 0.168324
3167 0.168279
3168 0.168235
3169 0.168191
3170 0.168148
3171 0.168104
3172 0.168061
3173 0.168018
3174 0.167975
3175 0.167932
3176 0.167889
3177 0.167847
3178 0.167804
3179 0.167762
3180 0.167720
3181 0.167678
3182 0.167636
3183 0.167595
3184 0.167553
3185 0.167512
3186 0.167471
3187 0.167430
3188 0.167389
3189 0.167348
3190 0.167308
3191 0.167267
3192 0.167227
3193 0.167187
3194 0.167147
3195 0.167108
3196 0.167068
3197 0.167029
3198 0.166989
3199 0.166950
3200 0.166911
3201 0.166872
3202 0.166834
3203 0.166795
3204 0.166757
3205 0.166718
3206 0.166680
3207 0.166642
3208 0.166604
3209 0.166567
3210 0.166529
3211 0.166492
3212 0.166455
3213 0.166417
3214 0.166381
3215 0.166344
3216 0.166307
3217 0.166270
3218 0.166234
3219 0.166198
3220 0.166162
3221 0.166126
3222 0.166090
3223 0.166054
3224 0.166018
3225 0.165983
3226 0.165948
3227 0.165913
3228 0.165877
3229 0.165843
3230 0.165808
3231 0.165773
3232 0.165739
3233 0.165704
3234 0.165670
3235 0.165636
3236 0.165602
3237 0.165568
3238 0.165534
3239 0.165501
3240 0.165467
3241 0.165434
3242 0.165401
3243 0.165368
3244 0.165335
3245 0.165302
3246 0.165269
3247 0.165237
3248 0.165204
3249 0.165172
3250 0.165140
3251 0.165107
3252 0.165076
3253 0.165044
3254 0.165012
3255 0.164980
3256 0.164949
3257 0.164918
3258 0.164886
3259 0.164855
3260 0.164824
3261 0.164794
3262 0.164763
3263 0.164732
3264 0.164702
3265 0.164671
3266 0.164641
3267 0.164611
3268 0.164581
3269 0.164551
3270 0.164521
3271 0.164492
3272 0.164462
3273 0.164433
3274 0.164403
3275 0.164374
3276 0.164345
3277 0.164316
3278 0.164287
3279 0.164259
3280 0.164230
3281 0.164201
3282 0.164173
3283 0.164145
3284 0.164117
3285 0.164089
3286 0.164061
3287 0.164033
3288 0.164005
3289 0.163977
3290 0.163950
3291 0.163923
3292 0.163895
3293 0.163868
3294 0.163841
3295 0.163814
3296 0.163787
3297 0.163761
3298 0.163734
3299 0.163707
3300 0.163681
3301 0.163655
3302 0.163628
3303 0.163602
3304 0.163576
3305 0.163551
3306 0.163525
3307 0.163499
3308 0.163474
3309 0.163448
3310 0.163423
3311 0.163397
3312 0.163372
3313 0.163347
3314 0.163322
3315 0.163298
3316 0.163273
3317 0.163248
3318 0.163224
3319 0.163199
3320 0.163175
3321 0.163151
3322 0.163127
3323 0.163103
3324 0.163079
3325 0.163055
3326 0.163031
3327 0.163007
3328 0.162984
3329 0.162961
3330 0.162937
3331 0.162914
3332 0.162891
3333 0.162868
3334 0.162845
3335 0.162822
3336 0.162799
3337 0.162777
3338 0.162754
3339 0.162732
3340 0.162709
3341 0.162687
3342 0.162665
3343 0.162643
3344 0.162621
3345 0.162599
3346 0.162577
3347 0.162556
3348 0.162534
3349 0.162513
3350 0.162491
3351 0.162470
3352 0.162449
3353 0.162427
3354 0.162406
3355 0.162386
3356 0.162365
3357 0.162344
3358 0.162323
3359 0.162303
3360 0.162282
3361 0.162262
3362 0.162242
3363 0.162221
3364 0.162201
3365 0.162181
3366 0.162161
3367 0.162141
3368 0.162122
3369 0.162102
3370 0.162082
3371 0.162063
3372 0.162043
3373 0.162024
3374 0.162005
3375 0.161986
3376 0.161967
3377 0.161948
3378 0.161929
3379 0.161910
3380 0.161891
3381 0.161873
3382 0.161854
3383 0.161836
3384 0.161817
3385 0.161799
3386 0.161781
3387 0.161763
3388 0.161745
3389 0.161727
3390 0.161709
3391 0.161691
3392 0.161673
3393 0.161656
3394 0.161638
3395 0.161621
3396 0.161603
3397 0.161586
3398 0.161569
3399 0.161552
3400 0.161535
3401 0.161518
3402 0.161501
3403 0.161484
3404 0.161468
3405 0.161451
3406 0.161434
3407 0.161418
3408 0.161401
3409 0.161385
3410 0.161369
3411 0.161353
3412 0.161337
3413 0.161321
3414 0.161305
3415 0.161289
3416 0.161273
3417 0.161258
3418 0.161242
3419 0.161226
3420 0.161211
3421 0.161196
3422 0.161180
3423 0.161165
3424 0.161150
3425 0.161135
3426 0.161120
3427 0.161105
3428 0.161090
3429 0.161075
3430 0.161061
3431 0.161046
3432 0.161032
3433 0.161017
3434 0.161003
3435 0.160988
3436 0.160974
3437 0.160960
3438 0.160946
3439 0.160932
3440 0.160918
3441 0.160904
3442 0.160890
3443 0.160877
3444 0.160863
3445 0.160849
3446 0.160836
3447 0.160822
3448 0.160809
3449 0.160796
3450 0.160783
3451 0.160769
3452 0.160756
3453 0.160743
3454 0.160730
3455 0.160718
3456 0.160705
3457 0.160692
3458 0.160679
3459 0.160667
3460 0.160654
3461 0.160642
3462 0.160629
3463 0.160617
3464 0.160605
3465 0.160593
3466 0.160581
3467 0.160569
3468 0.160557
3469 0.160545
3470 0.160533
3471 0.160521
3472 0.160509
3473 0.160498
3474 0.160486
3475 0.160475
3476 0.160463
3477 0.160452
3478 0.160441
3479 0.160429
3480 0.160418
3481 0.160407
3482 0.160396
3483 0.160385
3484 0.160374
3485 0.160363
3486 0.160353
3487 0.160342
3488 0.160331
3489 0.160321
3490 0.160310
3491 0.160300
3492 0.160289
3493 0.160279
3494 0.160269
3495 0.160259
3496 0.160248
3497 0.160238
3498 0.160228
3499 0.160218
3500 0.160208
3501 0.160199
3502 0.160189
3503 0.160179
3504 0.160170
3505 0.160160
3506 0.160150
3507 0.160141
3508 0.160132
3509 0.160122
3510 0.160113
3511 0.160104
3512 0.160095
3513 0.160086
3514 0.160076
3515 0.160068
3516 0.160059
3517 0.160050
3518 0.160041
3519 0.160032
3520 0.160024
3521 0.160015
3522 0.160006
3523 0.159998
3524 0.159989
3525 0.159981
3526 0.159973
3527 0.159964
3528 0.159956
3529 0.159948
3530 0.159940
3531 0.159932
3532 0.159924
3533 0.159916
3534 0.159908
3535 0.159900
3536 0.159892
3537 0.159885
3538 0.159877
3539 0.159870
3540 0.159862
3541 0.159854
3542 0.159847
3543 0.159840
3544 0.159832
3545 0.159825
3546 0.159818
3547 0.159811
3548 0.159804
3549 0.159797
3550 0.159790
3551 0.159783
3552 0.159776
3553 0.159769
3554 0.159762
3555 0.159755
3556 0.159749
3557 0.159742
3558 0.159736
3559 0.159729
3560 0.159723
3561 0.159716
3562 0.159710
3563 0.159703
3564 0.159697
3565 0.159691
3566 0.159685
3567 0.159679
3568 0.159673
3569 0.159667
3570 0.159661
3571 0.159655
3572 0.159649
3573 0.159643
3574 0.159637
3575 0.159632
3576 0.159626
3577 0.159621
3578 0.159615
3579 0.159609
3580 0.159604
3581 0.159599
3582 0.159593
3583 0.159588
3584 0.159583
3585 0.159578
3586 0.159572
3587 0.159567
3588 0.159562
3589 0.159557
3590 0.159552
3591 0.159547
3592 0.159542
3593 0.159538
3594 0.159533
3595 0.159528
3596 0.159523
3597 0.159519
3598 0.159514
3599 0.159510
3600 0.159505
3601 0.159501
3602 0.159496
3603 0.159492
3604 0.159488
3605 0.159484
3606 0.159479
3607 0.159475
3608 0.159471
3609 0.159467
3610 0.159463
3611 0.159459
3612 0.159455
3613 0.159451
3614 0.159447
3615 0.159444
3616 0.159440
3617 0.159436
3618 0.159432
3619 0.159429
3620 0.159425
3621 0.159422
3622 0.159418
3623 0.159415
3624 0.159411
3625 0.159408
3626 0.159405
3627 0.159401
3628 0.159398
3629 0.159395
3630 0.159392
3631 0.159389
3632 0.159386
3633 0.159383
3634 0.159380
3635 0.159377
3636 0.159374
3637 0.159371
3638 0.159368
3639 0.159366
3640 0.159363
3641 0.159360
3642 0.159358
3643 0.159355
3644 0.159353
3645 0.159350
3646 0.159348
3647 0.159345
3648 0.159343
3649 0.159341
3650 0.159338
3651 0.159336
3652 0.159334
3653 0.159332
3654 0.159330
3655 0.159328
3656 0.159326
3657 0.159324
3658 0.159322
3659 0.159320
3660 0.159318
3661 0.159316
3662 0.159314
3663 0.159313
3664 0.159311
3665 0.159309
3666 0.159308
3667 0.159306
3668 0.159305
3669 0.159303
3670 0.159302
3671 0.159300
3672 0.159299
3673 0.159297
3674 0.159296
3675 0.159295
3676 0.159294
3677 0.159293
3678 0.159291
3679 0.159290
3680 0.159289
3681 0.159288
3682 0.159287
3683 0.159286
3684 0.159286
3685 0.159285
3686 0.159284
3687 0.159283
3688 0.159282
3689 0.159282
3690 0.159281
3691 0.159280
3692 0.159280
3693 0.159279
3694 0.159279
3695 0.159278
3696 0.159278
3697 0.159278
3698 0.159277
3699 0.159277
3700 0.159277
3701 0.159277
3702 0.159276
3703 0.159276
3704 0.159276
3705 0.159276
3706 0.159276
3707 0.159276
3708 0.159276
3709 0.159276
3710 0.159277
3711 0.159277
3712 0.159277
3713 0.159277
3714 0.159278
3715 0.159278
3716 0.159278
3717 0.159279
3718 0.159279
3719 0.159280
3720 0.159280
3721 0.159281
3722 0.159282
3723 0.159282
3724 0.159283
3725 0.159284
3726 0.159285
3727 0.159285
3728 0.159286
3729 0.159287
3730 0.159288
3731 0.159289
3732 0.159290
3733 0.159291
3734 0.159293
3735 0.159294
3736 0.159295
3737 0.159296
3738 0.159297
3739 0.159299
3740 0.159300
3741 0.159302
3742 0.159303
3743 0.159305
3744 0.159306
3745 0.159308
3746 0.159309
3747 0.159311
3748 0.159313
3749 0.159315
3750 0.159316
3751 0.159318
3752 0.159320
3753 0.159322
3754 0.159324
3755 0.159326
3756 0.159328
3757 0.159330
3758 0.159332
3759 0.159335
3760 0.159337
3761 0.159339
3762 0.159341
3763 0.159344
3764 0.159346
3765 0.159349
3766 0.159351
3767 0.159354
3768 0.159356
3769 0.159359
3770 0.159362
3771 0.159365
3772 0.159367
3773 0.159370
3774 0.159373
3775 0.159376
3776 0.159379
3777 0.159382
3778 0.159385
3779 0.159388
3780 0.159391
3781 0.159395
3782 0.159398
3783 0.159401
3784 0.159404
3785 0.159408
3786 0.159411
3787 0.159415
3788 0.159418
3789 0.159422
3790 0.159426
3791 0.159429
3792 0.159433
3793 0.159437
3794 0.159441
3795 0.159445
3796 0.159449
3797 0.159453
3798 0.159457
3799 0.159461
3800 0.159465
3801 0.159469
3802 0.159473
3803 0.159478
3804 0.159482
3805 0.159487
3806 0.159491
3807 0.159496
3808 0.159500
3809 0.159505
3810 0.159510
3811 0.159514
3812 0.159519
3813 0.159524
3814 0.159529
3815 0.159534
3816 0.159539
3817 0.159544
3818 0.159549
3819 0.159554
3820 0.159560
3821 0.159565
3822 0.159570
3823 0.159576
3824 0.159581
3825 0.159587
3826 0.159593
3827 0.159598
3828 0.159604
3829 0.159610
3830 0.159616
3831 0.159622
3832 0.159628
3833 0.159634
3834 0.159640
3835 0.159646
3836 0.159652
3837 0.159659
3838 0.159665
3839 0.159671
3840 0.159678
3841 0.159685
3842 0.159691
3843 0.159698
3844 0.159705
3845 0.159712
3846 0.159718
3847 0.159725
3848 0.159732
3849 0.159740
3850 0.159747
3851 0.159754
3852 0.159761
3853 0.159769
3854 0.159776
3855 0.159784
3856 0.159791
3857 0.159799
3858 0.159807
3859 0.159815
3860 0.159823
3861 0.159831
3862 0.159839
3863 0.159847
3864 0.159855
3865 0.159863
3866 0.159872
3867 0.159880
3868 0.159889
3869 0.159897
3870 0.159906
3871 0.159915
3872 0.159924
3873 0.159932
3874 0.159941
3875 0.159951
3876 0.159960
3877 0.159969
3878 0.159978
3879 0.159988
3880 0.159997
3881 0.160007
3882 0.160016
3883 0.160026
3884 0.160036
3885 0.160046
3886 0.160056
3887 0.160066
3888 0.160076
3889 0.160087
3890 0.160097
3891 0.160107
3892 0.160118
3893 0.160129
3894 0.160139
3895 0.160150
3896 0.160161
3897 0.160172
3898 0.160183
3899 0.160194
3900 0.160206
3901 0.160217
3902 0.160228
3903 0.160240
3904 0.160252
3905 0.160263
3906 0.160275
3907 0.160287
3908 0.160299
3909 0.160312
3910 0.160324
3911 0.160336
3912 0.160349
3913 0.160361
3914 0.160374
3915 0.160387
3916 0.160400
3917 0.160413
3918 0.160426
3919 0.160439
3920 0.160452
3921 0.160466
3922 0.160479
3923 0.160493
3924 0.160506
3925 0.160520
3926 0.160534
3927 0.160548
3928 0.160563
3929 0.160577
3930 0.160591
3931 0.160606
3932 0.160620
3933 0.160635
3934 0.160650
3935 0.160665
3936 0.160680
3937 0.160695
3938 0.160711
3939 0.160726
3940 0.160742
3941 0.160758
3942 0.160773
3943 0.160789
3944 0.160805
3945 0.160822
3946 0.160838
3947 0.160854
3948 0.160871
3949 0.160888
3950 0.160904
3951 0.160921
3952 0.160938
3953 0.160956
3954 0.160973
3955 0.160990
3956 0.161008
3957 0.161026
3958 0.161044
3959 0.161062
3960 0.161080
3961 0.161098
3962 0.161116
3963 0.161135
3964 0.161154
3965 0.161172
3966 0.161191
3967 0.161210
3968 0.161230
3969 0.161249
3970 0.161268
3971 0.161288
3972 0.161308
3973 0.161328
3974 0.161348
3975 0.161368
3976 0.161388
3977 0.161409
3978 0.161430
3979 0.161450
3980 0.161471
3981 0.161492
3982 0.161514
3983 0.161535
3984 0.161557
3985 0.161578
3986 0.161600
3987 0.161622
3988 0.161644
3989 0.161667
3990 0.161689
3991 0.161712
3992 0.161734
3993 0.161757
3994 0.161780
3995 0.161804
3996 0.161827
3997 0.161851
3998 0.161874
3999 0.161898
4000 0.161922
4001 0.161947
4002 0.161971
4003 0.161996
4004 0.162020
4005 0.162045
4006 0.162070
4007 0.162095
4008 0.162121
4009 0.162146
4010 0.162172
4011 0.162198
4012 0.162224
4013 0.162250
4014 0.162277
4015 0.162303
4016 0.162330
4017 0.162357
4018 0.162384
4019 0.162411
4020 0.162439
4021 0.162466
4022 0.162494
4023 0.162522
4024 0.162551
4025 0.162579
4026 0.162607
4027 0.162636
4028 0.162665
4029 0.162694
4030 0.162724
4031 0.162753
4032 0.162783
4033 0.162813
4034 0.162843
4035 0.162873
4036 0.162903
4037 0.162934
4038 0.162965
4039 0.162996
4040 0.163027
4041 0.163058
4042 0.163090
4043 0.163122
4044 0.163154
4045 0.163186
4046 0.163218
4047 0.163251
4048 0.163283
4049 0.163316
4050 0.163350
4051 0.163383
4052 0.163417
4053 0.163450
4054 0.163484
4055 0.163519
4056 0.163553
4057 0.163588
4058 0.163622
4059 0.163657
4060 0.163693
4061 0.163728
4062 0.163764
4063 0.163800
4064 0.163836
4065 0.163872
4066 0.163909
4067 0.163945
4068 0.163982
4069 0.164019
4070 0.164057
4071 0.164094
4072 0.164132
4073 0.164170
4074 0.164209
4075 0.164247
4076 0.164286
4077 0.164325
4078 0.164364
4079 0.164403
4080 0.164443
4081 0.164483
4082 0.164523
4083 0.164563
4084 0.164604
4085 0.164644
4086 0.164685
4087 0.164727
4088 0.164768
4089 0.164810
4090 0.164852
4091 0.164894
4092 0.164936
4093 0.164979
4094 0.165022
4095 0.165065
4096 0.165108
4097 0.165152
4098 0.165196
4099 0.165240
4100 0.165284
4101 0.165329
4102 0.165374
4103 0.165419
4104 0.165464
4105 0.165510
4106 0.165556
4107 0.165602
4108 0.165648
4109 0.165695
4110 0.165741
4111 0.165789
4112 0.165836
4113 0.165884
4114 0.165931
4115 0.165980
4116 0.166028
4117 0.166077
4118 0.166126
4119 0.166175
4120 0.166224
4121 0.166274
4122 0.166324
4123 0.166374
4124 0.166425
4125 0.166475
4126 0.166526
4127 0.166578
4128 0.166629
4129 0.166681
4130 0.166733
4131 0.166786
4132 0.166839
4133 0.166891
4134 0.166945
4135 0.166998
4136 0.167052
4137 0.167106
4138 0.167161
4139 0.167215
4140 0.167270
4141 0.167325
4142 0.167381
4143 0.167437
4144 0.167493
4145 0.167549
4146 0.167606
4147 0.167663
4148 0.167720
4149 0.167778
4150 0.167836
4151 0.167894
4152 0.167952
4153 0.168011
4154 0.168070
4155 0.168130
4156 0.168189
4157 0.168249
4158 0.168310
4159 0.168370
4160 0.168431
4161 0.168492
4162 0.168554
4163 0.168616
4164 0.168678
4165 0.168740
4166 0.168803
4167 0.168866
4168 0.168930
4169 0.168994
4170 0.169058
4171 0.169122
4172 0.169187
4173 0.169252
4174 0.169317
4175 0.169383
4176 0.169449
4177 0.169516
4178 0.169582
4179 0.169649
4180 0.169717
4181 0.169785
4182 0.169853
4183 0.169921
4184 0.169990
4185 0.170059
4186 0.170128
4187 0.170198
4188 0.170268
4189 0.170339
4190 0.170410
4191 0.170481
4192 0.170553
4193 0.170625
4194 0.170697
4195 0.170770
4196 0.170843
4197 0.170916
4198 0.170990
4199 0.171064
4200 0.171138
4201 0.171213
4202 0.171289
4203 0.171364
4204 0.171440
4205 0.171517
4206 0.171594
4207 0.171671
4208 0.171748
4209 0.171826
4210 0.171905
4211 0.171983
4212 0.172062
4213 0.172142
4214 0.172222
4215 0.172302
4216 0.172383
4217 0.172464
4218 0.172546
4219 0.172628
4220 0.172710
4221 0.172793
4222 0.172876
4223 0.172960
4224 0.173044
4225 0.173128
4226 0.173213
4227 0.173299
4228 0.173385
4229 0.173471
4230 0.173557
4231 0.173645
4232 0.173732
4233 0.173820
4234 0.173909
4235 0.173998
4236 0.174087
4237 0.174177
4238 0.174267
4239 0.174358
4240 0.174449
4241 0.174541
4242 0.174633
4243 0.174726
4244 0.174819
4245 0.174912
4246 0.175007
4247 0.175101
4248 0.175196
4249 0.175292
4250 0.175388
4251 0.175485
4252 0.175582
4253 0.175680
4254 0.175778
4255 0.175876
4256 0.175976
4257 0.176075
4258 0.176176
4259 0.176277
4260 0.176378
4261 0.176480
4262 0.176582
4263 0.176685
4264 0.176789
4265 0.176893
4266 0.176998
4267 0.177103
4268 0.177209
4269 0.177316
4270 0.177423
4271 0.177530
4272 0.177639
4273 0.177747
4274 0.177857
4275 0.177967
4276 0.178078
4277 0.178189
4278 0.178301
4279 0.178414
4280 0.178527
4281 0.178641
4282 0.178756
4283 0.178871
4284 0.178987
4285 0.179104
4286 0.179221
4287 0.179339
4288 0.179458
4289 0.179578
4290 0.179698
4291 0.179819
4292 0.179940
4293 0.180063
4294 0.180186
4295 0.180310
4296 0.180435
4297 0.180560
4298 0.180687
4299 0.180814
4300 0.180942
4301 0.181071
4302 0.181200
4303 0.181331
4304 0.181462
4305 0.181594
4306 0.181727
4307 0.181861
4308 0.181996
4309 0.182132
4310 0.182269
4311 0.182407
4312 0.182545
4313 0.182685
4314 0.182826
4315 0.182967
4316 0.183110
4317 0.183254
4318 0.183398
4319 0.183544
4320 0.183691
4321 0.183839
4322 0.183989
4323 0.184139
4324 0.184291
4325 0.184444
4326 0.184598
4327 0.184753
4328 0.184910
4329 0.185067
4330 0.185227
4331 0.185387
4332 0.185549
4333 0.185713
4334 0.185878
4335 0.186044
4336 0.186212
4337 0.186381
4338 0.186552
4339 0.186725
4340 0.186899
4341 0.187076
4342 0.187253
4343 0.187433
4344 0.187615
4345 0.187798
4346 0.187984
4347 0.188171
4348 0.188361
4349 0.188553
4350 0.188747
4351 0.188944
4352 0.189143
4353 0.189344
4354 0.189548
4355 0.189755
4356 0.189965
4357 0.190177
4358 0.190393
4359 0.190611
4360 0.190834
4361 0.191059
4362 0.191289
4363 0.191522
4364 0.191759
4365 0.192000
4366 0.192247
4367 0.192497
4368 0.192753
4369 0.193015
4370 0.193282
4371 0.193556
4372 0.193836
4373 0.194124
4374 0.194419
4375 0.194723
4376 0.195036
4377 0.195360
4378 0.195695
4379 0.196042
4380 0.196404
4381 0.196782
4382 0.197178
4383 0.197595
4384 0.198036
4385 0.198505
4386 0.199009
4387 0.199552
4388 0.200146
4389 0.200800
4390 0.201533
4391 0.202368
4392 0.203336
4393 0.204488
4394 0.205896
4395 0.207677
4396 0.210014
4397 0.213213
4398 0.217765
4399 0.224390
4400 0.233636
4401 0.243608
4402 0.245890
4403 0.230035
4404 0.201054
4405 0.189807
4406 0.193203
4407 0.192376
4408 0.194922
4409 0.196287
4410 0.198023
4411 0.199487
4412 0.201102
4413 0.202796
4414 0.204806
4415 0.207314
4416 0.210756
4417 0.215937
4418 0.224653
4419 0.241184
4420 0.279035
4421 0.394769
4422 0.276369
4423 0.383480
4424 0.810914
4425 0.237225
4426 0.157185
4427 0.322696
4428 0.283732
4429 0.174980
4430 0.209977
4431 0.229221
4432 0.256606
4433 0.372252
4434 0.377608
4435 0.270086
4436 0.490346
4437 2.392989
4438 0.233013
4439 0.147722
4440 0.130514
4441 0.181918
4442 0.152788
4443 0.157071
4444 0.235603
4445 0.235753
4446 0.199146
4447 0.168818
4448 0.197731
4449 0.214283
4450 0.208869
4451 0.219962
4452 0.239045
4453 0.326972
4454 0.327861
4455 0.275946
4456 0.383700
4457 0.301373
4458 0.638585
4459 3.174004
4460 0.300779
4461 0.144432
4462 0.124196
4463 0.142995
4464 0.146179
4465 0.152097
4466 0.194063
4467 0.170943
4468 0.161875
4469 0.202410
4470 0.225954
4471 0.219234
4472 0.222939
4473 0.244465
4474 0.351233
4475 0.268298
4476 0.293803
4477 0.433252
4478 0.305565
4479 0.633546
4480 0.847495
4481 0.515007
4482 1.302860
4483 0.791924
4484 0.634349
4485 0.666194
4486 0.571426
4487 0.287698
4488 0.302791
4489 0.326166
4490 0.648642
4491 0.852423
4492 0.258483
4493 0.398836
4494 0.886703
4495 1.403923
4496 2.720930
4497 0.289212
4498 0.132691
4499 0.206382
4500 0.542453
4501 0.770683
4502 0.405372
4503 0.171868
4504 1.423082
4505 2.811958
4506 1.255333
4507 1.167873
4508 0.808078
4509 2.495977
4510 0.528310
4511 0.992144
4512 0.301763
4513 0.474429
4514 0.337365
4515 0.729467
4516 0.936033
4517 1.253141
4518 1.568398
4519 0.367955
4520 0.270471
4521 0.705198
4522 2.880902
4523 0.926903
4524 0.893739
4525 0.323976
4526 0.328643
4527 0.337348
4528 0.455242
4529 0.726410
4530 0.529706
4531 0.704030
4532 0.637301
4533 0.426991
4534 0.130970
4535 0.678046
4536 3.465935
4537 1.494288
4538 1.720901
4539 0.314464
4540 0.288945
4541 1.299500
4542 1.269944
4543 0.267735
4544 1.564786
4545 0.809244
4546 0.797520
4547 1.032943
4548 0.416872
4549 0.640644
4550 1.162348
4551 0.504041
4552 0.633346
4553 1.051242
4554 0.921940
4555 0.410764
4556 1.071526
4557 0.419806
4558 0.543698
4559 1.068776
4560 0.490389
4561 0.592944
4562 0.959171
4563 0.574469
4564 1.156304
4565 0.505176
4566 0.531183
4567 0.975881
4568 0.763875
4569 0.928920
4570 0.366498
4571 0.996571
4572 0.928100
4573 0.926061
4574 0.319552
4575 0.911635
4576 0.294522
4577 0.929485
4578 0.509814
4579 0.976742
4580 0.555184
4581 0.987153
4582 0.448025
4583 0.346672
4584 0.925987
4585 0.244437
4586 0.999837
4587 0.923841
4588 0.260732
4589 0.945561
4590 0.920095
4591 0.356325
4592 0.923320
4593 0.269543
4594 0.943481
4595 0.902097
4596 0.874392
4597 0.927005
4598 0.391015
4599 0.932714
4600 0.298131
4601 0.905665
4602 0.382991
4603 0.932146
4604 0.207994
4605 0.810871
4606 0.944756
4607 0.431074
4608 0.934679
4609 0.206894
4610 0.803870
4611 0.972189
4612 0.613939
4613 1.025568
4614 0.906681
4615 0.257335
4616 0.913692
4617 0.932361
4618 0.386794
4619 0.931065
4620 0.277119
4621 0.931552
4622 0.897950
4623 0.892727
4624 0.215682
4625 0.604756
4626 0.319665
4627 1.060794
4628 0.584421
4629 0.299658
4630 0.124495
4631 0.420112
4632 1.573020
4633 0.449116
4634 0.322447
4635 0.980877
4636 0.889257
4637 0.954499
4638 0.186542
4639 0.476051
4640 0.268977
4641 1.274595
4642 1.781896
4643 0.355216
4644 1.066415
4645 0.309019
4646 0.168145
4647 0.642215
4648 1.490119
4649 0.643876
4650 0.501384
4651 1.134111
4652 0.931565
4653 0.144641
4654 0.091149
4655 0.177723
4656 0.840295
4657 0.757109
4658 0.101817
4659 0.203125
4660 1.115811
4661 0.620313
4662 0.125449
4663 0.304949
4664 1.111254
4665 1.194025
4666 0.092284
4667 0.150907
4668 0.401411
4669 1.470211
4670 0.163445
4671 0.399825
4672 1.494134
4673 0.950144
4674 0.465153
4675 0.105063
4676 0.174141
4677 0.510911
4678 1.361499
4679 1.849484
4680 0.482780
4681 0.565188
4682 1.349760
4683 1.908353
4684 0.686878
4685 1.392940
4686 0.154931
4687 0.332974
4688 1.374500
4689 0.341014
4690 0.101590
4691 0.130373
4692 0.226407
4693 1.038490
4694 0.650973
4695 0.092011
4696 0.108222
4697 0.148974
4698 0.324314
4699 1.418965
4700 0.482284
4701 0.454268
4702 1.447254
4703 1.760248
4704 0.381538
4705 1.300415
4706 1.570665
4707 0.534066
4708 1.438226
4709 1.345188
4710 1.779855
4711 1.219090
4712 0.602234
4713 0.140799
4714 0.197020
4715 0.409497
4716 1.339766
4717 0.111728
4718 0.076110
4719 0.059876
4720 0.054646
4721 0.052824
4722 0.051772
4723 0.051008
4724 0.050418
4725 0.049949
4726 0.049568
4727 0.049250
4728 0.048979
4729 0.048743
4730 0.048534
4731 0.048344
4732 0.048169
4733 0.048005
4734 0.047849
4735 0.047700
4736 0.047556
4737 0.047415
4738 0.047278
4739 0.047143
4740 0.047010
4741 0.046879
4742 0.046749
4743 0.046620
4744 0.046493
4745 0.046366
4746 0.046241
4747 0.046117
4748 0.045993
4749 0.045871
4750 0.045749
4751 0.045629
4752 0.045510
4753 0.045392
4754 0.045275
4755 0.045159
4756 0.045044
4757 0.044930
4758 0.044817
4759 0.044706
4760 0.044595
4761 0.044486
4762 0.044378
4763 0.044272
4764 0.044166
4765 0.044061
4766 0.043958
4767 0.043856
4768 0.043755
4769 0.043655
4770 0.043556
4771 0.043459
4772 0.043362
4773 0.043267
4774 0.043172
4775 0.043079
4776 0.042987
4777 0.042896
4778 0.042806
4779 0.042716
4780 0.042628
4781 0.042541
4782 0.042455
4783 0.042370
4784 0.042286
4785 0.042202
4786 0.042120
4787 0.042038
4788 0.041958
4789 0.041878
4790 0.041799
4791 0.041721
4792 0.041644
4793 0.041567
4794 0.041492
4795 0.041417
4796 0.041343
4797 0.041269
4798 0.041197
4799 0.041125
4800 0.041054
4801 0.040983
4802 0.040914
4803 0.040845
4804 0.040776
4805 0.040708
4806 0.040641
4807 0.040575
4808 0.040509
4809 0.040444
4810 0.040380
4811 0.040316
4812 0.040252
4813 0.040189
4814 0.040127
4815 0.040066
4816 0.040004
4817 0.039944
4818 0.039884
4819 0.039824
4820 0.039765
4821 0.039707
4822 0.039649
4823 0.039591
4824 0.039534
4825 0.039478
4826 0.039422
4827 0.039366
4828 0.039311
4829 0.039256
4830 0.039202
4831 0.039148
4832 0.039095
4833 0.039042
4834 0.038989
4835 0.038937
4836 0.038885
4837 0.038834
4838 0.038783
4839 0.038732
4840 0.038682
4841 0.038632
4842 0.038583
4843 0.038534
4844 0.038485
4845 0.038436
4846 0.038388
4847 0.038341
4848 0.038293
4849 0.038246
4850 0.038199
4851 0.038153
4852 0.038107
4853 0.038061
4854 0.038016
4855 0.037970
4856 0.037926
4857 0.037881
4858 0.037837
4859 0.037793
4860 0.037749
4861 0.037705
4862 0.037662
4863 0.037619
4864 0.037577
4865 0.037534
4866 0.037492
4867 0.037451
4868 0.037409
4869 0.037368
4870 0.037327
4871 0.037286
4872 0.037245
4873 0.037205
4874 0.037165
4875 0.037125
4876 0.037085
4877 0.037046
4878 0.037007
4879 0.036968
4880 0.036929
4881 0.036890
4882 0.036852
4883 0.036814
4884 0.036776
4885 0.036738
4886 0.036701
4887 0.036664
4888 0.036626
4889 0.036590
4890 0.036553
4891 0.036516
4892 0.036480
4893 0.036444
4894 0.036408
4895 0.036372
4896 0.036337
4897 0.036301
4898 0.036266
4899 0.036231
4900 0.036196
4901 0.036161
4902 0.036127
4903 0.036092
4904 0.036058
4905 0.036024
4906 0.035990
4907 0.035957
4908 0.035923
4909 0.035890
4910 0.035856
4911 0.035823
4912 0.035790
4913 0.035758
4914 0.035725
4915 0.035692
4916 0.035660
4917 0.035628
4918 0.035596
4919 0.035564
4920 0.035532
4921 0.035500
4922 0.035469
4923 0.035437
4924 0.035406
4925 0.035375
4926 0.035344
4927 0.035313
4928 0.035282
4929 0.035252
4930 0.035221
4931 0.035191
4932 0.035161
4933 0.035131
4934 0.035101
4935 0.035071
4936 0.035041
4937 0.035011
4938 0.034982
4939 0.034952
4940 0.034923
4941 0.034894
4942 0.034865
4943 0.034836
4944 0.034807
4945 0.034778
4946 0.034750
4947 0.034721
4948 0.034693
4949 0.034664
4950 0.034636
4951 0.034608
4952 0.034580
4953 0.034552
4954 0.034524
4955 0.034497
4956 0.034469
4957 0.034441
4958 0.034414
4959 0.034387
4960 0.034359
4961 0.034332
4962 0.034305
4963 0.034278
4964 0.034251
4965 0.034225
4966 0.034198
4967 0.034171
4968 0.034145
4969 0.034118
4970 0.034092
4971 0.034066
4972 0.034040
4973 0.034014
4974 0.033988
4975 0.033962
4976 0.033936
4977 0.033910
4978 0.033884
4979 0.033859
4980 0.033833
4981 0.033808
4982 0.033782
4983 0.033757
4984 0.033732
4985 0.033707
4986 0.033682
4987 0.033657
4988 0.033632
4989 0.033607
4990 0.033582
4991 0.033558
4992 0.033533
4993 0.033508
4994 0.033484
4995 0.033460
4996 0.033435
4997 0.033411
4998 0.033387
4999 0.033363
