0 39.034931
1 41.985569
2 43.001705
3 43.521187
4 43.954778
5 44.320409
6 44.584105
7 44.714931
8 44.701239
9 44.563509
10 44.324863
11 43.908411
12 43.160453
13 42.007081
14 40.650211
15 39.348523
16 38.253707
17 37.394393
18 36.733765
19 36.223574
20 35.823585
21 35.503789
22 35.241982
23 35.020445
24 34.820792
25 34.607198
26 34.254114
27 33.492339
28 32.175179
29 29.979933
30 27.097637
31 24.988421
32 23.724498
33 23.028610
34 22.468847
35 21.692321
36 20.643203
37 19.528314
38 18.488352
39 17.527767
40 16.597057
41 15.645442
42 14.665227
43 13.692180
44 12.751961
45 11.853734
46 11.002433
47 10.201734
48 9.453192
49 8.757733
50 8.115456
51 7.524221
52 6.981014
53 6.483356
54 6.029293
55 5.616817
56 5.243491
57 4.906280
58 4.601698
59 4.326298
60 4.077086
61 3.851565
62 3.647561
63 3.463067
64 3.296192
65 3.145172
66 3.008406
67 2.884461
68 2.772065
69 2.670086
70 2.577504
71 2.493394
72 2.416905
73 2.347261
74 2.283746
75 2.225710
76 2.172565
77 2.123782
78 2.078889
79 2.037470
80 1.999158
81 1.963629
82 1.930600
83 1.899824
84 1.871083
85 1.844187
86 1.818968
87 1.795280
88 1.772992
89 1.751991
90 1.732174
91 1.713453
92 1.695747
93 1.678985
94 1.663102
95 1.648039
96 1.633744
97 1.620168
98 1.607266
99 1.594996
100 1.583319
101 1.572199
102 1.561602
103 1.551494
104 1.541845
105 1.532626
106 1.523808
107 1.515366
108 1.507274
109 1.499508
110 1.492045
111 1.484864
112 1.477945
113 1.471268
114 1.464816
115 1.458571
116 1.452518
117 1.446642
118 1.440930
119 1.435370
120 1.429950
121 1.424661
122 1.419492
123 1.414437
124 1.409487
125 1.404637
126 1.399881
127 1.395214
128 1.390634
129 1.386136
130 1.381718
131 1.377379
132 1.373117
133 1.368931
134 1.364820
135 1.360784
136 1.356823
137 1.352935
138 1.349122
139 1.345382
140 1.341715
141 1.338120
142 1.334597
143 1.331143
144 1.327757
145 1.324436
146 1.321179
147 1.317983
148 1.314842
149 1.311755
150 1.308717
151 1.305722
152 1.302767
153 1.299846
154 1.296953
155 1.294085
156 1.291234
157 1.288395
158 1.285564
159 1.282734
160 1.279900
161 1.277057
162 1.274201
163 1.271327
164 1.268431
165 1.265509
166 1.262558
167 1.259575
168 1.256557
169 1.253503
170 1.250410
171 1.247279
172 1.244109
173 1.240899
174 1.237650
175 1.234364
176 1.231041
177 1.227685
178 1.224298
179 1.220882
180 1.217441
181 1.213979
182 1.210501
183 1.207010
184 1.203512
185 1.200012
186 1.196516
187 1.193028
188 1.189556
189 1.186104
190 1.182679
191 1.179287
192 1.175933
193 1.172625
194 1.169367
195 1.166166
196 1.163027
197 1.159955
198 1.156957
199 1.154036
200 1.151198
201 1.148447
202 1.145788
203 1.143223
204 1.140757
205 1.138392
206 1.136132
207 1.133979
208 1.131935
209 1.130002
210 1.128181
211 1.126474
212 1.124882
213 1.123404
214 1.122042
215 1.120796
216 1.119666
217 1.118650
218 1.117750
219 1.116963
220 1.116290
221 1.115729
222 1.115279
223 1.114938
224 1.114706
225 1.114581
226 1.114560
227 1.114643
228 1.114828
229 1.115112
230 1.115493
231 1.115971
232 1.116541
233 1.117203
234 1.117954
235 1.118791
236 1.119713
237 1.120717
238 1.121800
239 1.122960
240 1.124194
241 1.125500
242 1.126876
243 1.128318
244 1.129824
245 1.131392
246 1.133018
247 1.134701
248 1.136437
249 1.138224
250 1.140061
251 1.141943
252 1.143869
253 1.145838
254 1.147847
255 1.149894
256 1.151977
257 1.154096
258 1.156250
259 1.158437
260 1.160657
261 1.162911
262 1.165198
263 1.167519
264 1.169876
265 1.172270
266 1.174704
267 1.177180
268 1.179702
269 1.182274
270 1.184901
271 1.187589
272 1.190344
273 1.193174
274 1.196087
275 1.199094
276 1.202205
277 1.205433
278 1.208793
279 1.212299
280 1.215972
281 1.219830
282 1.223899
283 1.228204
284 1.232775
285 1.237649
286 1.242864
287 1.248468
288 1.254514
289 1.261066
290 1.268197
291 1.275999
292 1.284576
293 1.294058
294 1.304598
295 1.316382
296 1.329635
297 1.344623
298 1.361653
299 1.381041
300 1.403044
301 1.427736
302 1.454872
303 1.483812
304 1.513582
305 1.543065
306 1.571251
307 1.597444
308 1.621333
309 1.642904
310 1.662288
311 1.679672
312 1.695270
313 1.709306
314 1.722001
315 1.733547
316 1.744113
317 1.753838
318 1.762840
319 1.771218
320 1.779055
321 1.786421
322 1.793377
323 1.799972
324 1.806249
325 1.812243
326 1.817986
327 1.823502
328 1.828812
329 1.833934
330 1.838884
331 1.843672
332 1.848308
333 1.852799
334 1.857151
335 1.861368
336 1.865452
337 1.869404
338 1.873224
339 1.876912
340 1.880466
341 1.883884
342 1.887162
343 1.890299
344 1.893290
345 1.896132
346 1.898819
347 1.901347
348 1.903709
349 1.905899
350 1.907909
351 1.909728
352 1.911345
353 1.912747
354 1.913917
355 1.914839
356 1.915491
357 1.915853
358 1.915905
359 1.915626
360 1.915000
361 1.914016
362 1.912674
363 1.910980
364 1.908955
365 1.906632
366 1.904052
367 1.901265
368 1.898321
369 1.895272
370 1.892161
371 1.889026
372 1.885897
373 1.882797
374 1.879744
375 1.876752
376 1.873833
377 1.870996
378 1.868247
379 1.865593
380 1.863034
381 1.860573
382 1.858205
383 1.855928
384 1.853735
385 1.851620
386 1.849575
387 1.847591
388 1.845661
389 1.843777
390 1.841931
391 1.840118
392 1.838331
393 1.836565
394 1.834815
395 1.833078
396 1.831351
397 1.829630
398 1.827914
399 1.826199
400 1.824486
401 1.822771
402 1.821055
403 1.819337
404 1.817615
405 1.815889
406 1.814159
407 1.812424
408 1.810684
409 1.808938
410 1.807186
411 1.805427
412 1.803661
413 1.801888
414 1.800105
415 1.798313
416 1.796510
417 1.794693
418 1.792862
419 1.791014
420 1.789145
421 1.787252
422 1.785331
423 1.783377
424 1.781382
425 1.779340
426 1.777240
427 1.775071
428 1.772820
429 1.770467
430 1.767989
431 1.765356
432 1.762526
433 1.759443
434 1.756022
435 1.752132
436 1.747560
437 1.741923
438 1.734476
439 1.723674
440 1.706442
441 1.679714
442 1.654880
443 1.656251
444 1.672157
445 1.699622
446 1.765498
447 1.830882
448 1.808456
449 1.773161
450 1.789591
451 1.759754
452 1.769596
453 1.756900
454 1.743107
455 1.712277
456 1.640829
457 1.607950
458 1.612479
459 1.618026
460 1.627806
461 1.640075
462 1.655910
463 1.687193
464 1.781716
465 1.802148
466 1.811772
467 1.811235
468 1.779164
469 1.781420
470 1.761984
471 1.759975
472 1.738076
473 1.674565
474 1.670538
475 1.661088
476 1.646735
477 1.633400
478 1.622829
479 1.616791
480 1.615920
481 1.619492
482 1.626290
483 1.636624
484 1.659417
485 1.743084
486 1.418974
487 1.621304
488 1.623062
489 1.628243
490 1.638511
491 1.670568
492 1.682550
493 1.476543
494 1.733262
495 1.503749
496 1.675229
497 1.678126
498 1.666946
499 1.665520
500 1.661005
501 1.659711
502 1.663166
503 1.691749
504 1.591652
505 1.548494
506 1.758415
507 1.543731
508 1.767772
509 1.674621
510 1.759657
511 1.803214
512 1.807141
513 1.809543
514 1.814212
515 1.822639
516 1.838645
517 1.863363
518 1.904240
519 1.952962
520 1.939929
521 1.973669
522 1.971890
523 1.990135
524 2.003644
525 2.008490
526 2.004161
527 2.010332
528 2.002640
529 2.014519
530 1.993590
531 2.022109
532 1.966380
533 2.025635
534 1.955425
535 2.028096
536 1.948536
537 2.030034
538 1.945978
539 2.031877
540 1.944816
541 2.033617
542 1.944295
543 2.035257
544 1.944113
545 2.036826
546 1.944087
547 2.038354
548 1.944136
549 2.039865
550 1.944254
551 2.041373
552 1.944469
553 2.042891
554 1.944816
555 2.044436
556 1.945316
557 2.046039
558 1.945969
559 2.047756
560 1.946751
561 2.049665
562 1.947609
563 2.051850
564 1.948487
565 2.054344
566 1.949357
567 2.057060
568 1.950226
569 2.059809
570 1.951093
571 2.062425
572 1.951933
573 2.064837
574 1.952742
575 2.067046
576 1.953566
577 2.069077
578 1.954473
579 2.070961
580 1.955528
581 2.072731
582 1.956774
583 2.074419
584 1.958234
585 2.076054
586 1.959924
587 2.077660
588 1.961861
589 2.079254
590 1.964063
591 2.080848
592 1.966554
593 2.082446
594 1.969360
595 2.084041
596 1.972511
597 2.085604
598 1.976027
599 2.087054
600 1.979897
601 2.088193
602 1.984002
603 2.088615
604 1.988003
605 2.087843
606 1.991401
607 2.086072
608 1.994321
609 2.083880
610 1.997432
611 2.080917
612 2.001623
613 2.076546
614 2.016462
615 2.016137
616 2.029698
617 1.998321
618 2.078425
619 2.021846
620 2.021183
621 2.035498
622 2.011272
623 2.073269
624 2.036058
625 2.025062
626 2.055779
627 2.063214
628 2.066208
629 2.062412
630 2.066201
631 2.061495
632 2.066058
633 2.061523
634 2.066063
635 2.061499
636 2.066146
637 2.062199
638 2.066552
639 2.063083
640 2.066964
641 2.063949
642 2.066999
643 2.064496
644 2.066452
645 2.064649
646 2.065370
647 2.064386
648 2.063895
649 2.063656
650 2.062436
651 2.062483
652 2.061406
653 2.061150
654 2.060504
655 2.060017
656 2.059549
657 2.059163
658 2.058881
659 2.058697
660 2.058580
661 2.058492
662 2.058408
663 2.058315
664 2.058210
665 2.058088
666 2.057949
667 2.057793
668 2.057618
669 2.057427
670 2.057219
671 2.056995
672 2.056756
673 2.056502
674 2.056234
675 2.055954
676 2.055662
677 2.055359
678 2.055048
679 2.054728
680 2.054401
681 2.054069
682 2.053732
683 2.053392
684 2.053050
685 2.052707
686 2.052364
687 2.052022
688 2.051682
689 2.051345
690 2.051011
691 2.050680
692 2.050354
693 2.050031
694 2.049713
695 2.049398
696 2.049088
697 2.048781
698 2.048478
699 2.048178
700 2.047880
701 2.047585
702 2.047293
703 2.047002
704 2.046713
705 2.046426
706 2.046140
707 2.045856
708 2.045572
709 2.045291
710 2.045010
711 2.044731
712 2.044453
713 2.044176
714 2.043900
715 2.043626
716 2.043352
717 2.043079
718 2.042808
719 2.042537
720 2.042267
721 2.041997
722 2.041729
723 2.041461
724 2.041194
725 2.040928
726 2.040662
727 2.040397
728 2.040132
729 2.039868
730 2.039604
731 2.039341
732 2.039078
733 2.038816
734 2.038554
735 2.038292
736 2.038031
737 2.037770
738 2.037509
739 2.037249
740 2.036988
741 2.036728
742 2.036468
743 2.036208
744 2.035948
745 2.035688
746 2.035428
747 2.035168
748 2.034909
749 2.034649
750 2.034389
751 2.034129
752 2.033869
753 2.033609
754 2.033348
755 2.033087
756 2.032827
757 2.032566
758 2.032305
759 2.032043
760 2.031782
761 2.031520
762 2.031257
763 2.030994
764 2.030731
765 2.030468
766 2.030204
767 2.029940
768 2.029676
769 2.029411
770 2.029145
771 2.028879
772 2.028613
773 2.028346
774 2.028079
775 2.027811
776 2.027542
777 2.027274
778 2.027004
779 2.026734
780 2.026463
781 2.026192
782 2.025921
783 2.025648
784 2.025375
785 2.025102
786 2.024828
787 2.024553
788 2.024278
789 2.024002
790 2.023725
791 2.023448
792 2.023170
793 2.022891
794 2.022612
795 2.022333
796 2.022052
797 2.021771
798 2.021490
799 2.021208
800 2.020925
801 2.020641
802 2.020358
803 2.020073
804 2.019788
805 2.019503
806 2.019217
807 2.018930
808 2.018643
809 2.018356
810 2.018068
811 2.017780
812 2.017491
813 2.017202
814 2.016913
815 2.016623
816 2.016334
817 2.016044
818 2.015754
819 2.015463
820 2.015173
821 2.014883
822 2.014592
823 2.014302
824 2.014011
825 2.013721
826 2.013431
827 2.013140
828 2.012850
829 2.012559
830 2.012268
831 2.011976
832 2.011683
833 2.011388
834 2.011089
835 2.010783
836 2.010469
837 2.010138
838 2.009784
839 2.009408
840 2.009144
841 2.010307
842 1.996065
843 2.011244
844 1.928914
845 1.969851
846 2.091050
847 2.093698
848 2.086139
849 1.934251
850 1.893782
851 1.964409
852 2.086726
853 2.001994
854 2.023040
855 1.939153
856 1.957202
857 2.040601
858 2.008205
859 2.042205
860 2.003369
861 2.083887
862 2.084665
863 2.349904
864 2.447237
865 2.396025
866 2.383780
867 2.306742
868 2.154114
869 1.984389
870 1.892779
871 1.991676
872 2.413430
873 2.073402
874 1.802419
875 2.406082
876 2.550015
877 2.408371
878 2.412323
879 2.411412
880 2.421773
881 2.412143
882 2.474174
883 2.396514
884 1.982221
885 2.474010
886 2.537151
887 2.553133
888 2.535384
889 2.503768
890 2.475467
891 2.465029
892 2.455146
893 2.428641
894 1.828501
895 2.310929
896 2.544223
897 2.516132
898 2.498828
899 2.457866
900 2.353912
901 2.449884
902 1.820454
903 2.455664
904 1.813509
905 1.967409
906 2.496610
907 2.072047
908 2.476773
909 2.223841
910 2.445801
911 2.323071
912 2.403846
913 2.371782
914 2.374289
915 2.367196
916 2.376743
917 2.361928
918 2.413778
919 1.940800
920 2.394231
921 1.802803
922 2.362923
923 2.427864
924 2.447586
925 2.440643
926 2.432568
927 2.412725
928 2.371321
929 2.323574
930 2.328629
931 2.313016
932 2.292484
933 2.296204
934 2.297322
935 2.299367
936 2.300211
937 2.301316
938 2.300551
939 2.296281
940 2.287371
941 2.275704
942 2.263296
943 2.250742
944 2.237891
945 2.224462
946 2.210285
947 2.195440
948 2.180390
949 2.165944
950 2.152930
951 2.141750
952 2.132192
953 2.123548
954 2.115036
955 2.106332
956 2.097781
957 2.090131
958 2.084059
959 2.079841
960 2.077377
961 2.076397
962 2.076651
963 2.077984
964 2.080332
965 2.083685
966 2.088054
967 2.093428
968 2.099756
969 2.106925
970 2.114764
971 2.123061
972 2.131603
973 2.140188
974 2.148638
975 2.156777
976 2.164407
977 2.171297
978 2.177182
979 2.181795
980 2.184890
981 2.186249
982 2.185680
983 2.183001
984 2.178037
985 2.170642
986 2.160769
987 2.148619
988 2.134774
989 2.120141
990 2.105815
991 2.092964
992 2.082467
993 2.075119
994 2.071617
995 2.073960
996 2.087319
997 2.115332
998 2.146445
999 2.170594
1000 2.190527
1001 2.204306
1002 2.209911
1003 2.206357
1004 2.194783
1005 2.178751
1006 2.164387
1007 2.162675
1008 2.184136
1009 2.240988
1010 2.335159
1011 2.421578
1012 2.490788
1013 2.541255
1014 2.560315
1015 2.572147
1016 2.556679
1017 2.592109
1018 2.306617
1019 2.492691
1020 2.101534
1021 1.896089
1022 2.481716
1023 2.446152
1024 2.242642
1025 2.499555
1026 2.551471
1027 2.519904
1028 2.461978
1029 2.461751
1030 2.529940
1031 2.633396
1032 2.258026
1033 2.713613
1034 2.340489
1035 2.973464
1036 2.284012
1037 2.050748
1038 2.589168
1039 2.675257
1040 2.212921
1041 2.148334
1042 2.277346
1043 3.013427
1044 2.236558
1045 2.139957
1046 2.184499
1047 2.093002
1048 2.303449
1049 1.967018
1050 2.511462
1051 2.459382
1052 2.282567
1053 3.107703
1054 2.455971
1055 2.339217
1056 2.601723
1057 2.366326
1058 2.779709
1059 2.298864
1060 3.260266
1061 2.229541
1062 2.839353
1063 3.225524
1064 2.309536
1065 3.294959
1066 2.482446
1067 3.233535
1068 2.250031
1069 3.270395
1070 2.245815
1071 2.993800
1072 3.250253
1073 2.288442
1074 2.506626
1075 2.408338
1076 2.167308
1077 2.456106
1078 2.224046
1079 2.518055
1080 3.351459
1081 2.653265
1082 3.416441
1083 2.182236
1084 2.278141
1085 3.213240
1086 3.126808
1087 2.259014
1088 2.512692
1089 2.475565
1090 2.424428
1091 2.145396
1092 2.155650
1093 2.267683
1094 2.335911
1095 2.349973
1096 2.333483
1097 2.397762
1098 2.175408
1099 2.383385
1100 2.223206
1101 2.499641
1102 2.373548
1103 2.512111
1104 2.367967
1105 2.507193
1106 2.347959
1107 2.417546
1108 2.173106
1109 2.368298
1110 2.297494
1111 2.300385
1112 2.271727
1113 2.227966
1114 2.202726
1115 2.195543
1116 2.197553
1117 2.204069
1118 2.209724
1119 2.217907
1120 2.219061
1121 2.249904
1122 2.233435
1123 2.253242
1124 2.256668
1125 2.274623
1126 2.331294
1127 2.411666
1128 2.330918
1129 2.367592
1130 2.466263
1131 2.338503
1132 2.431322
1133 2.312672
1134 2.338168
1135 2.471617
1136 2.460164
1137 2.323066
1138 2.329693
1139 2.331566
1140 2.339478
1141 2.966845
1142 1.714590
1143 1.555805
1144 1.577812
1145 1.635079
1146 1.864594
1147 2.372363
1148 2.281034
1149 1.778052
1150 2.303903
1151 2.679912
1152 2.509791
1153 2.457516
1154 2.466695
1155 2.430011
1156 2.330692
1157 2.264629
1158 2.278496
1159 2.280102
1160 2.334900
1161 2.323264
1162 2.299915
1163 2.351253
1164 2.311912
1165 2.357710
1166 2.319594
1167 2.485425
1168 2.337310
1169 2.496078
1170 1.636590
1171 1.589371
1172 1.603157
1173 2.037209
1174 1.766986
1175 2.384331
1176 2.275866
1177 2.867335
1178 2.872482
1179 2.862589
1180 2.821968
1181 2.669756
1182 2.570384
1183 1.630780
1184 2.198621
1185 2.803920
1186 2.832610
1187 2.863188
1188 2.805442
1189 2.824282
1190 2.629323
1191 2.461337
1192 2.499213
1193 2.347268
1194 2.311284
1195 2.337326
1196 2.320815
1197 2.332186
1198 2.325338
1199 2.434203
1200 1.712560
1201 1.876889
1202 2.556100
1203 2.375244
1204 1.553908
1205 2.519273
1206 2.837788
1207 2.795423
1208 2.542295
1209 1.534459
1210 2.438247
1211 1.673580
1212 4.122641
1213 2.788085
1214 4.324114
1215 1.634710
1216 2.405023
1217 2.822352
1218 2.870011
1219 2.872715
1220 2.629657
1221 2.442736
1222 1.521609
1223 2.418779
1224 2.009997
1225 1.571482
1226 2.538886
1227 2.854966
1228 2.834420
1229 3.926814
1230 1.686072
1231 2.447897
1232 1.616836
1233 4.169238
1234 2.585871
1235 4.368347
1236 2.323836
1237 1.633507
1238 3.983075
1239 1.754027
1240 2.573112
1241 2.259882
1242 2.146879
1243 2.556883
1244 2.028874
1245 3.226163
1246 2.389328
1247 1.993219
1248 1.864795
1249 2.597099
1250 2.304659
1251 2.015289
1252 2.243420
1253 1.965924
1254 2.830286
1255 1.979838
1256 2.538073
1257 2.005052
1258 2.226300
1259 4.118037
1260 2.128600
1261 3.730673
1262 2.213121
1263 2.580362
1264 1.968154
1265 3.278786
1266 2.598361
1267 1.992093
1268 4.415441
1269 2.576962
1270 1.972963
1271 2.013425
1272 2.042328
1273 4.526777
1274 1.988004
1275 2.121010
1276 2.660099
1277 3.637083
1278 2.530323
1279 1.976575
1280 1.967372
1281 1.995812
1282 2.057498
1283 4.616769
1284 2.509131
1285 2.895647
1286 1.988784
1287 2.041187
1288 2.053559
1289 2.626326
1290 2.012527
1291 1.991076
1292 2.471433
1293 2.565606
1294 2.001038
1295 2.010468
1296 1.979189
1297 2.903003
1298 1.991241
1299 2.056117
1300 2.620091
1301 2.007568
1302 1.966242
1303 2.001188
1304 2.037539
1305 1.984897
1306 2.004702
1307 2.087473
1308 3.701306
1309 2.605840
1310 2.018516
1311 2.048237
1312 2.785618
1313 2.011813
1314 1.983415
1315 2.849288
1316 2.010866
1317 1.990532
1318 2.469904
1319 1.973973
1320 1.974056
1321 2.293568
1322 2.013895
1323 2.036929
1324 2.542129
1325 2.607701
1326 2.021579
1327 1.982595
1328 2.928950
1329 2.554720
1330 1.992866
1331 1.970948
1332 2.020697
1333 1.996684
1334 2.526242
1335 2.623560
1336 1.993364
1337 1.967746
1338 2.015311
1339 2.012121
1340 3.414708
1341 2.697363
1342 1.973850
1343 1.983708
1344 2.656681
1345 2.503046
1346 2.010034
1347 2.036950
1348 2.655893
1349 1.989414
1350 1.995827
1351 2.631600
1352 1.997682
1353 2.040115
1354 2.660754
1355 1.998071
1356 2.012605
1357 4.127734
1358 2.900340
1359 1.998987
1360 2.039729
1361 2.671040
1362 1.991195
1363 2.017194
1364 4.664886
1365 2.119476
1366 2.393453
1367 1.977458
1368 3.425868
1369 2.690953
1370 2.639667
1371 2.012557
1372 1.975672
1373 1.971967
1374 1.973750
1375 1.971181
1376 1.971818
1377 1.970534
1378 1.970251
1379 1.969524
1380 1.968921
1381 1.968261
1382 1.967571
1383 1.966831
1384 1.966025
1385 1.965157
1386 1.964814
1387 2.003437
1388 2.669915
1389 2.685933
1390 2.767813
1391 1.976966
1392 1.967986
1393 1.973029
1394 1.967962
1395 1.970026
1396 1.967716
1397 1.967928
1398 1.966858
1399 1.966339
1400 1.965596
1401 1.964889
1402 1.964140
1403 1.963351
1404 1.962507
1405 1.961584
1406 1.960577
1407 1.959921
1408 1.983751
1409 2.559914
1410 2.000899
1411 1.962794
1412 1.961034
1413 1.959579
1414 1.958423
1415 1.971098
1416 2.787360
1417 1.999320
1418 1.958501
1419 1.957003
1420 1.974445
1421 2.635782
1422 3.869851
1423 1.990774
1424 1.957245
1425 1.955949
1426 1.987745
1427 2.789093
1428 1.968812
1429 1.955241
1430 2.013724
1431 3.714127
1432 2.847109
1433 1.977712
1434 1.954904
1435 1.957777
1436 2.211530
1437 1.957323
1438 1.958608
1439 2.403434
1440 4.439803
1441 1.989396
1442 2.001755
1443 1.984154
1444 1.955479
1445 1.954953
1446 2.007599
1447 4.733279
1448 1.959245
1449 1.961628
1450 1.959047
1451 1.957785
1452 1.956446
1453 1.955177
1454 1.956101
1455 1.949381
1456 1.959481
1457 1.957612
1458 1.955664
1459 1.953986
1460 1.955776
1461 2.026496
1462 1.960583
1463 2.566354
1464 2.760551
1465 2.000629
1466 1.972656
1467 2.637260
1468 2.015957
1469 1.978974
1470 2.646175
1471 1.995650
1472 1.956861
1473 1.954540
1474 1.952747
1475 1.960486
1476 4.519864
1477 1.979103
1478 1.955939
1479 2.344820
1480 1.957699
1481 2.566757
1482 1.997105
1483 1.976559
1484 2.653038
1485 2.000311
1486 1.953853
1487 1.952470
1488 1.952454
1489 1.968719
1490 2.719811
1491 1.995399
1492 1.952886
1493 1.951014
1494 1.956027
1495 2.631368
1496 1.996761
1497 2.000480
1498 4.675337
1499 2.145717
1500 1.944401
1501 2.010373
1502 1.959630
1503 1.959734
1504 1.956781
1505 1.955356
1506 1.953924
1507 1.952586
1508 1.951664
1509 1.965880
1510 2.806509
1511 1.956440
1512 1.953830
1513 1.951559
1514 1.949941
1515 1.963940
1516 2.796331
1517 1.979972
1518 1.950752
1519 1.948496
1520 1.961415
1521 2.809812
1522 1.939340
1523 1.984056
1524 1.951633
1525 1.948102
1526 1.947570
1527 1.943372
1528 1.972774
1529 2.665585
1530 2.006348
1531 1.957277
1532 5.078095
1533 2.495547
1534 1.969528
1535 2.493219
1536 4.151637
1537 2.771285
1538 4.994396
1539 2.697280
1540 2.049101
1541 3.417564
1542 1.993778
1543 1.947933
1544 1.947567
1545 1.946490
1546 1.953874
1547 3.018211
1548 1.978832
1549 2.127112
1550 1.960548
1551 1.945269
1552 1.989333
1553 5.159342
1554 2.721286
1555 2.032945
1556 2.685399
1557 2.742780
1558 2.759019
1559 2.012357
1560 1.965100
1561 2.709638
1562 2.031612
1563 2.728836
1564 3.365976
1565 1.985733
1566 1.987891
1567 4.717871
1568 1.943609
1569 1.950044
1570 1.949467
1571 1.945694
1572 1.942976
1573 1.953177
1574 5.193608
1575 3.136799
1576 4.840438
1577 1.950071
1578 2.125817
1579 1.976955
1580 1.954845
1581 1.953040
1582 1.950612
1583 1.948572
1584 1.946711
1585 1.944889
1586 1.943121
1587 1.943625
1588 1.945809
1589 2.046961
1590 1.948004
1591 1.944987
1592 1.934694
1593 2.025605
1594 1.970693
1595 2.719261
1596 1.972519
1597 1.964449
1598 1.958859
1599 1.955077
1600 1.952393
1601 1.950284
1602 1.948466
1603 1.946773
1604 1.945099
1605 1.943369
1606 1.941627
1607 1.941736
1608 1.965043
1609 2.718103
1610 1.961936
1611 1.952984
1612 1.947106
1613 1.942950
1614 1.939881
1615 1.944040
1616 2.390934
1617 4.639285
1618 1.951321
1619 1.971431
1620 2.038222
1621 3.023189
1622 1.995008
1623 2.455575
1624 4.476317
1625 1.953684
1626 2.078931
1627 2.728579
1628 1.940570
1629 1.945690
1630 1.952560
1631 1.950011
1632 1.947092
1633 1.944612
1634 1.942339
1635 1.940281
1636 1.941629
1637 1.943777
1638 2.085979
1639 2.712371
1640 4.568134
1641 1.943696
1642 1.956526
1643 1.951189
1644 1.946826
1645 1.943478
1646 1.940658
1647 1.938926
1648 1.963857
1649 2.757683
1650 3.947979
1651 1.996585
1652 1.975258
1653 3.668411
1654 2.903536
1655 2.029129
1656 3.322776
1657 2.541726
1658 1.956642
1659 1.978561
1660 2.035097
1661 2.620442
1662 1.981306
1663 1.942804
1664 2.309382
1665 1.941480
1666 1.943150
1667 2.183364
1668 1.998487
1669 1.945046
1670 2.322620
1671 1.940561
1672 1.968140
1673 2.720470
1674 1.951994
1675 1.946196
1676 1.940666
1677 1.937542
1678 1.960717
1679 2.742865
1680 2.015537
1681 2.498608
1682 2.635148
1683 4.358616
1684 2.003125
1685 3.183551
1686 2.884215
1687 1.971590
1688 1.961514
1689 2.038308
1690 3.555933
1691 2.798581
1692 1.969717
1693 1.962032
1694 3.243305
1695 1.995715
1696 2.011151
1697 1.962026
1698 1.948763
1699 1.935338
1700 1.951086
1701 3.147322
1702 2.172297
1703 1.984169
1704 1.988035
1705 1.984883
1706 1.936371
1707 1.933225
1708 1.963351
1709 3.864155
1710 1.948944
1711 1.961010
1712 4.081210
1713 3.113887
1714 2.039360
1715 1.957045
1716 1.938299
1717 1.933759
1718 2.200309
1719 1.982167
1720 2.171892
1721 1.989515
1722 2.082003
1723 1.964102
1724 1.938279
1725 1.934302
1726 2.069207
1727 1.968928
1728 1.938638
1729 1.933575
1730 1.969043
1731 2.020823
1732 1.972538
1733 2.005150
1734 1.933108
1735 1.935798
1736 1.998033
1737 2.004640
1738 1.933484
1739 1.937320
1740 2.085989
1741 1.985635
1742 1.939569
1743 1.935303
1744 1.956184
1745 3.379646
1746 1.933458
1747 1.958178
1748 3.307836
1749 2.006329
1750 2.400302
1751 4.660928
1752 1.944628
1753 1.958811
1754 3.464691
1755 4.251758
1756 4.959524
1757 2.057652
1758 5.067487
1759 2.905475
1760 1.961747
1761 3.236109
1762 1.955685
1763 4.294039
1764 1.942046
1765 2.205043
1766 1.966120
1767 2.072592
1768 2.004920
1769 1.929137
1770 1.945549
1771 1.939314
1772 1.941922
1773 3.094558
1774 2.380181
1775 4.280415
1776 5.382462
1777 3.495849
1778 4.394735
1779 1.949800
1780 2.594874
1781 2.243155
1782 1.931053
1783 2.030792
1784 1.988133
1785 1.931735
1786 1.958622
1787 4.457098
1788 1.950510
1789 1.948941
1790 1.934506
1791 2.125940
1792 2.011402
1793 2.479449
1794 1.941470
1795 2.185742
1796 1.981627
1797 2.195269
1798 1.994934
1799 2.438063
1800 4.812022
1801 1.975953
1802 2.799783
1803 1.964238
1804 3.036853
1805 2.505181
1806 1.950322
1807 4.961744
1808 4.692653
1809 1.962366
1810 3.931296
1811 2.890211
1812 3.622825
1813 2.154399
1814 2.469610
1815 1.948942
1816 5.213268
1817 5.569082
1818 3.075651
1819 5.086177
1820 5.574647
1821 3.069489
1822 4.778242
1823 3.535745
1824 2.166198
1825 2.957239
1826 2.393837
1827 1.923929
1828 2.576030
1829 3.304377
1830 2.341365
1831 1.924742
1832 2.997713
1833 3.918799
1834 2.253643
1835 1.943535
1836 5.175137
1837 5.357293
1838 1.944218
1839 5.171656
1840 5.158345
1841 4.167322
1842 5.444387
1843 4.228888
1844 5.308790
1845 5.339489
1846 5.352621
1847 3.840082
1848 2.150467
1849 1.942856
1850 3.439106
1851 2.289372
1852 1.917823
1853 1.927011
1854 1.935138
1855 2.524096
1856 1.937194
1857 3.776155
1858 2.238973
1859 2.057326
1860 1.943042
1861 1.939753
1862 2.572889
1863 2.360731
1864 1.921131
1865 2.483782
1866 1.926289
1867 2.940104
1868 2.880187
1869 2.130732
1870 2.773580
1871 2.982550
1872 2.215764
1873 2.211384
1874 2.630945
1875 2.851934
1876 2.167116
1877 2.830325
1878 2.183577
1879 2.407153
1880 2.628908
1881 2.705102
1882 2.410729
1883 2.670881
1884 2.558203
1885 2.564929
1886 2.562154
1887 2.533476
1888 2.498067
1889 2.479792
1890 2.480356
1891 2.476331
1892 2.468023
1893 2.459035
1894 2.451044
1895 2.444165
1896 2.438048
1897 2.432241
1898 2.426213
1899 2.419367
1900 2.411030
1901 2.400434
1902 2.386779
1903 2.369384
1904 2.347664
1905 2.319912
1906 2.279915
1907 2.236161
1908 2.178670
1909 2.188569
1910 2.191167
1911 2.190522
1912 2.187695
1913 2.183851
1914 2.179476
1915 2.174743
1916 2.169717
1917 2.164431
1918 2.158906
1919 2.153159
1920 2.147207
1921 2.141070
1922 2.134768
1923 2.128324
1924 2.121767
1925 2.115125
1926 2.108433
1927 2.101726
1928 2.095039
1929 2.088405
1930 2.081856
1931 2.075419
1932 2.069120
1933 2.062978
1934 2.057009
1935 2.051227
1936 2.045640
1937 2.040257
1938 2.035083
1939 2.030120
1940 2.025369
1941 2.020832
1942 2.016507
1943 2.012394
1944 2.008489
1945 2.004791
1946 2.001296
1947 1.998001
1948 1.994903
1949 1.991997
1950 1.989280
1951 1.986747
1952 1.984393
1953 1.982212
1954 1.980199
1955 1.978347
1956 1.976648
1957 1.975094
1958 1.973675
1959 1.972382
1960 1.971203
1961 1.970126
1962 1.969141
1963 1.968235
1964 1.967397
1965 1.966616
1966 1.965883
1967 1.965189
1968 1.964527
1969 1.963892
1970 1.963279
1971 1.962685
1972 1.962107
1973 1.961543
1974 1.960993
1975 1.960455
1976 1.959928
1977 1.959412
1978 1.958906
1979 1.958410
1980 1.957925
1981 1.957449
1982 1.956983
1983 1.956526
1984 1.956079
1985 1.955640
1986 1.955211
1987 1.954791
1988 1.954380
1989 1.953977
1990 1.953582
1991 1.953196
1992 1.952817
1993 1.952446
1994 1.952082
1995 1.951726
1996 1.951376
1997 1.951033
1998 1.950695
1999 1.950363
2000 1.950036
2001 1.949714
2002 1.949397
2003 1.949083
2004 1.948772
2005 1.948464
2006 1.948159
2007 1.947855
2008 1.947552
2009 1.947250
2010 1.946949
2011 1.946646
2012 1.946343
2013 1.946039
2014 1.945732
2015 1.945423
2016 1.945111
2017 1.944795
2018 1.944475
2019 1.944150
2020 1.943821
2021 1.943485
2022 1.943144
2023 1.942796
2024 1.942441
2025 1.942079
2026 1.941709
2027 1.941331
2028 1.940944
2029 1.940549
2030 1.940143
2031 1.939728
2032 1.939303
2033 1.938868
2034 1.938422
2035 1.937964
2036 1.937495
2037 1.937015
2038 1.936522
2039 1.936017
2040 1.935499
2041 1.934968
2042 1.934424
2043 1.933866
2044 1.933295
2045 1.932709
2046 1.932110
2047 1.931497
2048 1.930869
2049 1.930226
2050 1.929569
2051 1.928897
2052 1.928211
2053 1.927509
2054 1.926794
2055 1.926064
2056 1.925319
2057 1.924560
2058 1.923788
2059 1.923002
2060 1.922202
2061 1.921390
2062 1.920565
2063 1.919728
2064 1.918880
2065 1.918020
2066 1.917151
2067 1.916272
2068 1.915383
2069 1.914487
2070 1.913583
2071 1.912671
2072 1.911754
2073 1.910831
2074 1.909903
2075 1.908971
2076 1.908036
2077 1.907097
2078 1.906157
2079 1.905215
2080 1.904272
2081 1.903329
2082 1.902385
2083 1.901442
2084 1.900500
2085 1.899559
2086 1.898620
2087 1.897682
2088 1.896746
2089 1.895813
2090 1.894882
2091 1.893954
2092 1.893029
2093 1.892106
2094 1.891187
2095 1.890270
2096 1.889357
2097 1.888446
2098 1.887539
2099 1.886634
2100 1.885733
2101 1.884835
2102 1.883939
2103 1.883047
2104 1.882157
2105 1.881271
2106 1.880387
2107 1.879506
2108 1.878628
2109 1.877752
2110 1.876879
2111 1.876008
2112 1.875140
2113 1.874275
2114 1.873411
2115 1.872551
2116 1.871692
2117 1.870836
2118 1.869982
2119 1.869130
2120 1.868280
2121 1.867432
2122 1.866587
2123 1.865744
2124 1.864902
2125 1.864063
2126 1.863226
2127 1.862391
2128 1.861558
2129 1.860727
2130 1.859899
2131 1.859072
2132 1.858247
2133 1.857425
2134 1.856605
2135 1.855787
2136 1.854971
2137 1.854157
2138 1.853346
2139 1.852537
2140 1.851731
2141 1.850927
2142 1.850125
2143 1.849326
2144 1.848530
2145 1.847736
2146 1.846946
2147 1.846157
2148 1.845372
2149 1.844590
2150 1.843811
2151 1.843034
2152 1.842261
2153 1.841492
2154 1.840725
2155 1.839962
2156 1.839203
2157 1.838447
2158 1.837695
2159 1.836946
2160 1.836202
2161 1.835461
2162 1.834725
2163 1.833992
2164 1.833264
2165 1.832540
2166 1.831821
2167 1.831106
2168 1.830395
2169 1.829690
2170 1.828989
2171 1.828294
2172 1.827603
2173 1.826918
2174 1.826237
2175 1.825562
2176 1.824893
2177 1.824229
2178 1.823571
2179 1.822919
2180 1.822273
2181 1.821633
2182 1.820999
2183 1.820371
2184 1.819749
2185 1.819134
2186 1.818526
2187 1.817925
2188 1.817330
2189 1.816742
2190 1.816162
2191 1.815588
2192 1.815023
2193 1.814464
2194 1.813913
2195 1.813370
2196 1.812835
2197 1.812308
2198 1.811788
2199 1.811278
2200 1.810775
2201 1.810281
2202 1.809796
2203 1.809320
2204 1.808852
2205 1.808394
2206 1.807945
2207 1.807505
2208 1.807074
2209 1.806654
2210 1.806243
2211 1.805842
2212 1.805451
2213 1.805071
2214 1.804701
2215 1.804341
2216 1.803993
2217 1.803655
2218 1.803328
2219 1.803012
2220 1.802708
2221 1.802415
2222 1.802134
2223 1.801865
2224 1.801608
2225 1.801363
2226 1.801130
2227 1.800911
2228 1.800703
2229 1.800509
2230 1.800328
2231 1.800160
2232 1.800006
2233 1.799865
2234 1.799739
2235 1.799626
2236 1.799527
2237 1.799443
2238 1.799374
2239 1.799320
2240 1.799280
2241 1.799256
2242 1.799248
2243 1.799255
2244 1.799278
2245 1.799317
2246 1.799373
2247 1.799445
2248 1.799534
2249 1.799640
2250 1.799764
2251 1.799905
2252 1.800064
2253 1.800240
2254 1.800436
2255 1.800649
2256 1.800882
2257 1.801133
2258 1.801404
2259 1.801694
2260 1.802005
2261 1.802335
2262 1.802686
2263 1.803058
2264 1.803450
2265 1.803864
2266 1.804300
2267 1.804757
2268 1.805237
2269 1.805739
2270 1.806264
2271 1.806812
2272 1.807383
2273 1.807979
2274 1.808599
2275 1.809243
2276 1.809912
2277 1.810606
2278 1.811326
2279 1.812072
2280 1.812844
2281 1.813644
2282 1.814470
2283 1.815324
2284 1.816205
2285 1.817116
2286 1.818055
2287 1.819023
2288 1.820021
2289 1.821049
2290 1.822108
2291 1.823197
2292 1.824319
2293 1.825472
2294 1.826658
2295 1.827878
2296 1.829131
2297 1.830418
2298 1.831740
2299 1.833097
2300 1.834490
2301 1.835920
2302 1.837387
2303 1.838891
2304 1.840435
2305 1.842017
2306 1.843640
2307 1.845303
2308 1.847008
2309 1.848755
2310 1.850545
2311 1.852379
2312 1.854259
2313 1.856185
2314 1.858158
2315 1.860180
2316 1.862252
2317 1.864375
2318 1.866551
2319 1.868783
2320 1.871072
2321 1.873421
2322 1.875832
2323 1.878310
2324 1.880858
2325 1.883482
2326 1.886188
2327 1.888983
2328 1.891876
2329 1.894880
2330 1.898007
2331 1.901275
2332 1.904705
2333 1.908326
2334 1.912170
2335 1.916281
2336 1.920715
2337 1.925546
2338 1.930872
2339 1.936827
2340 1.943602
2341 1.951469
2342 1.960830
2343 1.972299
2344 1.986822
2345 2.005856
2346 2.031524
2347 2.066243
2348 2.110261
2349 2.155751
2350 2.187770
2351 2.202281
2352 2.208145
2353 2.211894
2354 2.215190
2355 2.218304
2356 2.221292
2357 2.224180
2358 2.226980
2359 2.229702
2360 2.232352
2361 2.234930
2362 2.237435
2363 2.239867
2364 2.242218
2365 2.244485
2366 2.246659
2367 2.248732
2368 2.250695
2369 2.252537
2370 2.254247
2371 2.255813
2372 2.257222
2373 2.258461
2374 2.259515
2375 2.260368
2376 2.261005
2377 2.261408
2378 2.261559
2379 2.261437
2380 2.261022
2381 2.260291
2382 2.259219
2383 2.257776
2384 2.255933
2385 2.253655
2386 2.250902
2387 2.247628
2388 2.243779
2389 2.239295
2390 2.234099
2391 2.228105
2392 2.221207
2393 2.213279
2394 2.204176
2395 2.193733
2396 2.181783
2397 2.168193
2398 2.152942
2399 2.136265
2400 2.118855
2401 2.102029
2402 2.087609
2403 2.077259
2404 2.071522
2405 2.069482
2406 2.069528
2407 2.070377
2408 2.071410
2409 2.072450
2410 2.073490
2411 2.074552
2412 2.075651
2413 2.076786
2414 2.077950
2415 2.079133
2416 2.080325
2417 2.081519
2418 2.082710
2419 2.083895
2420 2.085072
2421 2.086241
2422 2.087404
2423 2.088561
2424 2.089713
2425 2.090862
2426 2.092009
2427 2.093155
2428 2.094301
2429 2.095448
2430 2.096598
2431 2.097749
2432 2.098904
2433 2.100061
2434 2.101223
2435 2.102389
2436 2.103558
2437 2.104732
2438 2.105911
2439 2.107095
2440 2.108283
2441 2.109476
2442 2.110674
2443 2.111877
2444 2.113086
2445 2.114299
2446 2.115517
2447 2.116741
2448 2.117970
2449 2.119204
2450 2.120444
2451 2.121689
2452 2.122939
2453 2.124194
2454 2.125456
2455 2.126722
2456 2.127994
2457 2.129272
2458 2.130555
2459 2.131844
2460 2.133138
2461 2.134439
2462 2.135745
2463 2.137056
2464 2.138374
2465 2.139698
2466 2.141028
2467 2.142363
2468 2.143705
2469 2.145053
2470 2.146408
2471 2.147768
2472 2.149135
2473 2.150509
2474 2.151889
2475 2.153275
2476 2.154669
2477 2.156069
2478 2.157476
2479 2.158890
2480 2.160312
2481 2.161740
2482 2.163176
2483 2.164620
2484 2.166071
2485 2.167529
2486 2.168996
2487 2.170470
2488 2.171953
2489 2.173444
2490 2.174944
2491 2.176452
2492 2.177969
2493 2.179495
2494 2.181030
2495 2.182575
2496 2.184129
2497 2.185693
2498 2.187267
2499 2.188852
2500 2.190447
2501 2.192053
2502 2.193670
2503 2.195299
2504 2.196939
2505 2.198592
2506 2.200258
2507 2.201936
2508 2.203627
2509 2.205333
2510 2.207053
2511 2.208787
2512 2.210537
2513 2.212303
2514 2.214085
2515 2.215884
2516 2.217701
2517 2.219537
2518 2.221392
2519 2.223268
2520 2.225164
2521 2.227083
2522 2.229025
2523 2.230991
2524 2.232984
2525 2.235003
2526 2.237051
2527 2.239130
2528 2.241241
2529 2.243387
2530 2.245569
2531 2.247790
2532 2.250054
2533 2.252363
2534 2.254721
2535 2.257133
2536 2.259602
2537 2.262135
2538 2.264737
2539 2.267416
2540 2.270181
2541 2.273041
2542 2.276010
2543 2.279100
2544 2.282330
2545 2.285723
2546 2.289305
2547 2.293111
2548 2.297187
2549 2.301592
2550 2.306406
2551 2.311738
2552 2.317742
2553 2.324643
2554 2.332771
2555 2.342636
2556 2.355039
2557 2.371267
2558 2.393392
2559 2.424634
2560 2.469330
2561 2.529885
2562 2.590949
2563 2.615851
2564 2.615746
2565 2.617167
2566 2.621039
2567 2.625432
2568 2.629859
2569 2.634227
2570 2.638514
2571 2.642714
2572 2.646822
2573 2.650838
2574 2.654759
2575 2.658586
2576 2.662319
2577 2.665959
2578 2.669506
2579 2.672961
2580 2.676326
2581 2.679603
2582 2.682794
2583 2.685901
2584 2.688926
2585 2.691872
2586 2.694743
2587 2.697542
2588 2.700271
2589 2.702935
2590 2.705536
2591 2.708080
2592 2.710568
2593 2.713005
2594 2.715394
2595 2.717738
2596 2.720042
2597 2.722306
2598 2.724535
2599 2.726731
2600 2.728895
2601 2.731029
2602 2.733134
2603 2.735209
2604 2.737255
2605 2.739269
2606 2.741248
2607 2.743189
2608 2.745086
2609 2.746930
2610 2.748712
2611 2.750419
2612 2.752036
2613 2.753546
2614 2.754928
2615 2.756158
2616 2.757214
2617 2.758068
2618 2.758696
2619 2.759077
2620 2.759193
2621 2.759033
2622 2.758591
2623 2.757871
2624 2.756884
2625 2.755645
2626 2.754174
2627 2.752492
2628 2.750622
2629 2.748583
2630 2.746395
2631 2.744075
2632 2.741637
2633 2.739093
2634 2.736453
2635 2.733725
2636 2.730917
2637 2.728035
2638 2.725084
2639 2.722069
2640 2.718993
2641 2.715859
2642 2.712672
2643 2.709432
2644 2.706144
2645 2.702808
2646 2.699427
2647 2.696002
2648 2.692536
2649 2.689028
2650 2.685482
2651 2.681898
2652 2.678276
2653 2.674619
2654 2.670926
2655 2.667199
2656 2.663437
2657 2.659643
2658 2.655815
2659 2.651954
2660 2.648060
2661 2.644133
2662 2.640173
2663 2.636180
2664 2.632153
2665 2.628092
2666 2.623995
2667 2.619862
2668 2.615691
2669 2.611481
2670 2.607231
2671 2.602938
2672 2.598599
2673 2.594214
2674 2.589778
2675 2.585288
2676 2.580740
2677 2.576130
2678 2.571454
2679 2.566705
2680 2.561876
2681 2.556961
2682 2.551951
2683 2.546836
2684 2.541603
2685 2.536239
2686 2.530727
2687 2.525047
2688 2.519174
2689 2.513079
2690 2.506724
2691 2.500059
2692 2.493023
2693 2.485532
2694 2.477472
2695 2.468686
2696 2.458941
2697 2.447890
2698 2.434978
2699 2.419272
2700 2.399084
2701 2.371083
2702 2.328127
2703 2.255069
2704 2.138893
2705 2.053867
2706 2.065093
2707 2.080256
2708 2.082720
2709 2.089681
2710 2.098235
2711 2.107282
2712 2.117500
2713 2.129748
2714 2.145195
2715 2.166043
2716 2.197171
2717 2.250336
2718 2.349183
2719 2.488122
2720 2.568235
2721 2.594059
2722 2.603574
2723 2.605930
2724 2.605007
2725 2.602543
2726 2.599314
2727 2.595668
2728 2.591766
2729 2.587679
2730 2.583443
2731 2.579069
2732 2.574561
2733 2.569916
2734 2.565126
2735 2.560180
2736 2.555065
2737 2.549763
2738 2.544254
2739 2.538512
2740 2.532506
2741 2.526199
2742 2.519542
2743 2.512475
2744 2.504918
2745 2.496766
2746 2.487876
2747 2.478043
2748 2.466969
2749 2.454194
2750 2.438972
2751 2.419999
2752 2.394815
2753 2.358318
2754 2.299276
2755 2.199328
2756 2.087857
2757 2.101748
2758 2.114573
2759 2.094488
2760 2.101828
2761 2.107171
2762 2.110883
2763 2.115543
2764 2.120590
2765 2.126006
2766 2.131988
2767 2.138717
2768 2.146417
2769 2.155434
2770 2.166343
2771 2.180168
2772 2.198880
2773 2.226593
2774 2.272180
2775 2.350992
2776 2.460900
2777 2.540599
2778 2.569237
2779 2.577125
2780 2.577543
2781 2.574980
2782 2.571126
2783 2.566625
2784 2.561722
2785 2.556507
2786 2.550998
2787 2.545184
2788 2.539036
2789 2.532507
2790 2.525538
2791 2.518048
2792 2.509931
2793 2.501041
2794 2.491172
2795 2.480023
2796 2.467133
2797 2.451751
2798 2.432568
2799 2.407097
2800 2.370117
2801 2.309849
2802 2.206173
2803 2.095078
2804 2.142438
2805 2.160270
2806 2.101295
2807 2.112391
2808 2.113984
2809 2.112683
2810 2.116511
2811 2.116406
2812 2.119845
2813 2.121509
2814 2.124203
2815 2.126762
2816 2.129520
2817 2.132466
2818 2.135610
2819 2.138980
2820 2.142611
2821 2.146545
2822 2.150838
2823 2.155569
2824 2.160852
2825 2.166855
2826 2.173842
2827 2.182248
2828 2.192839
2829 2.207064
2830 2.227897
2831 2.261836
2832 2.322325
2833 2.422777
2834 2.526363
2835 2.573428
2836 2.584331
2837 2.584229
2838 2.580696
2839 2.575923
2840 2.570555
2841 2.564771
2842 2.558597
2843 2.552003
2844 2.544927
2845 2.537285
2846 2.528959
2847 2.519789
2848 2.509548
2849 2.497901
2850 2.484324
2851 2.467948
2852 2.447213
2853 2.419027
2854 2.376527
2855 2.303302
2856 2.177148
2857 2.111621
2858 2.110265
2859 2.117704
2860 2.109899
2861 2.128530
2862 2.114946
2863 2.144174
2864 2.139569
2865 2.129683
2866 2.121598
2867 2.133717
2868 2.129353
2869 2.129585
2870 2.126602
2871 2.127921
2872 2.126878
2873 2.126841
2874 2.127481
2875 2.127008
2876 2.128746
2877 2.128503
2878 2.130508
2879 2.130916
2880 2.132638
2881 2.133642
2882 2.135105
2883 2.136420
2884 2.137845
2885 2.139291
2886 2.140783
2887 2.142318
2888 2.143897
2889 2.145521
2890 2.147193
2891 2.148914
2892 2.150686
2893 2.152512
2894 2.154396
2895 2.156341
2896 2.158353
2897 2.160439
2898 2.162605
2899 2.164864
2900 2.167229
2901 2.169719
2902 2.172361
2903 2.175193
2904 2.178267
2905 2.181668
2906 2.185525
2907 2.190051
2908 2.195619
2909 2.202925
2910 2.213374
2911 2.230091
2912 2.260787
2913 2.325017
2914 2.452027
2915 2.586713
2916 2.629588
2917 2.630834
2918 2.626414
2919 2.621169
2920 2.615582
2921 2.609683
2922 2.603439
2923 2.596808
2924 2.589732
2925 2.582141
2926 2.573944
2927 2.565018
2928 2.555194
2929 2.544226
2930 2.531747
2931 2.517167
2932 2.499474
2933 2.476770
2934 2.445047
2935 2.394547
2936 2.299469
2937 2.142337
2938 2.330929
2939 2.518328
2940 2.470532
2941 2.414608
2942 2.319160
2943 2.157729
2944 2.293743
2945 2.436398
2946 2.351695
2947 2.201772
2948 2.133736
2949 2.110244
2950 2.242920
2951 2.302821
2952 2.145233
2953 2.324376
2954 2.509249
2955 2.460954
2956 2.400591
2957 2.291077
2958 2.127032
2959 2.423162
2960 2.593694
2961 2.497015
2962 2.428581
2963 2.320260
2964 2.147658
2965 2.395286
2966 2.567203
2967 2.466638
2968 2.367351
2969 2.199252
2970 2.181392
2971 2.125165
2972 2.463293
2973 2.599537
2974 2.466344
2975 2.359823
2976 2.184313
2977 2.264574
2978 2.312487
2979 2.131892
2980 2.467444
2981 2.597687
2982 2.450875
2983 2.324825
2984 2.139944
2985 2.471365
2986 2.593859
2987 2.433619
2988 2.282893
2989 2.108903
2990 2.521089
2991 2.599557
2992 2.418774
2993 2.251119
2994 2.109094
2995 2.433500
2996 2.575022
2997 2.406051
2998 2.226937
2999 2.140836
3000 2.125877
3001 2.206305
3002 2.155264
3003 2.428123
3004 2.579531
3005 2.412837
3006 2.245772
3007 2.112150
3008 2.390163
3009 2.552379
3010 2.402157
3011 2.223602
3012 2.149692
3013 2.109828
3014 2.419059
3015 2.574485
3016 2.398860
3017 2.219437
3018 2.163488
3019 2.105531
3020 2.516350
3021 2.600394
3022 2.366253
3023 2.176368
3024 2.385499
3025 2.547461
3026 2.382602
3027 2.189409
3028 2.335240
3029 2.472070
3030 2.303122
3031 2.113251
3032 2.556241
3033 2.593064
3034 2.313556
3035 2.119268
3036 2.558260
3037 2.590867
3038 2.298215
3039 2.110308
3040 2.563803
3041 2.588961
3042 2.281722
3043 2.105420
3044 2.551791
3045 2.587311
3046 2.266522
3047 2.106176
3048 2.515833
3049 2.584905
3050 2.254192
3051 2.112202
3052 2.436184
3053 2.569448
3054 2.284702
3055 2.104613
3056 2.559633
3057 2.582530
3058 2.224342
3059 2.174765
3060 2.107008
3061 2.565167
3062 2.581723
3063 2.205262
3064 2.263805
3065 2.283782
3066 2.102173
3067 2.548316
3068 2.580031
3069 2.188411
3070 2.363393
3071 2.522329
3072 2.299322
3073 2.105108
3074 2.577186
3075 2.575042
3076 2.168792
3077 2.469060
3078 2.569486
3079 2.185519
3080 2.407276
3081 2.550611
3082 2.236722
3083 2.148896
3084 2.107040
3085 2.469767
3086 2.565414
3087 2.157601
3088 2.511598
3089 2.567541
3090 2.138245
3091 2.555512
3092 2.566088
3093 2.128511
3094 2.570457
3095 2.563806
3096 2.121300
3097 2.578899
3098 2.561777
3099 2.114258
3100 2.584896
3101 2.559985
3102 2.108035
3103 2.587538
3104 2.558435
3105 2.103106
3106 2.586451
3107 2.557116
3108 2.099628
3109 2.581846
3110 2.556024
3111 2.097453
3112 2.573931
3113 2.555185
3114 2.096479
3115 2.561919
3116 2.554634
3117 2.096882
3118 2.543055
3119 2.554266
3120 2.098922
3121 2.512294
3122 2.553099
3123 2.100356
3124 2.488214
3125 2.550931
3126 2.099528
3127 2.489171
3128 2.550513
3129 2.105053
3130 2.406488
3131 2.537265
3132 2.098725
3133 2.586057
3134 2.551516
3135 2.161580
3136 2.090976
3137 2.576718
3138 2.552033
3139 2.234074
3140 2.238162
3141 2.159525
3142 2.088794
3143 2.565706
3144 2.553261
3145 2.336072
3146 2.502352
3147 2.152679
3148 2.521996
3149 2.552960
3150 2.332769
3151 2.493230
3152 2.145843
3153 2.542955
3154 2.552734
3155 2.380928
3156 2.521464
3157 2.086135
3158 2.593574
3159 2.551850
3160 2.435457
3161 2.537246
3162 2.175128
3163 2.102552
3164 2.579058
3165 2.552695
3166 2.489252
3167 2.549761
3168 2.437862
3169 2.537593
3170 2.263645
3171 2.329278
3172 2.076920
3173 2.577890
3174 2.552653
3175 2.525896
3176 2.553610
3177 2.515035
3178 2.552793
3179 2.510387
3180 2.552035
3181 2.511165
3182 2.551735
3183 2.516201
3184 2.551837
3185 2.523607
3186 2.552049
3187 2.531264
3188 2.552124
3189 2.537989
3190 2.552015
3191 2.543743
3192 2.551776
3193 2.548871
3194 2.551457
3195 2.553626
3196 2.551082
3197 2.558146
3198 2.550666
3199 2.562517
3200 2.550217
3201 2.566807
3202 2.549745
3203 2.571071
3204 2.549258
3205 2.575365
3206 2.548764
3207 2.579744
3208 2.548272
3209 2.584267
3210 2.547793
3211 2.589002
3212 2.547339
3213 2.594024
3214 2.546927
3215 2.599426
3216 2.546576
3217 2.605312
3218 2.546309
3219 2.611803
3220 2.546153
3221 2.619023
3222 2.546135
3223 2.627073
3224 2.546271
3225 2.635968
3226 2.546550
3227 2.645535
3228 2.546909
3229 2.655302
3230 2.547213
3231 2.664501
3232 2.547286
3233 2.672334
3234 2.546995
3235 2.678397
3236 2.546314
3237 2.682830
3238 2.545310
3239 2.686054
3240 2.544070
3241 2.688442
3242 2.542655
3243 2.690220
3244 2.541103
3245 2.691520
3246 2.539436
3247 2.692419
3248 2.537670
3249 2.692972
3250 2.535817
3251 2.693219
3252 2.533885
3253 2.693188
3254 2.531882
3255 2.692900
3256 2.529815
3257 2.692371
3258 2.527688
3259 2.691610
3260 2.525507
3261 2.690626
3262 2.523274
3263 2.689421
3264 2.520994
3265 2.687996
3266 2.518670
3267 2.686351
3268 2.516305
3269 2.684481
3270 2.513902
3271 2.682382
3272 2.511465
3273 2.680046
3274 2.508996
3275 2.677468
3276 2.506500
3277 2.674638
3278 2.503979
3279 2.671547
3280 2.501438
3281 2.668189
3282 2.498881
3283 2.664555
3284 2.496311
3285 2.660643
3286 2.493732
3287 2.656448
3288 2.491148
3289 2.651975
3290 2.488563
3291 2.647229
3292 2.485979
3293 2.642225
3294 2.483399
3295 2.636981
3296 2.480827
3297 2.631524
3298 2.478265
3299 2.625884
3300 2.475716
3301 2.620099
3302 2.473184
3303 2.614206
3304 2.470672
3305 2.608246
3306 2.468185
3307 2.602256
3308 2.465727
3309 2.596265
3310 2.463304
3311 2.590300
3312 2.460917
3313 2.584373
3314 2.458571
3315 2.578492
3316 2.456264
3317 2.572650
3318 2.453997
3319 2.566836
3320 2.451766
3321 2.561027
3322 2.449567
3323 2.555192
3324 2.447394
3325 2.549291
3326 2.445238
3327 2.543274
3328 2.443089
3329 2.537080
3330 2.440936
3331 2.530627
3332 2.438762
3333 2.523815
3334 2.436550
3335 2.516506
3336 2.434271
3337 2.508514
3338 2.431890
3339 2.499569
3340 2.429349
3341 2.489258
3342 2.426550
3343 2.476905
3344 2.423308
3345 2.461288
3346 2.419217
3347 2.439926
3348 2.413194
3349 2.406973
3350 2.401570
3351 2.348403
3352 2.370161
3353 2.324944
3354 2.353196
3355 2.396703
3356 2.390523
3357 2.248229
3358 2.293609
3359 2.644745
3360 2.386172
3361 2.297845
3362 2.327125
3363 2.491824
3364 2.402355
3365 2.228282
3366 2.237555
3367 2.636583
3368 2.378151
3369 2.133176
3370 1.915350
3371 1.878922
3372 1.892007
3373 1.910682
3374 1.901196
3375 1.913097
3376 1.899588
3377 1.914014
3378 1.895468
3379 1.914825
3380 1.890341
3381 1.915431
3382 1.885140
3383 1.915219
3384 1.880858
3385 1.913936
3386 1.877844
3387 1.911958
3388 1.875590
3389 1.909635
3390 1.873620
3391 1.907080
3392 1.871778
3393 1.904310
3394 1.870033
3395 1.901321
3396 1.868384
3397 1.898099
3398 1.866836
3399 1.894633
3400 1.865387
3401 1.890909
3402 1.864034
3403 1.886919
3404 1.862758
3405 1.882662
3406 1.861523
3407 1.878157
3408 1.860270
3409 1.873445
3410 1.858908
3411 1.868599
3412 1.857322
3413 1.863724
3414 1.855392
3415 1.858937
3416 1.853024
3417 1.854329
3418 1.850185
3419 1.849933
3420 1.846910
3421 1.845709
3422 1.843285
3423 1.841578
3424 1.839405
3425 1.837456
3426 1.835349
3427 1.833283
3428 1.831161
3429 1.829027
3430 1.826863
3431 1.824677
3432 1.822466
3433 1.820231
3434 1.817972
3435 1.815689
3436 1.813384
3437 1.811057
3438 1.808708
3439 1.806338
3440 1.803948
3441 1.801538
3442 1.799110
3443 1.796666
3444 1.794205
3445 1.791730
3446 1.789241
3447 1.786742
3448 1.784233
3449 1.781717
3450 1.779196
3451 1.776673
3452 1.774149
3453 1.771627
3454 1.769111
3455 1.766603
3456 1.764107
3457 1.761625
3458 1.759159
3459 1.756714
3460 1.754292
3461 1.751896
3462 1.749526
3463 1.747187
3464 1.744878
3465 1.742602
3466 1.740358
3467 1.738148
3468 1.735971
3469 1.733827
3470 1.731715
3471 1.729634
3472 1.727581
3473 1.725556
3474 1.723557
3475 1.721580
3476 1.719625
3477 1.717687
3478 1.715763
3479 1.713851
3480 1.711946
3481 1.710045
3482 1.708143
3483 1.706235
3484 1.704316
3485 1.702380
3486 1.700419
3487 1.698427
3488 1.696394
3489 1.694311
3490 1.692167
3491 1.689949
3492 1.687641
3493 1.685227
3494 1.682687
3495 1.679998
3496 1.677132
3497 1.674057
3498 1.670739
3499 1.667134
3500 1.663198
3501 1.658879
3502 1.654130
3503 1.648903
3504 1.643171
3505 1.636929
3506 1.630218
3507 1.623130
3508 1.615815
3509 1.608454
3510 1.601234
3511 1.594301
3512 1.587743
3513 1.581584
3514 1.575808
3515 1.570380
3516 1.565257
3517 1.560399
3518 1.555770
3519 1.551341
3520 1.547084
3521 1.542977
3522 1.539001
3523 1.535138
3524 1.531375
3525 1.527697
3526 1.524093
3527 1.520550
3528 1.517057
3529 1.513605
3530 1.510182
3531 1.506778
3532 1.503382
3533 1.499981
3534 1.496562
3535 1.493110
3536 1.489608
3537 1.486035
3538 1.482365
3539 1.478567
3540 1.474600
3541 1.470408
3542 1.465917
3543 1.461022
3544 1.455576
3545 1.449387
3546 1.442315
3547 1.435063
3548 1.435568
3549 1.489249
3550 1.661467
3551 1.579493
3552 1.415976
3553 1.593939
3554 1.589745
3555 1.385872
3556 1.490681
3557 1.714124
3558 1.529789
3559 1.499321
3560 1.569878
3561 1.530090
3562 1.403831
3563 1.595344
3564 1.596993
3565 1.394968
3566 1.547769
3567 1.483640
3568 1.444773
3569 1.734284
3570 1.523914
3571 1.479601
3572 1.685787
3573 1.518499
3574 1.487227
3575 1.551289
3576 1.489401
3577 1.429763
3578 1.724478
3579 1.513827
3580 1.474443
3581 1.680713
3582 1.502392
3583 1.481338
3584 1.516752
3585 1.412981
3586 1.474324
3587 1.647271
3588 1.508694
3589 1.458864
3590 1.735247
3591 1.526999
3592 1.423848
3593 1.723268
3594 1.503528
3595 1.438721
3596 1.738308
3597 1.526874
3598 1.394314
3599 1.649492
3600 1.460836
3601 1.452589
3602 1.703112
3603 1.465039
3604 1.437990
3605 1.725249
3606 1.493643
3607 1.391147
3608 1.647896
3609 1.430976
3610 1.428833
3611 1.714215
3612 1.466451
3613 1.385456
3614 1.631436
3615 1.416269
3616 1.394267
3617 1.651906
3618 1.400611
3619 1.382236
3620 1.613794
3621 1.404562
3622 1.356920
3623 1.492125
3624 1.322975
3625 1.311720
3626 1.301173
3627 1.295558
3628 1.295990
3629 1.302215
3630 1.305342
3631 1.301356
3632 1.297029
3633 1.296511
3634 1.297672
3635 1.296631
3636 1.294005
3637 1.292338
3638 1.291658
3639 1.290438
3640 1.288523
3641 1.286800
3642 1.285382
3643 1.283783
3644 1.281949
3645 1.280138
3646 1.278367
3647 1.276507
3648 1.274558
3649 1.272582
3650 1.270572
3651 1.268503
3652 1.266377
3653 1.264206
3654 1.261986
3655 1.259713
3656 1.257387
3657 1.255011
3658 1.252582
3659 1.250101
3660 1.247569
3661 1.244986
3662 1.242354
3663 1.239673
3664 1.236948
3665 1.234180
3666 1.231374
3667 1.228534
3668 1.225667
3669 1.222779
3670 1.219877
3671 1.216971
3672 1.214068
3673 1.211179
3674 1.208313
3675 1.205480
3676 1.202689
3677 1.199948
3678 1.197265
3679 1.194647
3680 1.192098
3681 1.189623
3682 1.187224
3683 1.184902
3684 1.182658
3685 1.180492
3686 1.178401
3687 1.176385
3688 1.174439
3689 1.172563
3690 1.170753
3691 1.169006
3692 1.167320
3693 1.165690
3694 1.164115
3695 1.162591
3696 1.161116
3697 1.159687
3698 1.158302
3699 1.156959
3700 1.155655
3701 1.154388
3702 1.153158
3703 1.151960
3704 1.150795
3705 1.149661
3706 1.148555
3707 1.147478
3708 1.146426
3709 1.145400
3710 1.144398
3711 1.143420
3712 1.142463
3713 1.141527
3714 1.140611
3715 1.139715
3716 1.138837
3717 1.137978
3718 1.137135
3719 1.136309
3720 1.135499
3721 1.134704
3722 1.133924
3723 1.133158
3724 1.132405
3725 1.131666
3726 1.130940
3727 1.130226
3728 1.129524
3729 1.128834
3730 1.128155
3731 1.127486
3732 1.126829
3733 1.126181
3734 1.125543
3735 1.124915
3736 1.124296
3737 1.123686
3738 1.123085
3739 1.122492
3740 1.121908
3741 1.121331
3742 1.120763
3743 1.120202
3744 1.119648
3745 1.119102
3746 1.118563
3747 1.118031
3748 1.117505
3749 1.116986
3750 1.116473
3751 1.115967
3752 1.115467
3753 1.114972
3754 1.114484
3755 1.114001
3756 1.113523
3757 1.113051
3758 1.112584
3759 1.112123
3760 1.111666
3761 1.111215
3762 1.110768
3763 1.110326
3764 1.109888
3765 1.109456
3766 1.109027
3767 1.108603
3768 1.108184
3769 1.107768
3770 1.107357
3771 1.106950
3772 1.106546
3773 1.106147
3774 1.105751
3775 1.105359
3776 1.104971
3777 1.104586
3778 1.104205
3779 1.103827
3780 1.103453
3781 1.103082
3782 1.102715
3783 1.102351
3784 1.101989
3785 1.101631
3786 1.101276
3787 1.100925
3788 1.100576
3789 1.100230
3790 1.099887
3791 1.099546
3792 1.099209
3793 1.098874
3794 1.098542
3795 1.098213
3796 1.097886
3797 1.097562
3798 1.097240
3799 1.096921
3800 1.096605
3801 1.096290
3802 1.095979
3803 1.095669
3804 1.095362
3805 1.095057
3806 1.094755
3807 1.094454
3808 1.094156
3809 1.093860
3810 1.093566
3811 1.093275
3812 1.092985
3813 1.092697
3814 1.092412
3815 1.092128
3816 1.091847
3817 1.091567
3818 1.091289
3819 1.091013
3820 1.090739
3821 1.090467
3822 1.090197
3823 1.089929
3824 1.089662
3825 1.089397
3826 1.089134
3827 1.088872
3828 1.088612
3829 1.088354
3830 1.088098
3831 1.087843
3832 1.087589
3833 1.087338
3834 1.087088
3835 1.086839
3836 1.086592
3837 1.086347
3838 1.086103
3839 1.085860
3840 1.085619
3841 1.085380
3842 1.085142
3843 1.084905
3844 1.084670
3845 1.084436
3846 1.084203
3847 1.083972
3848 1.083742
3849 1.083514
3850 1.083286
3851 1.083061
3852 1.082836
3853 1.082613
3854 1.082391
3855 1.082170
3856 1.081950
3857 1.081732
3858 1.081515
3859 1.081299
3860 1.081084
3861 1.080871
3862 1.080658
3863 1.080447
3864 1.080237
3865 1.080028
3866 1.079820
3867 1.079613
3868 1.079407
3869 1.079203
3870 1.078999
3871 1.078797
3872 1.078596
3873 1.078395
3874 1.078196
3875 1.077998
3876 1.077800
3877 1.077604
3878 1.077409
3879 1.077215
3880 1.077021
3881 1.076829
3882 1.076638
3883 1.076447
3884 1.076258
3885 1.076069
3886 1.075882
3887 1.075695
3888 1.075509
3889 1.075325
3890 1.075141
3891 1.074958
3892 1.074775
3893 1.074594
3894 1.074414
3895 1.074234
3896 1.074055
3897 1.073878
3898 1.073701
3899 1.073524
3900 1.073349
3901 1.073174
3902 1.073001
3903 1.072828
3904 1.072655
3905 1.072484
3906 1.072313
3907 1.072144
3908 1.071975
3909 1.071806
3910 1.071639
3911 1.071472
3912 1.071306
3913 1.071141
3914 1.070976
3915 1.070812
3916 1.070649
3917 1.070487
3918 1.070325
3919 1.070164
3920 1.070004
3921 1.069845
3922 1.069686
3923 1.069528
3924 1.069370
3925 1.069213
3926 1.069057
3927 1.068902
3928 1.068747
3929 1.068593
3930 1.068439
3931 1.068286
3932 1.068134
3933 1.067983
3934 1.067832
3935 1.067681
3936 1.067532
3937 1.067383
3938 1.067234
3939 1.067086
3940 1.066939
3941 1.066792
3942 1.066646
3943 1.066501
3944 1.066356
3945 1.066212
3946 1.066068
3947 1.065925
3948 1.065782
3949 1.065640
3950 1.065499
3951 1.065358
3952 1.065218
3953 1.065078
3954 1.064939
3955 1.064800
3956 1.064662
3957 1.064524
3958 1.064387
3959 1.064251
3960 1.064115
3961 1.063979
3962 1.063844
3963 1.063710
3964 1.063576
3965 1.063443
3966 1.063310
3967 1.063177
3968 1.063045
3969 1.062914
3970 1.062783
3971 1.062653
3972 1.062523
3973 1.062393
3974 1.062264
3975 1.062136
3976 1.062008
3977 1.061880
3978 1.061753
3979 1.061627
3980 1.061501
3981 1.061375
3982 1.061250
3983 1.061125
3984 1.061001
3985 1.060877
3986 1.060754
3987 1.060631
3988 1.060508
3989 1.060386
3990 1.060264
3991 1.060143
3992 1.060022
3993 1.059902
3994 1.059782
3995 1.059663
3996 1.059544
3997 1.059425
3998 1.059307
3999 1.059189
4000 1.059071
4001 1.058954
4002 1.058838
4003 1.058722
4004 1.058606
4005 1.058490
4006 1.058375
4007 1.058261
4008 1.058147
4009 1.058033
4010 1.057919
4011 1.057806
4012 1.057694
4013 1.057581
4014 1.057469
4015 1.057358
4016 1.057247
4017 1.057136
4018 1.057025
4019 1.056915
4020 1.056806
4021 1.056696
4022 1.056587
4023 1.056479
4024 1.056371
4025 1.056263
4026 1.056155
4027 1.056048
4028 1.055941
4029 1.055835
4030 1.055729
4031 1.055623
4032 1.055517
4033 1.055412
4034 1.055307
4035 1.055203
4036 1.055099
4037 1.054995
4038 1.054892
4039 1.054789
4040 1.054686
4041 1.054583
4042 1.054481
4043 1.054379
4044 1.054278
4045 1.054177
4046 1.054076
4047 1.053975
4048 1.053875
4049 1.053775
4050 1.053676
4051 1.053576
4052 1.053477
4053 1.053379
4054 1.053280
4055 1.053182
4056 1.053085
4057 1.052987
4058 1.052890
4059 1.052793
4060 1.052697
4061 1.052600
4062 1.052504
4063 1.052409
4064 1.052313
4065 1.052218
4066 1.052123
4067 1.052029
4068 1.051935
4069 1.051841
4070 1.051747
4071 1.051654
4072 1.051560
4073 1.051468
4074 1.051375
4075 1.051283
4076 1.051191
4077 1.051099
4078 1.051007
4079 1.050916
4080 1.050825
4081 1.050735
4082 1.050644
4083 1.050554
4084 1.050464
4085 1.050375
4086 1.050285
4087 1.050196
4088 1.050107
4089 1.050019
4090 1.049930
4091 1.049842
4092 1.049754
4093 1.049667
4094 1.049579
4095 1.049492
4096 1.049406
4097 1.049319
4098 1.049233
4099 1.049146
4100 1.049061
4101 1.048975
4102 1.048890
4103 1.048805
4104 1.048720
4105 1.048635
4106 1.048551
4107 1.048466
4108 1.048382
4109 1.048299
4110 1.048215
4111 1.048132
4112 1.048049
4113 1.047966
4114 1.047884
4115 1.047801
4116 1.047719
4117 1.047637
4118 1.047556
4119 1.047474
4120 1.047393
4121 1.047312
4122 1.047231
4123 1.047151
4124 1.047070
4125 1.046990
4126 1.046910
4127 1.046830
4128 1.046751
4129 1.046672
4130 1.046593
4131 1.046514
4132 1.046435
4133 1.046357
4134 1.046279
4135 1.046201
4136 1.046123
4137 1.046045
4138 1.045968
4139 1.045891
4140 1.045814
4141 1.045737
4142 1.045660
4143 1.045584
4144 1.045508
4145 1.045432
4146 1.045356
4147 1.045280
4148 1.045205
4149 1.045130
4150 1.045055
4151 1.044980
4152 1.044905
4153 1.044831
4154 1.044757
4155 1.044683
4156 1.044609
4157 1.044535
4158 1.044462
4159 1.044388
4160 1.044315
4161 1.044242
4162 1.044170
4163 1.044097
4164 1.044025
4165 1.043952
4166 1.043880
4167 1.043809
4168 1.043737
4169 1.043665
4170 1.043594
4171 1.043523
4172 1.043452
4173 1.043381
4174 1.043311
4175 1.043240
4176 1.043170
4177 1.043100
4178 1.043030
4179 1.042961
4180 1.042891
4181 1.042822
4182 1.042753
4183 1.042684
4184 1.042615
4185 1.042546
4186 1.042477
4187 1.042409
4188 1.042341
4189 1.042273
4190 1.042205
4191 1.042137
4192 1.042070
4193 1.042002
4194 1.041935
4195 1.041868
4196 1.041801
4197 1.041735
4198 1.041668
4199 1.041602
4200 1.041535
4201 1.041469
4202 1.041403
4203 1.041338
4204 1.041272
4205 1.041207
4206 1.041141
4207 1.041076
4208 1.041011
4209 1.040946
4210 1.040882
4211 1.040817
4212 1.040753
4213 1.040688
4214 1.040624
4215 1.040560
4216 1.040497
4217 1.040433
4218 1.040369
4219 1.040306
4220 1.040243
4221 1.040180
4222 1.040117
4223 1.040054
4224 1.039992
4225 1.039929
4226 1.039867
4227 1.039805
4228 1.039743
4229 1.039681
4230 1.039619
4231 1.039557
4232 1.039496
4233 1.039434
4234 1.039373
4235 1.039312
4236 1.039251
4237 1.039190
4238 1.039130
4239 1.039069
4240 1.039009
4241 1.038949
4242 1.038889
4243 1.038829
4244 1.038769
4245 1.038709
4246 1.038649
4247 1.038590
4248 1.038531
4249 1.038472
4250 1.038413
4251 1.038354
4252 1.038295
4253 1.038236
4254 1.038178
4255 1.038119
4256 1.038061
4257 1.038003
4258 1.037945
4259 1.037887
4260 1.037829
4261 1.037772
4262 1.037714
4263 1.037657
4264 1.037599
4265 1.037542
4266 1.037485
4267 1.037428
4268 1.037372
4269 1.037315
4270 1.037258
4271 1.037202
4272 1.037146
4273 1.037090
4274 1.037034
4275 1.036978
4276 1.036922
4277 1.036866
4278 1.036811
4279 1.036755
4280 1.036700
4281 1.036645
4282 1.036589
4283 1.036535
4284 1.036480
4285 1.036425
4286 1.036370
4287 1.036316
4288 1.036261
4289 1.036207
4290 1.036153
4291 1.036099
4292 1.036045
4293 1.035991
4294 1.035937
4295 1.035884
4296 1.035830
4297 1.035777
4298 1.035724
4299 1.035670
4300 1.035617
4301 1.035564
4302 1.035512
4303 1.035459
4304 1.035406
4305 1.035354
4306 1.035301
4307 1.035249
4308 1.035197
4309 1.035145
4310 1.035093
4311 1.035041
4312 1.034989
4313 1.034937
4314 1.034886
4315 1.034834
4316 1.034783
4317 1.034732
4318 1.034681
4319 1.034630
4320 1.034579
4321 1.034528
4322 1.034477
4323 1.034427
4324 1.034376
4325 1.034326
4326 1.034275
4327 1.034225
4328 1.034175
4329 1.034125
4330 1.034075
4331 1.034025
4332 1.033975
4333 1.033926
4334 1.033876
4335 1.033827
4336 1.033778
4337 1.033728
4338 1.033679
4339 1.033630
4340 1.033581
4341 1.033532
4342 1.033484
4343 1.033435
4344 1.033386
4345 1.033338
4346 1.033289
4347 1.033241
4348 1.033193
4349 1.033145
4350 1.033097
4351 1.033049
4352 1.033001
4353 1.032953
4354 1.032906
4355 1.032858
4356 1.032811
4357 1.032763
4358 1.032716
4359 1.032669
4360 1.032622
4361 1.032575
4362 1.032528
4363 1.032481
4364 1.032434
4365 1.032388
4366 1.032341
4367 1.032295
4368 1.032248
4369 1.032202
4370 1.032156
4371 1.032110
4372 1.032064
4373 1.032018
4374 1.031972
4375 1.031926
4376 1.031881
4377 1.031835
4378 1.031789
4379 1.031744
4380 1.031699
4381 1.031653
4382 1.031608
4383 1.031563
4384 1.031518
4385 1.031473
4386 1.031428
4387 1.031384
4388 1.031339
4389 1.031294
4390 1.031250
4391 1.031205
4392 1.031161
4393 1.031117
4394 1.031073
4395 1.031028
4396 1.030984
4397 1.030941
4398 1.030897
4399 1.030853
4400 1.030809
4401 1.030766
4402 1.030722
4403 1.030679
4404 1.030635
4405 1.030592
4406 1.030549
4407 1.030505
4408 1.030462
4409 1.030419
4410 1.030376
4411 1.030334
4412 1.030291
4413 1.030248
4414 1.030206
4415 1.030163
4416 1.030121
4417 1.030078
4418 1.030036
4419 1.029994
4420 1.029951
4421 1.029909
4422 1.029867
4423 1.029825
4424 1.029784
4425 1.029742
4426 1.029700
4427 1.029658
4428 1.029617
4429 1.029575
4430 1.029534
4431 1.029493
4432 1.029451
4433 1.029410
4434 1.029369
4435 1.029328
4436 1.029287
4437 1.029246
4438 1.029205
4439 1.029164
4440 1.029124
4441 1.029083
4442 1.029043
4443 1.029002
4444 1.028962
4445 1.028921
4446 1.028881
4447 1.028841
4448 1.028801
4449 1.028761
4450 1.028721
4451 1.028681
4452 1.028641
4453 1.028601
4454 1.028561
4455 1.028522
4456 1.028482
4457 1.028443
4458 1.028403
4459 1.028364
4460 1.028324
4461 1.028285
4462 1.028246
4463 1.028207
4464 1.028168
4465 1.028129
4466 1.028090
4467 1.028051
4468 1.028012
4469 1.027973
4470 1.027935
4471 1.027896
4472 1.027858
4473 1.027819
4474 1.027781
4475 1.027742
4476 1.027704
4477 1.027666
4478 1.027628
4479 1.027590
4480 1.027552
4481 1.027514
4482 1.027476
4483 1.027438
4484 1.027400
4485 1.027362
4486 1.027325
4487 1.027287
4488 1.027250
4489 1.027212
4490 1.027175
4491 1.027137
4492 1.027100
4493 1.027063
4494 1.027026
4495 1.026989
4496 1.026952
4497 1.026915
4498 1.026878
4499 1.026841
4500 1.026804
4501 1.026767
4502 1.026731
4503 1.026694
4504 1.026657
4505 1.026621
4506 1.026585
4507 1.026548
4508 1.026512
4509 1.026476
4510 1.026439
4511 1.026403
4512 1.026367
4513 1.026331
4514 1.026295
4515 1.026259
4516 1.026223
4517 1.026187
4518 1.026152
4519 1.026116
4520 1.026080
4521 1.026045
4522 1.026009
4523 1.025974
4524 1.025938
4525 1.025903
4526 1.025868
4527 1.025833
4528 1.025797
4529 1.025762
4530 1.025727
4531 1.025692
4532 1.025657
4533 1.025622
4534 1.025587
4535 1.025553
4536 1.025518
4537 1.025483
4538 1.025449
4539 1.025414
4540 1.025379
4541 1.025345
4542 1.025311
4543 1.025276
4544 1.025242
4545 1.025208
4546 1.025173
4547 1.025139
4548 1.025105
4549 1.025071
4550 1.025037
4551 1.025003
4552 1.024969
4553 1.024935
4554 1.024902
4555 1.024868
4556 1.024834
4557 1.024801
4558 1.024767
4559 1.024733
4560 1.024700
4561 1.024667
4562 1.024633
4563 1.024600
4564 1.024567
4565 1.024533
4566 1.024500
4567 1.024467
4568 1.024434
4569 1.024401
4570 1.024368
4571 1.024335
4572 1.024302
4573 1.024269
4574 1.024237
4575 1.024204
4576 1.024171
4577 1.024139
4578 1.024106
4579 1.024073
4580 1.024041
4581 1.024009
4582 1.023976
4583 1.023944
4584 1.023911
4585 1.023879
4586 1.023847
4587 1.023815
4588 1.023783
4589 1.023751
4590 1.023719
4591 1.023687
4592 1.023655
4593 1.023623
4594 1.023591
4595 1.023559
4596 1.023528
4597 1.023496
4598 1.023464
4599 1.023433
4600 1.023401
4601 1.023370
4602 1.023338
4603 1.023307
4604 1.023276
4605 1.023244
4606 1.023213
4607 1.023182
4608 1.023151
4609 1.023120
4610 1.023088
4611 1.023057
4612 1.023026
4613 1.022995
4614 1.022965
4615 1.022934
4616 1.022903
4617 1.022872
4618 1.022841
4619 1.022811
4620 1.022780
4621 1.022750
4622 1.022719
4623 1.022688
4624 1.022658
4625 1.022628
4626 1.022597
4627 1.022567
4628 1.022537
4629 1.022506
4630 1.022476
4631 1.022446
4632 1.022416
4633 1.022386
4634 1.022356
4635 1.022326
4636 1.022296
4637 1.022266
4638 1.022236
4639 1.022206
4640 1.022177
4641 1.022147
4642 1.022117
4643 1.022088
4644 1.022058
4645 1.022028
4646 1.021999
4647 1.021969
4648 1.021940
4649 1.021910
4650 1.021881
4651 1.021852
4652 1.021823
4653 1.021793
4654 1.021764
4655 1.021735
4656 1.021706
4657 1.021677
4658 1.021648
4659 1.021619
4660 1.021590
4661 1.021561
4662 1.021532
4663 1.021503
4664 1.021474
4665 1.021446
4666 1.021417
4667 1.021388
4668 1.021360
4669 1.021331
4670 1.021302
4671 1.021274
4672 1.021245
4673 1.021217
4674 1.021189
4675 1.021160
4676 1.021132
4677 1.021104
4678 1.021075
4679 1.021047
4680 1.021019
4681 1.020991
4682 1.020963
4683 1.020935
4684 1.020907
4685 1.020879
4686 1.020851
4687 1.020823
4688 1.020795
4689 1.020767
4690 1.020739
4691 1.020712
4692 1.020684
4693 1.020656
4694 1.020629
4695 1.020601
4696 1.020573
4697 1.020546
4698 1.020518
4699 1.020491
4700 1.020464
4701 1.020436
4702 1.020409
4703 1.020382
4704 1.020354
4705 1.020327
4706 1.020300
4707 1.020273
4708 1.020246
4709 1.020218
4710 1.020191
4711 1.020164
4712 1.020137
4713 1.020110
4714 1.020083
4715 1.020057
4716 1.020030
4717 1.020003
4718 1.019976
4719 1.019949
4720 1.019923
4721 1.019896
4722 1.019869
4723 1.019843
4724 1.019816
4725 1.019790
4726 1.019763
4727 1.019737
4728 1.019710
4729 1.019684
4730 1.019658
4731 1.019631
4732 1.019605
4733 1.019579
4734 1.019552
4735 1.019526
4736 1.019500
4737 1.019474
4738 1.019448
4739 1.019422
4740 1.019396
4741 1.019370
4742 1.019344
4743 1.019318
4744 1.019292
4745 1.019266
4746 1.019240
4747 1.019215
4748 1.019189
4749 1.019163
4750 1.019138
4751 1.019112
4752 1.019086
4753 1.019061
4754 1.019035
4755 1.019010
4756 1.018984
4757 1.018959
4758 1.018933
4759 1.018908
4760 1.018882
4761 1.018857
4762 1.018832
4763 1.018807
4764 1.018781
4765 1.018756
4766 1.018731
4767 1.018706
4768 1.018681
4769 1.018656
4770 1.018631
4771 1.018606
4772 1.018581
4773 1.018556
4774 1.018531
4775 1.018506
4776 1.018481
4777 1.018456
4778 1.018431
4779 1.018407
4780 1.018382
4781 1.018357
4782 1.018332
4783 1.018308
4784 1.018283
4785 1.018259
4786 1.018234
4787 1.018210
4788 1.018185
4789 1.018161
4790 1.018136
4791 1.018112
4792 1.018087
4793 1.018063
4794 1.018039
4795 1.018014
4796 1.017990
4797 1.017966
4798 1.017942
4799 1.017918
4800 1.017893
4801 1.017869
4802 1.017845
4803 1.017821
4804 1.017797
4805 1.017773
4806 1.017749
4807 1.017725
4808 1.017701
4809 1.017678
4810 1.017654
4811 1.017630
4812 1.017606
4813 1.017582
4814 1.017559
4815 1.017535
4816 1.017511
4817 1.017488
4818 1.017464
4819 1.017441
4820 1.017417
4821 1.017393
4822 1.017370
4823 1.017346
4824 1.017323
4825 1.017300
4826 1.017276
4827 1.017253
4828 1.017230
4829 1.017206
4830 1.017183
4831 1.017160
4832 1.017137
4833 1.017113
4834 1.017090
4835 1.017067
4836 1.017044
4837 1.017021
4838 1.016998
4839 1.016975
4840 1.016952
4841 1.016929
4842 1.016906
4843 1.016883
4844 1.016860
4845 1.016837
4846 1.016814
4847 1.016792
4848 1.016769
4849 1.016746
4850 1.016723
4851 1.016701
4852 1.016678
4853 1.016655
4854 1.016633
4855 1.016610
4856 1.016588
4857 1.016565
4858 1.016542
4859 1.016520
4860 1.016498
4861 1.016475
4862 1.016453
4863 1.016430
4864 1.016408
4865 1.016386
4866 1.016363
4867 1.016341
4868 1.016319
4869 1.016297
4870 1.016274
4871 1.016252
4872 1.016230
4873 1.016208
4874 1.016186
4875 1.016164
4876 1.016142
4877 1.016120
4878 1.016098
4879 1.016076
4880 1.016054
4881 1.016032
4882 1.016010
4883 1.015988
4884 1.015966
4885 1.015944
4886 1.015923
4887 1.015901
4888 1.015879
4889 1.015857
4890 1.015836
4891 1.015814
4892 1.015792
4893 1.015771
4894 1.015749
4895 1.015727
4896 1.015706
4897 1.015684
4898 1.015663
4899 1.015641
4900 1.015620
4901 1.015599
4902 1.015577
4903 1.015556
4904 1.015534
4905 1.015513
4906 1.015492
4907 1.015470
4908 1.015449
4909 1.015428
4910 1.015407
4911 1.015386
4912 1.015364
4913 1.015343
4914 1.015322
4915 1.015301
4916 1.015280
4917 1.015259
4918 1.015238
4919 1.015217
4920 1.015196
4921 1.015175
4922 1.015154
4923 1.015133
4924 1.015112
4925 1.015091
4926 1.015071
4927 1.015050
4928 1.015029
4929 1.015008
4930 1.014987
4931 1.014967
4932 1.014946
4933 1.014925
4934 1.014905
4935 1.014884
4936 1.014863
4937 1.014843
4938 1.014822
4939 1.014802
4940 1.014781
4941 1.014761
4942 1.014740
4943 1.014720
4944 1.014699
4945 1.014679
4946 1.014659
4947 1.014638
4948 1.014618
4949 1.014598
4950 1.014577
4951 1.014557
4952 1.014537
4953 1.014517
4954 1.014496
4955 1.014476
4956 1.014456
4957 1.014436
4958 1.014416
4959 1.014396
4960 1.014376
4961 1.014355
4962 1.014335
4963 1.014315
4964 1.014295
4965 1.014275
4966 1.014256
4967 1.014236
4968 1.014216
4969 1.014196
4970 1.014176
4971 1.014156
4972 1.014136
4973 1.014117
4974 1.014097
4975 1.014077
4976 1.014057
4977 1.014038
4978 1.014018
4979 1.013998
4980 1.013979
4981 1.013959
4982 1.013939
4983 1.013920
4984 1.013900
4985 1.013881
4986 1.013861
4987 1.013842
4988 1.013822
4989 1.013803
4990 1.013783
4991 1.013764
4992 1.013744
4993 1.013725
4994 1.013706
4995 1.013686
4996 1.013667
4997 1.013648
4998 1.013628
4999 1.013609
