0 40.529631
1 42.319340
2 43.222848
3 43.620417
4 43.939257
5 44.228079
6 44.467973
7 44.630795
8 44.682727
9 44.418783
10 43.457071
11 42.041481
12 40.269138
13 37.993987
14 35.549913
15 33.123027
16 30.816795
17 28.740308
18 26.866630
19 25.119688
20 23.449789
21 21.836700
22 20.275675
23 18.761493
24 17.298827
25 15.914144
26 14.642528
27 13.506179
28 12.506120
29 11.627624
30 10.848912
31 10.148218
32 9.507753
33 8.915029
34 8.362255
35 7.844496
36 7.358302
37 6.900164
38 6.467098
39 6.058835
40 5.676978
41 5.322963
42 4.997536
43 4.699866
44 4.426806
45 4.174829
46 3.941923
47 3.727365
48 3.530708
49 3.351165
50 3.187526
51 3.038374
52 2.902332
53 2.778202
54 2.664984
55 2.561842
56 2.468041
57 2.382906
58 2.305782
59 2.236019
60 2.172967
61 2.115974
62 2.064401
63 2.017632
64 1.975084
65 1.936225
66 1.900573
67 1.867704
68 1.837250
69 1.808893
70 1.782366
71 1.757442
72 1.733932
73 1.711676
74 1.690542
75 1.670419
76 1.651215
77 1.632853
78 1.615269
79 1.598408
80 1.582225
81 1.566679
82 1.551738
83 1.537372
84 1.523553
85 1.510259
86 1.497467
87 1.485157
88 1.473308
89 1.461904
90 1.450925
91 1.440354
92 1.430174
93 1.420368
94 1.410921
95 1.401815
96 1.393036
97 1.384569
98 1.376398
99 1.368510
100 1.360891
101 1.353528
102 1.346409
103 1.339523
104 1.332858
105 1.326404
106 1.320152
107 1.314093
108 1.308218
109 1.302521
110 1.296995
111 1.291633
112 1.286429
113 1.281380
114 1.276480
115 1.271726
116 1.267112
117 1.262637
118 1.258296
119 1.254087
120 1.250006
121 1.246050
122 1.242216
123 1.238500
124 1.234900
125 1.231410
126 1.228028
127 1.224748
128 1.221565
129 1.218474
130 1.215470
131 1.212545
132 1.209694
133 1.206909
134 1.204184
135 1.201509
136 1.198878
137 1.196281
138 1.193710
139 1.191157
140 1.188613
141 1.186068
142 1.183514
143 1.180942
144 1.178342
145 1.175707
146 1.173027
147 1.170294
148 1.167501
149 1.164640
150 1.161705
151 1.158689
152 1.155587
153 1.152394
154 1.149106
155 1.145721
156 1.142236
157 1.138651
158 1.134965
159 1.131182
160 1.127302
161 1.123331
162 1.119272
163 1.115132
164 1.110917
165 1.106636
166 1.102298
167 1.097911
168 1.093487
169 1.089037
170 1.084571
171 1.080102
172 1.075641
173 1.071201
174 1.066793
175 1.062430
176 1.058122
177 1.053881
178 1.049718
179 1.045642
180 1.041663
181 1.037789
182 1.034028
183 1.030388
184 1.026873
185 1.023491
186 1.020244
187 1.017136
188 1.014171
189 1.011351
190 1.008677
191 1.006150
192 1.003771
193 1.001540
194 0.999457
195 0.997520
196 0.995729
197 0.994083
198 0.992579
199 0.991217
200 0.989994
201 0.988910
202 0.987960
203 0.987145
204 0.986461
205 0.985907
206 0.985480
207 0.985179
208 0.985000
209 0.984942
210 0.985002
211 0.985179
212 0.985470
213 0.985872
214 0.986384
215 0.987004
216 0.987728
217 0.988555
218 0.989483
219 0.990508
220 0.991630
221 0.992844
222 0.994151
223 0.995545
224 0.997027
225 0.998592
226 1.000239
227 1.001966
228 1.003770
229 1.005648
230 1.007598
231 1.009619
232 1.011706
233 1.013859
234 1.016073
235 1.018348
236 1.020680
237 1.023066
238 1.025505
239 1.027993
240 1.030528
241 1.033108
242 1.035729
243 1.038390
244 1.041087
245 1.043817
246 1.046580
247 1.049371
248 1.052189
249 1.055031
250 1.057896
251 1.060780
252 1.063683
253 1.066602
254 1.069536
255 1.072484
256 1.075444
257 1.078417
258 1.081401
259 1.084397
260 1.087404
261 1.090424
262 1.093457
263 1.096506
264 1.099571
265 1.102657
266 1.105764
267 1.108899
268 1.112064
269 1.115264
270 1.118506
271 1.121796
272 1.125141
273 1.128551
274 1.132034
275 1.135603
276 1.139269
277 1.143047
278 1.146954
279 1.151010
280 1.155235
281 1.159656
282 1.164303
283 1.169210
284 1.174418
285 1.179976
286 1.185937
287 1.192368
288 1.199343
289 1.206948
290 1.215281
291 1.224453
292 1.234598
293 1.245883
294 1.258540
295 1.272904
296 1.289486
297 1.309106
298 1.333118
299 1.363561
300 1.402456
301 1.449641
302 1.501090
303 1.550369
304 1.593898
305 1.632661
306 1.665817
307 1.692493
308 1.713948
309 1.731759
310 1.746963
311 1.760183
312 1.771834
313 1.782232
314 1.791621
315 1.800195
316 1.808100
317 1.815448
318 1.822325
319 1.828799
320 1.834923
321 1.840739
322 1.846284
323 1.851587
324 1.856674
325 1.861566
326 1.866280
327 1.870833
328 1.875237
329 1.879502
330 1.883637
331 1.887650
332 1.891545
333 1.895328
334 1.899000
335 1.902564
336 1.906022
337 1.909374
338 1.912619
339 1.915757
340 1.918787
341 1.921708
342 1.924518
343 1.927217
344 1.929803
345 1.932276
346 1.934635
347 1.936881
348 1.939014
349 1.941036
350 1.942949
351 1.944756
352 1.946460
353 1.948066
354 1.949578
355 1.951002
356 1.952343
357 1.953607
358 1.954797
359 1.955917
360 1.956970
361 1.957955
362 1.958870
363 1.959707
364 1.960456
365 1.961100
366 1.961616
367 1.961972
368 1.962132
369 1.962047
370 1.961664
371 1.960921
372 1.959753
373 1.958098
374 1.955901
375 1.953129
376 1.949784
377 1.945913
378 1.941616
379 1.937042
380 1.932372
381 1.927792
382 1.923452
383 1.919435
384 1.915746
385 1.912347
386 1.909176
387 1.906170
388 1.903264
389 1.900394
390 1.897491
391 1.894482
392 1.891282
393 1.887792
394 1.883900
395 1.879494
396 1.874507
397 1.869027
398 1.863470
399 1.858643
400 1.855354
401 1.853720
402 1.853125
403 1.852814
404 1.852269
405 1.851235
406 1.849675
407 1.847736
408 1.845670
409 1.843709
410 1.841946
411 1.840330
412 1.838765
413 1.837192
414 1.835600
415 1.833997
416 1.832393
417 1.830789
418 1.829185
419 1.827582
420 1.825977
421 1.824371
422 1.822761
423 1.821144
424 1.819519
425 1.817880
426 1.816223
427 1.814540
428 1.812824
429 1.811062
430 1.809238
431 1.807333
432 1.805315
433 1.803148
434 1.800761
435 1.798079
436 1.794900
437 1.791005
438 1.785612
439 1.777021
440 1.757721
441 1.685971
442 1.533298
443 1.807742
444 1.781468
445 1.830553
446 1.682979
447 1.530662
448 1.790151
449 1.851992
450 1.802689
451 1.799044
452 1.793080
453 1.784929
454 1.762099
455 1.664452
456 1.538274
457 1.612165
458 1.519902
459 1.756676
460 1.840656
461 1.847353
462 1.784611
463 1.810174
464 1.702155
465 1.560492
466 1.540934
467 1.538363
468 1.529174
469 1.545901
470 1.516785
471 1.606234
472 1.506603
473 1.677060
474 1.693711
475 1.392538
476 1.524742
477 1.562377
478 1.507044
479 1.613916
480 1.511386
481 1.559424
482 1.500515
483 1.584373
484 1.518885
485 1.534035
486 1.523791
487 1.533027
488 1.532019
489 1.532408
490 1.530337
491 1.526069
492 1.519625
493 1.511034
494 1.500253
495 1.487086
496 1.471200
497 1.452116
498 1.428787
499 1.398022
500 1.350528
501 1.276643
502 1.351683
503 1.401413
504 1.349224
505 1.283199
506 1.315426
507 1.371301
508 1.302107
509 1.303132
510 1.340000
511 1.288652
512 1.291703
513 1.295239
514 1.297372
515 1.305314
516 1.302927
517 1.314814
518 1.306984
519 1.317494
520 1.311167
521 1.319285
522 1.316033
523 1.321076
524 1.321798
525 1.322474
526 1.328173
527 1.323214
528 1.333854
529 1.323920
530 1.337383
531 1.326249
532 1.339167
533 1.332084
534 1.341664
535 1.341832
536 1.347894
537 1.352426
538 1.357264
539 1.361755
540 1.365878
541 1.369779
542 1.373588
543 1.377406
544 1.381360
545 1.385676
546 1.390932
547 1.399563
548 1.444644
549 1.520126
550 1.642705
551 1.397423
552 1.404389
553 1.415193
554 1.520953
555 1.642216
556 1.674913
557 1.432529
558 1.427918
559 1.428904
560 1.432793
561 1.443072
562 1.716912
563 1.708199
564 1.642831
565 1.619868
566 1.786281
567 1.558441
568 1.805217
569 1.592773
570 1.995648
571 1.669459
572 1.933580
573 1.715377
574 1.876226
575 1.983517
576 1.777531
577 1.788037
578 1.941292
579 1.889628
580 1.857789
581 1.900064
582 1.810734
583 1.832805
584 1.901364
585 1.888569
586 1.922641
587 1.971434
588 2.074545
589 2.163274
590 2.150637
591 2.152748
592 2.152984
593 2.151687
594 2.149050
595 2.146346
596 2.146176
597 2.148682
598 2.151258
599 2.154515
600 2.158015
601 2.162974
602 2.170711
603 2.188591
604 2.222482
605 2.241751
606 2.248545
607 2.253019
608 2.255410
609 2.255613
610 2.253600
611 2.249375
612 2.242890
613 2.233951
614 2.223534
615 2.217641
616 2.213811
617 2.207244
618 2.201600
619 2.184992
620 2.113438
621 2.099949
622 2.280553
623 2.071110
624 2.277319
625 2.084132
626 2.234070
627 2.129196
628 2.223504
629 2.127220
630 2.195299
631 2.153142
632 2.167665
633 2.152128
634 2.146744
635 2.138980
636 2.132640
637 2.127531
638 2.123896
639 2.121774
640 2.121455
641 2.126690
642 2.182861
643 1.813153
644 2.177817
645 1.910915
646 1.993286
647 2.083821
648 2.222785
649 2.224257
650 2.230622
651 2.223513
652 2.221546
653 2.220312
654 2.219734
655 2.219103
656 2.219632
657 2.218281
658 2.222886
659 2.216135
660 2.238583
661 2.215989
662 2.242340
663 2.219918
664 2.226095
665 2.220672
666 2.237352
667 2.225014
668 2.234948
669 2.231913
670 2.235920
671 2.237977
672 2.239866
673 2.241114
674 2.241913
675 2.242608
676 2.244435
677 2.244982
678 2.227697
679 2.245469
680 2.246540
681 2.247300
682 2.247082
683 2.247528
684 2.245802
685 2.233614
686 2.246156
687 2.247694
688 2.248171
689 2.248695
690 2.248993
691 2.249258
692 2.249445
693 2.249599
694 2.249693
695 2.249744
696 2.249727
697 2.249651
698 2.249490
699 2.249243
700 2.248885
701 2.248403
702 2.247771
703 2.246962
704 2.245943
705 2.244671
706 2.243095
707 2.241153
708 2.238799
709 2.236162
710 2.234113
711 2.234603
712 2.238244
713 2.243840
714 2.247668
715 2.246170
716 2.240137
717 2.225958
718 2.204091
719 2.246134
720 2.238385
721 2.219994
722 2.213610
723 2.230485
724 2.208775
725 2.235015
726 2.216178
727 2.221177
728 2.211778
729 2.224537
730 2.204284
731 2.223662
732 2.201252
733 2.218338
734 2.204331
735 2.211635
736 2.204384
737 2.202392
738 2.197268
739 2.190803
740 2.183163
741 2.179531
742 2.184521
743 2.182524
744 2.182893
745 2.181978
746 2.181629
747 2.181466
748 2.183046
749 2.203664
750 1.805914
751 2.206318
752 2.198335
753 2.194882
754 2.215375
755 1.818451
756 2.247122
757 1.919613
758 1.940374
759 2.255512
760 1.976368
761 2.106047
762 2.385419
763 2.020502
764 2.374332
765 2.042048
766 2.167429
767 2.387931
768 2.233573
769 2.285007
770 2.280528
771 2.283534
772 2.306358
773 2.308742
774 2.308239
775 2.307322
776 2.305948
777 2.304179
778 2.302188
779 2.300280
780 2.298972
781 2.299048
782 2.301239
783 2.305030
784 2.308483
785 2.310538
786 2.310610
787 2.307711
788 2.300988
789 2.290290
790 2.276585
791 2.261781
792 2.247101
793 2.231534
794 2.213315
795 2.190099
796 2.082082
797 2.204497
798 2.179365
799 2.023562
800 2.245084
801 2.217067
802 2.187995
803 2.054012
804 2.234877
805 2.205981
806 2.091084
807 2.207221
808 2.094791
809 2.148823
810 1.989029
811 2.319087
812 2.286021
813 2.250519
814 2.223091
815 2.140370
816 2.001034
817 2.304963
818 2.270839
819 2.243383
820 2.200452
821 1.978938
822 2.325502
823 2.295515
824 2.266749
825 2.231584
826 2.075549
827 2.298885
828 2.268420
829 2.200608
830 1.997846
831 2.352998
832 2.332283
833 2.303318
834 2.256887
835 2.098014
836 2.331232
837 2.292820
838 2.177996
839 2.057371
840 2.363433
841 2.340968
842 2.293790
843 2.188530
844 2.291535
845 2.150674
846 2.344722
847 2.269990
848 2.051118
849 2.372641
850 2.340113
851 2.216746
852 2.211044
853 2.210802
854 2.114521
855 2.381125
856 2.358083
857 2.268998
858 2.224494
859 2.343520
860 2.231891
861 2.237072
862 2.326118
863 2.244303
864 2.247484
865 2.335152
866 2.309490
867 2.373528
868 2.414358
869 2.422409
870 2.419532
871 2.419724
872 2.421964
873 2.425981
874 2.431539
875 2.438204
876 2.445465
877 2.453033
878 2.460754
879 2.468373
880 2.475577
881 2.482157
882 2.488019
883 2.493107
884 2.497401
885 2.500924
886 2.503715
887 2.505812
888 2.507264
889 2.508106
890 2.508205
891 2.507293
892 2.505567
893 2.503374
894 2.500773
895 2.497752
896 2.494182
897 2.489781
898 2.484778
899 2.480296
900 2.476248
901 2.471636
902 2.466062
903 2.459457
904 2.451744
905 2.442856
906 2.432843
907 2.421914
908 2.410146
909 2.396438
910 2.376656
911 2.353754
912 2.356669
913 2.341156
914 2.346258
915 2.336431
916 2.313119
917 2.252061
918 2.230416
919 2.290107
920 2.185119
921 2.243548
922 2.275592
923 2.174693
924 2.261720
925 2.196678
926 2.185784
927 2.199234
928 2.180928
929 2.234169
930 2.249489
931 2.256344
932 2.243710
933 2.237187
934 2.208774
935 2.154172
936 2.209008
937 2.147169
938 2.196595
939 2.139648
940 2.191676
941 2.151478
942 2.190506
943 2.165940
944 2.193536
945 2.151529
946 2.190634
947 2.191607
948 2.192805
949 2.193456
950 2.195920
951 2.187389
952 2.230399
953 2.187116
954 2.243060
955 2.201043
956 2.204029
957 2.202232
958 2.260327
959 2.238142
960 2.213029
961 2.213756
962 2.225426
963 2.239793
964 2.262539
965 2.292022
966 2.304465
967 2.297105
968 2.306373
969 2.303379
970 2.309863
971 2.313163
972 2.321531
973 2.333435
974 2.349429
975 2.382262
976 2.408732
977 2.368133
978 2.396709
979 2.379964
980 2.405838
981 2.386651
982 2.397243
983 2.388948
984 2.390468
985 2.390607
986 2.392391
987 2.397122
988 2.408994
989 2.420648
990 2.417946
991 2.424518
992 2.421150
993 2.431311
994 2.418828
995 2.450414
996 2.399612
997 2.471521
998 2.402334
999 2.474744
1000 2.397028
1001 2.478478
1002 2.397530
1003 2.469688
1004 2.418742
1005 2.470297
1006 2.460835
1007 2.395800
1008 2.471599
1009 2.430156
1010 2.471789
1011 2.481059
1012 2.394187
1013 2.419260
1014 2.493309
1015 2.425359
1016 2.508654
1017 2.394477
1018 2.398799
1019 2.510341
1020 2.396559
1021 2.484300
1022 2.426422
1023 2.464275
1024 1.742975
1025 1.697050
1026 1.732852
1027 2.113653
1028 1.942160
1029 2.383623
1030 2.383391
1031 2.461213
1032 2.436029
1033 2.395807
1034 2.340401
1035 2.320700
1036 2.326455
1037 2.338427
1038 2.342831
1039 2.354325
1040 2.361192
1041 2.372067
1042 2.392257
1043 2.406321
1044 2.415468
1045 2.412889
1046 2.502955
1047 2.500719
1048 2.474496
1049 2.508743
1050 2.404928
1051 2.530659
1052 2.411206
1053 2.522517
1054 2.413521
1055 2.547223
1056 2.412597
1057 2.510098
1058 2.493948
1059 2.504853
1060 2.522465
1061 2.414437
1062 2.546047
1063 2.397831
1064 2.444489
1065 2.516191
1066 2.544020
1067 2.411592
1068 2.423284
1069 2.525559
1070 3.996985
1071 1.746192
1072 1.590758
1073 1.622086
1074 1.678898
1075 1.878409
1076 2.572948
1077 2.645407
1078 2.428721
1079 2.417641
1080 2.411183
1081 2.418122
1082 2.424037
1083 2.412372
1084 2.425450
1085 2.416325
1086 2.457742
1087 2.536658
1088 2.415802
1089 2.434424
1090 2.583602
1091 2.393631
1092 2.446797
1093 2.734517
1094 2.454074
1095 4.055688
1096 1.637649
1097 1.775415
1098 2.446748
1099 2.504652
1100 2.426170
1101 2.456572
1102 2.542580
1103 2.556287
1104 2.572268
1105 2.415519
1106 2.428620
1107 2.403999
1108 2.468010
1109 2.427943
1110 2.015050
1111 1.676071
1112 2.215584
1113 2.528783
1114 2.481634
1115 2.468777
1116 2.460733
1117 2.456096
1118 2.451855
1119 2.439825
1120 2.423948
1121 2.441342
1122 1.560020
1123 1.535441
1124 2.131496
1125 1.995724
1126 1.608157
1127 2.678857
1128 2.662554
1129 2.557018
1130 2.424371
1131 2.657933
1132 2.497852
1133 2.997411
1134 1.745301
1135 3.027954
1136 2.780278
1137 2.426596
1138 2.446330
1139 3.018368
1140 1.733864
1141 4.077267
1142 1.644025
1143 2.600145
1144 2.516613
1145 2.491787
1146 1.594932
1147 2.941841
1148 1.635375
1149 4.158880
1150 1.950507
1151 4.464316
1152 1.811305
1153 2.535920
1154 3.633212
1155 1.924823
1156 3.471017
1157 3.290577
1158 3.577753
1159 3.212320
1160 2.905708
1161 3.670117
1162 3.519760
1163 3.348509
1164 3.252042
1165 3.313173
1166 3.383995
1167 3.395441
1168 3.381050
1169 3.364904
1170 3.353456
1171 3.346444
1172 3.341476
1173 3.337078
1174 3.332784
1175 3.328514
1176 3.324261
1177 3.320025
1178 3.315805
1179 3.311598
1180 3.307402
1181 3.303215
1182 3.299031
1183 3.294848
1184 3.290661
1185 3.286465
1186 3.282256
1187 3.278029
1188 3.273778
1189 3.269499
1190 3.265188
1191 3.260840
1192 3.256451
1193 3.252017
1194 3.247538
1195 3.243012
1196 3.238440
1197 3.233827
1198 3.229180
1199 3.224508
1200 3.219829
1201 3.215164
1202 3.210540
1203 3.205994
1204 3.201566
1205 3.197301
1206 3.193248
1207 3.189454
1208 3.185958
1209 3.182789
1210 3.179962
1211 3.177472
1212 3.175300
1213 3.173409
1214 3.171753
1215 3.170280
1216 3.168935
1217 3.167669
1218 3.166436
1219 3.165201
1220 3.163938
1221 3.162632
1222 3.161273
1223 3.159862
1224 3.158404
1225 3.156905
1226 3.155375
1227 3.153825
1228 3.152262
1229 3.150697
1230 3.149136
1231 3.147586
1232 3.146052
1233 3.144538
1234 3.143048
1235 3.141585
1236 3.140152
1237 3.138751
1238 3.137383
1239 3.136052
1240 3.134760
1241 3.133507
1242 3.132296
1243 3.131128
1244 3.130006
1245 3.128930
1246 3.127902
1247 3.126924
1248 3.125996
1249 3.125120
1250 3.124297
1251 3.123527
1252 3.122812
1253 3.122152
1254 3.121548
1255 3.120998
1256 3.120505
1257 3.120066
1258 3.119683
1259 3.119355
1260 3.119081
1261 3.118860
1262 3.118691
1263 3.118574
1264 3.118507
1265 3.118489
1266 3.118519
1267 3.118596
1268 3.118717
1269 3.118883
1270 3.119090
1271 3.119339
1272 3.119627
1273 3.119952
1274 3.120315
1275 3.120713
1276 3.121145
1277 3.121610
1278 3.122107
1279 3.122635
1280 3.123191
1281 3.123777
1282 3.124390
1283 3.125030
1284 3.125696
1285 3.126387
1286 3.127102
1287 3.127841
1288 3.128603
1289 3.129388
1290 3.130194
1291 3.131022
1292 3.131871
1293 3.132740
1294 3.133629
1295 3.134538
1296 3.135467
1297 3.136414
1298 3.137380
1299 3.138364
1300 3.139367
1301 3.140388
1302 3.141427
1303 3.142484
1304 3.143559
1305 3.144651
1306 3.145762
1307 3.146890
1308 3.148037
1309 3.149203
1310 3.150387
1311 3.151591
1312 3.152814
1313 3.154058
1314 3.155324
1315 3.156611
1316 3.157922
1317 3.159257
1318 3.160618
1319 3.162007
1320 3.163425
1321 3.164874
1322 3.166358
1323 3.167878
1324 3.169439
1325 3.171043
1326 3.172695
1327 3.174400
1328 3.176164
1329 3.177992
1330 3.179894
1331 3.181878
1332 3.183954
1333 3.186136
1334 3.188439
1335 3.190882
1336 3.193488
1337 3.196287
1338 3.199315
1339 3.202621
1340 3.206267
1341 3.210333
1342 3.214925
1343 3.220159
1344 3.226083
1345 3.232213
1346 3.234722
1347 3.209491
1348 3.100924
1349 3.080782
1350 3.023250
1351 3.017696
1352 2.982022
1353 2.976822
1354 2.955009
1355 2.946162
1356 2.931338
1357 2.920403
1358 2.908228
1359 2.896874
1360 2.885490
1361 2.874282
1362 2.863155
1363 2.852071
1364 2.840963
1365 2.829723
1366 2.818179
1367 2.806051
1368 2.792876
1369 2.777934
1370 2.760205
1371 2.741545
1372 2.738836
1373 2.736629
1374 2.734501
1375 2.732572
1376 2.730648
1377 2.728844
1378 2.727027
1379 2.725305
1380 2.723558
1381 2.721900
1382 2.720203
1383 2.718600
1384 2.716935
1385 2.715384
1386 2.713734
1387 2.712239
1388 2.710582
1389 2.709157
1390 2.707458
1391 2.706141
1392 2.704334
1393 2.703206
1394 2.701167
1395 2.700396
1396 2.697871
1397 2.697814
1398 2.694275
1399 2.695691
1400 2.690019
1401 2.694503
1402 2.684377
1403 2.695073
1404 2.676191
1405 2.697759
1406 2.665453
1407 2.698945
1408 2.656439
1409 2.694684
1410 2.650643
1411 2.688625
1412 2.646408
1413 2.682734
1414 2.643129
1415 2.677222
1416 2.640509
1417 2.672040
1418 2.638343
1419 2.667089
1420 2.636497
1421 2.662273
1422 2.634886
1423 2.657514
1424 2.633446
1425 2.652741
1426 2.632111
1427 2.647882
1428 2.630792
1429 2.642868
1430 2.629351
1431 2.637636
1432 2.627559
1433 2.632148
1434 2.625090
1435 2.626417
1436 2.621582
1437 2.620466
1438 2.616804
1439 2.614192
1440 2.610731
1441 2.607235
1442 2.603308
1443 2.598963
1444 2.594029
1445 2.588278
1446 2.581320
1447 2.572442
1448 2.560225
1449 2.541534
1450 2.509192
1451 2.455984
1452 2.405136
1453 2.373419
1454 2.347674
1455 2.326817
1456 2.308386
1457 2.291362
1458 2.275024
1459 2.259022
1460 2.243196
1461 2.227515
1462 2.212036
1463 2.196873
1464 2.182172
1465 2.168088
1466 2.154767
1467 2.142321
1468 2.130825
1469 2.120312
1470 2.110780
1471 2.102198
1472 2.094521
1473 2.087695
1474 2.081660
1475 2.076359
1476 2.071732
1477 2.067723
1478 2.064277
1479 2.061341
1480 2.058864
1481 2.056798
1482 2.055096
1483 2.053714
1484 2.052611
1485 2.051748
1486 2.051090
1487 2.050605
1488 2.050262
1489 2.050037
1490 2.049906
1491 2.049849
1492 2.049850
1493 2.049895
1494 2.049970
1495 2.050068
1496 2.050178
1497 2.050296
1498 2.050416
1499 2.050534
1500 2.050647
1501 2.050753
1502 2.050851
1503 2.050938
1504 2.051015
1505 2.051081
1506 2.051136
1507 2.051180
1508 2.051213
1509 2.051236
1510 2.051248
1511 2.051251
1512 2.051244
1513 2.051229
1514 2.051205
1515 2.051173
1516 2.051134
1517 2.051087
1518 2.051034
1519 2.050975
1520 2.050909
1521 2.050838
1522 2.050762
1523 2.050681
1524 2.050594
1525 2.050504
1526 2.050409
1527 2.050309
1528 2.050206
1529 2.050099
1530 2.049988
1531 2.049874
1532 2.049756
1533 2.049635
1534 2.049510
1535 2.049382
1536 2.049251
1537 2.049117
1538 2.048980
1539 2.048839
1540 2.048696
1541 2.048549
1542 2.048400
1543 2.048247
1544 2.048092
1545 2.047934
1546 2.047772
1547 2.047608
1548 2.047441
1549 2.047271
1550 2.047098
1551 2.046923
1552 2.046744
1553 2.046563
1554 2.046379
1555 2.046192
1556 2.046002
1557 2.045810
1558 2.045615
1559 2.045417
1560 2.045217
1561 2.045014
1562 2.044809
1563 2.044602
1564 2.044391
1565 2.044179
1566 2.043964
1567 2.043747
1568 2.043528
1569 2.043307
1570 2.043083
1571 2.042858
1572 2.042630
1573 2.042401
1574 2.042170
1575 2.041937
1576 2.041703
1577 2.041467
1578 2.041229
1579 2.040990
1580 2.040750
1581 2.040508
1582 2.040265
1583 2.040021
1584 2.039776
1585 2.039530
1586 2.039283
1587 2.039035
1588 2.038787
1589 2.038538
1590 2.038288
1591 2.038038
1592 2.037787
1593 2.037537
1594 2.037286
1595 2.037034
1596 2.036783
1597 2.036532
1598 2.036280
1599 2.036029
1600 2.035779
1601 2.035528
1602 2.035278
1603 2.035029
1604 2.034780
1605 2.034532
1606 2.034284
1607 2.034038
1608 2.033792
1609 2.033547
1610 2.033304
1611 2.033062
1612 2.032820
1613 2.032581
1614 2.032342
1615 2.032106
1616 2.031870
1617 2.031637
1618 2.031405
1619 2.031175
1620 2.030948
1621 2.030722
1622 2.030498
1623 2.030277
1624 2.030057
1625 2.029841
1626 2.029626
1627 2.029415
1628 2.029206
1629 2.029000
1630 2.028796
1631 2.028596
1632 2.028399
1633 2.028205
1634 2.028014
1635 2.027826
1636 2.027642
1637 2.027462
1638 2.027286
1639 2.027113
1640 2.026944
1641 2.026779
1642 2.026619
1643 2.026462
1644 2.026310
1645 2.026163
1646 2.026021
1647 2.025883
1648 2.025750
1649 2.025622
1650 2.025500
1651 2.025383
1652 2.025271
1653 2.025166
1654 2.025066
1655 2.024972
1656 2.024884
1657 2.024803
1658 2.024728
1659 2.024660
1660 2.024599
1661 2.024546
1662 2.024499
1663 2.024460
1664 2.024429
1665 2.024406
1666 2.024392
1667 2.024386
1668 2.024388
1669 2.024400
1670 2.024421
1671 2.024452
1672 2.024492
1673 2.024543
1674 2.024605
1675 2.024677
1676 2.024760
1677 2.024855
1678 2.024963
1679 2.025082
1680 2.025214
1681 2.025360
1682 2.025519
1683 2.025692
1684 2.025880
1685 2.026083
1686 2.026301
1687 2.026536
1688 2.026788
1689 2.027057
1690 2.027344
1691 2.027650
1692 2.027975
1693 2.028320
1694 2.028687
1695 2.029075
1696 2.029486
1697 2.029920
1698 2.030379
1699 2.030864
1700 2.031375
1701 2.031914
1702 2.032481
1703 2.033079
1704 2.033709
1705 2.034371
1706 2.035067
1707 2.035800
1708 2.036569
1709 2.037379
1710 2.038229
1711 2.039122
1712 2.040061
1713 2.041047
1714 2.042083
1715 2.043170
1716 2.044313
1717 2.045513
1718 2.046774
1719 2.048098
1720 2.049489
1721 2.050950
1722 2.052486
1723 2.054099
1724 2.055794
1725 2.057576
1726 2.059448
1727 2.061416
1728 2.063484
1729 2.065658
1730 2.067943
1731 2.070344
1732 2.072867
1733 2.075517
1734 2.078302
1735 2.081226
1736 2.084295
1737 2.087517
1738 2.090895
1739 2.094437
1740 2.098148
1741 2.102034
1742 2.106099
1743 2.110348
1744 2.114787
1745 2.119419
1746 2.124248
1747 2.129279
1748 2.134515
1749 2.139958
1750 2.145611
1751 2.151477
1752 2.157557
1753 2.163853
1754 2.170366
1755 2.177094
1756 2.184036
1757 2.191188
1758 2.198545
1759 2.206095
1760 2.213826
1761 2.221719
1762 2.229749
1763 2.237887
1764 2.246095
1765 2.254333
1766 2.262553
1767 2.270710
1768 2.278757
1769 2.286653
1770 2.294366
1771 2.301868
1772 2.309141
1773 2.316176
1774 2.322968
1775 2.329516
1776 2.335821
1777 2.341889
1778 2.347724
1779 2.353331
1780 2.358715
1781 2.363884
1782 2.368844
1783 2.373601
1784 2.378162
1785 2.382534
1786 2.386725
1787 2.390741
1788 2.394591
1789 2.398281
1790 2.401817
1791 2.405207
1792 2.408456
1793 2.411569
1794 2.414552
1795 2.417410
1796 2.420146
1797 2.422766
1798 2.425272
1799 2.427668
1800 2.429959
1801 2.432146
1802 2.434233
1803 2.436223
1804 2.438119
1805 2.439924
1806 2.441641
1807 2.443273
1808 2.444822
1809 2.446292
1810 2.447684
1811 2.449002
1812 2.450248
1813 2.451426
1814 2.452537
1815 2.453585
1816 2.454571
1817 2.455498
1818 2.456369
1819 2.457186
1820 2.457951
1821 2.458667
1822 2.459334
1823 2.459957
1824 2.460535
1825 2.461072
1826 2.461569
1827 2.462028
1828 2.462451
1829 2.462838
1830 2.463193
1831 2.463515
1832 2.463807
1833 2.464070
1834 2.464306
1835 2.464514
1836 2.464698
1837 2.464857
1838 2.464993
1839 2.465107
1840 2.465200
1841 2.465272
1842 2.465326
1843 2.465360
1844 2.465378
1845 2.465378
1846 2.465362
1847 2.465331
1848 2.465286
1849 2.465226
1850 2.465153
1851 2.465067
1852 2.464969
1853 2.464859
1854 2.464738
1855 2.464606
1856 2.464464
1857 2.464313
1858 2.464152
1859 2.463982
1860 2.463804
1861 2.463618
1862 2.463424
1863 2.463223
1864 2.463015
1865 2.462800
1866 2.462579
1867 2.462352
1868 2.462119
1869 2.461880
1870 2.461637
1871 2.461388
1872 2.461135
1873 2.460877
1874 2.460615
1875 2.460349
1876 2.460080
1877 2.459806
1878 2.459530
1879 2.459250
1880 2.458967
1881 2.458681
1882 2.458392
1883 2.458101
1884 2.457808
1885 2.457512
1886 2.457214
1887 2.456914
1888 2.456613
1889 2.456309
1890 2.456004
1891 2.455698
1892 2.455390
1893 2.455082
1894 2.454771
1895 2.454460
1896 2.454148
1897 2.453836
1898 2.453522
1899 2.453208
1900 2.452893
1901 2.452578
1902 2.452262
1903 2.451946
1904 2.451629
1905 2.451313
1906 2.450996
1907 2.450679
1908 2.450362
1909 2.450046
1910 2.449729
1911 2.449413
1912 2.449096
1913 2.448780
1914 2.448465
1915 2.448149
1916 2.447834
1917 2.447520
1918 2.447206
1919 2.446892
1920 2.446579
1921 2.446267
1922 2.445955
1923 2.445644
1924 2.445334
1925 2.445024
1926 2.444715
1927 2.444407
1928 2.444100
1929 2.443794
1930 2.443488
1931 2.443184
1932 2.442880
1933 2.442577
1934 2.442276
1935 2.441975
1936 2.441675
1937 2.441376
1938 2.441078
1939 2.440782
1940 2.440486
1941 2.440191
1942 2.439898
1943 2.439606
1944 2.439314
1945 2.439024
1946 2.438735
1947 2.438448
1948 2.438161
1949 2.437876
1950 2.437591
1951 2.437308
1952 2.437027
1953 2.436746
1954 2.436467
1955 2.436188
1956 2.435911
1957 2.435636
1958 2.435361
1959 2.435088
1960 2.434816
1961 2.434545
1962 2.434276
1963 2.434008
1964 2.433741
1965 2.433475
1966 2.433211
1967 2.432948
1968 2.432686
1969 2.432425
1970 2.432166
1971 2.431908
1972 2.431651
1973 2.431396
1974 2.431142
1975 2.430889
1976 2.430637
1977 2.430387
1978 2.430138
1979 2.429890
1980 2.429644
1981 2.429399
1982 2.429155
1983 2.428912
1984 2.428671
1985 2.428431
1986 2.428192
1987 2.427954
1988 2.427718
1989 2.427483
1990 2.427249
1991 2.427017
1992 2.426785
1993 2.426555
1994 2.426327
1995 2.426099
1996 2.425873
1997 2.425648
1998 2.425424
1999 2.425201
2000 2.424980
2001 2.424760
2002 2.424541
2003 2.424323
2004 2.424106
2005 2.423891
2006 2.423677
2007 2.423464
2008 2.423252
2009 2.423042
2010 2.422832
2011 2.422624
2012 2.422417
2013 2.422211
2014 2.422006
2015 2.421803
2016 2.421600
2017 2.421399
2018 2.421199
2019 2.421000
2020 2.420802
2021 2.420605
2022 2.420410
2023 2.420215
2024 2.420022
2025 2.419830
2026 2.419638
2027 2.419448
2028 2.419259
2029 2.419072
2030 2.418885
2031 2.418699
2032 2.418514
2033 2.418331
2034 2.418148
2035 2.417967
2036 2.417786
2037 2.417607
2038 2.417428
2039 2.417251
2040 2.417075
2041 2.416899
2042 2.416725
2043 2.416552
2044 2.416380
2045 2.416208
2046 2.416038
2047 2.415869
2048 2.415701
2049 2.415533
2050 2.415367
2051 2.415202
2052 2.415037
2053 2.414874
2054 2.414711
2055 2.414550
2056 2.414389
2057 2.414230
2058 2.414071
2059 2.413913
2060 2.413756
2061 2.413600
2062 2.413445
2063 2.413291
2064 2.413138
2065 2.412985
2066 2.412834
2067 2.412683
2068 2.412534
2069 2.412385
2070 2.412237
2071 2.412090
2072 2.411944
2073 2.411798
2074 2.411654
2075 2.411510
2076 2.411367
2077 2.411225
2078 2.411084
2079 2.410943
2080 2.410804
2081 2.410665
2082 2.410527
2083 2.410390
2084 2.410254
2085 2.410118
2086 2.409984
2087 2.409850
2088 2.409716
2089 2.409584
2090 2.409452
2091 2.409321
2092 2.409191
2093 2.409062
2094 2.408933
2095 2.408805
2096 2.408678
2097 2.408552
2098 2.408426
2099 2.408301
2100 2.408177
2101 2.408054
2102 2.407931
2103 2.407809
2104 2.407687
2105 2.407567
2106 2.407447
2107 2.407327
2108 2.407209
2109 2.407091
2110 2.406974
2111 2.406857
2112 2.406741
2113 2.406626
2114 2.406511
2115 2.406397
2116 2.406284
2117 2.406171
2118 2.406059
2119 2.405948
2120 2.405837
2121 2.405727
2122 2.405617
2123 2.405509
2124 2.405400
2125 2.405293
2126 2.405186
2127 2.405079
2128 2.404973
2129 2.404868
2130 2.404763
2131 2.404659
2132 2.404556
2133 2.404453
2134 2.404351
2135 2.404249
2136 2.404148
2137 2.404047
2138 2.403947
2139 2.403847
2140 2.403748
2141 2.403650
2142 2.403552
2143 2.403454
2144 2.403358
2145 2.403261
2146 2.403166
2147 2.403070
2148 2.402976
2149 2.402881
2150 2.402788
2151 2.402694
2152 2.402602
2153 2.402509
2154 2.402418
2155 2.402327
2156 2.402236
2157 2.402146
2158 2.402056
2159 2.401966
2160 2.401878
2161 2.401789
2162 2.401701
2163 2.401614
2164 2.401527
2165 2.401441
2166 2.401354
2167 2.401269
2168 2.401184
2169 2.401099
2170 2.401015
2171 2.400931
2172 2.400847
2173 2.400764
2174 2.400682
2175 2.400600
2176 2.400518
2177 2.400437
2178 2.400356
2179 2.400275
2180 2.400195
2181 2.400116
2182 2.400036
2183 2.399957
2184 2.399879
2185 2.399801
2186 2.399723
2187 2.399646
2188 2.399569
2189 2.399492
2190 2.399416
2191 2.399340
2192 2.399265
2193 2.399189
2194 2.399115
2195 2.399040
2196 2.398966
2197 2.398892
2198 2.398819
2199 2.398746
2200 2.398673
2201 2.398601
2202 2.398529
2203 2.398457
2204 2.398386
2205 2.398315
2206 2.398244
2207 2.398174
2208 2.398104
2209 2.398034
2210 2.397965
2211 2.397896
2212 2.397827
2213 2.397758
2214 2.397690
2215 2.397622
2216 2.397555
2217 2.397487
2218 2.397420
2219 2.397354
2220 2.397287
2221 2.397221
2222 2.397155
2223 2.397089
2224 2.397024
2225 2.396959
2226 2.396894
2227 2.396830
2228 2.396765
2229 2.396701
2230 2.396638
2231 2.396574
2232 2.396511
2233 2.396448
2234 2.396385
2235 2.396322
2236 2.396260
2237 2.396198
2238 2.396136
2239 2.396075
2240 2.396013
2241 2.395952
2242 2.395891
2243 2.395831
2244 2.395770
2245 2.395710
2246 2.395650
2247 2.395590
2248 2.395531
2249 2.395471
2250 2.395412
2251 2.395353
2252 2.395294
2253 2.395236
2254 2.395177
2255 2.395119
2256 2.395061
2257 2.395003
2258 2.394946
2259 2.394888
2260 2.394831
2261 2.394774
2262 2.394717
2263 2.394660
2264 2.394604
2265 2.394547
2266 2.394491
2267 2.394435
2268 2.394379
2269 2.394323
2270 2.394268
2271 2.394212
2272 2.394157
2273 2.394102
2274 2.394047
2275 2.393992
2276 2.393938
2277 2.393883
2278 2.393829
2279 2.393774
2280 2.393720
2281 2.393666
2282 2.393612
2283 2.393559
2284 2.393505
2285 2.393452
2286 2.393398
2287 2.393345
2288 2.393292
2289 2.393239
2290 2.393186
2291 2.393134
2292 2.393081
2293 2.393028
2294 2.392976
2295 2.392924
2296 2.392871
2297 2.392819
2298 2.392767
2299 2.392715
2300 2.392664
2301 2.392612
2302 2.392560
2303 2.392509
2304 2.392457
2305 2.392406
2306 2.392355
2307 2.392304
2308 2.392252
2309 2.392201
2310 2.392150
2311 2.392100
2312 2.392049
2313 2.391998
2314 2.391947
2315 2.391897
2316 2.391846
2317 2.391796
2318 2.391745
2319 2.391695
2320 2.391645
2321 2.391594
2322 2.391544
2323 2.391494
2324 2.391444
2325 2.391394
2326 2.391344
2327 2.391294
2328 2.391244
2329 2.391194
2330 2.391144
2331 2.391094
2332 2.391045
2333 2.390995
2334 2.390945
2335 2.390896
2336 2.390846
2337 2.390796
2338 2.390747
2339 2.390697
2340 2.390648
2341 2.390598
2342 2.390549
2343 2.390499
2344 2.390450
2345 2.390400
2346 2.390351
2347 2.390301
2348 2.390252
2349 2.390202
2350 2.390153
2351 2.390104
2352 2.390054
2353 2.390005
2354 2.389955
2355 2.389906
2356 2.389857
2357 2.389807
2358 2.389758
2359 2.389708
2360 2.389659
2361 2.389609
2362 2.389560
2363 2.389510
2364 2.389461
2365 2.389411
2366 2.389362
2367 2.389312
2368 2.389262
2369 2.389213
2370 2.389163
2371 2.389113
2372 2.389064
2373 2.389014
2374 2.388964
2375 2.388914
2376 2.388864
2377 2.388814
2378 2.388765
2379 2.388715
2380 2.388665
2381 2.388614
2382 2.388564
2383 2.388514
2384 2.388464
2385 2.388414
2386 2.388363
2387 2.388313
2388 2.388263
2389 2.388212
2390 2.388162
2391 2.388111
2392 2.388060
2393 2.388010
2394 2.387959
2395 2.387908
2396 2.387857
2397 2.387806
2398 2.387755
2399 2.387704
2400 2.387653
2401 2.387602
2402 2.387550
2403 2.387499
2404 2.387448
2405 2.387396
2406 2.387344
2407 2.387293
2408 2.387241
2409 2.387189
2410 2.387137
2411 2.387085
2412 2.387033
2413 2.386981
2414 2.386928
2415 2.386876
2416 2.386824
2417 2.386771
2418 2.386718
2419 2.386666
2420 2.386613
2421 2.386560
2422 2.386507
2423 2.386454
2424 2.386400
2425 2.386347
2426 2.386294
2427 2.386240
2428 2.386186
2429 2.386133
2430 2.386079
2431 2.386025
2432 2.385971
2433 2.385916
2434 2.385862
2435 2.385808
2436 2.385753
2437 2.385698
2438 2.385643
2439 2.385589
2440 2.385534
2441 2.385478
2442 2.385423
2443 2.385368
2444 2.385312
2445 2.385257
2446 2.385201
2447 2.385145
2448 2.385089
2449 2.385033
2450 2.384976
2451 2.384920
2452 2.384863
2453 2.384807
2454 2.384750
2455 2.384693
2456 2.384636
2457 2.384579
2458 2.384521
2459 2.384464
2460 2.384406
2461 2.384348
2462 2.384290
2463 2.384232
2464 2.384174
2465 2.384116
2466 2.384057
2467 2.383998
2468 2.383940
2469 2.383881
2470 2.383822
2471 2.383762
2472 2.383703
2473 2.383643
2474 2.383584
2475 2.383524
2476 2.383464
2477 2.383403
2478 2.383343
2479 2.383283
2480 2.383222
2481 2.383161
2482 2.383100
2483 2.383039
2484 2.382978
2485 2.382916
2486 2.382854
2487 2.382793
2488 2.382731
2489 2.382668
2490 2.382606
2491 2.382544
2492 2.382481
2493 2.382418
2494 2.382355
2495 2.382292
2496 2.382229
2497 2.382165
2498 2.382102
2499 2.382038
2500 2.381974
2501 2.381909
2502 2.381845
2503 2.381781
2504 2.381716
2505 2.381651
2506 2.381586
2507 2.381520
2508 2.381455
2509 2.381389
2510 2.381324
2511 2.381258
2512 2.381191
2513 2.381125
2514 2.381058
2515 2.380992
2516 2.380925
2517 2.380858
2518 2.380790
2519 2.380723
2520 2.380655
2521 2.380587
2522 2.380519
2523 2.380451
2524 2.380383
2525 2.380314
2526 2.380245
2527 2.380176
2528 2.380107
2529 2.380038
2530 2.379968
2531 2.379898
2532 2.379828
2533 2.379758
2534 2.379688
2535 2.379617
2536 2.379546
2537 2.379475
2538 2.379404
2539 2.379333
2540 2.379261
2541 2.379190
2542 2.379118
2543 2.379046
2544 2.378973
2545 2.378901
2546 2.378828
2547 2.378755
2548 2.378682
2549 2.378608
2550 2.378535
2551 2.378461
2552 2.378387
2553 2.378313
2554 2.378239
2555 2.378164
2556 2.378089
2557 2.378014
2558 2.377939
2559 2.377864
2560 2.377788
2561 2.377712
2562 2.377636
2563 2.377560
2564 2.377484
2565 2.377407
2566 2.377330
2567 2.377253
2568 2.377176
2569 2.377099
2570 2.377021
2571 2.376943
2572 2.376865
2573 2.376787
2574 2.376708
2575 2.376629
2576 2.376550
2577 2.376471
2578 2.376392
2579 2.376312
2580 2.376233
2581 2.376153
2582 2.376073
2583 2.375992
2584 2.375912
2585 2.375831
2586 2.375750
2587 2.375668
2588 2.375587
2589 2.375505
2590 2.375423
2591 2.375341
2592 2.375259
2593 2.375177
2594 2.375094
2595 2.375011
2596 2.374928
2597 2.374844
2598 2.374761
2599 2.374677
2600 2.374593
2601 2.374509
2602 2.374425
2603 2.374340
2604 2.374255
2605 2.374170
2606 2.374085
2607 2.373999
2608 2.373914
2609 2.373828
2610 2.373742
2611 2.373655
2612 2.373569
2613 2.373482
2614 2.373395
2615 2.373308
2616 2.373220
2617 2.373133
2618 2.373045
2619 2.372957
2620 2.372869
2621 2.372780
2622 2.372692
2623 2.372603
2624 2.372514
2625 2.372425
2626 2.372335
2627 2.372245
2628 2.372155
2629 2.372065
2630 2.371975
2631 2.371884
2632 2.371794
2633 2.371703
2634 2.371611
2635 2.371520
2636 2.371428
2637 2.371337
2638 2.371245
2639 2.371152
2640 2.371060
2641 2.370967
2642 2.370874
2643 2.370781
2644 2.370688
2645 2.370595
2646 2.370501
2647 2.370407
2648 2.370313
2649 2.370219
2650 2.370124
2651 2.370029
2652 2.369935
2653 2.369839
2654 2.369744
2655 2.369648
2656 2.369553
2657 2.369457
2658 2.369361
2659 2.369264
2660 2.369168
2661 2.369071
2662 2.368974
2663 2.368877
2664 2.368779
2665 2.368682
2666 2.368584
2667 2.368486
2668 2.368388
2669 2.368289
2670 2.368191
2671 2.368092
2672 2.367993
2673 2.367894
2674 2.367794
2675 2.367695
2676 2.367595
2677 2.367495
2678 2.367395
2679 2.367294
2680 2.367194
2681 2.367093
2682 2.366992
2683 2.366891
2684 2.366789
2685 2.366688
2686 2.366586
2687 2.366484
2688 2.366382
2689 2.366280
2690 2.366177
2691 2.366074
2692 2.365971
2693 2.365868
2694 2.365765
2695 2.365661
2696 2.365558
2697 2.365454
2698 2.365350
2699 2.365245
2700 2.365141
2701 2.365036
2702 2.364931
2703 2.364826
2704 2.364721
2705 2.364616
2706 2.364510
2707 2.364404
2708 2.364298
2709 2.364192
2710 2.364086
2711 2.363979
2712 2.363872
2713 2.363765
2714 2.363658
2715 2.363551
2716 2.363443
2717 2.363336
2718 2.363228
2719 2.363120
2720 2.363012
2721 2.362903
2722 2.362795
2723 2.362686
2724 2.362577
2725 2.362468
2726 2.362359
2727 2.362249
2728 2.362139
2729 2.362030
2730 2.361920
2731 2.361809
2732 2.361699
2733 2.361588
2734 2.361478
2735 2.361367
2736 2.361256
2737 2.361145
2738 2.361033
2739 2.360921
2740 2.360810
2741 2.360698
2742 2.360586
2743 2.360473
2744 2.360361
2745 2.360248
2746 2.360135
2747 2.360022
2748 2.359909
2749 2.359796
2750 2.359682
2751 2.359569
2752 2.359455
2753 2.359341
2754 2.359227
2755 2.359112
2756 2.358998
2757 2.358883
2758 2.358768
2759 2.358653
2760 2.358538
2761 2.358423
2762 2.358307
2763 2.358192
2764 2.358076
2765 2.357960
2766 2.357844
2767 2.357728
2768 2.357611
2769 2.357494
2770 2.357378
2771 2.357261
2772 2.357144
2773 2.357026
2774 2.356909
2775 2.356791
2776 2.356674
2777 2.356556
2778 2.356438
2779 2.356319
2780 2.356201
2781 2.356083
2782 2.355964
2783 2.355845
2784 2.355726
2785 2.355607
2786 2.355488
2787 2.355368
2788 2.355249
2789 2.355129
2790 2.355009
2791 2.354889
2792 2.354769
2793 2.354648
2794 2.354528
2795 2.354407
2796 2.354286
2797 2.354165
2798 2.354044
2799 2.353923
2800 2.353802
2801 2.353680
2802 2.353559
2803 2.353437
2804 2.353315
2805 2.353193
2806 2.353070
2807 2.352948
2808 2.352825
2809 2.352703
2810 2.352580
2811 2.352457
2812 2.352334
2813 2.352211
2814 2.352087
2815 2.351964
2816 2.351840
2817 2.351716
2818 2.351592
2819 2.351468
2820 2.351344
2821 2.351219
2822 2.351095
2823 2.350970
2824 2.350846
2825 2.350721
2826 2.350596
2827 2.350470
2828 2.350345
2829 2.350220
2830 2.350094
2831 2.349968
2832 2.349842
2833 2.349716
2834 2.349590
2835 2.349464
2836 2.349338
2837 2.349211
2838 2.349085
2839 2.348958
2840 2.348831
2841 2.348704
2842 2.348577
2843 2.348449
2844 2.348322
2845 2.348194
2846 2.348067
2847 2.347939
2848 2.347811
2849 2.347683
2850 2.347555
2851 2.347427
2852 2.347298
2853 2.347170
2854 2.347041
2855 2.346912
2856 2.346783
2857 2.346654
2858 2.346525
2859 2.346396
2860 2.346266
2861 2.346137
2862 2.346007
2863 2.345877
2864 2.345747
2865 2.345617
2866 2.345487
2867 2.345357
2868 2.345227
2869 2.345096
2870 2.344966
2871 2.344835
2872 2.344704
2873 2.344573
2874 2.344442
2875 2.344311
2876 2.344179
2877 2.344048
2878 2.343916
2879 2.343785
2880 2.343653
2881 2.343521
2882 2.343389
2883 2.343257
2884 2.343125
2885 2.342993
2886 2.342860
2887 2.342728
2888 2.342595
2889 2.342462
2890 2.342329
2891 2.342196
2892 2.342063
2893 2.341930
2894 2.341797
2895 2.341663
2896 2.341530
2897 2.341396
2898 2.341262
2899 2.341128
2900 2.340994
2901 2.340860
2902 2.340726
2903 2.340592
2904 2.340457
2905 2.340323
2906 2.340188
2907 2.340054
2908 2.339919
2909 2.339784
2910 2.339649
2911 2.339514
2912 2.339378
2913 2.339243
2914 2.339108
2915 2.338972
2916 2.338837
2917 2.338701
2918 2.338565
2919 2.338429
2920 2.338293
2921 2.338157
2922 2.338021
2923 2.337884
2924 2.337748
2925 2.337611
2926 2.337475
2927 2.337338
2928 2.337201
2929 2.337064
2930 2.336927
2931 2.336790
2932 2.336653
2933 2.336515
2934 2.336378
2935 2.336241
2936 2.336103
2937 2.335965
2938 2.335827
2939 2.335690
2940 2.335552
2941 2.335414
2942 2.335275
2943 2.335137
2944 2.334999
2945 2.334860
2946 2.334722
2947 2.334583
2948 2.334444
2949 2.334306
2950 2.334167
2951 2.334028
2952 2.333889
2953 2.333749
2954 2.333610
2955 2.333471
2956 2.333331
2957 2.333192
2958 2.333052
2959 2.332913
2960 2.332773
2961 2.332633
2962 2.332493
2963 2.332353
2964 2.332213
2965 2.332072
2966 2.331932
2967 2.331792
2968 2.331651
2969 2.331511
2970 2.331370
2971 2.331229
2972 2.331088
2973 2.330948
2974 2.330807
2975 2.330665
2976 2.330524
2977 2.330383
2978 2.330242
2979 2.330100
2980 2.329959
2981 2.329817
2982 2.329676
2983 2.329534
2984 2.329392
2985 2.329250
2986 2.329108
2987 2.328966
2988 2.328824
2989 2.328682
2990 2.328539
2991 2.328397
2992 2.328255
2993 2.328112
2994 2.327969
2995 2.327827
2996 2.327684
2997 2.327541
2998 2.327398
2999 2.327255
3000 2.327112
3001 2.326969
3002 2.326826
3003 2.326682
3004 2.326539
3005 2.326395
3006 2.326252
3007 2.326108
3008 2.325965
3009 2.325821
3010 2.325677
3011 2.325533
3012 2.325389
3013 2.325245
3014 2.325101
3015 2.324957
3016 2.324812
3017 2.324668
3018 2.324524
3019 2.324379
3020 2.324234
3021 2.324090
3022 2.323945
3023 2.323800
3024 2.323655
3025 2.323511
3026 2.323366
3027 2.323220
3028 2.323075
3029 2.322930
3030 2.322785
3031 2.322639
3032 2.322494
3033 2.322349
3034 2.322203
3035 2.322057
3036 2.321912
3037 2.321766
3038 2.321620
3039 2.321474
3040 2.321328
3041 2.321182
3042 2.321036
3043 2.320890
3044 2.320744
3045 2.320597
3046 2.320451
3047 2.320305
3048 2.320158
3049 2.320012
3050 2.319865
3051 2.319718
3052 2.319571
3053 2.319425
3054 2.319278
3055 2.319131
3056 2.318984
3057 2.318837
3058 2.318690
3059 2.318542
3060 2.318395
3061 2.318248
3062 2.318100
3063 2.317953
3064 2.317805
3065 2.317658
3066 2.317510
3067 2.317363
3068 2.317215
3069 2.317067
3070 2.316919
3071 2.316771
3072 2.316623
3073 2.316475
3074 2.316327
3075 2.316179
3076 2.316031
3077 2.315882
3078 2.315734
3079 2.315586
3080 2.315437
3081 2.315289
3082 2.315140
3083 2.314991
3084 2.314843
3085 2.314694
3086 2.314545
3087 2.314396
3088 2.314247
3089 2.314098
3090 2.313949
3091 2.313800
3092 2.313651
3093 2.313502
3094 2.313353
3095 2.313203
3096 2.313054
3097 2.312905
3098 2.312755
3099 2.312606
3100 2.312456
3101 2.312306
3102 2.312157
3103 2.312007
3104 2.311857
3105 2.311707
3106 2.311557
3107 2.311407
3108 2.311257
3109 2.311107
3110 2.310957
3111 2.310807
3112 2.310657
3113 2.310506
3114 2.310356
3115 2.310206
3116 2.310055
3117 2.309905
3118 2.309754
3119 2.309604
3120 2.309453
3121 2.309303
3122 2.309152
3123 2.309001
3124 2.308850
3125 2.308699
3126 2.308548
3127 2.308397
3128 2.308246
3129 2.308095
3130 2.307944
3131 2.307793
3132 2.307642
3133 2.307491
3134 2.307339
3135 2.307188
3136 2.307037
3137 2.306885
3138 2.306734
3139 2.306582
3140 2.306431
3141 2.306279
3142 2.306127
3143 2.305975
3144 2.305824
3145 2.305672
3146 2.305520
3147 2.305368
3148 2.305216
3149 2.305064
3150 2.304912
3151 2.304760
3152 2.304608
3153 2.304456
3154 2.304304
3155 2.304151
3156 2.303999
3157 2.303847
3158 2.303694
3159 2.303542
3160 2.303389
3161 2.303237
3162 2.303084
3163 2.302932
3164 2.302779
3165 2.302626
3166 2.302474
3167 2.302321
3168 2.302168
3169 2.302015
3170 2.301862
3171 2.301709
3172 2.301556
3173 2.301403
3174 2.301250
3175 2.301097
3176 2.300944
3177 2.300791
3178 2.300638
3179 2.300485
3180 2.300331
3181 2.300178
3182 2.300025
3183 2.299871
3184 2.299718
3185 2.299564
3186 2.299411
3187 2.299257
3188 2.299104
3189 2.298950
3190 2.298796
3191 2.298643
3192 2.298489
3193 2.298335
3194 2.298181
3195 2.298027
3196 2.297873
3197 2.297720
3198 2.297566
3199 2.297412
3200 2.297257
3201 2.297103
3202 2.296949
3203 2.296795
3204 2.296641
3205 2.296487
3206 2.296332
3207 2.296178
3208 2.296024
3209 2.295869
3210 2.295715
3211 2.295561
3212 2.295406
3213 2.295252
3214 2.295097
3215 2.294943
3216 2.294788
3217 2.294633
3218 2.294479
3219 2.294324
3220 2.294169
3221 2.294014
3222 2.293860
3223 2.293705
3224 2.293550
3225 2.293395
3226 2.293240
3227 2.293085
3228 2.292930
3229 2.292775
3230 2.292620
3231 2.292465
3232 2.292310
3233 2.292155
3234 2.291999
3235 2.291844
3236 2.291689
3237 2.291534
3238 2.291378
3239 2.291223
3240 2.291068
3241 2.290912
3242 2.290757
3243 2.290601
3244 2.290446
3245 2.290290
3246 2.290135
3247 2.289979
3248 2.289823
3249 2.289668
3250 2.289512
3251 2.289356
3252 2.289201
3253 2.289045
3254 2.288889
3255 2.288733
3256 2.288577
3257 2.288421
3258 2.288265
3259 2.288109
3260 2.287953
3261 2.287797
3262 2.287641
3263 2.287485
3264 2.287329
3265 2.287173
3266 2.287017
3267 2.286861
3268 2.286705
3269 2.286548
3270 2.286392
3271 2.286236
3272 2.286079
3273 2.285923
3274 2.285767
3275 2.285610
3276 2.285454
3277 2.285297
3278 2.285141
3279 2.284984
3280 2.284828
3281 2.284671
3282 2.284515
3283 2.284358
3284 2.284201
3285 2.284045
3286 2.283888
3287 2.283731
3288 2.283574
3289 2.283418
3290 2.283261
3291 2.283104
3292 2.282947
3293 2.282790
3294 2.282633
3295 2.282476
3296 2.282319
3297 2.282162
3298 2.282005
3299 2.281848
3300 2.281691
3301 2.281534
3302 2.281377
3303 2.281220
3304 2.281063
3305 2.280905
3306 2.280748
3307 2.280591
3308 2.280434
3309 2.280276
3310 2.280119
3311 2.279961
3312 2.279804
3313 2.279647
3314 2.279489
3315 2.279332
3316 2.279174
3317 2.279017
3318 2.278859
3319 2.278702
3320 2.278544
3321 2.278386
3322 2.278229
3323 2.278071
3324 2.277913
3325 2.277756
3326 2.277598
3327 2.277440
3328 2.277282
3329 2.277124
3330 2.276967
3331 2.276809
3332 2.276651
3333 2.276493
3334 2.276335
3335 2.276177
3336 2.276019
3337 2.275861
3338 2.275703
3339 2.275545
3340 2.275387
3341 2.275228
3342 2.275070
3343 2.274912
3344 2.274754
3345 2.274596
3346 2.274437
3347 2.274279
3348 2.274121
3349 2.273962
3350 2.273804
3351 2.273646
3352 2.273487
3353 2.273329
3354 2.273170
3355 2.273012
3356 2.272853
3357 2.272695
3358 2.272536
3359 2.272378
3360 2.272219
3361 2.272060
3362 2.271902
3363 2.271743
3364 2.271584
3365 2.271425
3366 2.271267
3367 2.271108
3368 2.270949
3369 2.270790
3370 2.270631
3371 2.270472
3372 2.270313
3373 2.270154
3374 2.269995
3375 2.269836
3376 2.269677
3377 2.269518
3378 2.269359
3379 2.269200
3380 2.269041
3381 2.268882
3382 2.268723
3383 2.268563
3384 2.268404
3385 2.268245
3386 2.268085
3387 2.267926
3388 2.267767
3389 2.267607
3390 2.267448
3391 2.267288
3392 2.267129
3393 2.266969
3394 2.266810
3395 2.266650
3396 2.266491
3397 2.266331
3398 2.266171
3399 2.266012
3400 2.265852
3401 2.265692
3402 2.265532
3403 2.265373
3404 2.265213
3405 2.265053
3406 2.264893
3407 2.264733
3408 2.264573
3409 2.264413
3410 2.264253
3411 2.264093
3412 2.263933
3413 2.263773
3414 2.263613
3415 2.263452
3416 2.263292
3417 2.263132
3418 2.262972
3419 2.262811
3420 2.262651
3421 2.262491
3422 2.262330
3423 2.262170
3424 2.262009
3425 2.261849
3426 2.261688
3427 2.261528
3428 2.261367
3429 2.261207
3430 2.261046
3431 2.260885
3432 2.260725
3433 2.260564
3434 2.260403
3435 2.260242
3436 2.260081
3437 2.259920
3438 2.259759
3439 2.259598
3440 2.259437
3441 2.259276
3442 2.259115
3443 2.258954
3444 2.258793
3445 2.258632
3446 2.258471
3447 2.258309
3448 2.258148
3449 2.257987
3450 2.257825
3451 2.257664
3452 2.257502
3453 2.257341
3454 2.257179
3455 2.257018
3456 2.256856
3457 2.256695
3458 2.256533
3459 2.256371
3460 2.256209
3461 2.256048
3462 2.255886
3463 2.255724
3464 2.255562
3465 2.255400
3466 2.255238
3467 2.255076
3468 2.254914
3469 2.254752
3470 2.254590
3471 2.254427
3472 2.254265
3473 2.254103
3474 2.253940
3475 2.253778
3476 2.253616
3477 2.253453
3478 2.253291
3479 2.253128
3480 2.252965
3481 2.252803
3482 2.252640
3483 2.252477
3484 2.252315
3485 2.252152
3486 2.251989
3487 2.251826
3488 2.251663
3489 2.251500
3490 2.251337
3491 2.251174
3492 2.251010
3493 2.250847
3494 2.250684
3495 2.250521
3496 2.250357
3497 2.250194
3498 2.250030
3499 2.249867
3500 2.249703
3501 2.249540
3502 2.249376
3503 2.249212
3504 2.249048
3505 2.248885
3506 2.248721
3507 2.248557
3508 2.248393
3509 2.248229
3510 2.248065
3511 2.247900
3512 2.247736
3513 2.247572
3514 2.247407
3515 2.247243
3516 2.247079
3517 2.246914
3518 2.246750
3519 2.246585
3520 2.246420
3521 2.246256
3522 2.246091
3523 2.245926
3524 2.245761
3525 2.245596
3526 2.245431
3527 2.245266
3528 2.245101
3529 2.244935
3530 2.244770
3531 2.244605
3532 2.244439
3533 2.244274
3534 2.244108
3535 2.243943
3536 2.243777
3537 2.243611
3538 2.243446
3539 2.243280
3540 2.243114
3541 2.242948
3542 2.242782
3543 2.242615
3544 2.242449
3545 2.242283
3546 2.242117
3547 2.241950
3548 2.241784
3549 2.241617
3550 2.241451
3551 2.241284
3552 2.241117
3553 2.240950
3554 2.240783
3555 2.240616
3556 2.240449
3557 2.240282
3558 2.240115
3559 2.239948
3560 2.239780
3561 2.239613
3562 2.239445
3563 2.239278
3564 2.239110
3565 2.238942
3566 2.238775
3567 2.238607
3568 2.238439
3569 2.238271
3570 2.238102
3571 2.237934
3572 2.237766
3573 2.237598
3574 2.237429
3575 2.237261
3576 2.237092
3577 2.236923
3578 2.236754
3579 2.236586
3580 2.236417
3581 2.236248
3582 2.236078
3583 2.235909
3584 2.235740
3585 2.235570
3586 2.235401
3587 2.235231
3588 2.235062
3589 2.234892
3590 2.234722
3591 2.234552
3592 2.234382
3593 2.234212
3594 2.234042
3595 2.233871
3596 2.233701
3597 2.233531
3598 2.233360
3599 2.233189
3600 2.233019
3601 2.232848
3602 2.232677
3603 2.232506
3604 2.232334
3605 2.232163
3606 2.231992
3607 2.231820
3608 2.231649
3609 2.231477
3610 2.231305
3611 2.231133
3612 2.230961
3613 2.230789
3614 2.230617
3615 2.230445
3616 2.230273
3617 2.230100
3618 2.229927
3619 2.229755
3620 2.229582
3621 2.229409
3622 2.229236
3623 2.229063
3624 2.228890
3625 2.228716
3626 2.228543
3627 2.228369
3628 2.228196
3629 2.228022
3630 2.227848
3631 2.227674
3632 2.227500
3633 2.227326
3634 2.227151
3635 2.226977
3636 2.226802
3637 2.226627
3638 2.226453
3639 2.226278
3640 2.226103
3641 2.225927
3642 2.225752
3643 2.225577
3644 2.225401
3645 2.225225
3646 2.225050
3647 2.224874
3648 2.224698
3649 2.224522
3650 2.224345
3651 2.224169
3652 2.223992
3653 2.223816
3654 2.223639
3655 2.223462
3656 2.223285
3657 2.223108
3658 2.222931
3659 2.222753
3660 2.222576
3661 2.222398
3662 2.222220
3663 2.222042
3664 2.221864
3665 2.221686
3666 2.221507
3667 2.221329
3668 2.221150
3669 2.220972
3670 2.220793
3671 2.220614
3672 2.220434
3673 2.220255
3674 2.220076
3675 2.219896
3676 2.219716
3677 2.219537
3678 2.219357
3679 2.219176
3680 2.218996
3681 2.218816
3682 2.218635
3683 2.218454
3684 2.218273
3685 2.218092
3686 2.217911
3687 2.217730
3688 2.217549
3689 2.217367
3690 2.217185
3691 2.217003
3692 2.216821
3693 2.216639
3694 2.216457
3695 2.216274
3696 2.216092
3697 2.215909
3698 2.215726
3699 2.215543
3700 2.215359
3701 2.215176
3702 2.214992
3703 2.214809
3704 2.214625
3705 2.214441
3706 2.214256
3707 2.214072
3708 2.213887
3709 2.213703
3710 2.213518
3711 2.213333
3712 2.213148
3713 2.212962
3714 2.212777
3715 2.212591
3716 2.212405
3717 2.212219
3718 2.212033
3719 2.211847
3720 2.211660
3721 2.211474
3722 2.211287
3723 2.211100
3724 2.210913
3725 2.210725
3726 2.210538
3727 2.210350
3728 2.210162
3729 2.209974
3730 2.209786
3731 2.209597
3732 2.209409
3733 2.209220
3734 2.209031
3735 2.208842
3736 2.208653
3737 2.208463
3738 2.208274
3739 2.208084
3740 2.207894
3741 2.207704
3742 2.207514
3743 2.207323
3744 2.207132
3745 2.206941
3746 2.206750
3747 2.206559
3748 2.206368
3749 2.206176
3750 2.205984
3751 2.205792
3752 2.205600
3753 2.205408
3754 2.205215
3755 2.205022
3756 2.204829
3757 2.204636
3758 2.204443
3759 2.204249
3760 2.204056
3761 2.203862
3762 2.203668
3763 2.203473
3764 2.203279
3765 2.203084
3766 2.202889
3767 2.202694
3768 2.202499
3769 2.202304
3770 2.202108
3771 2.201912
3772 2.201716
3773 2.201520
3774 2.201324
3775 2.201127
3776 2.200930
3777 2.200733
3778 2.200536
3779 2.200338
3780 2.200141
3781 2.199943
3782 2.199745
3783 2.199547
3784 2.199348
3785 2.199150
3786 2.198951
3787 2.198752
3788 2.198552
3789 2.198353
3790 2.198153
3791 2.197953
3792 2.197753
3793 2.197553
3794 2.197352
3795 2.197152
3796 2.196951
3797 2.196749
3798 2.196548
3799 2.196347
3800 2.196145
3801 2.195943
3802 2.195741
3803 2.195538
3804 2.195335
3805 2.195133
3806 2.194929
3807 2.194726
3808 2.194523
3809 2.194319
3810 2.194115
3811 2.193911
3812 2.193707
3813 2.193502
3814 2.193297
3815 2.193092
3816 2.192887
3817 2.192681
3818 2.192476
3819 2.192270
3820 2.192064
3821 2.191857
3822 2.191651
3823 2.191444
3824 2.191237
3825 2.191030
3826 2.190822
3827 2.190614
3828 2.190406
3829 2.190198
3830 2.189990
3831 2.189781
3832 2.189573
3833 2.189363
3834 2.189154
3835 2.188945
3836 2.188735
3837 2.188525
3838 2.188315
3839 2.188104
3840 2.187894
3841 2.187683
3842 2.187472
3843 2.187260
3844 2.187049
3845 2.186837
3846 2.186625
3847 2.186413
3848 2.186200
3849 2.185987
3850 2.185775
3851 2.185561
3852 2.185348
3853 2.185134
3854 2.184920
3855 2.184706
3856 2.184492
3857 2.184277
3858 2.184062
3859 2.183847
3860 2.183632
3861 2.183416
3862 2.183201
3863 2.182985
3864 2.182768
3865 2.182552
3866 2.182335
3867 2.182118
3868 2.181901
3869 2.181683
3870 2.181466
3871 2.181248
3872 2.181030
3873 2.180811
3874 2.180593
3875 2.180374
3876 2.180155
3877 2.179935
3878 2.179716
3879 2.179496
3880 2.179276
3881 2.179055
3882 2.178835
3883 2.178614
3884 2.178393
3885 2.178172
3886 2.177950
3887 2.177728
3888 2.177506
3889 2.177284
3890 2.177061
3891 2.176839
3892 2.176616
3893 2.176392
3894 2.176169
3895 2.175945
3896 2.175721
3897 2.175497
3898 2.175272
3899 2.175048
3900 2.174823
3901 2.174598
3902 2.174372
3903 2.174146
3904 2.173921
3905 2.173694
3906 2.173468
3907 2.173241
3908 2.173014
3909 2.172787
3910 2.172560
3911 2.172332
3912 2.172104
3913 2.171876
3914 2.171648
3915 2.171419
3916 2.171190
3917 2.170961
3918 2.170732
3919 2.170502
3920 2.170272
3921 2.170042
3922 2.169811
3923 2.169581
3924 2.169350
3925 2.169119
3926 2.168888
3927 2.168656
3928 2.168424
3929 2.168192
3930 2.167960
3931 2.167727
3932 2.167494
3933 2.167261
3934 2.167028
3935 2.166794
3936 2.166560
3937 2.166326
3938 2.166092
3939 2.165857
3940 2.165623
3941 2.165387
3942 2.165152
3943 2.164917
3944 2.164681
3945 2.164445
3946 2.164208
3947 2.163972
3948 2.163735
3949 2.163498
3950 2.163261
3951 2.163023
3952 2.162785
3953 2.162547
3954 2.162309
3955 2.162071
3956 2.161832
3957 2.161593
3958 2.161354
3959 2.161114
3960 2.160874
3961 2.160634
3962 2.160394
3963 2.160154
3964 2.159913
3965 2.159672
3966 2.159431
3967 2.159189
3968 2.158948
3969 2.158706
3970 2.158464
3971 2.158221
3972 2.157979
3973 2.157736
3974 2.157493
3975 2.157249
3976 2.157006
3977 2.156762
3978 2.156518
3979 2.156273
3980 2.156029
3981 2.155784
3982 2.155539
3983 2.155293
3984 2.155048
3985 2.154802
3986 2.154556
3987 2.154310
3988 2.154063
3989 2.153816
3990 2.153569
3991 2.153322
3992 2.153075
3993 2.152827
3994 2.152579
3995 2.152331
3996 2.152082
3997 2.151834
3998 2.151585
3999 2.151336
4000 2.151086
4001 2.150837
4002 2.150587
4003 2.150337
4004 2.150087
4005 2.149836
4006 2.149585
4007 2.149334
4008 2.149083
4009 2.148832
4010 2.148580
4011 2.148328
4012 2.148076
4013 2.147824
4014 2.147571
4015 2.147318
4016 2.147065
4017 2.146812
4018 2.146558
4019 2.146304
4020 2.146050
4021 2.145796
4022 2.145542
4023 2.145287
4024 2.145032
4025 2.144777
4026 2.144522
4027 2.144266
4028 2.144010
4029 2.143754
4030 2.143498
4031 2.143242
4032 2.142985
4033 2.142728
4034 2.142471
4035 2.142214
4036 2.141956
4037 2.141698
4038 2.141440
4039 2.141182
4040 2.140924
4041 2.140665
4042 2.140406
4043 2.140147
4044 2.139888
4045 2.139628
4046 2.139368
4047 2.139109
4048 2.138848
4049 2.138588
4050 2.138327
4051 2.138067
4052 2.137806
4053 2.137544
4054 2.137283
4055 2.137021
4056 2.136760
4057 2.136497
4058 2.136235
4059 2.135973
4060 2.135710
4061 2.135447
4062 2.135184
4063 2.134921
4064 2.134657
4065 2.134394
4066 2.134130
4067 2.133866
4068 2.133601
4069 2.133337
4070 2.133072
4071 2.132807
4072 2.132542
4073 2.132277
4074 2.132011
4075 2.131746
4076 2.131480
4077 2.131214
4078 2.130948
4079 2.130681
4080 2.130414
4081 2.130148
4082 2.129881
4083 2.129613
4084 2.129346
4085 2.129078
4086 2.128811
4087 2.128543
4088 2.128274
4089 2.128006
4090 2.127738
4091 2.127469
4092 2.127200
4093 2.126931
4094 2.126662
4095 2.126392
4096 2.126123
4097 2.125853
4098 2.125583
4099 2.125313
4100 2.125042
4101 2.124772
4102 2.124501
4103 2.124230
4104 2.123959
4105 2.123688
4106 2.123417
4107 2.123145
4108 2.122873
4109 2.122601
4110 2.122329
4111 2.122057
4112 2.121785
4113 2.121512
4114 2.121239
4115 2.120967
4116 2.120694
4117 2.120420
4118 2.120147
4119 2.119873
4120 2.119600
4121 2.119326
4122 2.119052
4123 2.118778
4124 2.118503
4125 2.118229
4126 2.117954
4127 2.117679
4128 2.117404
4129 2.117129
4130 2.116854
4131 2.116579
4132 2.116303
4133 2.116028
4134 2.115752
4135 2.115476
4136 2.115200
4137 2.114923
4138 2.114647
4139 2.114370
4140 2.114094
4141 2.113817
4142 2.113540
4143 2.113263
4144 2.112985
4145 2.112708
4146 2.112431
4147 2.112153
4148 2.111875
4149 2.111597
4150 2.111319
4151 2.111041
4152 2.110763
4153 2.110484
4154 2.110206
4155 2.109927
4156 2.109648
4157 2.109369
4158 2.109090
4159 2.108811
4160 2.108532
4161 2.108252
4162 2.107973
4163 2.107693
4164 2.107413
4165 2.107133
4166 2.106853
4167 2.106573
4168 2.106293
4169 2.106013
4170 2.105732
4171 2.105452
4172 2.105171
4173 2.104890
4174 2.104609
4175 2.104328
4176 2.104047
4177 2.103766
4178 2.103485
4179 2.103203
4180 2.102922
4181 2.102640
4182 2.102358
4183 2.102077
4184 2.101795
4185 2.101513
4186 2.101231
4187 2.100949
4188 2.100666
4189 2.100384
4190 2.100102
4191 2.099819
4192 2.099536
4193 2.099254
4194 2.098971
4195 2.098688
4196 2.098405
4197 2.098122
4198 2.097839
4199 2.097556
4200 2.097273
4201 2.096989
4202 2.096706
4203 2.096422
4204 2.096139
4205 2.095855
4206 2.095571
4207 2.095288
4208 2.095004
4209 2.094720
4210 2.094436
4211 2.094152
4212 2.093868
4213 2.093584
4214 2.093300
4215 2.093015
4216 2.092731
4217 2.092447
4218 2.092162
4219 2.091878
4220 2.091593
4221 2.091308
4222 2.091024
4223 2.090739
4224 2.090454
4225 2.090169
4226 2.089885
4227 2.089600
4228 2.089315
4229 2.089030
4230 2.088745
4231 2.088460
4232 2.088175
4233 2.087889
4234 2.087604
4235 2.087319
4236 2.087034
4237 2.086748
4238 2.086463
4239 2.086178
4240 2.085892
4241 2.085607
4242 2.085321
4243 2.085036
4244 2.084750
4245 2.084465
4246 2.084179
4247 2.083894
4248 2.083608
4249 2.083323
4250 2.083037
4251 2.082751
4252 2.082466
4253 2.082180
4254 2.081894
4255 2.081609
4256 2.081323
4257 2.081037
4258 2.080751
4259 2.080466
4260 2.080180
4261 2.079894
4262 2.079608
4263 2.079323
4264 2.079037
4265 2.078751
4266 2.078465
4267 2.078180
4268 2.077894
4269 2.077608
4270 2.077322
4271 2.077037
4272 2.076751
4273 2.076465
4274 2.076180
4275 2.075894
4276 2.075608
4277 2.075322
4278 2.075037
4279 2.074751
4280 2.074466
4281 2.074180
4282 2.073894
4283 2.073609
4284 2.073323
4285 2.073038
4286 2.072752
4287 2.072467
4288 2.072181
4289 2.071896
4290 2.071610
4291 2.071325
4292 2.071040
4293 2.070754
4294 2.070469
4295 2.070184
4296 2.069899
4297 2.069614
4298 2.069328
4299 2.069043
4300 2.068758
4301 2.068473
4302 2.068188
4303 2.067903
4304 2.067619
4305 2.067334
4306 2.067049
4307 2.066764
4308 2.066480
4309 2.066195
4310 2.065910
4311 2.065626
4312 2.065341
4313 2.065057
4314 2.064773
4315 2.064488
4316 2.064204
4317 2.063920
4318 2.063636
4319 2.063352
4320 2.063068
4321 2.062784
4322 2.062500
4323 2.062216
4324 2.061933
4325 2.061649
4326 2.061365
4327 2.061082
4328 2.060798
4329 2.060515
4330 2.060232
4331 2.059948
4332 2.059665
4333 2.059382
4334 2.059099
4335 2.058816
4336 2.058533
4337 2.058251
4338 2.057968
4339 2.057685
4340 2.057403
4341 2.057120
4342 2.056838
4343 2.056556
4344 2.056274
4345 2.055992
4346 2.055710
4347 2.055428
4348 2.055146
4349 2.054864
4350 2.054583
4351 2.054301
4352 2.054020
4353 2.053739
4354 2.053457
4355 2.053176
4356 2.052895
4357 2.052614
4358 2.052334
4359 2.052053
4360 2.051772
4361 2.051492
4362 2.051211
4363 2.050931
4364 2.050651
4365 2.050371
4366 2.050091
4367 2.049811
4368 2.049531
4369 2.049252
4370 2.048972
4371 2.048693
4372 2.048414
4373 2.048134
4374 2.047855
4375 2.047577
4376 2.047298
4377 2.047019
4378 2.046741
4379 2.046462
4380 2.046184
4381 2.045906
4382 2.045628
4383 2.045350
4384 2.045072
4385 2.044794
4386 2.044517
4387 2.044239
4388 2.043962
4389 2.043685
4390 2.043408
4391 2.043131
4392 2.042854
4393 2.042578
4394 2.042301
4395 2.042025
4396 2.041749
4397 2.041473
4398 2.041197
4399 2.040921
4400 2.040645
4401 2.040370
4402 2.040094
4403 2.039819
4404 2.039544
4405 2.039269
4406 2.038994
4407 2.038720
4408 2.038445
4409 2.038171
4410 2.037897
4411 2.037623
4412 2.037349
4413 2.037075
4414 2.036801
4415 2.036528
4416 2.036255
4417 2.035981
4418 2.035708
4419 2.035436
4420 2.035163
4421 2.034890
4422 2.034618
4423 2.034346
4424 2.034074
4425 2.033802
4426 2.033530
4427 2.033259
4428 2.032987
4429 2.032716
4430 2.032445
4431 2.032174
4432 2.031903
4433 2.031633
4434 2.031362
4435 2.031092
4436 2.030822
4437 2.030552
4438 2.030282
4439 2.030012
4440 2.029743
4441 2.029474
4442 2.029205
4443 2.028936
4444 2.028667
4445 2.028398
4446 2.028130
4447 2.027862
4448 2.027594
4449 2.027326
4450 2.027058
4451 2.026790
4452 2.026523
4453 2.026256
4454 2.025989
4455 2.025722
4456 2.025455
4457 2.025189
4458 2.024923
4459 2.024656
4460 2.024390
4461 2.024125
4462 2.023859
4463 2.023594
4464 2.023328
4465 2.023063
4466 2.022798
4467 2.022534
4468 2.022269
4469 2.022005
4470 2.021741
4471 2.021477
4472 2.021213
4473 2.020949
4474 2.020686
4475 2.020423
4476 2.020160
4477 2.019897
4478 2.019634
4479 2.019371
4480 2.019109
4481 2.018847
4482 2.018585
4483 2.018323
4484 2.018062
4485 2.017800
4486 2.017539
4487 2.017278
4488 2.017017
4489 2.016757
4490 2.016496
4491 2.016236
4492 2.015976
4493 2.015716
4494 2.015456
4495 2.015197
4496 2.014938
4497 2.014679
4498 2.014420
4499 2.014161
4500 2.013902
4501 2.013644
4502 2.013386
4503 2.013128
4504 2.012870
4505 2.012613
4506 2.012355
4507 2.012098
4508 2.011841
4509 2.011584
4510 2.011328
4511 2.011071
4512 2.010815
4513 2.010559
4514 2.010303
4515 2.010047
4516 2.009792
4517 2.009537
4518 2.009282
4519 2.009027
4520 2.008772
4521 2.008518
4522 2.008263
4523 2.008009
4524 2.007755
4525 2.007502
4526 2.007248
4527 2.006995
4528 2.006742
4529 2.006489
4530 2.006236
4531 2.005984
4532 2.005731
4533 2.005479
4534 2.005227
4535 2.004975
4536 2.004724
4537 2.004472
4538 2.004221
4539 2.003970
4540 2.003720
4541 2.003469
4542 2.003219
4543 2.002968
4544 2.002718
4545 2.002469
4546 2.002219
4547 2.001970
4548 2.001720
4549 2.001471
4550 2.001222
4551 2.000974
4552 2.000725
4553 2.000477
4554 2.000229
4555 1.999981
4556 1.999733
4557 1.999486
4558 1.999239
4559 1.998992
4560 1.998745
4561 1.998498
4562 1.998251
4563 1.998005
4564 1.997759
4565 1.997513
4566 1.997267
4567 1.997022
4568 1.996776
4569 1.996531
4570 1.996286
4571 1.996041
4572 1.995797
4573 1.995552
4574 1.995308
4575 1.995064
4576 1.994820
4577 1.994576
4578 1.994333
4579 1.994089
4580 1.993846
4581 1.993603
4582 1.993361
4583 1.993118
4584 1.992876
4585 1.992634
4586 1.992392
4587 1.992150
4588 1.991908
4589 1.991667
4590 1.991425
4591 1.991184
4592 1.990943
4593 1.990703
4594 1.990462
4595 1.990222
4596 1.989982
4597 1.989742
4598 1.989502
4599 1.989262
4600 1.989023
4601 1.988784
4602 1.988545
4603 1.988306
4604 1.988067
4605 1.987828
4606 1.987590
4607 1.987352
4608 1.987114
4609 1.986876
4610 1.986638
4611 1.986401
4612 1.986164
4613 1.985926
4614 1.985690
4615 1.985453
4616 1.985216
4617 1.984980
4618 1.984743
4619 1.984507
4620 1.984271
4621 1.984036
4622 1.983800
4623 1.983565
4624 1.983329
4625 1.983094
4626 1.982859
4627 1.982625
4628 1.982390
4629 1.982156
4630 1.981921
4631 1.981687
4632 1.981453
4633 1.981220
4634 1.980986
4635 1.980753
4636 1.980519
4637 1.980286
4638 1.980053
4639 1.979821
4640 1.979588
4641 1.979356
4642 1.979123
4643 1.978891
4644 1.978659
4645 1.978427
4646 1.978196
4647 1.977964
4648 1.977733
4649 1.977502
4650 1.977271
4651 1.977040
4652 1.976809
4653 1.976578
4654 1.976348
4655 1.976118
4656 1.975887
4657 1.975657
4658 1.975428
4659 1.975198
4660 1.974968
4661 1.974739
4662 1.974510
4663 1.974281
4664 1.974052
4665 1.973823
4666 1.973594
4667 1.973366
4668 1.973137
4669 1.972909
4670 1.972681
4671 1.972453
4672 1.972225
4673 1.971997
4674 1.971770
4675 1.971542
4676 1.971315
4677 1.971088
4678 1.970861
4679 1.970634
4680 1.970407
4681 1.970180
4682 1.969954
4683 1.969728
4684 1.969501
4685 1.969275
4686 1.969049
4687 1.968823
4688 1.968598
4689 1.968372
4690 1.968146
4691 1.967921
4692 1.967696
4693 1.967471
4694 1.967246
4695 1.967021
4696 1.966796
4697 1.966571
4698 1.966347
4699 1.966122
4700 1.965898
4701 1.965674
4702 1.965450
4703 1.965226
4704 1.965002
4705 1.964778
4706 1.964555
4707 1.964331
4708 1.964108
4709 1.963885
4710 1.963661
4711 1.963438
4712 1.963215
4713 1.962993
4714 1.962770
4715 1.962547
4716 1.962325
4717 1.962102
4718 1.961880
4719 1.961658
4720 1.961435
4721 1.961213
4722 1.960991
4723 1.960770
4724 1.960548
4725 1.960326
4726 1.960105
4727 1.959883
4728 1.959662
4729 1.959440
4730 1.959219
4731 1.958998
4732 1.958777
4733 1.958556
4734 1.958335
4735 1.958115
4736 1.957894
4737 1.957673
4738 1.957453
4739 1.957232
4740 1.957012
4741 1.956792
4742 1.956572
4743 1.956351
4744 1.956131
4745 1.955912
4746 1.955692
4747 1.955472
4748 1.955252
4749 1.955032
4750 1.954813
4751 1.954593
4752 1.954374
4753 1.954155
4754 1.953935
4755 1.953716
4756 1.953497
4757 1.953278
4758 1.953059
4759 1.952840
4760 1.952621
4761 1.952402
4762 1.952183
4763 1.951965
4764 1.951746
4765 1.951527
4766 1.951309
4767 1.951090
4768 1.950872
4769 1.950654
4770 1.950435
4771 1.950217
4772 1.949999
4773 1.949781
4774 1.949563
4775 1.949345
4776 1.949127
4777 1.948909
4778 1.948691
4779 1.948473
4780 1.948255
4781 1.948037
4782 1.947820
4783 1.947602
4784 1.947385
4785 1.947167
4786 1.946949
4787 1.946732
4788 1.946514
4789 1.946297
4790 1.946080
4791 1.945862
4792 1.945645
4793 1.945428
4794 1.945211
4795 1.944993
4796 1.944776
4797 1.944559
4798 1.944342
4799 1.944125
4800 1.943908
4801 1.943691
4802 1.943474
4803 1.943257
4804 1.943040
4805 1.942823
4806 1.942606
4807 1.942389
4808 1.942173
4809 1.941956
4810 1.941739
4811 1.941522
4812 1.941306
4813 1.941089
4814 1.940872
4815 1.940655
4816 1.940439
4817 1.940222
4818 1.940005
4819 1.939789
4820 1.939572
4821 1.939356
4822 1.939139
4823 1.938923
4824 1.938706
4825 1.938489
4826 1.938273
4827 1.938056
4828 1.937840
4829 1.937623
4830 1.937407
4831 1.937190
4832 1.936974
4833 1.936757
4834 1.936541
4835 1.936324
4836 1.936108
4837 1.935891
4838 1.935675
4839 1.935459
4840 1.935242
4841 1.935026
4842 1.934809
4843 1.934593
4844 1.934376
4845 1.934160
4846 1.933943
4847 1.933727
4848 1.933510
4849 1.933294
4850 1.933077
4851 1.932861
4852 1.932644
4853 1.932428
4854 1.932211
4855 1.931995
4856 1.931778
4857 1.931561
4858 1.931345
4859 1.931128
4860 1.930912
4861 1.930695
4862 1.930478
4863 1.930262
4864 1.930045
4865 1.929828
4866 1.929612
4867 1.929395
4868 1.929178
4869 1.928961
4870 1.928745
4871 1.928528
4872 1.928311
4873 1.928094
4874 1.927877
4875 1.927660
4876 1.927443
4877 1.927227
4878 1.927010
4879 1.926793
4880 1.926576
4881 1.926359
4882 1.926142
4883 1.925924
4884 1.925707
4885 1.925490
4886 1.925273
4887 1.925056
4888 1.924839
4889 1.924621
4890 1.924404
4891 1.924187
4892 1.923969
4893 1.923752
4894 1.923535
4895 1.923317
4896 1.923100
4897 1.922882
4898 1.922665
4899 1.922447
4900 1.922229
4901 1.922012
4902 1.921794
4903 1.921576
4904 1.921359
4905 1.921141
4906 1.920923
4907 1.920705
4908 1.920487
4909 1.920269
4910 1.920051
4911 1.919833
4912 1.919615
4913 1.919397
4914 1.919179
4915 1.918961
4916 1.918743
4917 1.918524
4918 1.918306
4919 1.918088
4920 1.917869
4921 1.917651
4922 1.917432
4923 1.917214
4924 1.916995
4925 1.916776
4926 1.916558
4927 1.916339
4928 1.916120
4929 1.915901
4930 1.915682
4931 1.915463
4932 1.915244
4933 1.915025
4934 1.914806
4935 1.914587
4936 1.914368
4937 1.914149
4938 1.913929
4939 1.913710
4940 1.913491
4941 1.913271
4942 1.913052
4943 1.912832
4944 1.912612
4945 1.912393
4946 1.912173
4947 1.911953
4948 1.911733
4949 1.911513
4950 1.911293
4951 1.911073
4952 1.910853
4953 1.910633
4954 1.910413
4955 1.910193
4956 1.909972
4957 1.909752
4958 1.909531
4959 1.909311
4960 1.909090
4961 1.908870
4962 1.908649
4963 1.908428
4964 1.908207
4965 1.907986
4966 1.907765
4967 1.907544
4968 1.907323
4969 1.907102
4970 1.906881
4971 1.906659
4972 1.906438
4973 1.906216
4974 1.905995
4975 1.905773
4976 1.905552
4977 1.905330
4978 1.905108
4979 1.904886
4980 1.904664
4981 1.904442
4982 1.904220
4983 1.903997
4984 1.903775
4985 1.903553
4986 1.903330
4987 1.903108
4988 1.902885
4989 1.902662
4990 1.902440
4991 1.902217
4992 1.901994
4993 1.901771
4994 1.901548
4995 1.901324
4996 1.901101
4997 1.900878
4998 1.900654
4999 1.900431
