0 37.724398
1 41.585477
2 42.681516
3 43.301819
4 43.829176
5 44.264263
6 44.574967
7 44.739719
8 44.731139
9 44.470264
10 43.694026
11 41.569804
12 38.831663
13 35.680654
14 32.136520
15 29.043187
16 26.639170
17 24.804551
18 23.374382
19 22.192802
20 21.128903
21 20.098736
22 19.064789
23 18.003512
24 16.899846
25 15.751219
26 14.572235
27 13.398952
28 12.272348
29 11.223197
30 10.269165
31 9.416755
32 8.663861
33 8.002581
34 7.421278
35 6.906092
36 6.442940
37 6.019914
38 5.628971
39 5.265885
40 4.928868
41 4.617234
42 4.330585
43 4.068012
44 3.827549
45 3.606641
46 3.403160
47 3.215820
48 3.043864
49 2.886614
50 2.743226
51 2.612684
52 2.493894
53 2.385795
54 2.287421
55 2.197926
56 2.116570
57 2.042695
58 1.975700
59 1.915023
60 1.860126
61 1.810492
62 1.765623
63 1.725041
64 1.688295
65 1.654965
66 1.624662
67 1.597038
68 1.571777
69 1.548600
70 1.527262
71 1.507548
72 1.489269
73 1.472263
74 1.456389
75 1.441523
76 1.427562
77 1.414413
78 1.401999
79 1.390253
80 1.379117
81 1.368541
82 1.358482
83 1.348901
84 1.339767
85 1.331051
86 1.322725
87 1.314766
88 1.307154
89 1.299867
90 1.292887
91 1.286197
92 1.279780
93 1.273619
94 1.267699
95 1.262006
96 1.256525
97 1.251244
98 1.246148
99 1.241226
100 1.236466
101 1.231857
102 1.227389
103 1.223052
104 1.218839
105 1.214741
106 1.210750
107 1.206862
108 1.203070
109 1.199370
110 1.195757
111 1.192230
112 1.188786
113 1.185422
114 1.182138
115 1.178934
116 1.175809
117 1.172763
118 1.169797
119 1.166913
120 1.164110
121 1.161391
122 1.158755
123 1.156203
124 1.153737
125 1.151356
126 1.149059
127 1.146847
128 1.144718
129 1.142670
130 1.140701
131 1.138808
132 1.136987
133 1.135234
134 1.133545
135 1.131913
136 1.130334
137 1.128801
138 1.127307
139 1.125845
140 1.124409
141 1.122990
142 1.121581
143 1.120175
144 1.118763
145 1.117338
146 1.115892
147 1.114418
148 1.112907
149 1.111354
150 1.109751
151 1.108092
152 1.106370
153 1.104581
154 1.102718
155 1.100778
156 1.098756
157 1.096649
158 1.094456
159 1.092173
160 1.089800
161 1.087338
162 1.084786
163 1.082146
164 1.079421
165 1.076615
166 1.073730
167 1.070772
168 1.067747
169 1.064660
170 1.061520
171 1.058333
172 1.055107
173 1.051851
174 1.048574
175 1.045284
176 1.041991
177 1.038704
178 1.035433
179 1.032187
180 1.028976
181 1.025808
182 1.022692
183 1.019637
184 1.016652
185 1.013743
186 1.010919
187 1.008186
188 1.005551
189 1.003020
190 1.000597
191 0.998288
192 0.996098
193 0.994028
194 0.992084
195 0.990267
196 0.988579
197 0.987023
198 0.985599
199 0.984309
200 0.983154
201 0.982133
202 0.981246
203 0.980493
204 0.979874
205 0.979387
206 0.979033
207 0.978809
208 0.978715
209 0.978749
210 0.978910
211 0.979196
212 0.979605
213 0.980135
214 0.980786
215 0.981554
216 0.982438
217 0.983436
218 0.984546
219 0.985765
220 0.987092
221 0.988523
222 0.990057
223 0.991692
224 0.993424
225 0.995251
226 0.997170
227 0.999180
228 1.001276
229 1.003456
230 1.005717
231 1.008056
232 1.010470
233 1.012954
234 1.015507
235 1.018123
236 1.020800
237 1.023534
238 1.026321
239 1.029158
240 1.032039
241 1.034961
242 1.037921
243 1.040913
244 1.043935
245 1.046982
246 1.050051
247 1.053137
248 1.056239
249 1.059351
250 1.062472
251 1.065598
252 1.068728
253 1.071859
254 1.074991
255 1.078122
256 1.081251
257 1.084380
258 1.087508
259 1.090636
260 1.093768
261 1.096905
262 1.100052
263 1.103211
264 1.106389
265 1.109591
266 1.112824
267 1.116095
268 1.119414
269 1.122790
270 1.126234
271 1.129760
272 1.133380
273 1.137112
274 1.140972
275 1.144981
276 1.149160
277 1.153536
278 1.158136
279 1.162992
280 1.168141
281 1.173624
282 1.179489
283 1.185789
284 1.192589
285 1.199968
286 1.208018
287 1.216858
288 1.226636
289 1.237544
290 1.249832
291 1.263833
292 1.280003
293 1.298957
294 1.321463
295 1.348282
296 1.379729
297 1.415136
298 1.452656
299 1.489730
300 1.524139
301 1.554972
302 1.582370
303 1.606555
304 1.627684
305 1.646102
306 1.662272
307 1.676613
308 1.689447
309 1.701015
310 1.711510
311 1.721095
312 1.729906
313 1.738062
314 1.745659
315 1.752778
316 1.759487
317 1.765841
318 1.771888
319 1.777667
320 1.783210
321 1.788546
322 1.793699
323 1.798689
324 1.803536
325 1.808252
326 1.812853
327 1.817348
328 1.821746
329 1.826056
330 1.830284
331 1.834433
332 1.838509
333 1.842514
334 1.846448
335 1.850314
336 1.854110
337 1.857836
338 1.861490
339 1.865070
340 1.868573
341 1.871996
342 1.875336
343 1.878589
344 1.881751
345 1.884820
346 1.887791
347 1.890662
348 1.893431
349 1.896095
350 1.898652
351 1.901104
352 1.903449
353 1.905689
354 1.907824
355 1.909858
356 1.911792
357 1.913627
358 1.915367
359 1.917010
360 1.918557
361 1.920003
362 1.921344
363 1.922568
364 1.923662
365 1.924607
366 1.925375
367 1.925937
368 1.926253
369 1.926282
370 1.925977
371 1.925292
372 1.924187
373 1.922634
374 1.920622
375 1.918166
376 1.915309
377 1.912125
378 1.908707
379 1.905164
380 1.901596
381 1.898086
382 1.894686
383 1.891415
384 1.888272
385 1.885238
386 1.882289
387 1.879401
388 1.876550
389 1.873717
390 1.870889
391 1.868061
392 1.865239
393 1.862438
394 1.859685
395 1.857014
396 1.854463
397 1.852064
398 1.849837
399 1.847786
400 1.845899
401 1.844150
402 1.842510
403 1.840947
404 1.839437
405 1.837959
406 1.836498
407 1.835047
408 1.833601
409 1.832159
410 1.830719
411 1.829282
412 1.827847
413 1.826415
414 1.824986
415 1.823558
416 1.822133
417 1.820709
418 1.819287
419 1.817866
420 1.816446
421 1.815027
422 1.813608
423 1.812189
424 1.810768
425 1.809346
426 1.807921
427 1.806491
428 1.805056
429 1.803613
430 1.802159
431 1.800691
432 1.799205
433 1.797695
434 1.796157
435 1.794581
436 1.792958
437 1.791274
438 1.789513
439 1.787652
440 1.785660
441 1.783495
442 1.781092
443 1.778355
444 1.775117
445 1.771072
446 1.765554
447 1.756798
448 1.738687
449 1.688301
450 1.614919
451 1.606798
452 1.610467
453 1.619149
454 1.633025
455 1.650346
456 1.678425
457 1.782221
458 1.830518
459 1.826725
460 1.856986
461 1.842648
462 1.845020
463 1.816539
464 1.733762
465 1.698300
466 1.627347
467 1.619039
468 1.608753
469 1.601202
470 1.599088
471 1.603035
472 1.611888
473 1.623595
474 1.639028
475 1.687139
476 1.707384
477 1.575414
478 1.740763
479 1.781219
480 1.808465
481 1.834929
482 1.835337
483 1.774334
484 1.795664
485 1.758525
486 1.698366
487 1.702518
488 1.693597
489 1.691187
490 1.690484
491 1.686480
492 1.678659
493 1.669638
494 1.659704
495 1.648799
496 1.637191
497 1.625741
498 1.616012
499 1.609530
500 1.606796
501 1.607442
502 1.612079
503 1.630359
504 1.678300
505 1.615807
506 1.665117
507 1.522900
508 1.765571
509 1.656710
510 1.739416
511 1.797264
512 1.795326
513 1.811994
514 1.790956
515 1.792114
516 1.822081
517 1.827603
518 1.852341
519 1.874432
520 1.914121
521 1.973197
522 1.957885
523 1.993092
524 1.994056
525 2.010993
526 2.019895
527 2.012826
528 2.022921
529 1.995030
530 2.032846
531 1.904969
532 2.004068
533 2.037205
534 1.883620
535 2.023152
536 2.011360
537 2.040822
538 1.877949
539 2.027000
540 1.991958
541 2.051230
542 1.878479
543 2.032609
544 1.936222
545 2.043807
546 1.886364
547 2.043874
548 1.890947
549 2.047951
550 1.890451
551 2.050556
552 1.893224
553 2.052369
554 1.897274
555 2.053800
556 1.901830
557 2.055100
558 1.906456
559 2.056390
560 1.910900
561 2.057725
562 1.915027
563 2.059139
564 1.918814
565 2.060661
566 1.922327
567 2.062313
568 1.925695
569 2.064117
570 1.929071
571 2.066097
572 1.932606
573 2.068293
574 1.936423
575 2.070768
576 1.940581
577 2.073605
578 1.945014
579 2.076860
580 1.949413
581 2.080460
582 1.953081
583 2.084195
584 1.955243
585 2.087985
586 1.956143
587 2.092081
588 1.957453
589 2.096730
590 1.961067
591 2.101737
592 1.967800
593 2.106518
594 1.977250
595 2.109889
596 1.987471
597 2.108258
598 1.991962
599 2.102829
600 1.991793
601 2.101310
602 1.997039
603 2.095543
604 2.028655
605 1.965754
606 2.115965
607 2.050774
608 1.968457
609 2.116917
610 2.075491
611 2.019637
612 1.988052
613 2.113928
614 2.086959
615 2.097283
616 2.098504
617 2.102121
618 2.080076
619 2.077753
620 2.062047
621 1.995590
622 2.095195
623 2.125112
624 2.124684
625 2.129191
626 2.139363
627 2.145255
628 2.147781
629 2.151607
630 2.156490
631 2.163101
632 2.170731
633 2.176985
634 2.179554
635 2.178320
636 2.174262
637 2.168406
638 2.160566
639 2.154756
640 2.155132
641 2.148864
642 2.152585
643 2.142649
644 2.142730
645 2.140193
646 2.134094
647 2.128692
648 2.160175
649 2.130491
650 2.149843
651 2.152017
652 2.149391
653 2.151341
654 2.151376
655 2.152412
656 2.153271
657 2.154495
658 2.155520
659 2.156942
660 2.157805
661 2.159919
662 2.159354
663 2.165659
664 2.156127
665 2.174045
666 2.157321
667 2.176962
668 2.164019
669 2.180202
670 2.170080
671 2.176106
672 2.172926
673 2.179562
674 2.178230
675 2.180497
676 2.181778
677 2.182708
678 2.182840
679 2.181825
680 2.181396
681 2.182524
682 2.183511
683 2.184167
684 2.184495
685 2.184528
686 2.184395
687 2.184288
688 2.184283
689 2.184310
690 2.184306
691 2.184260
692 2.184177
693 2.184060
694 2.183907
695 2.183719
696 2.183494
697 2.183231
698 2.182929
699 2.182588
700 2.182207
701 2.181785
702 2.181320
703 2.180812
704 2.180260
705 2.179660
706 2.179012
707 2.178311
708 2.177553
709 2.176733
710 2.175842
711 2.174870
712 2.173804
713 2.172626
714 2.171312
715 2.169833
716 2.168151
717 2.166221
718 2.163989
719 2.161400
720 2.158399
721 2.154945
722 2.151073
723 2.147134
724 2.144454
725 2.145082
726 2.147771
727 2.149407
728 2.148758
729 2.146659
730 2.144861
731 2.144077
732 2.143524
733 2.143045
734 2.142841
735 2.143859
736 2.157690
737 1.739852
738 1.750409
739 1.757741
740 2.207373
741 2.202122
742 2.197729
743 2.197661
744 2.193771
745 2.193467
746 2.190663
747 2.194154
748 2.085322
749 2.258358
750 2.113213
751 2.255999
752 2.081651
753 2.205258
754 2.074264
755 2.267817
756 2.067312
757 2.266838
758 2.078955
759 2.118932
760 2.289184
761 2.101781
762 2.268136
763 2.107507
764 2.258518
765 2.108992
766 2.249543
767 2.080415
768 2.206702
769 2.160901
770 2.233790
771 2.203756
772 2.227973
773 2.235603
774 2.234963
775 2.240076
776 2.239408
777 2.243137
778 2.242405
779 2.246801
780 2.245012
781 2.248423
782 2.243480
783 2.233288
784 2.206293
785 2.158713
786 2.224381
787 2.137188
788 1.973459
789 2.230931
790 2.191617
791 2.171001
792 2.159542
793 2.104263
794 1.825083
795 2.277722
796 2.272102
797 2.249440
798 2.209994
799 2.170435
800 2.115056
801 1.954597
802 2.261865
803 2.216207
804 2.175617
805 2.139565
806 2.191056
807 2.147816
808 1.849513
809 2.288088
810 2.247063
811 2.207181
812 2.164166
813 1.859349
814 2.286364
815 2.235459
816 2.196859
817 2.118728
818 2.098001
819 2.110143
820 2.110532
821 2.146755
822 1.879434
823 2.328770
824 2.313722
825 2.288060
826 2.249253
827 2.206685
828 2.070551
829 1.908045
830 2.332398
831 2.315800
832 2.287736
833 2.248924
834 2.192490
835 1.932000
836 2.315872
837 2.298783
838 2.259463
839 2.183407
840 1.924575
841 2.315505
842 2.298773
843 2.253716
844 2.105661
845 1.942585
846 2.343142
847 2.335831
848 2.312681
849 2.267617
850 2.085127
851 1.964623
852 2.337123
853 2.310055
854 2.237580
855 1.960029
856 2.313278
857 2.249368
858 1.969411
859 2.329927
860 2.285208
861 2.120431
862 2.290080
863 2.123407
864 2.284568
865 2.074392
866 2.286464
867 2.095547
868 2.305271
869 2.141722
870 2.458890
871 2.241046
872 2.463476
873 2.138869
874 2.755756
875 2.825247
876 2.423202
877 2.131480
878 2.138077
879 2.157816
880 2.177205
881 2.178943
882 2.155157
883 2.250876
884 2.823970
885 2.406562
886 2.852326
887 2.297211
888 2.112516
889 2.109465
890 2.152510
891 2.191324
892 2.361513
893 2.193189
894 2.239766
895 2.554513
896 2.682763
897 2.438348
898 2.142418
899 2.135688
900 2.199316
901 2.189363
902 2.450922
903 2.563313
904 2.386359
905 2.133467
906 2.182481
907 2.192458
908 2.444507
909 2.768521
910 2.828086
911 2.403008
912 2.831891
913 2.455012
914 2.425744
915 2.069103
916 2.091836
917 2.179931
918 2.241922
919 2.906552
920 2.064022
921 2.403473
922 2.424823
923 2.447178
924 2.461058
925 2.466993
926 2.478148
927 2.474497
928 2.466299
929 2.408275
930 2.455510
931 2.449845
932 2.440847
933 2.430199
934 2.428098
935 2.423626
936 2.417332
937 2.409008
938 2.398760
939 2.386887
940 2.374202
941 2.362325
942 2.350445
943 2.329669
944 2.292082
945 2.254274
946 2.063174
947 2.279184
948 2.176637
949 2.140515
950 2.197538
951 2.023312
952 2.308860
953 2.271461
954 2.126405
955 2.182843
956 2.025753
957 2.187519
958 2.032165
959 2.218676
960 2.036525
961 2.203648
962 2.039096
963 2.190623
964 2.034342
965 2.090852
966 2.121024
967 2.188476
968 2.123063
969 2.176172
970 2.197776
971 2.054231
972 2.044983
973 2.046782
974 2.048051
975 2.050261
976 2.053156
977 2.057193
978 2.062940
979 2.071292
980 2.083812
981 2.106549
982 2.168910
983 2.199137
984 2.273421
985 2.276258
986 2.250407
987 2.251716
988 2.263332
989 2.277554
990 2.195043
991 2.263189
992 2.280846
993 2.173644
994 2.203896
995 2.276847
996 2.223748
997 2.329597
998 2.330723
999 2.322891
1000 2.288219
1001 2.250440
1002 2.330033
1003 2.333883
1004 2.279489
1005 2.270880
1006 2.268525
1007 2.275248
1008 2.286719
1009 2.326604
1010 2.340138
1011 2.404002
1012 2.289347
1013 2.335396
1014 2.336332
1015 2.416083
1016 2.307623
1017 2.305214
1018 2.323162
1019 2.336195
1020 2.418911
1021 2.335212
1022 2.418788
1023 2.335630
1024 2.429309
1025 2.306893
1026 2.305188
1027 2.339790
1028 2.337530
1029 2.443352
1030 1.774122
1031 1.748675
1032 1.779743
1033 2.276319
1034 1.847710
1035 2.242348
1036 2.272093
1037 2.162294
1038 2.198511
1039 2.155372
1040 2.162138
1041 2.152852
1042 2.158675
1043 2.226856
1044 2.224212
1045 2.225711
1046 2.214864
1047 2.229735
1048 2.232275
1049 2.245262
1050 2.352429
1051 2.253014
1052 2.424366
1053 2.318973
1054 2.285427
1055 2.444207
1056 2.283573
1057 2.444456
1058 2.297769
1059 2.385259
1060 2.455411
1061 2.459180
1062 2.287066
1063 2.363612
1064 2.329712
1065 2.351646
1066 2.357109
1067 2.356817
1068 2.454560
1069 2.353745
1070 2.089980
1071 1.663834
1072 1.700288
1073 1.696056
1074 1.757060
1075 2.995839
1076 2.479779
1077 1.688641
1078 1.778661
1079 2.768255
1080 2.624141
1081 2.597107
1082 2.540726
1083 2.597077
1084 2.448322
1085 2.564875
1086 2.512531
1087 2.439293
1088 2.444610
1089 2.408289
1090 2.361928
1091 2.293841
1092 2.326320
1093 2.333546
1094 2.368916
1095 2.321555
1096 2.366664
1097 2.332949
1098 2.351794
1099 2.352430
1100 2.365195
1101 2.374858
1102 2.352167
1103 4.075942
1104 2.481025
1105 2.480821
1106 2.476971
1107 3.454956
1108 1.720495
1109 1.523454
1110 1.563623
1111 1.626280
1112 1.735095
1113 3.043581
1114 2.540078
1115 2.587289
1116 2.541409
1117 2.346561
1118 2.424778
1119 1.626633
1120 1.680599
1121 1.715811
1122 2.238604
1123 2.439113
1124 2.625634
1125 2.514179
1126 2.892439
1127 2.827156
1128 2.530992
1129 2.796837
1130 2.622428
1131 1.627234
1132 1.958231
1133 2.356595
1134 2.516382
1135 2.894809
1136 2.813807
1137 2.765453
1138 2.350948
1139 2.411262
1140 2.361454
1141 2.347964
1142 2.481406
1143 2.345877
1144 2.540979
1145 1.684253
1146 2.332016
1147 1.650961
1148 2.415004
1149 2.726811
1150 2.461267
1151 2.838083
1152 2.397817
1153 2.760401
1154 2.401690
1155 1.597526
1156 2.502856
1157 2.824455
1158 2.411203
1159 2.467503
1160 1.687259
1161 4.163098
1162 2.617843
1163 1.652359
1164 2.497349
1165 2.862015
1166 2.459213
1167 1.680269
1168 3.493056
1169 1.740709
1170 2.519267
1171 3.344757
1172 1.806622
1173 2.436295
1174 3.255415
1175 2.448976
1176 1.686105
1177 4.143344
1178 3.085143
1179 3.576302
1180 3.977919
1181 1.896778
1182 2.837327
1183 2.695140
1184 2.396105
1185 2.643812
1186 4.675994
1187 2.549597
1188 2.854379
1189 2.842638
1190 2.706692
1191 3.901866
1192 1.789639
1193 2.911708
1194 2.740349
1195 1.673552
1196 2.531289
1197 2.897477
1198 2.976107
1199 2.840622
1200 2.833288
1201 2.660903
1202 2.591958
1203 2.150527
1204 2.447953
1205 2.162724
1206 3.467744
1207 2.893661
1208 2.658024
1209 2.893565
1210 2.555818
1211 2.367617
1212 1.676928
1213 2.564375
1214 2.834351
1215 2.818775
1216 2.821172
1217 2.684185
1218 1.740545
1219 3.126233
1220 1.810887
1221 2.747166
1222 3.455236
1223 1.928585
1224 2.845007
1225 1.882863
1226 2.585198
1227 3.074919
1228 2.449155
1229 4.143485
1230 2.619567
1231 1.866770
1232 2.599586
1233 2.099129
1234 2.487344
1235 3.108719
1236 1.951814
1237 1.973372
1238 1.968543
1239 2.032476
1240 3.073068
1241 2.111777
1242 2.520294
1243 2.131503
1244 2.497039
1245 2.677926
1246 2.477030
1247 2.304932
1248 3.003701
1249 2.301341
1250 1.973009
1251 2.077831
1252 2.707212
1253 2.106276
1254 2.610203
1255 2.571015
1256 2.809129
1257 2.264468
1258 2.647205
1259 2.028162
1260 2.791302
1261 2.580705
1262 2.033075
1263 3.014857
1264 1.978866
1265 2.012645
1266 2.460740
1267 2.878182
1268 1.980281
1269 2.717556
1270 1.997782
1271 1.973222
1272 2.622015
1273 2.468918
1274 2.580195
1275 1.976688
1276 1.987776
1277 2.528106
1278 2.182080
1279 4.675136
1280 2.817547
1281 2.038671
1282 2.359564
1283 2.041120
1284 2.711103
1285 2.046026
1286 3.396339
1287 3.204562
1288 4.195907
1289 4.295252
1290 2.619587
1291 2.019332
1292 3.261492
1293 2.664393
1294 2.008219
1295 4.066276
1296 3.681756
1297 2.822351
1298 2.031847
1299 2.953097
1300 2.580136
1301 2.021767
1302 3.436719
1303 4.356222
1304 2.623416
1305 1.993203
1306 2.866433
1307 1.997208
1308 2.600166
1309 2.154135
1310 2.317938
1311 2.003494
1312 2.668485
1313 1.996134
1314 2.664869
1315 2.001870
1316 2.665254
1317 1.997175
1318 2.624940
1319 1.995213
1320 2.633635
1321 2.001096
1322 2.684912
1323 2.002444
1324 2.675046
1325 1.991915
1326 2.711602
1327 1.995788
1328 2.676397
1329 2.003990
1330 2.843888
1331 1.993886
1332 2.678589
1333 2.006154
1334 4.535722
1335 2.896777
1336 1.997801
1337 2.677982
1338 1.991629
1339 2.696289
1340 1.995766
1341 2.677256
1342 1.992309
1343 2.677766
1344 1.994266
1345 2.674288
1346 1.990907
1347 2.678957
1348 1.993475
1349 2.685275
1350 1.992649
1351 2.676888
1352 1.989158
1353 2.679099
1354 1.990760
1355 2.673467
1356 1.989402
1357 2.665937
1358 1.989702
1359 2.680715
1360 1.990154
1361 2.689081
1362 1.990010
1363 2.686616
1364 1.987113
1365 2.668224
1366 1.989482
1367 2.672769
1368 1.985608
1369 2.670405
1370 1.993203
1371 4.288827
1372 2.750164
1373 2.484757
1374 2.621329
1375 1.977540
1376 5.041599
1377 2.036385
1378 2.537290
1379 2.795148
1380 1.979517
1381 2.866194
1382 3.132490
1383 2.626704
1384 1.976593
1385 4.144800
1386 3.246234
1387 2.334038
1388 2.038977
1389 2.433712
1390 3.868987
1391 2.418105
1392 3.146604
1393 2.467316
1394 3.290210
1395 3.019434
1396 2.965566
1397 2.961455
1398 2.956404
1399 2.950712
1400 2.944540
1401 2.937917
1402 2.930873
1403 2.923434
1404 2.915628
1405 2.907482
1406 2.899026
1407 2.890291
1408 2.881309
1409 2.872117
1410 2.862752
1411 2.853255
1412 2.843669
1413 2.834037
1414 2.824401
1415 2.814805
1416 2.805286
1417 2.795881
1418 2.786619
1419 2.777525
1420 2.768618
1421 2.759912
1422 2.751415
1423 2.743132
1424 2.735063
1425 2.727206
1426 2.719559
1427 2.712115
1428 2.704868
1429 2.697811
1430 2.690939
1431 2.684242
1432 2.677716
1433 2.671353
1434 2.665146
1435 2.659091
1436 2.653182
1437 2.647414
1438 2.641782
1439 2.636282
1440 2.630910
1441 2.625662
1442 2.620536
1443 2.615529
1444 2.610638
1445 2.605860
1446 2.601194
1447 2.596638
1448 2.592190
1449 2.587849
1450 2.583614
1451 2.579483
1452 2.575456
1453 2.571532
1454 2.567710
1455 2.563990
1456 2.560372
1457 2.556854
1458 2.553438
1459 2.550122
1460 2.546907
1461 2.543792
1462 2.540779
1463 2.537865
1464 2.535052
1465 2.532340
1466 2.529729
1467 2.527218
1468 2.524808
1469 2.522499
1470 2.520289
1471 2.518180
1472 2.516170
1473 2.514259
1474 2.512446
1475 2.510730
1476 2.509110
1477 2.507584
1478 2.506150
1479 2.504807
1480 2.503551
1481 2.502379
1482 2.501289
1483 2.500277
1484 2.499337
1485 2.498467
1486 2.497660
1487 2.496912
1488 2.496218
1489 2.495570
1490 2.494964
1491 2.494394
1492 2.493853
1493 2.493337
1494 2.492841
1495 2.492358
1496 2.491886
1497 2.491420
1498 2.490956
1499 2.490493
1500 2.490027
1501 2.489557
1502 2.489082
1503 2.488601
1504 2.488113
1505 2.487618
1506 2.487115
1507 2.486604
1508 2.486087
1509 2.485562
1510 2.485029
1511 2.484490
1512 2.483943
1513 2.483390
1514 2.482830
1515 2.482263
1516 2.481689
1517 2.481109
1518 2.480522
1519 2.479929
1520 2.479328
1521 2.478721
1522 2.478107
1523 2.477485
1524 2.476857
1525 2.476220
1526 2.475576
1527 2.474923
1528 2.474262
1529 2.473592
1530 2.472913
1531 2.472225
1532 2.471526
1533 2.470817
1534 2.470096
1535 2.469364
1536 2.468620
1537 2.467862
1538 2.467091
1539 2.466304
1540 2.465503
1541 2.464684
1542 2.463848
1543 2.462993
1544 2.462118
1545 2.461222
1546 2.460302
1547 2.459357
1548 2.458386
1549 2.457386
1550 2.456355
1551 2.455290
1552 2.454189
1553 2.453049
1554 2.451866
1555 2.450637
1556 2.449358
1557 2.448023
1558 2.446628
1559 2.445167
1560 2.443634
1561 2.442022
1562 2.440321
1563 2.438525
1564 2.436622
1565 2.434600
1566 2.432448
1567 2.430151
1568 2.427694
1569 2.425057
1570 2.422222
1571 2.419167
1572 2.415869
1573 2.412304
1574 2.408447
1575 2.404275
1576 2.399767
1577 2.394910
1578 2.389702
1579 2.384156
1580 2.378307
1581 2.372217
1582 2.365972
1583 2.359682
1584 2.353467
1585 2.347438
1586 2.341681
1587 2.336247
1588 2.331148
1589 2.326367
1590 2.321871
1591 2.317621
1592 2.313582
1593 2.309723
1594 2.306018
1595 2.302448
1596 2.299000
1597 2.295662
1598 2.292431
1599 2.289302
1600 2.286279
1601 2.283366
1602 2.280572
1603 2.277906
1604 2.275382
1605 2.273014
1606 2.270818
1607 2.268809
1608 2.267002
1609 2.265412
1610 2.264049
1611 2.262926
1612 2.262050
1613 2.261430
1614 2.261070
1615 2.260976
1616 2.261151
1617 2.261599
1618 2.262323
1619 2.263327
1620 2.264613
1621 2.266183
1622 2.268039
1623 2.270181
1624 2.272604
1625 2.275295
1626 2.278232
1627 2.281365
1628 2.284604
1629 2.287779
1630 2.290555
1631 2.292249
1632 2.291359
1633 2.284260
1634 2.261228
1635 2.197671
1636 2.102428
1637 2.098253
1638 2.097844
1639 2.080216
1640 2.061333
1641 2.056609
1642 2.052984
1643 2.051396
1644 2.050338
1645 2.049693
1646 2.049233
1647 2.048877
1648 2.048576
1649 2.048308
1650 2.048058
1651 2.047821
1652 2.047593
1653 2.047372
1654 2.047157
1655 2.046948
1656 2.046744
1657 2.046544
1658 2.046349
1659 2.046159
1660 2.045973
1661 2.045792
1662 2.045616
1663 2.045445
1664 2.045278
1665 2.045117
1666 2.044961
1667 2.044810
1668 2.044665
1669 2.044526
1670 2.044393
1671 2.044265
1672 2.044145
1673 2.044031
1674 2.043924
1675 2.043824
1676 2.043732
1677 2.043648
1678 2.043572
1679 2.043505
1680 2.043447
1681 2.043399
1682 2.043361
1683 2.043333
1684 2.043316
1685 2.043310
1686 2.043317
1687 2.043336
1688 2.043369
1689 2.043415
1690 2.043476
1691 2.043553
1692 2.043645
1693 2.043755
1694 2.043882
1695 2.044029
1696 2.044195
1697 2.044382
1698 2.044591
1699 2.044823
1700 2.045080
1701 2.045363
1702 2.045673
1703 2.046012
1704 2.046381
1705 2.046784
1706 2.047221
1707 2.047694
1708 2.048207
1709 2.048761
1710 2.049359
1711 2.050005
1712 2.050700
1713 2.051450
1714 2.052257
1715 2.053126
1716 2.054060
1717 2.055066
1718 2.056147
1719 2.057310
1720 2.058561
1721 2.059906
1722 2.061352
1723 2.062907
1724 2.064579
1725 2.066376
1726 2.068308
1727 2.070384
1728 2.072613
1729 2.075005
1730 2.077570
1731 2.080318
1732 2.083258
1733 2.086400
1734 2.089753
1735 2.093324
1736 2.097121
1737 2.101151
1738 2.105419
1739 2.109931
1740 2.114691
1741 2.119705
1742 2.124976
1743 2.130509
1744 2.136308
1745 2.142378
1746 2.148724
1747 2.155355
1748 2.162278
1749 2.169503
1750 2.177044
1751 2.184917
1752 2.193144
1753 2.201751
1754 2.210774
1755 2.220258
1756 2.230265
1757 2.240881
1758 2.252223
1759 2.264468
1760 2.277886
1761 2.292922
1762 2.310352
1763 2.331568
1764 2.358678
1765 2.392162
1766 2.423236
1767 2.441024
1768 2.450046
1769 2.456392
1770 2.461917
1771 2.467069
1772 2.471982
1773 2.476711
1774 2.481287
1775 2.485732
1776 2.490063
1777 2.494290
1778 2.498414
1779 2.502427
1780 2.506311
1781 2.510051
1782 2.513630
1783 2.517042
1784 2.520288
1785 2.523377
1786 2.526326
1787 2.529150
1788 2.531866
1789 2.534487
1790 2.537024
1791 2.539485
1792 2.541872
1793 2.544189
1794 2.546435
1795 2.548609
1796 2.550709
1797 2.552733
1798 2.554679
1799 2.556546
1800 2.558331
1801 2.560034
1802 2.561654
1803 2.563191
1804 2.564645
1805 2.566017
1806 2.567308
1807 2.568520
1808 2.569655
1809 2.570714
1810 2.571699
1811 2.572614
1812 2.573460
1813 2.574241
1814 2.574957
1815 2.575613
1816 2.576210
1817 2.576751
1818 2.577238
1819 2.577674
1820 2.578061
1821 2.578401
1822 2.578695
1823 2.578947
1824 2.579158
1825 2.579330
1826 2.579464
1827 2.579563
1828 2.579627
1829 2.579659
1830 2.579660
1831 2.579632
1832 2.579575
1833 2.579490
1834 2.579380
1835 2.579245
1836 2.579087
1837 2.578905
1838 2.578702
1839 2.578479
1840 2.578235
1841 2.577972
1842 2.577691
1843 2.577393
1844 2.577078
1845 2.576747
1846 2.576400
1847 2.576039
1848 2.575663
1849 2.575274
1850 2.574872
1851 2.574458
1852 2.574031
1853 2.573593
1854 2.573144
1855 2.572684
1856 2.572214
1857 2.571735
1858 2.571246
1859 2.570748
1860 2.570241
1861 2.569726
1862 2.569203
1863 2.568672
1864 2.568134
1865 2.567589
1866 2.567038
1867 2.566479
1868 2.565915
1869 2.565344
1870 2.564768
1871 2.564187
1872 2.563600
1873 2.563008
1874 2.562411
1875 2.561809
1876 2.561203
1877 2.560593
1878 2.559979
1879 2.559361
1880 2.558739
1881 2.558114
1882 2.557485
1883 2.556853
1884 2.556218
1885 2.555580
1886 2.554939
1887 2.554296
1888 2.553650
1889 2.553002
1890 2.552352
1891 2.551699
1892 2.551045
1893 2.550388
1894 2.549730
1895 2.549070
1896 2.548409
1897 2.547746
1898 2.547082
1899 2.546417
1900 2.545751
1901 2.545083
1902 2.544415
1903 2.543746
1904 2.543076
1905 2.542405
1906 2.541733
1907 2.541062
1908 2.540389
1909 2.539717
1910 2.539044
1911 2.538370
1912 2.537697
1913 2.537023
1914 2.536350
1915 2.535676
1916 2.535003
1917 2.534330
1918 2.533657
1919 2.532984
1920 2.532312
1921 2.531640
1922 2.530968
1923 2.530297
1924 2.529627
1925 2.528957
1926 2.528288
1927 2.527619
1928 2.526952
1929 2.526285
1930 2.525618
1931 2.524953
1932 2.524289
1933 2.523625
1934 2.522963
1935 2.522302
1936 2.521641
1937 2.520982
1938 2.520324
1939 2.519667
1940 2.519012
1941 2.518357
1942 2.517704
1943 2.517052
1944 2.516402
1945 2.515753
1946 2.515105
1947 2.514459
1948 2.513814
1949 2.513170
1950 2.512529
1951 2.511888
1952 2.511249
1953 2.510612
1954 2.509976
1955 2.509342
1956 2.508710
1957 2.508079
1958 2.507450
1959 2.506822
1960 2.506196
1961 2.505572
1962 2.504950
1963 2.504330
1964 2.503711
1965 2.503094
1966 2.502478
1967 2.501865
1968 2.501253
1969 2.500644
1970 2.500036
1971 2.499430
1972 2.498826
1973 2.498223
1974 2.497623
1975 2.497024
1976 2.496428
1977 2.495833
1978 2.495240
1979 2.494649
1980 2.494060
1981 2.493473
1982 2.492888
1983 2.492305
1984 2.491724
1985 2.491145
1986 2.490568
1987 2.489993
1988 2.489420
1989 2.488848
1990 2.488279
1991 2.487712
1992 2.487147
1993 2.486584
1994 2.486022
1995 2.485463
1996 2.484906
1997 2.484351
1998 2.483798
1999 2.483246
2000 2.482697
2001 2.482150
2002 2.481605
2003 2.481062
2004 2.480521
2005 2.479981
2006 2.479444
2007 2.478909
2008 2.478376
2009 2.477845
2010 2.477316
2011 2.476789
2012 2.476264
2013 2.475741
2014 2.475220
2015 2.474700
2016 2.474183
2017 2.473668
2018 2.473155
2019 2.472644
2020 2.472134
2021 2.471627
2022 2.471122
2023 2.470619
2024 2.470117
2025 2.469618
2026 2.469120
2027 2.468625
2028 2.468131
2029 2.467639
2030 2.467150
2031 2.466662
2032 2.466176
2033 2.465692
2034 2.465210
2035 2.464730
2036 2.464251
2037 2.463775
2038 2.463300
2039 2.462828
2040 2.462357
2041 2.461888
2042 2.461421
2043 2.460956
2044 2.460492
2045 2.460031
2046 2.459571
2047 2.459113
2048 2.458657
2049 2.458203
2050 2.457750
2051 2.457300
2052 2.456851
2053 2.456404
2054 2.455958
2055 2.455515
2056 2.455073
2057 2.454633
2058 2.454195
2059 2.453758
2060 2.453323
2061 2.452890
2062 2.452459
2063 2.452029
2064 2.451601
2065 2.451175
2066 2.450750
2067 2.450327
2068 2.449906
2069 2.449486
2070 2.449068
2071 2.448652
2072 2.448237
2073 2.447824
2074 2.447413
2075 2.447003
2076 2.446595
2077 2.446188
2078 2.445783
2079 2.445379
2080 2.444978
2081 2.444577
2082 2.444178
2083 2.443781
2084 2.443386
2085 2.442991
2086 2.442599
2087 2.442208
2088 2.441818
2089 2.441430
2090 2.441043
2091 2.440658
2092 2.440275
2093 2.439892
2094 2.439512
2095 2.439132
2096 2.438755
2097 2.438378
2098 2.438003
2099 2.437630
2100 2.437258
2101 2.436887
2102 2.436518
2103 2.436150
2104 2.435783
2105 2.435418
2106 2.435054
2107 2.434692
2108 2.434330
2109 2.433971
2110 2.433612
2111 2.433255
2112 2.432899
2113 2.432545
2114 2.432192
2115 2.431840
2116 2.431489
2117 2.431140
2118 2.430792
2119 2.430445
2120 2.430099
2121 2.429755
2122 2.429412
2123 2.429070
2124 2.428730
2125 2.428390
2126 2.428052
2127 2.427715
2128 2.427379
2129 2.427045
2130 2.426712
2131 2.426379
2132 2.426048
2133 2.425718
2134 2.425390
2135 2.425062
2136 2.424736
2137 2.424410
2138 2.424086
2139 2.423763
2140 2.423441
2141 2.423120
2142 2.422800
2143 2.422482
2144 2.422164
2145 2.421848
2146 2.421532
2147 2.421218
2148 2.420904
2149 2.420592
2150 2.420281
2151 2.419970
2152 2.419661
2153 2.419353
2154 2.419046
2155 2.418740
2156 2.418434
2157 2.418130
2158 2.417827
2159 2.417525
2160 2.417224
2161 2.416923
2162 2.416624
2163 2.416326
2164 2.416028
2165 2.415732
2166 2.415436
2167 2.415142
2168 2.414848
2169 2.414555
2170 2.414263
2171 2.413972
2172 2.413682
2173 2.413393
2174 2.413105
2175 2.412817
2176 2.412531
2177 2.412245
2178 2.411960
2179 2.411676
2180 2.411393
2181 2.411111
2182 2.410830
2183 2.410549
2184 2.410269
2185 2.409990
2186 2.409712
2187 2.409435
2188 2.409158
2189 2.408883
2190 2.408608
2191 2.408334
2192 2.408060
2193 2.407788
2194 2.407516
2195 2.407245
2196 2.406975
2197 2.406705
2198 2.406436
2199 2.406168
2200 2.405901
2201 2.405635
2202 2.405369
2203 2.405104
2204 2.404839
2205 2.404576
2206 2.404313
2207 2.404050
2208 2.403789
2209 2.403528
2210 2.403268
2211 2.403008
2212 2.402750
2213 2.402492
2214 2.402234
2215 2.401977
2216 2.401721
2217 2.401466
2218 2.401211
2219 2.400957
2220 2.400703
2221 2.400450
2222 2.400198
2223 2.399946
2224 2.399695
2225 2.399445
2226 2.399195
2227 2.398946
2228 2.398698
2229 2.398450
2230 2.398202
2231 2.397955
2232 2.397709
2233 2.397464
2234 2.397219
2235 2.396974
2236 2.396730
2237 2.396487
2238 2.396244
2239 2.396002
2240 2.395761
2241 2.395520
2242 2.395279
2243 2.395039
2244 2.394800
2245 2.394561
2246 2.394322
2247 2.394085
2248 2.393847
2249 2.393611
2250 2.393374
2251 2.393139
2252 2.392903
2253 2.392669
2254 2.392434
2255 2.392201
2256 2.391967
2257 2.391735
2258 2.391502
2259 2.391271
2260 2.391039
2261 2.390809
2262 2.390578
2263 2.390348
2264 2.390119
2265 2.389890
2266 2.389662
2267 2.389434
2268 2.389206
2269 2.388979
2270 2.388752
2271 2.388526
2272 2.388300
2273 2.388075
2274 2.387850
2275 2.387626
2276 2.387402
2277 2.387178
2278 2.386955
2279 2.386732
2280 2.386510
2281 2.386288
2282 2.386066
2283 2.385845
2284 2.385625
2285 2.385404
2286 2.385184
2287 2.384965
2288 2.384746
2289 2.384527
2290 2.384309
2291 2.384091
2292 2.383873
2293 2.383656
2294 2.383439
2295 2.383223
2296 2.383007
2297 2.382791
2298 2.382576
2299 2.382361
2300 2.382146
2301 2.381932
2302 2.381718
2303 2.381505
2304 2.381292
2305 2.381079
2306 2.380866
2307 2.380654
2308 2.380443
2309 2.380231
2310 2.380020
2311 2.379809
2312 2.379599
2313 2.379389
2314 2.379179
2315 2.378970
2316 2.378760
2317 2.378552
2318 2.378343
2319 2.378135
2320 2.377927
2321 2.377720
2322 2.377512
2323 2.377306
2324 2.377099
2325 2.376893
2326 2.376687
2327 2.376481
2328 2.376276
2329 2.376071
2330 2.375866
2331 2.375661
2332 2.375457
2333 2.375253
2334 2.375050
2335 2.374846
2336 2.374643
2337 2.374440
2338 2.374238
2339 2.374036
2340 2.373834
2341 2.373632
2342 2.373431
2343 2.373230
2344 2.373029
2345 2.372828
2346 2.372628
2347 2.372428
2348 2.372228
2349 2.372029
2350 2.371829
2351 2.371630
2352 2.371432
2353 2.371233
2354 2.371035
2355 2.370837
2356 2.370639
2357 2.370442
2358 2.370245
2359 2.370048
2360 2.369851
2361 2.369655
2362 2.369458
2363 2.369262
2364 2.369067
2365 2.368871
2366 2.368676
2367 2.368481
2368 2.368286
2369 2.368091
2370 2.367897
2371 2.367703
2372 2.367509
2373 2.367315
2374 2.367122
2375 2.366929
2376 2.366736
2377 2.366543
2378 2.366351
2379 2.366158
2380 2.365966
2381 2.365774
2382 2.365583
2383 2.365391
2384 2.365200
2385 2.365009
2386 2.364818
2387 2.364628
2388 2.364437
2389 2.364247
2390 2.364057
2391 2.363868
2392 2.363678
2393 2.363489
2394 2.363300
2395 2.363111
2396 2.362922
2397 2.362734
2398 2.362545
2399 2.362357
2400 2.362169
2401 2.361982
2402 2.361794
2403 2.361607
2404 2.361420
2405 2.361233
2406 2.361046
2407 2.360860
2408 2.360674
2409 2.360487
2410 2.360301
2411 2.360116
2412 2.359930
2413 2.359745
2414 2.359560
2415 2.359375
2416 2.359190
2417 2.359005
2418 2.358821
2419 2.358637
2420 2.358453
2421 2.358269
2422 2.358085
2423 2.357902
2424 2.357719
2425 2.357536
2426 2.357353
2427 2.357170
2428 2.356987
2429 2.356805
2430 2.356623
2431 2.356441
2432 2.356259
2433 2.356077
2434 2.355896
2435 2.355715
2436 2.355534
2437 2.355353
2438 2.355172
2439 2.354991
2440 2.354811
2441 2.354631
2442 2.354451
2443 2.354271
2444 2.354091
2445 2.353912
2446 2.353732
2447 2.353553
2448 2.353374
2449 2.353196
2450 2.353017
2451 2.352838
2452 2.352660
2453 2.352482
2454 2.352304
2455 2.352126
2456 2.351949
2457 2.351771
2458 2.351594
2459 2.351417
2460 2.351240
2461 2.351063
2462 2.350887
2463 2.350711
2464 2.350534
2465 2.350358
2466 2.350182
2467 2.350007
2468 2.349831
2469 2.349656
2470 2.349481
2471 2.349306
2472 2.349131
2473 2.348956
2474 2.348782
2475 2.348607
2476 2.348433
2477 2.348259
2478 2.348085
2479 2.347912
2480 2.347738
2481 2.347565
2482 2.347392
2483 2.347219
2484 2.347046
2485 2.346874
2486 2.346701
2487 2.346529
2488 2.346357
2489 2.346185
2490 2.346013
2491 2.345841
2492 2.345670
2493 2.345499
2494 2.345328
2495 2.345157
2496 2.344986
2497 2.344816
2498 2.344645
2499 2.344475
2500 2.344305
2501 2.344135
2502 2.343966
2503 2.343796
2504 2.343627
2505 2.343458
2506 2.343289
2507 2.343120
2508 2.342951
2509 2.342783
2510 2.342614
2511 2.342446
2512 2.342278
2513 2.342111
2514 2.341943
2515 2.341776
2516 2.341609
2517 2.341442
2518 2.341275
2519 2.341108
2520 2.340942
2521 2.340775
2522 2.340609
2523 2.340443
2524 2.340278
2525 2.340112
2526 2.339947
2527 2.339781
2528 2.339616
2529 2.339452
2530 2.339287
2531 2.339122
2532 2.338958
2533 2.338794
2534 2.338630
2535 2.338467
2536 2.338303
2537 2.338140
2538 2.337977
2539 2.337814
2540 2.337651
2541 2.337488
2542 2.337326
2543 2.337164
2544 2.337002
2545 2.336840
2546 2.336678
2547 2.336517
2548 2.336356
2549 2.336195
2550 2.336034
2551 2.335873
2552 2.335713
2553 2.335553
2554 2.335393
2555 2.335233
2556 2.335073
2557 2.334914
2558 2.334755
2559 2.334596
2560 2.334437
2561 2.334278
2562 2.334120
2563 2.333962
2564 2.333804
2565 2.333646
2566 2.333489
2567 2.333331
2568 2.333174
2569 2.333017
2570 2.332861
2571 2.332704
2572 2.332548
2573 2.332392
2574 2.332236
2575 2.332080
2576 2.331925
2577 2.331770
2578 2.331615
2579 2.331460
2580 2.331306
2581 2.331151
2582 2.330997
2583 2.330844
2584 2.330690
2585 2.330537
2586 2.330383
2587 2.330231
2588 2.330078
2589 2.329925
2590 2.329773
2591 2.329621
2592 2.329470
2593 2.329318
2594 2.329167
2595 2.329016
2596 2.328865
2597 2.328714
2598 2.328564
2599 2.328414
2600 2.328264
2601 2.328115
2602 2.327965
2603 2.327816
2604 2.327668
2605 2.327519
2606 2.327371
2607 2.327223
2608 2.327075
2609 2.326927
2610 2.326780
2611 2.326633
2612 2.326486
2613 2.326340
2614 2.326194
2615 2.326048
2616 2.325902
2617 2.325757
2618 2.325611
2619 2.325466
2620 2.325322
2621 2.325178
2622 2.325033
2623 2.324890
2624 2.324746
2625 2.324603
2626 2.324460
2627 2.324317
2628 2.324175
2629 2.324033
2630 2.323891
2631 2.323749
2632 2.323608
2633 2.323467
2634 2.323327
2635 2.323186
2636 2.323046
2637 2.322906
2638 2.322767
2639 2.322628
2640 2.322489
2641 2.322350
2642 2.322212
2643 2.322074
2644 2.321936
2645 2.321799
2646 2.321662
2647 2.321525
2648 2.321389
2649 2.321253
2650 2.321117
2651 2.320982
2652 2.320847
2653 2.320712
2654 2.320577
2655 2.320443
2656 2.320310
2657 2.320176
2658 2.320043
2659 2.319910
2660 2.319778
2661 2.319646
2662 2.319514
2663 2.319382
2664 2.319251
2665 2.319121
2666 2.318990
2667 2.318860
2668 2.318731
2669 2.318601
2670 2.318472
2671 2.318344
2672 2.318215
2673 2.318088
2674 2.317960
2675 2.317833
2676 2.317706
2677 2.317580
2678 2.317454
2679 2.317328
2680 2.317203
2681 2.317078
2682 2.316954
2683 2.316829
2684 2.316706
2685 2.316582
2686 2.316459
2687 2.316337
2688 2.316215
2689 2.316093
2690 2.315972
2691 2.315851
2692 2.315730
2693 2.315610
2694 2.315490
2695 2.315371
2696 2.315252
2697 2.315134
2698 2.315016
2699 2.314898
2700 2.314781
2701 2.314664
2702 2.314548
2703 2.314432
2704 2.314316
2705 2.314201
2706 2.314087
2707 2.313973
2708 2.313859
2709 2.313746
2710 2.313633
2711 2.313521
2712 2.313409
2713 2.313297
2714 2.313186
2715 2.313076
2716 2.312966
2717 2.312856
2718 2.312747
2719 2.312639
2720 2.312531
2721 2.312423
2722 2.312316
2723 2.312209
2724 2.312103
2725 2.311997
2726 2.311892
2727 2.311787
2728 2.311683
2729 2.311579
2730 2.311476
2731 2.311374
2732 2.311271
2733 2.311170
2734 2.311069
2735 2.310968
2736 2.310868
2737 2.310769
2738 2.310670
2739 2.310571
2740 2.310473
2741 2.310376
2742 2.310279
2743 2.310183
2744 2.310087
2745 2.309992
2746 2.309897
2747 2.309803
2748 2.309710
2749 2.309617
2750 2.309525
2751 2.309433
2752 2.309342
2753 2.309251
2754 2.309161
2755 2.309072
2756 2.308983
2757 2.308895
2758 2.308807
2759 2.308720
2760 2.308634
2761 2.308548
2762 2.308463
2763 2.308378
2764 2.308294
2765 2.308211
2766 2.308128
2767 2.308046
2768 2.307965
2769 2.307884
2770 2.307804
2771 2.307725
2772 2.307646
2773 2.307568
2774 2.307490
2775 2.307414
2776 2.307337
2777 2.307262
2778 2.307187
2779 2.307113
2780 2.307040
2781 2.306967
2782 2.306895
2783 2.306824
2784 2.306753
2785 2.306683
2786 2.306614
2787 2.306546
2788 2.306478
2789 2.306411
2790 2.306345
2791 2.306280
2792 2.306215
2793 2.306151
2794 2.306088
2795 2.306025
2796 2.305963
2797 2.305903
2798 2.305842
2799 2.305783
2800 2.305724
2801 2.305667
2802 2.305610
2803 2.305553
2804 2.305498
2805 2.305444
2806 2.305390
2807 2.305337
2808 2.305285
2809 2.305233
2810 2.305183
2811 2.305133
2812 2.305085
2813 2.305037
2814 2.304990
2815 2.304944
2816 2.304898
2817 2.304854
2818 2.304811
2819 2.304768
2820 2.304726
2821 2.304685
2822 2.304646
2823 2.304607
2824 2.304569
2825 2.304531
2826 2.304495
2827 2.304460
2828 2.304426
2829 2.304393
2830 2.304360
2831 2.304329
2832 2.304299
2833 2.304269
2834 2.304241
2835 2.304213
2836 2.304187
2837 2.304162
2838 2.304137
2839 2.304114
2840 2.304092
2841 2.304071
2842 2.304051
2843 2.304031
2844 2.304013
2845 2.303997
2846 2.303981
2847 2.303966
2848 2.303953
2849 2.303940
2850 2.303929
2851 2.303919
2852 2.303909
2853 2.303902
2854 2.303895
2855 2.303889
2856 2.303885
2857 2.303882
2858 2.303880
2859 2.303879
2860 2.303880
2861 2.303881
2862 2.303884
2863 2.303889
2864 2.303894
2865 2.303901
2866 2.303909
2867 2.303919
2868 2.303929
2869 2.303941
2870 2.303955
2871 2.303970
2872 2.303986
2873 2.304003
2874 2.304022
2875 2.304042
2876 2.304064
2877 2.304087
2878 2.304112
2879 2.304138
2880 2.304166
2881 2.304195
2882 2.304225
2883 2.304258
2884 2.304291
2885 2.304327
2886 2.304363
2887 2.304402
2888 2.304442
2889 2.304483
2890 2.304527
2891 2.304572
2892 2.304618
2893 2.304667
2894 2.304717
2895 2.304769
2896 2.304822
2897 2.304878
2898 2.304935
2899 2.304994
2900 2.305054
2901 2.305117
2902 2.305182
2903 2.305248
2904 2.305317
2905 2.305387
2906 2.305460
2907 2.305534
2908 2.305610
2909 2.305689
2910 2.305770
2911 2.305852
2912 2.305937
2913 2.306024
2914 2.306113
2915 2.306205
2916 2.306299
2917 2.306395
2918 2.306493
2919 2.306594
2920 2.306697
2921 2.306803
2922 2.306911
2923 2.307022
2924 2.307135
2925 2.307251
2926 2.307370
2927 2.307491
2928 2.307615
2929 2.307741
2930 2.307871
2931 2.308003
2932 2.308139
2933 2.308277
2934 2.308418
2935 2.308563
2936 2.308710
2937 2.308861
2938 2.309015
2939 2.309172
2940 2.309332
2941 2.309496
2942 2.309664
2943 2.309835
2944 2.310010
2945 2.310188
2946 2.310370
2947 2.310556
2948 2.310746
2949 2.310940
2950 2.311138
2951 2.311340
2952 2.311547
2953 2.311758
2954 2.311973
2955 2.312193
2956 2.312418
2957 2.312647
2958 2.312882
2959 2.313121
2960 2.313365
2961 2.313615
2962 2.313870
2963 2.314131
2964 2.314397
2965 2.314669
2966 2.314947
2967 2.315232
2968 2.315522
2969 2.315819
2970 2.316123
2971 2.316433
2972 2.316751
2973 2.317075
2974 2.317408
2975 2.317747
2976 2.318095
2977 2.318451
2978 2.318815
2979 2.319188
2980 2.319569
2981 2.319960
2982 2.320361
2983 2.320771
2984 2.321191
2985 2.321622
2986 2.322064
2987 2.322516
2988 2.322981
2989 2.323457
2990 2.323947
2991 2.324449
2992 2.324964
2993 2.325494
2994 2.326038
2995 2.326597
2996 2.327173
2997 2.327765
2998 2.328374
2999 2.329002
3000 2.329649
3001 2.330316
3002 2.331004
3003 2.331715
3004 2.332451
3005 2.333212
3006 2.334001
3007 2.334820
3008 2.335672
3009 2.336561
3010 2.337490
3011 2.338465
3012 2.339493
3013 2.340583
3014 2.341747
3015 2.343001
3016 2.344371
3017 2.345892
3018 2.347623
3019 2.349666
3020 2.352213
3021 2.355675
3022 2.361090
3023 2.371549
3024 2.397126
3025 2.459926
3026 2.550908
3027 2.609586
3028 2.614622
3029 2.614652
3030 2.615764
3031 2.616595
3032 2.616944
3033 2.616835
3034 2.616279
3035 2.615260
3036 2.613759
3037 2.611755
3038 2.609235
3039 2.606187
3040 2.602599
3041 2.598454
3042 2.593723
3043 2.588347
3044 2.582215
3045 2.575097
3046 2.566461
3047 2.554797
3048 2.534096
3049 2.480364
3050 2.671285
3051 2.500512
3052 2.570523
3053 2.623522
3054 2.525611
3055 2.722499
3056 2.549770
3057 2.626569
3058 2.530775
3059 2.720848
3060 2.560769
3061 2.617204
3062 2.543471
3063 2.677985
3064 2.555808
3065 2.610283
3066 2.545241
3067 2.678719
3068 2.557360
3069 2.590946
3070 2.596364
3071 2.750743
3072 2.476423
3073 2.706397
3074 2.509779
3075 2.684012
3076 2.638634
3077 2.476502
3078 2.678421
3079 2.636653
3080 2.490266
3081 2.674838
3082 2.640715
3083 2.549343
3084 2.666411
3085 2.486032
3086 2.672105
3087 2.640517
3088 2.561797
3089 2.651743
3090 2.486869
3091 2.717335
3092 2.480576
3093 2.672615
3094 2.642708
3095 2.568796
3096 2.651704
3097 2.496379
3098 2.716474
3099 2.495513
3100 2.734353
3101 2.475477
3102 2.699998
3103 2.639306
3104 2.483918
3105 2.670700
3106 2.651953
3107 2.640551
3108 2.496703
3109 2.729582
3110 2.479369
3111 2.674445
3112 2.651427
3113 2.584758
3114 2.661308
3115 2.492310
3116 2.738734
3117 2.570827
3118 2.680817
3119 2.534560
3120 2.692622
3121 2.659230
3122 2.662843
3123 2.519123
3124 2.680475
3125 2.655193
3126 2.665488
3127 2.654987
3128 2.482437
3129 2.705303
3130 2.646746
3131 2.609899
3132 2.578430
3133 2.686082
3134 2.593547
3135 2.673247
3136 2.482989
3137 2.676770
3138 2.656962
3139 2.658920
3140 2.483846
3141 2.687524
3142 2.654278
3143 2.663444
3144 2.493459
3145 2.651298
3146 2.659977
3147 2.667561
3148 2.665078
3149 2.530141
3150 2.675536
3151 2.649091
3152 2.654937
3153 2.651398
3154 2.648088
3155 2.643544
3156 2.637642
3157 2.630370
3158 2.622328
3159 2.614688
3160 2.608542
3161 2.604165
3162 2.601103
3163 2.598775
3164 2.596796
3165 2.594970
3166 2.593206
3167 2.591465
3168 2.589728
3169 2.587986
3170 2.586234
3171 2.584469
3172 2.582691
3173 2.580899
3174 2.579092
3175 2.577271
3176 2.575435
3177 2.573584
3178 2.571720
3179 2.569841
3180 2.567950
3181 2.566044
3182 2.564126
3183 2.562196
3184 2.560253
3185 2.558299
3186 2.556334
3187 2.554357
3188 2.552371
3189 2.550375
3190 2.548369
3191 2.546355
3192 2.544333
3193 2.542303
3194 2.540265
3195 2.538222
3196 2.536172
3197 2.534117
3198 2.532058
3199 2.529994
3200 2.527926
3201 2.525856
3202 2.523783
3203 2.521708
3204 2.519633
3205 2.517556
3206 2.515479
3207 2.513403
3208 2.511328
3209 2.509254
3210 2.507182
3211 2.505112
3212 2.503045
3213 2.500981
3214 2.498921
3215 2.496864
3216 2.494812
3217 2.492763
3218 2.490720
3219 2.488681
3220 2.486647
3221 2.484618
3222 2.482594
3223 2.480575
3224 2.478561
3225 2.476552
3226 2.474547
3227 2.472547
3228 2.470551
3229 2.468558
3230 2.466569
3231 2.464583
3232 2.462600
3233 2.460619
3234 2.458639
3235 2.456659
3236 2.454680
3237 2.452700
3238 2.450719
3239 2.448735
3240 2.446749
3241 2.444759
3242 2.442763
3243 2.440763
3244 2.438756
3245 2.436742
3246 2.434720
3247 2.432690
3248 2.430651
3249 2.428602
3250 2.426543
3251 2.424474
3252 2.422395
3253 2.420306
3254 2.418206
3255 2.416096
3256 2.413977
3257 2.411849
3258 2.409712
3259 2.407568
3260 2.405418
3261 2.403262
3262 2.401101
3263 2.398938
3264 2.396773
3265 2.394608
3266 2.392444
3267 2.390283
3268 2.388127
3269 2.385977
3270 2.383834
3271 2.381702
3272 2.379580
3273 2.377472
3274 2.375378
3275 2.373300
3276 2.371241
3277 2.369201
3278 2.367183
3279 2.365188
3280 2.363216
3281 2.361271
3282 2.359352
3283 2.357461
3284 2.355600
3285 2.353769
3286 2.351969
3287 2.350201
3288 2.348465
3289 2.346763
3290 2.345094
3291 2.343460
3292 2.341860
3293 2.340295
3294 2.338764
3295 2.337268
3296 2.335807
3297 2.334380
3298 2.332988
3299 2.331630
3300 2.330305
3301 2.329015
3302 2.327757
3303 2.326532
3304 2.325339
3305 2.324178
3306 2.323048
3307 2.321949
3308 2.320880
3309 2.319841
3310 2.318831
3311 2.317850
3312 2.316896
3313 2.315970
3314 2.315071
3315 2.314199
3316 2.313352
3317 2.312530
3318 2.311733
3319 2.310961
3320 2.310212
3321 2.309486
3322 2.308782
3323 2.308101
3324 2.307441
3325 2.306803
3326 2.306185
3327 2.305587
3328 2.305009
3329 2.304450
3330 2.303910
3331 2.303388
3332 2.302885
3333 2.302398
3334 2.301929
3335 2.301477
3336 2.301042
3337 2.300622
3338 2.300218
3339 2.299829
3340 2.299455
3341 2.299096
3342 2.298752
3343 2.298421
3344 2.298104
3345 2.297801
3346 2.297511
3347 2.297233
3348 2.296968
3349 2.296716
3350 2.296476
3351 2.296247
3352 2.296030
3353 2.295825
3354 2.295631
3355 2.295448
3356 2.295275
3357 2.295113
3358 2.294962
3359 2.294820
3360 2.294689
3361 2.294568
3362 2.294456
3363 2.294354
3364 2.294261
3365 2.294177
3366 2.294102
3367 2.294037
3368 2.293980
3369 2.293932
3370 2.293893
3371 2.293862
3372 2.293839
3373 2.293825
3374 2.293819
3375 2.293821
3376 2.293831
3377 2.293849
3378 2.293875
3379 2.293908
3380 2.293950
3381 2.293999
3382 2.294056
3383 2.294121
3384 2.294193
3385 2.294273
3386 2.294361
3387 2.294456
3388 2.294558
3389 2.294668
3390 2.294786
3391 2.294912
3392 2.295045
3393 2.295186
3394 2.295334
3395 2.295490
3396 2.295654
3397 2.295827
3398 2.296007
3399 2.296195
3400 2.296391
3401 2.296596
3402 2.296810
3403 2.297032
3404 2.297263
3405 2.297503
3406 2.297752
3407 2.298011
3408 2.298279
3409 2.298558
3410 2.298847
3411 2.299146
3412 2.299457
3413 2.299779
3414 2.300114
3415 2.300461
3416 2.300820
3417 2.301194
3418 2.301582
3419 2.301986
3420 2.302405
3421 2.302842
3422 2.303297
3423 2.303772
3424 2.304267
3425 2.304785
3426 2.305328
3427 2.305898
3428 2.306497
3429 2.307128
3430 2.307795
3431 2.308502
3432 2.309253
3433 2.310056
3434 2.310916
3435 2.311843
3436 2.312849
3437 2.313947
3438 2.315156
3439 2.316500
3440 2.318012
3441 2.319739
3442 2.321749
3443 2.324146
3444 2.327112
3445 2.331013
3446 2.336800
3447 2.348267
3448 2.390451
3449 2.552920
3450 2.748573
3451 2.658427
3452 2.632607
3453 2.629605
3454 2.630535
3455 2.620892
3456 2.613340
3457 2.610955
3458 2.607250
3459 2.600281
3460 2.594429
3461 2.591963
3462 2.589186
3463 2.581145
3464 2.569122
3465 2.561747
3466 2.570284
3467 2.586993
3468 2.559739
3469 2.461660
3470 2.335934
3471 2.458857
3472 2.478920
3473 2.474738
3474 2.460015
3475 2.478938
3476 2.584295
3477 2.615296
3478 2.484368
3479 2.279735
3480 2.527198
3481 2.507773
3482 2.647439
3483 2.506172
3484 2.752358
3485 2.617366
3486 2.517344
3487 2.780736
3488 2.533941
3489 2.619128
3490 2.515365
3491 2.276450
3492 2.629399
3493 2.460699
3494 2.569993
3495 2.566306
3496 2.569863
3497 2.546250
3498 2.466791
3499 2.575435
3500 2.567626
3501 2.569119
3502 2.487398
3503 2.568488
3504 2.566876
3505 2.555244
3506 2.461356
3507 2.586892
3508 2.565216
3509 2.461456
3510 2.592847
3511 2.542355
3512 2.496081
3513 2.566099
3514 2.566506
3515 2.532021
3516 2.516951
3517 2.553934
3518 2.469901
3519 2.565346
3520 2.555972
3521 2.552538
3522 2.551052
3523 2.551292
3524 2.552063
3525 2.495496
3526 2.549385
3527 2.546094
3528 2.474637
3529 2.552598
3530 2.548912
3531 2.547152
3532 2.546763
3533 2.518247
3534 2.515858
3535 2.518933
3536 2.513475
3537 2.526195
3538 2.501995
3539 2.540197
3540 2.511730
3541 2.531780
3542 2.497851
3543 2.539903
3544 2.530705
3545 2.497900
3546 2.537919
3547 2.529292
3548 2.500518
3549 2.535011
3550 2.520881
3551 2.511644
3552 2.523804
3553 2.509731
3554 2.525624
3555 2.510614
3556 2.524219
3557 2.511994
3558 2.522061
3559 2.513470
3560 2.519952
3561 2.514889
3562 2.518216
3563 2.515946
3564 2.517129
3565 2.516440
3566 2.516645
3567 2.516490
3568 2.516445
3569 2.516369
3570 2.516295
3571 2.516220
3572 2.516144
3573 2.516070
3574 2.515999
3575 2.515934
3576 2.515876
3577 2.515826
3578 2.515772
3579 2.515658
3580 2.515243
3581 2.513521
3582 2.507068
3583 2.487644
3584 2.427704
3585 2.393052
3586 2.374681
3587 2.349309
3588 2.336856
3589 2.323471
3590 2.316509
3591 2.315126
3592 2.316393
3593 2.316225
3594 2.313175
3595 2.309220
3596 2.306768
3597 2.306372
3598 2.306491
3599 2.305184
3600 2.302293
3601 2.299530
3602 2.298504
3603 2.298947
3604 2.298866
3605 2.296796
3606 2.293693
3607 2.291938
3608 2.292557
3609 2.293722
3610 2.292637
3611 2.289157
3612 2.286357
3613 2.286906
3614 2.289418
3615 2.289575
3616 2.285706
3617 2.281576
3618 2.281911
3619 2.285877
3620 2.287322
3621 2.282908
3622 2.277399
3623 2.277787
3624 2.283284
3625 2.285490
3626 2.280102
3627 2.273694
3628 2.275020
3629 2.281790
3630 2.283442
3631 2.276687
3632 2.270750
3633 2.274114
3634 2.280949
3635 2.280353
3636 2.272800
3637 2.269435
3638 2.274833
3639 2.279526
3640 2.276028
3641 2.269776
3642 2.270278
3643 2.275606
3644 2.276520
3645 2.271815
3646 2.269104
3647 2.272031
3648 2.274705
3649 2.272745
3650 2.269698
3651 2.270265
3652 2.272530
3653 2.272328
3654 2.270296
3655 2.269812
3656 2.271046
3657 2.271411
3658 2.270391
3659 2.269795
3660 2.270280
3661 2.270613
3662 2.270186
3663 2.269790
3664 2.269926
3665 2.270102
3666 2.269941
3667 2.269739
3668 2.269762
3669 2.269833
3670 2.269777
3671 2.269695
3672 2.269699
3673 2.269730
3674 2.269719
3675 2.269702
3676 2.269717
3677 2.269744
3678 2.269761
3679 2.269779
3680 2.269811
3681 2.269849
3682 2.269887
3683 2.269929
3684 2.269977
3685 2.270031
3686 2.270087
3687 2.270147
3688 2.270212
3689 2.270281
3690 2.270354
3691 2.270430
3692 2.270510
3693 2.270594
3694 2.270680
3695 2.270771
3696 2.270865
3697 2.270961
3698 2.271061
3699 2.271165
3700 2.271271
3701 2.271380
3702 2.271492
3703 2.271607
3704 2.271724
3705 2.271844
3706 2.271967
3707 2.272092
3708 2.272220
3709 2.272350
3710 2.272482
3711 2.272617
3712 2.272754
3713 2.272893
3714 2.273035
3715 2.273178
3716 2.273323
3717 2.273471
3718 2.273620
3719 2.273771
3720 2.273924
3721 2.274079
3722 2.274235
3723 2.274394
3724 2.274553
3725 2.274715
3726 2.274878
3727 2.275042
3728 2.275208
3729 2.275375
3730 2.275544
3731 2.275714
3732 2.275886
3733 2.276058
3734 2.276232
3735 2.276407
3736 2.276584
3737 2.276761
3738 2.276939
3739 2.277119
3740 2.277300
3741 2.277481
3742 2.277664
3743 2.277847
3744 2.278032
3745 2.278217
3746 2.278403
3747 2.278590
3748 2.278778
3749 2.278966
3750 2.279155
3751 2.279345
3752 2.279536
3753 2.279727
3754 2.279919
3755 2.280111
3756 2.280304
3757 2.280497
3758 2.280692
3759 2.280886
3760 2.281081
3761 2.281276
3762 2.281472
3763 2.281669
3764 2.281865
3765 2.282062
3766 2.282259
3767 2.282457
3768 2.282655
3769 2.282853
3770 2.283051
3771 2.283250
3772 2.283449
3773 2.283648
3774 2.283847
3775 2.284046
3776 2.284246
3777 2.284445
3778 2.284644
3779 2.284844
3780 2.285044
3781 2.285243
3782 2.285443
3783 2.285642
3784 2.285842
3785 2.286041
3786 2.286240
3787 2.286440
3788 2.286639
3789 2.286837
3790 2.287036
3791 2.287235
3792 2.287433
3793 2.287631
3794 2.287829
3795 2.288026
3796 2.288224
3797 2.288421
3798 2.288617
3799 2.288813
3800 2.289009
3801 2.289205
3802 2.289400
3803 2.289594
3804 2.289788
3805 2.289982
3806 2.290175
3807 2.290368
3808 2.290560
3809 2.290751
3810 2.290942
3811 2.291133
3812 2.291322
3813 2.291511
3814 2.291700
3815 2.291887
3816 2.292074
3817 2.292261
3818 2.292446
3819 2.292631
3820 2.292815
3821 2.292998
3822 2.293180
3823 2.293361
3824 2.293542
3825 2.293721
3826 2.293900
3827 2.294077
3828 2.294254
3829 2.294429
3830 2.294604
3831 2.294777
3832 2.294950
3833 2.295121
3834 2.295291
3835 2.295460
3836 2.295628
3837 2.295794
3838 2.295959
3839 2.296123
3840 2.296286
3841 2.296447
3842 2.296607
3843 2.296766
3844 2.296923
3845 2.297079
3846 2.297233
3847 2.297386
3848 2.297538
3849 2.297688
3850 2.297836
3851 2.297983
3852 2.298128
3853 2.298271
3854 2.298413
3855 2.298553
3856 2.298692
3857 2.298828
3858 2.298963
3859 2.299097
3860 2.299228
3861 2.299358
3862 2.299485
3863 2.299611
3864 2.299735
3865 2.299857
3866 2.299977
3867 2.300096
3868 2.300212
3869 2.300326
3870 2.300438
3871 2.300549
3872 2.300657
3873 2.300763
3874 2.300867
3875 2.300969
3876 2.301069
3877 2.301167
3878 2.301263
3879 2.301356
3880 2.301448
3881 2.301537
3882 2.301624
3883 2.301709
3884 2.301792
3885 2.301873
3886 2.301951
3887 2.302027
3888 2.302101
3889 2.302173
3890 2.302243
3891 2.302311
3892 2.302376
3893 2.302439
3894 2.302500
3895 2.302559
3896 2.302616
3897 2.302671
3898 2.302723
3899 2.302774
3900 2.302822
3901 2.302868
3902 2.302912
3903 2.302954
3904 2.302993
3905 2.303031
3906 2.303067
3907 2.303101
3908 2.303132
3909 2.303162
3910 2.303189
3911 2.303215
3912 2.303239
3913 2.303261
3914 2.303280
3915 2.303298
3916 2.303314
3917 2.303329
3918 2.303341
3919 2.303352
3920 2.303360
3921 2.303367
3922 2.303373
3923 2.303376
3924 2.303378
3925 2.303378
3926 2.303377
3927 2.303373
3928 2.303369
3929 2.303362
3930 2.303354
3931 2.303345
3932 2.303334
3933 2.303321
3934 2.303307
3935 2.303292
3936 2.303275
3937 2.303257
3938 2.303237
3939 2.303216
3940 2.303193
3941 2.303170
3942 2.303145
3943 2.303118
3944 2.303091
3945 2.303062
3946 2.303032
3947 2.303000
3948 2.302968
3949 2.302934
3950 2.302899
3951 2.302864
3952 2.302827
3953 2.302789
3954 2.302749
3955 2.302709
3956 2.302668
3957 2.302626
3958 2.302583
3959 2.302538
3960 2.302493
3961 2.302447
3962 2.302400
3963 2.302352
3964 2.302303
3965 2.302254
3966 2.302203
3967 2.302152
3968 2.302099
3969 2.302046
3970 2.301993
3971 2.301938
3972 2.301882
3973 2.301826
3974 2.301769
3975 2.301712
3976 2.301653
3977 2.301594
3978 2.301534
3979 2.301474
3980 2.301413
3981 2.301351
3982 2.301288
3983 2.301225
3984 2.301161
3985 2.301097
3986 2.301032
3987 2.300966
3988 2.300900
3989 2.300833
3990 2.300766
3991 2.300698
3992 2.300629
3993 2.300560
3994 2.300490
3995 2.300420
3996 2.300350
3997 2.300278
3998 2.300207
3999 2.300135
4000 2.300062
4001 2.299989
4002 2.299915
4003 2.299841
4004 2.299766
4005 2.299691
4006 2.299615
4007 2.299539
4008 2.299463
4009 2.299386
4010 2.299309
4011 2.299231
4012 2.299153
4013 2.299074
4014 2.298995
4015 2.298916
4016 2.298836
4017 2.298756
4018 2.298675
4019 2.298594
4020 2.298512
4021 2.298431
4022 2.298348
4023 2.298266
4024 2.298183
4025 2.298099
4026 2.298016
4027 2.297931
4028 2.297847
4029 2.297762
4030 2.297677
4031 2.297591
4032 2.297505
4033 2.297419
4034 2.297333
4035 2.297246
4036 2.297158
4037 2.297071
4038 2.296982
4039 2.296894
4040 2.296805
4041 2.296716
4042 2.296627
4043 2.296537
4044 2.296447
4045 2.296357
4046 2.296266
4047 2.296175
4048 2.296083
4049 2.295992
4050 2.295900
4051 2.295807
4052 2.295714
4053 2.295621
4054 2.295528
4055 2.295434
4056 2.295340
4057 2.295246
4058 2.295151
4059 2.295056
4060 2.294961
4061 2.294865
4062 2.294769
4063 2.294672
4064 2.294576
4065 2.294479
4066 2.294381
4067 2.294283
4068 2.294185
4069 2.294087
4070 2.293988
4071 2.293889
4072 2.293790
4073 2.293690
4074 2.293590
4075 2.293489
4076 2.293389
4077 2.293288
4078 2.293186
4079 2.293084
4080 2.292982
4081 2.292880
4082 2.292777
4083 2.292673
4084 2.292570
4085 2.292466
4086 2.292362
4087 2.292257
4088 2.292152
4089 2.292047
4090 2.291941
4091 2.291835
4092 2.291728
4093 2.291621
4094 2.291514
4095 2.291407
4096 2.291299
4097 2.291190
4098 2.291081
4099 2.290972
4100 2.290863
4101 2.290753
4102 2.290643
4103 2.290532
4104 2.290421
4105 2.290309
4106 2.290198
4107 2.290085
4108 2.289973
4109 2.289860
4110 2.289746
4111 2.289632
4112 2.289518
4113 2.289403
4114 2.289288
4115 2.289172
4116 2.289056
4117 2.288940
4118 2.288823
4119 2.288706
4120 2.288588
4121 2.288470
4122 2.288351
4123 2.288232
4124 2.288112
4125 2.287992
4126 2.287872
4127 2.287751
4128 2.287630
4129 2.287508
4130 2.287385
4131 2.287263
4132 2.287139
4133 2.287016
4134 2.286891
4135 2.286767
4136 2.286642
4137 2.286516
4138 2.286390
4139 2.286263
4140 2.286136
4141 2.286008
4142 2.285880
4143 2.285751
4144 2.285623
4145 2.285491
4146 2.285365
4147 2.285226
4148 2.285109
4149 2.284951
4150 2.284867
4151 2.284647
4152 2.284682
4153 2.284250
4154 2.284744
4155 2.283653
4156 2.286125
4157 2.283988
4158 2.295831
4159 2.303079
4160 2.313021
4161 2.334078
4162 2.295224
4163 2.301287
4164 2.317740
4165 2.341617
4166 2.295533
4167 2.303834
4168 2.319047
4169 2.342594
4170 2.300217
4171 2.315992
4172 2.317954
4173 2.343034
4174 2.303730
4175 2.325342
4176 2.316389
4177 2.343716
4178 2.306866
4179 2.333473
4180 2.314780
4181 2.344493
4182 2.309846
4183 2.340721
4184 2.313481
4185 2.345795
4186 2.312192
4187 2.346236
4188 2.313243
4189 2.348305
4190 2.313491
4191 2.349809
4192 2.313872
4193 2.351091
4194 2.314202
4195 2.351947
4196 2.314461
4197 2.352087
4198 2.314613
4199 2.351061
4200 2.314600
4201 2.348260
4202 2.314375
4203 2.343280
4204 2.314006
4205 2.337106
4206 2.313691
4207 2.332638
4208 2.313428
4209 2.330649
4210 2.313095
4211 2.329423
4212 2.312753
4213 2.328904
4214 2.312377
4215 2.328512
4216 2.312018
4217 2.328639
4218 2.311630
4219 2.328758
4220 2.311278
4221 2.329516
4222 2.310879
4223 2.330068
4224 2.310551
4225 2.331620
4226 2.310128
4227 2.332530
4228 2.309848
4229 2.335225
4230 2.309372
4231 2.336410
4232 2.309176
4233 2.340790
4234 2.308624
4235 2.342391
4236 2.308521
4237 2.348869
4238 2.307944
4239 2.351891
4240 2.307848
4241 2.360151
4242 2.307378
4243 2.366205
4244 2.307145
4245 2.375179
4246 2.306717
4247 2.382931
4248 2.306234
4249 2.389971
4250 2.305634
4251 2.395161
4252 2.304986
4253 2.399074
4254 2.304330
4255 2.402392
4256 2.303672
4257 2.405526
4258 2.303000
4259 2.408555
4260 2.302302
4261 2.411493
4262 2.301570
4263 2.414353
4264 2.300796
4265 2.417140
4266 2.299975
4267 2.419857
4268 2.299098
4269 2.422499
4270 2.298159
4271 2.425058
4272 2.297151
4273 2.427522
4274 2.296066
4275 2.429871
4276 2.294898
4277 2.432083
4278 2.293637
4279 2.434133
4280 2.292279
4281 2.435988
4282 2.290816
4283 2.437617
4284 2.289247
4285 2.438984
4286 2.287568
4287 2.440056
4288 2.285783
4289 2.440805
4290 2.283896
4291 2.441207
4292 2.281918
4293 2.441250
4294 2.279861
4295 2.440931
4296 2.277740
4297 2.440261
4298 2.275573
4299 2.439259
4300 2.273377
4301 2.437953
4302 2.271168
4303 2.436374
4304 2.268961
4305 2.434555
4306 2.266766
4307 2.432526
4308 2.264592
4309 2.430315
4310 2.262445
4311 2.427944
4312 2.260329
4313 2.425431
4314 2.258245
4315 2.422790
4316 2.256194
4317 2.420031
4318 2.254178
4319 2.417164
4320 2.252194
4321 2.414195
4322 2.250244
4323 2.411130
4324 2.248325
4325 2.407972
4326 2.246437
4327 2.404725
4328 2.244579
4329 2.401393
4330 2.242750
4331 2.397977
4332 2.240948
4333 2.394480
4334 2.239173
4335 2.390903
4336 2.237422
4337 2.387247
4338 2.235693
4339 2.383512
4340 2.233987
4341 2.379699
4342 2.232300
4343 2.375808
4344 2.230633
4345 2.371839
4346 2.228983
4347 2.367790
4348 2.227349
4349 2.363661
4350 2.225731
4351 2.359451
4352 2.224129
4353 2.355158
4354 2.222542
4355 2.350780
4356 2.220970
4357 2.346314
4358 2.219414
4359 2.341756
4360 2.217872
4361 2.337101
4362 2.216344
4363 2.332340
4364 2.214828
4365 2.327463
4366 2.213319
4367 2.322450
4368 2.211810
4369 2.317280
4370 2.210288
4371 2.311915
4372 2.208737
4373 2.306309
4374 2.207131
4375 2.300393
4376 2.205432
4377 2.294072
4378 2.203590
4379 2.287206
4380 2.201527
4381 2.279599
4382 2.199136
4383 2.270962
4384 2.196264
4385 2.260884
4386 2.192719
4387 2.248845
4388 2.188351
4389 2.234414
4390 2.183342
4391 2.217755
4392 2.178499
4393 2.198996
4394 2.174935
4395 2.177213
4396 2.170704
4397 2.163988
4398 2.159502
4399 2.150978
4400 2.142319
4401 2.128571
4402 2.110357
4403 2.086133
4404 2.060290
4405 2.041203
4406 2.033283
4407 2.034086
4408 2.040687
4409 2.051498
4410 2.064095
4411 2.073074
4412 2.071685
4413 2.060057
4414 2.046020
4415 2.037597
4416 2.037117
4417 2.043446
4418 2.055609
4419 2.072160
4420 2.087911
4421 2.092381
4422 2.080590
4423 2.059069
4424 2.038881
4425 2.029331
4426 2.030376
4427 2.039797
4428 2.058685
4429 2.092107
4430 2.152061
4431 2.216182
4432 2.166319
4433 2.161863
4434 2.151824
4435 2.132112
4436 2.105169
4437 2.068063
4438 2.034381
4439 2.019490
4440 2.019491
4441 2.028003
4442 2.046895
4443 2.086517
4444 2.184305
4445 2.327238
4446 2.168610
4447 2.180872
4448 2.154001
4449 2.129261
4450 2.089711
4451 2.046355
4452 2.018875
4453 2.013219
4454 2.018635
4455 2.033083
4456 2.067025
4457 2.167048
4458 2.372957
4459 2.150383
4460 2.117571
4461 2.081457
4462 2.036107
4463 2.012985
4464 2.011086
4465 2.018701
4466 2.038714
4467 2.094932
4468 2.250617
4469 2.220608
4470 2.156231
4471 2.136711
4472 2.106040
4473 2.058080
4474 2.017799
4475 2.006934
4476 2.011032
4477 2.022297
4478 2.056431
4479 2.177701
4480 2.442951
4481 2.140860
4482 2.095964
4483 2.042744
4484 2.009475
4485 2.004560
4486 2.010815
4487 2.026858
4488 2.078363
4489 2.218099
4490 2.084383
4491 2.039610
4492 2.009017
4493 2.005846
4494 2.014036
4495 2.037742
4496 2.129379
4497 2.416279
4498 2.205961
4499 2.142929
4500 2.090245
4501 2.038294
4502 2.004720
4503 2.001310
4504 2.007689
4505 2.026601
4506 2.093708
4507 2.277508
4508 2.034938
4509 2.012268
4510 2.002715
4511 2.012414
4512 2.024364
4513 2.084046
4514 2.261491
4515 2.024716
4516 2.019532
4517 2.002593
4518 2.017157
4519 2.023139
4520 2.070833
4521 2.218629
4522 2.021500
4523 2.011681
4524 2.001716
4525 2.024054
4526 2.046688
4527 2.137988
4528 2.238100
4529 2.107923
4530 2.055591
4531 2.005640
4532 1.997110
4533 2.006518
4534 2.009469
4535 2.050466
4536 2.140053
4537 2.014568
4538 2.183131
4539 2.128965
4540 2.115448
4541 2.064842
4542 2.006965
4543 1.995419
4544 2.005728
4545 1.998815
4546 2.033515
4547 2.082301
4548 2.002229
4549 2.054393
4550 2.115485
4551 2.003448
4552 2.179741
4553 2.018564
4554 2.026701
4555 2.000272
4556 2.022784
4557 2.045126
4558 2.091634
4559 2.007736
4560 2.016016
4561 2.033449
4562 2.052449
4563 2.035306
4564 2.058527
4565 2.049645
4566 2.085147
4567 2.032818
4568 2.029807
4569 2.040580
4570 2.064661
4571 2.076260
4572 2.127302
4573 2.005826
4574 2.034439
4575 2.016882
4576 2.002924
4577 1.990670
4578 1.951200
4579 1.888882
4580 1.870845
4581 1.868542
4582 1.866528
4583 1.864802
4584 1.862792
4585 1.861085
4586 1.859063
4587 1.856984
4588 1.854695
4589 1.852213
4590 1.849574
4591 1.846824
4592 1.844015
4593 1.841187
4594 1.838368
4595 1.835568
4596 1.832794
4597 1.830044
4598 1.827317
4599 1.824612
4600 1.821926
4601 1.819258
4602 1.816607
4603 1.813971
4604 1.811349
4605 1.808741
4606 1.806146
4607 1.803563
4608 1.800992
4609 1.798432
4610 1.795885
4611 1.793350
4612 1.790827
4613 1.788315
4614 1.785817
4615 1.783332
4616 1.780859
4617 1.778401
4618 1.775958
4619 1.773529
4620 1.771116
4621 1.768719
4622 1.766339
4623 1.763976
4624 1.761632
4625 1.759306
4626 1.757000
4627 1.754714
4628 1.752449
4629 1.750204
4630 1.747982
4631 1.745781
4632 1.743603
4633 1.741449
4634 1.739317
4635 1.737210
4636 1.735126
4637 1.733067
4638 1.731031
4639 1.729021
4640 1.727034
4641 1.725073
4642 1.723136
4643 1.721223
4644 1.719334
4645 1.717470
4646 1.715630
4647 1.713813
4648 1.712021
4649 1.710251
4650 1.708505
4651 1.706781
4652 1.705079
4653 1.703400
4654 1.701743
4655 1.700107
4656 1.698492
4657 1.696897
4658 1.695324
4659 1.693770
4660 1.692235
4661 1.690720
4662 1.689224
4663 1.687747
4664 1.686288
4665 1.684846
4666 1.683423
4667 1.682016
4668 1.680626
4669 1.679253
4670 1.677897
4671 1.676556
4672 1.675231
4673 1.673921
4674 1.672626
4675 1.671346
4676 1.670081
4677 1.668830
4678 1.667593
4679 1.666370
4680 1.665160
4681 1.663964
4682 1.662780
4683 1.661610
4684 1.660452
4685 1.659307
4686 1.658174
4687 1.657053
4688 1.655944
4689 1.654846
4690 1.653760
4691 1.652685
4692 1.651622
4693 1.650569
4694 1.649527
4695 1.648496
4696 1.647476
4697 1.646465
4698 1.645465
4699 1.644475
4700 1.643495
4701 1.642525
4702 1.641564
4703 1.640613
4704 1.639671
4705 1.638739
4706 1.637815
4707 1.636901
4708 1.635996
4709 1.635099
4710 1.634211
4711 1.633332
4712 1.632461
4713 1.631599
4714 1.630745
4715 1.629899
4716 1.629062
4717 1.628232
4718 1.627410
4719 1.626596
4720 1.625790
4721 1.624992
4722 1.624201
4723 1.623418
4724 1.622642
4725 1.621873
4726 1.621112
4727 1.620358
4728 1.619611
4729 1.618871
4730 1.618138
4731 1.617412
4732 1.616693
4733 1.615981
4734 1.615275
4735 1.614576
4736 1.613884
4737 1.613198
4738 1.612519
4739 1.611846
4740 1.611179
4741 1.610519
4742 1.609865
4743 1.609218
4744 1.608576
4745 1.607941
4746 1.607311
4747 1.606688
4748 1.606070
4749 1.605459
4750 1.604853
4751 1.604253
4752 1.603659
4753 1.603071
4754 1.602488
4755 1.601911
4756 1.601340
4757 1.600774
4758 1.600213
4759 1.599659
4760 1.599109
4761 1.598565
4762 1.598026
4763 1.597493
4764 1.596965
4765 1.596442
4766 1.595925
4767 1.595412
4768 1.594905
4769 1.594403
4770 1.593906
4771 1.593414
4772 1.592927
4773 1.592445
4774 1.591968
4775 1.591496
4776 1.591029
4777 1.590567
4778 1.590110
4779 1.589658
4780 1.589210
4781 1.588767
4782 1.588329
4783 1.587896
4784 1.587467
4785 1.587044
4786 1.586625
4787 1.586210
4788 1.585800
4789 1.585395
4790 1.584995
4791 1.584599
4792 1.584207
4793 1.583821
4794 1.583438
4795 1.583061
4796 1.582687
4797 1.582318
4798 1.581954
4799 1.581594
4800 1.581239
4801 1.580888
4802 1.580542
4803 1.580199
4804 1.579862
4805 1.579530
4806 1.579199
4807 1.578873
4808 1.578557
4809 1.578244
4810 1.577919
4811 1.577614
4812 1.577345
4813 1.577018
4814 1.576654
4815 1.576482
4816 1.576313
4817 1.575646
4818 1.575277
4819 1.576108
4820 1.575474
4821 1.572352
4822 1.574653
4823 1.581134
4824 1.569990
4825 1.556250
4826 1.593822
4827 1.613365
4828 1.497607
4829 1.491530
4830 1.807552
4831 1.664810
4832 1.432637
4833 1.436806
4834 1.915355
4835 1.659027
4836 1.401525
4837 1.439641
4838 1.954040
4839 1.702771
4840 1.403601
4841 1.420553
4842 1.992797
4843 1.630746
4844 1.508918
4845 1.428754
4846 1.704949
4847 1.818676
4848 1.468900
4849 1.626254
4850 1.760761
4851 1.407562
4852 1.476274
4853 1.818259
4854 1.751149
4855 1.672320
4856 1.382177
4857 1.379133
4858 1.904714
4859 1.937799
4860 1.742801
4861 1.712233
4862 1.373326
4863 1.358062
4864 1.808245
4865 2.004676
4866 1.784551
4867 1.367572
4868 1.593400
4869 1.963308
4870 1.999204
4871 1.661848
4872 1.668116
4873 1.357696
4874 1.407170
4875 1.983935
4876 1.615182
4877 1.857101
4878 1.598481
4879 1.770560
4880 1.352027
4881 1.367749
4882 2.148669
4883 1.373729
4884 2.225750
4885 1.337880
4886 2.297339
4887 1.358085
4888 1.858922
4889 1.761268
4890 1.732934
4891 1.397189
4892 1.584423
4893 1.719285
4894 1.405761
4895 1.591890
4896 1.713370
4897 1.403125
4898 1.566497
4899 1.694452
4900 1.447233
4901 1.651249
4902 1.703696
4903 1.398209
4904 1.517568
4905 1.669620
4906 1.643636
4907 1.679983
4908 1.439462
4909 1.602641
4910 1.674062
4911 1.440120
4912 1.597748
4913 1.666303
4914 1.448438
4915 1.608435
4916 1.660106
4917 1.447274
4918 1.606611
4919 1.654931
4920 1.444133
4921 1.603545
4922 1.651674
4923 1.435743
4924 1.592791
4925 1.649911
4926 1.423997
4927 1.573004
4928 1.646356
4929 1.430193
4930 1.585266
4931 1.646743
4932 1.409291
4933 1.538298
4934 1.637589
4935 1.507089
4936 1.633216
4937 1.610443
4938 1.639858
4939 1.427492
4940 1.571311
4941 1.639115
4942 1.418383
4943 1.546942
4944 1.634381
4945 1.483059
4946 1.625947
4947 1.629758
4948 1.601992
4949 1.633928
4950 1.429199
4951 1.553773
4952 1.630626
4953 1.483868
4954 1.619472
4955 1.626898
4956 1.577819
4957 1.628729
4958 1.456373
4959 1.585484
4960 1.627241
4961 1.461568
4962 1.586890
4963 1.625411
4964 1.477441
4965 1.599410
4966 1.622792
4967 1.520750
4968 1.616943
4969 1.604983
4970 1.617565
4971 1.578809
4972 1.617764
4973 1.538716
4974 1.612653
4975 1.587023
4976 1.612762
4977 1.563964
4978 1.610265
4979 1.567226
4980 1.607437
4981 1.569740
4982 1.604051
4983 1.572422
4984 1.599981
4985 1.574683
4986 1.595043
4987 1.576223
4988 1.589176
4989 1.576531
4990 1.582649
4991 1.575095
4992 1.576085
4993 1.571709
4994 1.569895
4995 1.566669
4996 1.563728
4997 1.560424
4998 1.556886
4999 1.553017
