0 24.827191
1 24.490303
2 24.757724
3 24.885384
4 24.947158
5 24.983888
6 25.008807
7 25.025864
8 25.035661
9 25.036657
10 25.024345
11 24.988656
12 24.908905
13 24.749571
14 24.475892
15 24.081934
16 23.552318
17 22.816861
18 21.803933
19 20.536850
20 19.151593
21 17.805753
22 16.605367
23 15.588896
24 14.747351
25 14.052561
26 13.473849
27 12.984146
28 12.561055
29 12.186154
30 11.843994
31 11.521344
32 11.206915
33 10.891722
34 10.569914
35 10.239208
36 9.900202
37 9.554973
38 9.205832
39 8.854633
40 8.502631
41 8.150693
42 7.799609
43 7.450349
44 7.104189
45 6.762693
46 6.427592
47 6.100628
48 5.783434
49 5.477465
50 5.183947
51 4.903832
52 4.637766
53 4.386083
54 4.148855
55 3.925943
56 3.717071
57 3.521873
58 3.339921
59 3.170737
60 3.013796
61 2.868535
62 2.734359
63 2.610649
64 2.496775
65 2.392094
66 2.295959
67 2.207720
68 2.126732
69 2.052360
70 1.983983
71 1.921009
72 1.862876
73 1.809065
74 1.759097
75 1.712544
76 1.669022
77 1.628196
78 1.589776
79 1.553511
80 1.519188
81 1.486627
82 1.455673
83 1.426198
84 1.398092
85 1.371260
86 1.345625
87 1.321115
88 1.297671
89 1.275240
90 1.253773
91 1.233227
92 1.213562
93 1.194742
94 1.176730
95 1.159495
96 1.143004
97 1.127227
98 1.112135
99 1.097700
100 1.083895
101 1.070694
102 1.058070
103 1.046000
104 1.034459
105 1.023425
106 1.012875
107 1.002789
108 0.993144
109 0.983923
110 0.975106
111 0.966675
112 0.958614
113 0.950905
114 0.943534
115 0.936486
116 0.929747
117 0.923303
118 0.917144
119 0.911256
120 0.905629
121 0.900252
122 0.895116
123 0.890212
124 0.885531
125 0.881064
126 0.876805
127 0.872746
128 0.868881
129 0.865202
130 0.861705
131 0.858383
132 0.855231
133 0.852245
134 0.849418
135 0.846748
136 0.844229
137 0.841858
138 0.839630
139 0.837542
140 0.835591
141 0.833772
142 0.832083
143 0.830521
144 0.829082
145 0.827764
146 0.826563
147 0.825477
148 0.824504
149 0.823640
150 0.822882
151 0.822230
152 0.821679
153 0.821227
154 0.820873
155 0.820614
156 0.820448
157 0.820371
158 0.820383
159 0.820481
160 0.820663
161 0.820927
162 0.821270
163 0.821691
164 0.822188
165 0.822759
166 0.823401
167 0.824114
168 0.824894
169 0.825741
170 0.826652
171 0.827626
172 0.828661
173 0.829755
174 0.830907
175 0.832115
176 0.833377
177 0.834692
178 0.836059
179 0.837474
180 0.838939
181 0.840449
182 0.842006
183 0.843606
184 0.845248
185 0.846932
186 0.848656
187 0.850418
188 0.852217
189 0.854052
190 0.855922
191 0.857826
192 0.859761
193 0.861728
194 0.863724
195 0.865749
196 0.867801
197 0.869880
198 0.871984
199 0.874111
200 0.876261
201 0.878433
202 0.880625
203 0.882836
204 0.885066
205 0.887312
206 0.889573
207 0.891849
208 0.894138
209 0.896439
210 0.898751
211 0.901071
212 0.903400
213 0.905735
214 0.908076
215 0.910420
216 0.912767
217 0.915115
218 0.917462
219 0.919808
220 0.922149
221 0.924486
222 0.926816
223 0.929138
224 0.931450
225 0.933751
226 0.936038
227 0.938311
228 0.940567
229 0.942805
230 0.945023
231 0.947219
232 0.949392
233 0.951541
234 0.953662
235 0.955756
236 0.957820
237 0.959854
238 0.961854
239 0.963821
240 0.965753
241 0.967649
242 0.969507
243 0.971328
244 0.973110
245 0.974853
246 0.976557
247 0.978220
248 0.979845
249 0.981429
250 0.982975
251 0.984482
252 0.985952
253 0.987385
254 0.988782
255 0.990145
256 0.991474
257 0.992771
258 0.994036
259 0.995272
260 0.996478
261 0.997656
262 0.998806
263 0.999927
264 1.001020
265 1.002084
266 1.003119
267 1.004122
268 1.005092
269 1.006027
270 1.006926
271 1.007786
272 1.008604
273 1.009378
274 1.010106
275 1.010786
276 1.011415
277 1.011992
278 1.012515
279 1.012983
280 1.013397
281 1.013754
282 1.014056
283 1.014302
284 1.014494
285 1.014632
286 1.014718
287 1.014752
288 1.014736
289 1.014671
290 1.014559
291 1.014400
292 1.014196
293 1.013948
294 1.013657
295 1.013324
296 1.012950
297 1.012537
298 1.012086
299 1.011597
300 1.011072
301 1.010513
302 1.009920
303 1.009296
304 1.008642
305 1.007960
306 1.007252
307 1.006519
308 1.005764
309 1.004988
310 1.004195
311 1.003385
312 1.002562
313 1.001727
314 1.000883
315 1.000031
316 0.999174
317 0.998313
318 0.997451
319 0.996590
320 0.995730
321 0.994875
322 0.994024
323 0.993180
324 0.992344
325 0.991517
326 0.990700
327 0.989895
328 0.989102
329 0.988321
330 0.987554
331 0.986802
332 0.986064
333 0.985341
334 0.984634
335 0.983943
336 0.983268
337 0.982609
338 0.981967
339 0.981342
340 0.980733
341 0.980141
342 0.979565
343 0.979006
344 0.978463
345 0.977937
346 0.977427
347 0.976933
348 0.976455
349 0.975993
350 0.975546
351 0.975114
352 0.974698
353 0.974296
354 0.973909
355 0.973535
356 0.973176
357 0.972831
358 0.972499
359 0.972181
360 0.971875
361 0.971582
362 0.971301
363 0.971033
364 0.970777
365 0.970532
366 0.970298
367 0.970076
368 0.969865
369 0.969664
370 0.969474
371 0.969294
372 0.969124
373 0.968963
374 0.968812
375 0.968671
376 0.968538
377 0.968415
378 0.968300
379 0.968193
380 0.968095
381 0.968004
382 0.967922
383 0.967847
384 0.967780
385 0.967720
386 0.967667
387 0.967621
388 0.967582
389 0.967549
390 0.967523
391 0.967504
392 0.967490
393 0.967483
394 0.967481
395 0.967485
396 0.967495
397 0.967510
398 0.967530
399 0.967556
400 0.967586
401 0.967622
402 0.967662
403 0.967707
404 0.967756
405 0.967810
406 0.967868
407 0.967930
408 0.967997
409 0.968067
410 0.968141
411 0.968219
412 0.968300
413 0.968385
414 0.968473
415 0.968565
416 0.968660
417 0.968758
418 0.968858
419 0.968962
420 0.969069
421 0.969178
422 0.969290
423 0.969404
424 0.969521
425 0.969640
426 0.969761
427 0.969884
428 0.970010
429 0.970137
430 0.970267
431 0.970398
432 0.970531
433 0.970665
434 0.970801
435 0.970938
436 0.971077
437 0.971217
438 0.971359
439 0.971501
440 0.971645
441 0.971789
442 0.971935
443 0.972081
444 0.972228
445 0.972376
446 0.972525
447 0.972674
448 0.972823
449 0.972973
450 0.973124
451 0.973274
452 0.973425
453 0.973576
454 0.973728
455 0.973879
456 0.974030
457 0.974181
458 0.974333
459 0.974484
460 0.974634
461 0.974785
462 0.974935
463 0.975085
464 0.975235
465 0.975384
466 0.975532
467 0.975680
468 0.975827
469 0.975974
470 0.976120
471 0.976266
472 0.976410
473 0.976554
474 0.976697
475 0.976839
476 0.976980
477 0.977121
478 0.977260
479 0.977399
480 0.977536
481 0.977672
482 0.977808
483 0.977942
484 0.978075
485 0.978207
486 0.978337
487 0.978467
488 0.978595
489 0.978723
490 0.978849
491 0.978973
492 0.979097
493 0.979219
494 0.979339
495 0.979459
496 0.979577
497 0.979694
498 0.979809
499 0.979923
500 0.980036
501 0.980147
502 0.980257
503 0.980365
504 0.980472
505 0.980578
506 0.980682
507 0.980785
508 0.980887
509 0.980986
510 0.981085
511 0.981182
512 0.981278
513 0.981372
514 0.981465
515 0.981556
516 0.981646
517 0.981734
518 0.981821
519 0.981907
520 0.981991
521 0.982073
522 0.982154
523 0.982234
524 0.982313
525 0.982389
526 0.982465
527 0.982539
528 0.982612
529 0.982683
530 0.982753
531 0.982821
532 0.982888
533 0.982954
534 0.983018
535 0.983081
536 0.983142
537 0.983202
538 0.983261
539 0.983318
540 0.983374
541 0.983429
542 0.983482
543 0.983534
544 0.983585
545 0.983634
546 0.983682
547 0.983729
548 0.983775
549 0.983819
550 0.983862
551 0.983903
552 0.983943
553 0.983982
554 0.984020
555 0.984057
556 0.984092
557 0.984126
558 0.984158
559 0.984190
560 0.984220
561 0.984249
562 0.984277
563 0.984304
564 0.984329
565 0.984353
566 0.984376
567 0.984398
568 0.984419
569 0.984438
570 0.984457
571 0.984474
572 0.984490
573 0.984505
574 0.984519
575 0.984531
576 0.984543
577 0.984553
578 0.984562
579 0.984570
580 0.984577
581 0.984583
582 0.984588
583 0.984591
584 0.984594
585 0.984595
586 0.984596
587 0.984595
588 0.984593
589 0.984590
590 0.984586
591 0.984581
592 0.984575
593 0.984568
594 0.984559
595 0.984550
596 0.984540
597 0.984528
598 0.984516
599 0.984502
600 0.984487
601 0.984472
602 0.984455
603 0.984437
604 0.984419
605 0.984399
606 0.984378
607 0.984356
608 0.984333
609 0.984309
610 0.984284
611 0.984258
612 0.984231
613 0.984203
614 0.984174
615 0.984144
616 0.984113
617 0.984081
618 0.984048
619 0.984014
620 0.983979
621 0.983942
622 0.983905
623 0.983867
624 0.983828
625 0.983788
626 0.983746
627 0.983704
628 0.983661
629 0.983617
630 0.983571
631 0.983525
632 0.983478
633 0.983429
634 0.983380
635 0.983330
636 0.983278
637 0.983226
638 0.983172
639 0.983118
640 0.983063
641 0.983006
642 0.982949
643 0.982890
644 0.982831
645 0.982770
646 0.982708
647 0.982646
648 0.982582
649 0.982517
650 0.982452
651 0.982385
652 0.982317
653 0.982248
654 0.982178
655 0.982107
656 0.982035
657 0.981962
658 0.981888
659 0.981813
660 0.981737
661 0.981660
662 0.981582
663 0.981502
664 0.981422
665 0.981340
666 0.981258
667 0.981174
668 0.981089
669 0.981004
670 0.980917
671 0.980829
672 0.980740
673 0.980649
674 0.980558
675 0.980466
676 0.980372
677 0.980278
678 0.980182
679 0.980085
680 0.979987
681 0.979888
682 0.979788
683 0.979686
684 0.979584
685 0.979480
686 0.979375
687 0.979269
688 0.979162
689 0.979054
690 0.978944
691 0.978833
692 0.978721
693 0.978608
694 0.978494
695 0.978378
696 0.978261
697 0.978143
698 0.978024
699 0.977904
700 0.977782
701 0.977659
702 0.977534
703 0.977409
704 0.977282
705 0.977154
706 0.977024
707 0.976893
708 0.976761
709 0.976628
710 0.976493
711 0.976356
712 0.976219
713 0.976080
714 0.975939
715 0.975797
716 0.975654
717 0.975509
718 0.975363
719 0.975215
720 0.975066
721 0.974915
722 0.974763
723 0.974609
724 0.974453
725 0.974296
726 0.974138
727 0.973977
728 0.973815
729 0.973652
730 0.973486
731 0.973319
732 0.973150
733 0.972979
734 0.972807
735 0.972632
736 0.972456
737 0.972278
738 0.972098
739 0.971916
740 0.971732
741 0.971545
742 0.971357
743 0.971167
744 0.970974
745 0.970779
746 0.970582
747 0.970383
748 0.970181
749 0.969977
750 0.969770
751 0.969561
752 0.969349
753 0.969135
754 0.968918
755 0.968698
756 0.968475
757 0.968249
758 0.968021
759 0.967789
760 0.967554
761 0.967316
762 0.967075
763 0.966830
764 0.966582
765 0.966330
766 0.966074
767 0.965815
768 0.965552
769 0.965285
770 0.965013
771 0.964738
772 0.964458
773 0.964174
774 0.963885
775 0.963591
776 0.963293
777 0.962990
778 0.962681
779 0.962367
780 0.962048
781 0.961723
782 0.961393
783 0.961057
784 0.960715
785 0.960367
786 0.960012
787 0.959651
788 0.959284
789 0.958910
790 0.958529
791 0.958142
792 0.957747
793 0.957346
794 0.956937
795 0.956521
796 0.956097
797 0.955667
798 0.955229
799 0.954784
800 0.954331
801 0.953871
802 0.953404
803 0.952929
804 0.952448
805 0.951960
806 0.951465
807 0.950964
808 0.950456
809 0.949943
810 0.949423
811 0.948899
812 0.948369
813 0.947834
814 0.947296
815 0.946753
816 0.946207
817 0.945658
818 0.945106
819 0.944552
820 0.943996
821 0.943439
822 0.942881
823 0.942323
824 0.941764
825 0.941205
826 0.940647
827 0.940090
828 0.939534
829 0.938979
830 0.938426
831 0.937874
832 0.937325
833 0.936778
834 0.936233
835 0.935691
836 0.935151
837 0.934614
838 0.934080
839 0.933548
840 0.933019
841 0.932492
842 0.931968
843 0.931447
844 0.930929
845 0.930412
846 0.929899
847 0.929387
848 0.928878
849 0.928371
850 0.927866
851 0.927363
852 0.926861
853 0.926361
854 0.925863
855 0.925366
856 0.924871
857 0.924376
858 0.923883
859 0.923390
860 0.922899
861 0.922407
862 0.921917
863 0.921426
864 0.920936
865 0.920446
866 0.919956
867 0.919466
868 0.918975
869 0.918485
870 0.917994
871 0.917502
872 0.917010
873 0.916518
874 0.916025
875 0.915531
876 0.915036
877 0.914540
878 0.914044
879 0.913547
880 0.913048
881 0.912549
882 0.912049
883 0.911548
884 0.911045
885 0.910542
886 0.910038
887 0.909532
888 0.909026
889 0.908518
890 0.908009
891 0.907499
892 0.906989
893 0.906477
894 0.905963
895 0.905449
896 0.904934
897 0.904417
898 0.903900
899 0.903381
900 0.902862
901 0.902341
902 0.901819
903 0.901297
904 0.900773
905 0.900248
906 0.899722
907 0.899196
908 0.898668
909 0.898139
910 0.897609
911 0.897078
912 0.896547
913 0.896014
914 0.895480
915 0.894946
916 0.894410
917 0.893874
918 0.893336
919 0.892798
920 0.892259
921 0.891719
922 0.891178
923 0.890636
924 0.890094
925 0.889550
926 0.889006
927 0.888461
928 0.887915
929 0.887368
930 0.886820
931 0.886272
932 0.885723
933 0.885173
934 0.884622
935 0.884070
936 0.883518
937 0.882965
938 0.882411
939 0.881857
940 0.881302
941 0.880746
942 0.880189
943 0.879631
944 0.879073
945 0.878515
946 0.877955
947 0.877395
948 0.876834
949 0.876273
950 0.875711
951 0.875148
952 0.874585
953 0.874021
954 0.873457
955 0.872892
956 0.872326
957 0.871760
958 0.871194
959 0.870626
960 0.870059
961 0.869490
962 0.868922
963 0.868352
964 0.867783
965 0.867212
966 0.866642
967 0.866071
968 0.865499
969 0.864927
970 0.864355
971 0.863782
972 0.863209
973 0.862635
974 0.862061
975 0.861487
976 0.860912
977 0.860337
978 0.859762
979 0.859186
980 0.858611
981 0.858034
982 0.857458
983 0.856881
984 0.856304
985 0.855727
986 0.855149
987 0.854572
988 0.853994
989 0.853416
990 0.852837
991 0.852259
992 0.851680
993 0.851102
994 0.850523
995 0.849944
996 0.849364
997 0.848785
998 0.848206
999 0.847626
1000 0.847047
1001 0.846467
1002 0.845887
1003 0.845308
1004 0.844728
1005 0.844148
1006 0.843568
1007 0.842988
1008 0.842409
1009 0.841829
1010 0.841249
1011 0.840669
1012 0.840089
1013 0.839510
1014 0.838930
1015 0.838351
1016 0.837771
1017 0.837192
1018 0.836612
1019 0.836033
1020 0.835454
1021 0.834875
1022 0.834296
1023 0.833718
1024 0.833139
1025 0.832561
1026 0.831982
1027 0.831404
1028 0.830826
1029 0.830249
1030 0.829671
1031 0.829094
1032 0.828517
1033 0.827940
1034 0.827363
1035 0.826787
1036 0.826210
1037 0.825634
1038 0.825059
1039 0.824483
1040 0.823908
1041 0.823333
1042 0.822758
1043 0.822184
1044 0.821610
1045 0.821036
1046 0.820462
1047 0.819889
1048 0.819316
1049 0.818744
1050 0.818172
1051 0.817600
1052 0.817028
1053 0.816457
1054 0.815886
1055 0.815315
1056 0.814745
1057 0.814175
1058 0.813606
1059 0.813037
1060 0.812468
1061 0.811900
1062 0.811332
1063 0.810764
1064 0.810197
1065 0.809630
1066 0.809064
1067 0.808498
1068 0.807933
1069 0.807367
1070 0.806803
1071 0.806239
1072 0.805675
1073 0.805112
1074 0.804549
1075 0.803986
1076 0.803424
1077 0.802863
1078 0.802302
1079 0.801741
1080 0.801181
1081 0.800621
1082 0.800062
1083 0.799504
1084 0.798946
1085 0.798388
1086 0.797831
1087 0.797274
1088 0.796718
1089 0.796162
1090 0.795607
1091 0.795053
1092 0.794499
1093 0.793945
1094 0.793392
1095 0.792840
1096 0.792288
1097 0.791737
1098 0.791186
1099 0.790636
1100 0.790086
1101 0.789537
1102 0.788988
1103 0.788440
1104 0.787893
1105 0.787346
1106 0.786800
1107 0.786254
1108 0.785709
1109 0.785165
1110 0.784621
1111 0.784077
1112 0.783535
1113 0.782993
1114 0.782451
1115 0.781910
1116 0.781370
1117 0.780830
1118 0.780292
1119 0.779753
1120 0.779215
1121 0.778678
1122 0.778142
1123 0.777606
1124 0.777071
1125 0.776536
1126 0.776003
1127 0.775469
1128 0.774937
1129 0.774405
1130 0.773874
1131 0.773343
1132 0.772813
1133 0.772284
1134 0.771756
1135 0.771228
1136 0.770701
1137 0.770174
1138 0.769649
1139 0.769123
1140 0.768599
1141 0.768075
1142 0.767552
1143 0.767030
1144 0.766509
1145 0.765988
1146 0.765468
1147 0.764948
1148 0.764430
1149 0.763912
1150 0.763395
1151 0.762878
1152 0.762362
1153 0.761847
1154 0.761333
1155 0.760820
1156 0.760307
1157 0.759795
1158 0.759283
1159 0.758773
1160 0.758263
1161 0.757754
1162 0.757246
1163 0.756739
1164 0.756232
1165 0.755726
1166 0.755221
1167 0.754716
1168 0.754213
1169 0.753710
1170 0.753208
1171 0.752707
1172 0.752206
1173 0.751706
1174 0.751207
1175 0.750709
1176 0.750212
1177 0.749716
1178 0.749220
1179 0.748725
1180 0.748231
1181 0.747738
1182 0.747245
1183 0.746753
1184 0.746263
1185 0.745773
1186 0.745283
1187 0.744795
1188 0.744307
1189 0.743821
1190 0.743335
1191 0.742850
1192 0.742365
1193 0.741882
1194 0.741399
1195 0.740917
1196 0.740437
1197 0.739956
1198 0.739477
1199 0.738999
1200 0.738521
1201 0.738044
1202 0.737569
1203 0.737094
1204 0.736619
1205 0.736146
1206 0.735674
1207 0.735202
1208 0.734731
1209 0.734261
1210 0.733792
1211 0.733324
1212 0.732857
1213 0.732390
1214 0.731925
1215 0.731460
1216 0.730996
1217 0.730533
1218 0.730071
1219 0.729609
1220 0.729149
1221 0.728689
1222 0.728231
1223 0.727773
1224 0.727316
1225 0.726860
1226 0.726405
1227 0.725951
1228 0.725497
1229 0.725045
1230 0.724593
1231 0.724142
1232 0.723692
1233 0.723243
1234 0.722795
1235 0.722348
1236 0.721901
1237 0.721456
1238 0.721011
1239 0.720567
1240 0.720125
1241 0.719683
1242 0.719241
1243 0.718801
1244 0.718362
1245 0.717924
1246 0.717486
1247 0.717049
1248 0.716614
1249 0.716179
1250 0.715745
1251 0.715312
1252 0.714879
1253 0.714448
1254 0.714018
1255 0.713588
1256 0.713159
1257 0.712732
1258 0.712305
1259 0.711879
1260 0.711453
1261 0.711029
1262 0.710606
1263 0.710183
1264 0.709762
1265 0.709341
1266 0.708921
1267 0.708502
1268 0.708084
1269 0.707667
1270 0.707251
1271 0.706836
1272 0.706421
1273 0.706008
1274 0.705595
1275 0.705183
1276 0.704772
1277 0.704362
1278 0.703953
1279 0.703545
1280 0.703137
1281 0.702731
1282 0.702325
1283 0.701920
1284 0.701516
1285 0.701113
1286 0.700711
1287 0.700310
1288 0.699910
1289 0.699510
1290 0.699111
1291 0.698714
1292 0.698317
1293 0.697921
1294 0.697526
1295 0.697131
1296 0.696738
1297 0.696346
1298 0.695954
1299 0.695563
1300 0.695173
1301 0.694784
1302 0.694396
1303 0.694009
1304 0.693622
1305 0.693237
1306 0.692852
1307 0.692468
1308 0.692085
1309 0.691703
1310 0.691322
1311 0.690941
1312 0.690562
1313 0.690183
1314 0.689805
1315 0.689428
1316 0.689052
1317 0.688677
1318 0.688303
1319 0.687929
1320 0.687556
1321 0.687184
1322 0.686813
1323 0.686443
1324 0.686074
1325 0.685705
1326 0.685338
1327 0.684971
1328 0.684605
1329 0.684240
1330 0.683875
1331 0.683512
1332 0.683149
1333 0.682787
1334 0.682426
1335 0.682066
1336 0.681707
1337 0.681349
1338 0.680991
1339 0.680634
1340 0.680278
1341 0.679923
1342 0.679568
1343 0.679215
1344 0.678862
1345 0.678510
1346 0.678159
1347 0.677809
1348 0.677459
1349 0.677111
1350 0.676763
1351 0.676416
1352 0.676069
1353 0.675724
1354 0.675379
1355 0.675036
1356 0.674693
1357 0.674350
1358 0.674009
1359 0.673668
1360 0.673328
1361 0.672989
1362 0.672651
1363 0.672314
1364 0.671977
1365 0.671641
1366 0.671306
1367 0.670972
1368 0.670638
1369 0.670305
1370 0.669973
1371 0.669642
1372 0.669312
1373 0.668982
1374 0.668653
1375 0.668325
1376 0.667998
1377 0.667671
1378 0.667345
1379 0.667020
1380 0.666696
1381 0.666372
1382 0.666050
1383 0.665728
1384 0.665406
1385 0.665086
1386 0.664766
1387 0.664447
1388 0.664129
1389 0.663812
1390 0.663495
1391 0.663179
1392 0.662864
1393 0.662549
1394 0.662235
1395 0.661922
1396 0.661610
1397 0.661299
1398 0.660988
1399 0.660678
1400 0.660369
1401 0.660060
1402 0.659752
1403 0.659445
1404 0.659139
1405 0.658833
1406 0.658528
1407 0.658224
1408 0.657920
1409 0.657617
1410 0.657315
1411 0.657014
1412 0.656713
1413 0.656413
1414 0.656114
1415 0.655815
1416 0.655518
1417 0.655220
1418 0.654924
1419 0.654628
1420 0.654333
1421 0.654039
1422 0.653745
1423 0.653452
1424 0.653160
1425 0.652869
1426 0.652578
1427 0.652287
1428 0.651998
1429 0.651709
1430 0.651421
1431 0.651134
1432 0.650847
1433 0.650561
1434 0.650275
1435 0.649991
1436 0.649707
1437 0.649423
1438 0.649141
1439 0.648858
1440 0.648577
1441 0.648296
1442 0.648016
1443 0.647737
1444 0.647458
1445 0.647180
1446 0.646903
1447 0.646626
1448 0.646350
1449 0.646074
1450 0.645800
1451 0.645526
1452 0.645252
1453 0.644979
1454 0.644707
1455 0.644435
1456 0.644165
1457 0.643894
1458 0.643625
1459 0.643356
1460 0.643087
1461 0.642820
1462 0.642552
1463 0.642286
1464 0.642020
1465 0.641755
1466 0.641490
1467 0.641226
1468 0.640963
1469 0.640700
1470 0.640438
1471 0.640177
1472 0.639916
1473 0.639656
1474 0.639396
1475 0.639137
1476 0.638879
1477 0.638621
1478 0.638364
1479 0.638107
1480 0.637851
1481 0.637596
1482 0.637341
1483 0.637087
1484 0.636833
1485 0.636580
1486 0.636328
1487 0.636076
1488 0.635825
1489 0.635574
1490 0.635324
1491 0.635075
1492 0.634826
1493 0.634578
1494 0.634330
1495 0.634083
1496 0.633837
1497 0.633591
1498 0.633346
1499 0.633101
1500 0.632857
1501 0.632613
1502 0.632370
1503 0.632128
1504 0.631886
1505 0.631644
1506 0.631404
1507 0.631163
1508 0.630924
1509 0.630685
1510 0.630446
1511 0.630208
1512 0.629971
1513 0.629734
1514 0.629498
1515 0.629262
1516 0.629027
1517 0.628792
1518 0.628558
1519 0.628325
1520 0.628092
1521 0.627860
1522 0.627628
1523 0.627396
1524 0.627166
1525 0.626935
1526 0.626706
1527 0.626477
1528 0.626248
1529 0.626020
1530 0.625792
1531 0.625565
1532 0.625339
1533 0.625113
1534 0.624887
1535 0.624663
1536 0.624438
1537 0.624214
1538 0.623991
1539 0.623768
1540 0.623546
1541 0.623324
1542 0.623103
1543 0.622882
1544 0.622662
1545 0.622442
1546 0.622223
1547 0.622005
1548 0.621786
1549 0.621569
1550 0.621352
1551 0.621135
1552 0.620919
1553 0.620703
1554 0.620488
1555 0.620274
1556 0.620060
1557 0.619846
1558 0.619633
1559 0.619420
1560 0.619208
1561 0.618997
1562 0.618785
1563 0.618575
1564 0.618365
1565 0.618155
1566 0.617946
1567 0.617737
1568 0.617529
1569 0.617321
1570 0.617114
1571 0.616907
1572 0.616701
1573 0.616495
1574 0.616290
1575 0.616085
1576 0.615881
1577 0.615677
1578 0.615474
1579 0.615271
1580 0.615068
1581 0.614866
1582 0.614665
1583 0.614464
1584 0.614263
1585 0.614063
1586 0.613864
1587 0.613664
1588 0.613466
1589 0.613267
1590 0.613070
1591 0.612872
1592 0.612676
1593 0.612479
1594 0.612283
1595 0.612088
1596 0.611893
1597 0.611698
1598 0.611504
1599 0.611310
1600 0.611117
1601 0.610924
1602 0.610732
1603 0.610540
1604 0.610349
1605 0.610158
1606 0.609967
1607 0.609777
1608 0.609587
1609 0.609398
1610 0.609209
1611 0.609021
1612 0.608833
1613 0.608646
1614 0.608459
1615 0.608272
1616 0.608086
1617 0.607900
1618 0.607715
1619 0.607530
1620 0.607346
1621 0.607162
1622 0.606978
1623 0.606795
1624 0.606612
1625 0.606430
1626 0.606248
1627 0.606066
1628 0.605885
1629 0.605705
1630 0.605525
1631 0.605345
1632 0.605165
1633 0.604986
1634 0.604808
1635 0.604630
1636 0.604452
1637 0.604275
1638 0.604098
1639 0.603921
1640 0.603745
1641 0.603570
1642 0.603394
1643 0.603220
1644 0.603045
1645 0.602871
1646 0.602697
1647 0.602524
1648 0.602351
1649 0.602179
1650 0.602007
1651 0.601835
1652 0.601664
1653 0.601493
1654 0.601323
1655 0.601153
1656 0.600983
1657 0.600814
1658 0.600645
1659 0.600476
1660 0.600308
1661 0.600141
1662 0.599973
1663 0.599806
1664 0.599640
1665 0.599474
1666 0.599308
1667 0.599143
1668 0.598978
1669 0.598813
1670 0.598649
1671 0.598485
1672 0.598321
1673 0.598158
1674 0.597996
1675 0.597833
1676 0.597671
1677 0.597510
1678 0.597349
1679 0.597188
1680 0.597027
1681 0.596867
1682 0.596707
1683 0.596548
1684 0.596389
1685 0.596230
1686 0.596072
1687 0.595914
1688 0.595757
1689 0.595600
1690 0.595443
1691 0.595286
1692 0.595130
1693 0.594975
1694 0.594819
1695 0.594664
1696 0.594510
1697 0.594356
1698 0.594202
1699 0.594048
1700 0.593895
1701 0.593742
1702 0.593590
1703 0.593437
1704 0.593286
1705 0.593134
1706 0.592983
1707 0.592832
1708 0.592682
1709 0.592532
1710 0.592382
1711 0.592233
1712 0.592084
1713 0.591935
1714 0.591787
1715 0.591639
1716 0.591492
1717 0.591344
1718 0.591197
1719 0.591051
1720 0.590905
1721 0.590759
1722 0.590613
1723 0.590468
1724 0.590323
1725 0.590179
1726 0.590034
1727 0.589890
1728 0.589747
1729 0.589604
1730 0.589461
1731 0.589318
1732 0.589176
1733 0.589034
1734 0.588893
1735 0.588751
1736 0.588611
1737 0.588470
1738 0.588330
1739 0.588190
1740 0.588050
1741 0.587911
1742 0.587772
1743 0.587634
1744 0.587495
1745 0.587357
1746 0.587220
1747 0.587082
1748 0.586945
1749 0.586809
1750 0.586672
1751 0.586536
1752 0.586400
1753 0.586265
1754 0.586130
1755 0.585995
1756 0.585861
1757 0.585726
1758 0.585593
1759 0.585459
1760 0.585326
1761 0.585193
1762 0.585060
1763 0.584928
1764 0.584796
1765 0.584664
1766 0.584533
1767 0.584402
1768 0.584271
1769 0.584141
1770 0.584011
1771 0.583881
1772 0.583751
1773 0.583622
1774 0.583493
1775 0.583364
1776 0.583236
1777 0.583108
1778 0.582980
1779 0.582853
1780 0.582726
1781 0.582599
1782 0.582472
1783 0.582346
1784 0.582220
1785 0.582095
1786 0.581969
1787 0.581844
1788 0.581719
1789 0.581595
1790 0.581471
1791 0.581347
1792 0.581223
1793 0.581100
1794 0.580977
1795 0.580854
1796 0.580732
1797 0.580609
1798 0.580488
1799 0.580366
1800 0.580245
1801 0.580124
1802 0.580003
1803 0.579882
1804 0.579762
1805 0.579642
1806 0.579523
1807 0.579403
1808 0.579284
1809 0.579166
1810 0.579047
1811 0.578929
1812 0.578811
1813 0.578693
1814 0.578576
1815 0.578459
1816 0.578342
1817 0.578226
1818 0.578109
1819 0.577993
1820 0.577878
1821 0.577762
1822 0.577647
1823 0.577532
1824 0.577417
1825 0.577303
1826 0.577189
1827 0.577075
1828 0.576962
1829 0.576848
1830 0.576735
1831 0.576623
1832 0.576510
1833 0.576398
1834 0.576286
1835 0.576174
1836 0.576063
1837 0.575952
1838 0.575841
1839 0.575730
1840 0.575620
1841 0.575510
1842 0.575400
1843 0.575290
1844 0.575181
1845 0.575072
1846 0.574963
1847 0.574854
1848 0.574746
1849 0.574638
1850 0.574530
1851 0.574423
1852 0.574316
1853 0.574209
1854 0.574102
1855 0.573995
1856 0.573889
1857 0.573783
1858 0.573677
1859 0.573572
1860 0.573467
1861 0.573362
1862 0.573257
1863 0.573153
1864 0.573048
1865 0.572944
1866 0.572841
1867 0.572737
1868 0.572634
1869 0.572531
1870 0.572428
1871 0.572326
1872 0.572223
1873 0.572121
1874 0.572020
1875 0.571918
1876 0.571817
1877 0.571716
1878 0.571615
1879 0.571515
1880 0.571414
1881 0.571314
1882 0.571214
1883 0.571115
1884 0.571015
1885 0.570916
1886 0.570817
1887 0.570719
1888 0.570620
1889 0.570522
1890 0.570424
1891 0.570327
1892 0.570229
1893 0.570132
1894 0.570035
1895 0.569938
1896 0.569842
1897 0.569746
1898 0.569650
1899 0.569554
1900 0.569458
1901 0.569363
1902 0.569268
1903 0.569173
1904 0.569078
1905 0.568984
1906 0.568890
1907 0.568796
1908 0.568702
1909 0.568609
1910 0.568515
1911 0.568422
1912 0.568329
1913 0.568237
1914 0.568144
1915 0.568052
1916 0.567960
1917 0.567869
1918 0.567777
1919 0.567686
1920 0.567595
1921 0.567504
1922 0.567414
1923 0.567323
1924 0.567233
1925 0.567143
1926 0.567054
1927 0.566964
1928 0.566875
1929 0.566786
1930 0.566697
1931 0.566608
1932 0.566520
1933 0.566432
1934 0.566344
1935 0.566256
1936 0.566169
1937 0.566081
1938 0.565994
1939 0.565908
1940 0.565821
1941 0.565735
1942 0.565648
1943 0.565562
1944 0.565477
1945 0.565391
1946 0.565306
1947 0.565220
1948 0.565136
1949 0.565051
1950 0.564966
1951 0.564882
1952 0.564798
1953 0.564714
1954 0.564630
1955 0.564547
1956 0.564464
1957 0.564381
1958 0.564298
1959 0.564215
1960 0.564133
1961 0.564050
1962 0.563968
1963 0.563887
1964 0.563805
1965 0.563724
1966 0.563642
1967 0.563561
1968 0.563481
1969 0.563400
1970 0.563320
1971 0.563240
1972 0.563160
1973 0.563080
1974 0.563000
1975 0.562921
1976 0.562842
1977 0.562763
1978 0.562684
1979 0.562605
1980 0.562527
1981 0.562449
1982 0.562371
1983 0.562293
1984 0.562216
1985 0.562138
1986 0.562061
1987 0.561984
1988 0.561907
1989 0.561831
1990 0.561754
1991 0.561678
1992 0.561602
1993 0.561526
1994 0.561451
1995 0.561375
1996 0.561300
1997 0.561225
1998 0.561150
1999 0.561076
2000 0.561001
2001 0.560927
2002 0.560853
2003 0.560779
2004 0.560705
2005 0.560632
2006 0.560558
2007 0.560485
2008 0.560412
2009 0.560340
2010 0.560267
2011 0.560195
2012 0.560123
2013 0.560051
2014 0.559979
2015 0.559907
2016 0.559836
2017 0.559765
2018 0.559694
2019 0.559623
2020 0.559552
2021 0.559481
2022 0.559411
2023 0.559341
2024 0.559271
2025 0.559201
2026 0.559132
2027 0.559062
2028 0.558993
2029 0.558924
2030 0.558855
2031 0.558787
2032 0.558718
2033 0.558650
2034 0.558582
2035 0.558514
2036 0.558446
2037 0.558379
2038 0.558311
2039 0.558244
2040 0.558177
2041 0.558110
2042 0.558044
2043 0.557977
2044 0.557911
2045 0.557845
2046 0.557779
2047 0.557713
2048 0.557647
2049 0.557582
2050 0.557517
2051 0.557452
2052 0.557387
2053 0.557322
2054 0.557258
2055 0.557193
2056 0.557129
2057 0.557065
2058 0.557001
2059 0.556938
2060 0.556874
2061 0.556811
2062 0.556748
2063 0.556685
2064 0.556622
2065 0.556559
2066 0.556497
2067 0.556435
2068 0.556372
2069 0.556311
2070 0.556249
2071 0.556187
2072 0.556126
2073 0.556065
2074 0.556004
2075 0.555943
2076 0.555882
2077 0.555821
2078 0.555761
2079 0.555701
2080 0.555641
2081 0.555581
2082 0.555521
2083 0.555461
2084 0.555402
2085 0.555343
2086 0.555284
2087 0.555225
2088 0.555166
2089 0.555108
2090 0.555049
2091 0.554991
2092 0.554933
2093 0.554875
2094 0.554817
2095 0.554760
2096 0.554703
2097 0.554645
2098 0.554588
2099 0.554531
2100 0.554475
2101 0.554418
2102 0.554362
2103 0.554305
2104 0.554249
2105 0.554193
2106 0.554138
2107 0.554082
2108 0.554027
2109 0.553971
2110 0.553916
2111 0.553861
2112 0.553807
2113 0.553752
2114 0.553698
2115 0.553643
2116 0.553589
2117 0.553535
2118 0.553481
2119 0.553428
2120 0.553374
2121 0.553321
2122 0.553268
2123 0.553215
2124 0.553162
2125 0.553109
2126 0.553057
2127 0.553004
2128 0.552952
2129 0.552900
2130 0.552848
2131 0.552796
2132 0.552745
2133 0.552693
2134 0.552642
2135 0.552591
2136 0.552540
2137 0.552489
2138 0.552438
2139 0.552388
2140 0.552338
2141 0.552287
2142 0.552237
2143 0.552187
2144 0.552138
2145 0.552088
2146 0.552039
2147 0.551989
2148 0.551940
2149 0.551891
2150 0.551843
2151 0.551794
2152 0.551746
2153 0.551697
2154 0.551649
2155 0.551601
2156 0.551553
2157 0.551505
2158 0.551458
2159 0.551410
2160 0.551363
2161 0.551316
2162 0.551269
2163 0.551222
2164 0.551176
2165 0.551129
2166 0.551083
2167 0.551036
2168 0.550990
2169 0.550944
2170 0.550899
2171 0.550853
2172 0.550808
2173 0.550762
2174 0.550717
2175 0.550672
2176 0.550627
2177 0.550583
2178 0.550538
2179 0.550494
2180 0.550449
2181 0.550405
2182 0.550361
2183 0.550317
2184 0.550274
2185 0.550230
2186 0.550187
2187 0.550144
2188 0.550101
2189 0.550058
2190 0.550015
2191 0.549972
2192 0.549930
2193 0.549887
2194 0.549845
2195 0.549803
2196 0.549761
2197 0.549719
2198 0.549678
2199 0.549636
2200 0.549595
2201 0.549554
2202 0.549513
2203 0.549472
2204 0.549431
2205 0.549391
2206 0.549350
2207 0.549310
2208 0.549270
2209 0.549230
2210 0.549190
2211 0.549150
2212 0.549111
2213 0.549071
2214 0.549032
2215 0.548993
2216 0.548954
2217 0.548915
2218 0.548876
2219 0.548838
2220 0.548799
2221 0.548761
2222 0.548723
2223 0.548685
2224 0.548647
2225 0.548609
2226 0.548572
2227 0.548534
2228 0.548497
2229 0.548460
2230 0.548423
2231 0.548386
2232 0.548349
2233 0.548313
2234 0.548276
2235 0.548240
2236 0.548204
2237 0.548168
2238 0.548132
2239 0.548096
2240 0.548061
2241 0.548025
2242 0.547990
2243 0.547955
2244 0.547920
2245 0.547885
2246 0.547850
2247 0.547816
2248 0.547781
2249 0.547747
2250 0.547713
2251 0.547679
2252 0.547645
2253 0.547611
2254 0.547577
2255 0.547544
2256 0.547511
2257 0.547477
2258 0.547444
2259 0.547411
2260 0.547379
2261 0.547346
2262 0.547314
2263 0.547281
2264 0.547249
2265 0.547217
2266 0.547185
2267 0.547153
2268 0.547122
2269 0.547090
2270 0.547059
2271 0.547027
2272 0.546996
2273 0.546965
2274 0.546935
2275 0.546904
2276 0.546873
2277 0.546843
2278 0.546813
2279 0.546783
2280 0.546753
2281 0.546723
2282 0.546693
2283 0.546663
2284 0.546634
2285 0.546605
2286 0.546576
2287 0.546547
2288 0.546518
2289 0.546489
2290 0.546460
2291 0.546432
2292 0.546404
2293 0.546375
2294 0.546347
2295 0.546319
2296 0.546292
2297 0.546264
2298 0.546236
2299 0.546209
2300 0.546182
2301 0.546155
2302 0.546128
2303 0.546101
2304 0.546074
2305 0.546048
2306 0.546021
2307 0.545995
2308 0.545969
2309 0.545943
2310 0.545917
2311 0.545891
2312 0.545866
2313 0.545840
2314 0.545815
2315 0.545790
2316 0.545765
2317 0.545740
2318 0.545715
2319 0.545691
2320 0.545666
2321 0.545642
2322 0.545618
2323 0.545594
2324 0.545570
2325 0.545546
2326 0.545522
2327 0.545499
2328 0.545475
2329 0.545452
2330 0.545429
2331 0.545406
2332 0.545383
2333 0.545360
2334 0.545338
2335 0.545315
2336 0.545293
2337 0.545271
2338 0.545249
2339 0.545227
2340 0.545205
2341 0.545184
2342 0.545162
2343 0.545141
2344 0.545120
2345 0.545099
2346 0.545078
2347 0.545057
2348 0.545036
2349 0.545016
2350 0.544995
2351 0.544975
2352 0.544955
2353 0.544935
2354 0.544915
2355 0.544895
2356 0.544876
2357 0.544856
2358 0.544837
2359 0.544818
2360 0.544799
2361 0.544780
2362 0.544761
2363 0.544743
2364 0.544724
2365 0.544706
2366 0.544688
2367 0.544670
2368 0.544652
2369 0.544634
2370 0.544616
2371 0.544599
2372 0.544582
2373 0.544564
2374 0.544547
2375 0.544530
2376 0.544513
2377 0.544497
2378 0.544480
2379 0.544464
2380 0.544447
2381 0.544431
2382 0.544415
2383 0.544399
2384 0.544384
2385 0.544368
2386 0.544353
2387 0.544337
2388 0.544322
2389 0.544307
2390 0.544292
2391 0.544278
2392 0.544263
2393 0.544248
2394 0.544234
2395 0.544220
2396 0.544206
2397 0.544192
2398 0.544178
2399 0.544164
2400 0.544151
2401 0.544137
2402 0.544124
2403 0.544111
2404 0.544098
2405 0.544085
2406 0.544073
2407 0.544060
2408 0.544048
2409 0.544035
2410 0.544023
2411 0.544011
2412 0.543999
2413 0.543987
2414 0.543976
2415 0.543964
2416 0.543953
2417 0.543942
2418 0.543931
2419 0.543920
2420 0.543909
2421 0.543899
2422 0.543888
2423 0.543878
2424 0.543867
2425 0.543857
2426 0.543847
2427 0.543838
2428 0.543828
2429 0.543818
2430 0.543809
2431 0.543800
2432 0.543791
2433 0.543782
2434 0.543773
2435 0.543764
2436 0.543756
2437 0.543747
2438 0.543739
2439 0.543731
2440 0.543723
2441 0.543715
2442 0.543707
2443 0.543700
2444 0.543692
2445 0.543685
2446 0.543678
2447 0.543671
2448 0.543664
2449 0.543657
2450 0.543650
2451 0.543644
2452 0.543638
2453 0.543631
2454 0.543625
2455 0.543619
2456 0.543614
2457 0.543608
2458 0.543603
2459 0.543597
2460 0.543592
2461 0.543587
2462 0.543582
2463 0.543577
2464 0.543572
2465 0.543568
2466 0.543563
2467 0.543559
2468 0.543555
2469 0.543551
2470 0.543547
2471 0.543544
2472 0.543540
2473 0.543537
2474 0.543533
2475 0.543530
2476 0.543527
2477 0.543524
2478 0.543522
2479 0.543519
2480 0.543517
2481 0.543514
2482 0.543512
2483 0.543510
2484 0.543508
2485 0.543506
2486 0.543505
2487 0.543503
2488 0.543502
2489 0.543501
2490 0.543500
2491 0.543499
2492 0.543498
2493 0.543497
2494 0.543497
2495 0.543496
2496 0.543496
2497 0.543496
2498 0.543496
2499 0.543496
2500 0.543496
2501 0.543497
2502 0.543497
2503 0.543498
2504 0.543499
2505 0.543500
2506 0.543501
2507 0.543502
2508 0.543504
2509 0.543505
2510 0.543507
2511 0.543509
2512 0.543511
2513 0.543513
2514 0.543515
2515 0.543517
2516 0.543520
2517 0.543522
2518 0.543525
2519 0.543528
2520 0.543531
2521 0.543534
2522 0.543537
2523 0.543541
2524 0.543544
2525 0.543548
2526 0.543552
2527 0.543556
2528 0.543560
2529 0.543564
2530 0.543568
2531 0.543573
2532 0.543577
2533 0.543582
2534 0.543587
2535 0.543592
2536 0.543597
2537 0.543602
2538 0.543607
2539 0.543613
2540 0.543618
2541 0.543624
2542 0.543630
2543 0.543636
2544 0.543642
2545 0.543648
2546 0.543655
2547 0.543661
2548 0.543668
2549 0.543675
2550 0.543682
2551 0.543689
2552 0.543696
2553 0.543703
2554 0.543711
2555 0.543718
2556 0.543726
2557 0.543734
2558 0.543742
2559 0.543750
2560 0.543758
2561 0.543767
2562 0.543775
2563 0.543784
2564 0.543792
2565 0.543801
2566 0.543810
2567 0.543819
2568 0.543828
2569 0.543837
2570 0.543846
2571 0.543855
2572 0.543864
2573 0.543874
2574 0.543883
2575 0.543892
2576 0.543901
2577 0.543911
2578 0.543920
2579 0.543929
2580 0.543938
2581 0.543948
2582 0.543957
2583 0.543966
2584 0.543976
2585 0.543986
2586 0.543995
2587 0.544005
2588 0.544015
2589 0.544026
2590 0.544036
2591 0.544048
2592 0.544059
2593 0.544071
2594 0.544083
2595 0.544096
2596 0.544109
2597 0.544123
2598 0.544138
2599 0.544153
2600 0.544168
2601 0.544185
2602 0.544202
2603 0.544219
2604 0.544237
2605 0.544255
2606 0.544273
2607 0.544291
2608 0.544310
2609 0.544328
2610 0.544346
2611 0.544363
2612 0.544379
2613 0.544395
2614 0.544409
2615 0.544422
2616 0.544433
2617 0.544443
2618 0.544450
2619 0.544456
2620 0.544459
2621 0.544461
2622 0.544460
2623 0.544457
2624 0.544452
2625 0.544445
2626 0.544437
2627 0.544428
2628 0.544418
2629 0.544408
2630 0.544398
2631 0.544389
2632 0.544381
2633 0.544376
2634 0.544373
2635 0.544374
2636 0.544379
2637 0.544388
2638 0.544402
2639 0.544422
2640 0.544447
2641 0.544479
2642 0.544516
2643 0.544560
2644 0.544610
2645 0.544665
2646 0.544726
2647 0.544792
2648 0.544863
2649 0.544937
2650 0.545013
2651 0.545091
2652 0.545169
2653 0.545245
2654 0.545320
2655 0.545390
2656 0.545454
2657 0.545511
2658 0.545559
2659 0.545597
2660 0.545622
2661 0.545635
2662 0.545634
2663 0.545619
2664 0.545589
2665 0.545544
2666 0.545485
2667 0.545413
2668 0.545330
2669 0.545237
2670 0.545135
2671 0.545029
2672 0.544919
2673 0.544809
2674 0.544702
2675 0.544599
2676 0.544503
2677 0.544417
2678 0.544343
2679 0.544281
2680 0.544233
2681 0.544201
2682 0.544184
2683 0.544182
2684 0.544197
2685 0.544226
2686 0.544270
2687 0.544327
2688 0.544397
2689 0.544478
2690 0.544568
2691 0.544667
2692 0.544771
2693 0.544880
2694 0.544991
2695 0.545102
2696 0.545213
2697 0.545320
2698 0.545423
2699 0.545519
2700 0.545608
2701 0.545689
2702 0.545760
2703 0.545822
2704 0.545872
2705 0.545912
2706 0.545942
2707 0.545961
2708 0.545970
2709 0.545970
2710 0.545960
2711 0.545943
2712 0.545919
2713 0.545888
2714 0.545853
2715 0.545813
2716 0.545769
2717 0.545724
2718 0.545676
2719 0.545628
2720 0.545580
2721 0.545532
2722 0.545485
2723 0.545439
2724 0.545396
2725 0.545354
2726 0.545314
2727 0.545276
2728 0.545240
2729 0.545206
2730 0.545175
2731 0.545145
2732 0.545117
2733 0.545090
2734 0.545065
2735 0.545040
2736 0.545017
2737 0.544994
2738 0.544971
2739 0.544949
2740 0.544926
2741 0.544904
2742 0.544881
2743 0.544858
2744 0.544835
2745 0.544811
2746 0.544786
2747 0.544760
2748 0.544734
2749 0.544706
2750 0.544678
2751 0.544648
2752 0.544618
2753 0.544586
2754 0.544554
2755 0.544520
2756 0.544485
2757 0.544449
2758 0.544412
2759 0.544373
2760 0.544333
2761 0.544292
2762 0.544250
2763 0.544206
2764 0.544161
2765 0.544115
2766 0.544067
2767 0.544018
2768 0.543968
2769 0.543916
2770 0.543862
2771 0.543807
2772 0.543751
2773 0.543693
2774 0.543633
2775 0.543572
2776 0.543510
2777 0.543445
2778 0.543379
2779 0.543312
2780 0.543242
2781 0.543171
2782 0.543099
2783 0.543024
2784 0.542948
2785 0.542870
2786 0.542790
2787 0.542708
2788 0.542624
2789 0.542538
2790 0.542450
2791 0.542361
2792 0.542269
2793 0.542175
2794 0.542079
2795 0.541981
2796 0.541881
2797 0.541778
2798 0.541674
2799 0.541567
2800 0.541458
2801 0.541346
2802 0.541233
2803 0.541116
2804 0.540998
2805 0.540876
2806 0.540753
2807 0.540627
2808 0.540498
2809 0.540367
2810 0.540233
2811 0.540096
2812 0.539956
2813 0.539814
2814 0.539669
2815 0.539521
2816 0.539370
2817 0.539216
2818 0.539059
2819 0.538900
2820 0.538737
2821 0.538571
2822 0.538401
2823 0.538229
2824 0.538053
2825 0.537874
2826 0.537691
2827 0.537505
2828 0.537316
2829 0.537123
2830 0.536926
2831 0.536726
2832 0.536522
2833 0.536314
2834 0.536102
2835 0.535886
2836 0.535667
2837 0.535443
2838 0.535216
2839 0.534984
2840 0.534748
2841 0.534507
2842 0.534263
2843 0.534014
2844 0.533760
2845 0.533502
2846 0.533239
2847 0.532971
2848 0.532699
2849 0.532421
2850 0.532139
2851 0.531851
2852 0.531559
2853 0.531261
2854 0.530958
2855 0.530649
2856 0.530335
2857 0.530015
2858 0.529690
2859 0.529358
2860 0.529021
2861 0.528678
2862 0.528328
2863 0.527972
2864 0.527610
2865 0.527242
2866 0.526866
2867 0.526484
2868 0.526095
2869 0.525699
2870 0.525295
2871 0.524885
2872 0.524467
2873 0.524041
2874 0.523607
2875 0.523166
2876 0.522716
2877 0.522258
2878 0.521791
2879 0.521316
2880 0.520832
2881 0.520339
2882 0.519836
2883 0.519324
2884 0.518802
2885 0.518270
2886 0.517728
2887 0.517175
2888 0.516612
2889 0.516037
2890 0.515452
2891 0.514854
2892 0.514245
2893 0.513623
2894 0.512988
2895 0.512341
2896 0.511680
2897 0.511005
2898 0.510316
2899 0.509613
2900 0.508894
2901 0.508160
2902 0.507409
2903 0.506642
2904 0.505857
2905 0.505055
2906 0.504234
2907 0.503393
2908 0.502533
2909 0.501652
2910 0.500749
2911 0.499823
2912 0.498874
2913 0.497900
2914 0.496901
2915 0.495875
2916 0.494820
2917 0.493736
2918 0.492620
2919 0.491472
2920 0.490289
2921 0.489069
2922 0.487810
2923 0.486509
2924 0.485165
2925 0.483773
2926 0.482330
2927 0.480833
2928 0.479278
2929 0.477659
2930 0.475970
2931 0.474206
2932 0.472359
2933 0.470421
2934 0.468380
2935 0.466226
2936 0.463944
2937 0.461515
2938 0.458919
2939 0.456129
2940 0.453111
2941 0.449820
2942 0.446199
2943 0.442169
2944 0.437624
2945 0.432409
2946 0.426295
2947 0.418929
2948 0.409739
2949 0.397740
2950 0.381135
2951 0.356455
2952 0.317066
2953 0.254267
2954 0.177633
2955 0.130145
2956 0.116199
2957 0.111765
2958 0.109728
2959 0.108429
2960 0.107429
2961 0.106573
2962 0.105796
2963 0.105066
2964 0.104366
2965 0.103687
2966 0.103025
2967 0.102375
2968 0.101736
2969 0.101106
2970 0.100484
2971 0.099869
2972 0.099261
2973 0.098661
2974 0.098066
2975 0.097477
2976 0.096895
2977 0.096318
2978 0.095747
2979 0.095181
2980 0.094621
2981 0.094066
2982 0.093517
2983 0.092973
2984 0.092434
2985 0.091900
2986 0.091371
2987 0.090848
2988 0.090329
2989 0.089815
2990 0.089306
2991 0.088802
2992 0.088303
2993 0.087808
2994 0.087319
2995 0.086834
2996 0.086353
2997 0.085877
2998 0.085406
2999 0.084939
3000 0.084477
3001 0.084019
3002 0.083565
3003 0.083116
3004 0.082671
3005 0.082231
3006 0.081794
3007 0.081362
3008 0.080934
3009 0.080510
3010 0.080090
3011 0.079675
3012 0.079263
3013 0.078855
3014 0.078451
3015 0.078051
3016 0.077655
3017 0.077263
3018 0.076875
3019 0.076490
3020 0.076109
3021 0.075732
3022 0.075359
3023 0.074989
3024 0.074622
3025 0.074260
3026 0.073901
3027 0.073545
3028 0.073193
3029 0.072844
3030 0.072498
3031 0.072156
3032 0.071818
3033 0.071482
3034 0.071150
3035 0.070821
3036 0.070496
3037 0.070173
3038 0.069854
3039 0.069538
3040 0.069224
3041 0.068914
3042 0.068607
3043 0.068303
3044 0.068002
3045 0.067704
3046 0.067409
3047 0.067116
3048 0.066827
3049 0.066540
3050 0.066256
3051 0.065975
3052 0.065696
3053 0.065420
3054 0.065147
3055 0.064877
3056 0.064609
3057 0.064344
3058 0.064081
3059 0.063821
3060 0.063563
3061 0.063308
3062 0.063055
3063 0.062805
3064 0.062557
3065 0.062311
3066 0.062068
3067 0.061827
3068 0.061589
3069 0.061352
3070 0.061118
3071 0.060886
3072 0.060657
3073 0.060429
3074 0.060204
3075 0.059981
3076 0.059760
3077 0.059541
3078 0.059324
3079 0.059109
3080 0.058896
3081 0.058685
3082 0.058476
3083 0.058269
3084 0.058064
3085 0.057861
3086 0.057659
3087 0.057460
3088 0.057262
3089 0.057067
3090 0.056873
3091 0.056680
3092 0.056490
3093 0.056301
3094 0.056114
3095 0.055929
3096 0.055745
3097 0.055563
3098 0.055383
3099 0.055204
3100 0.055027
3101 0.054851
3102 0.054677
3103 0.054505
3104 0.054334
3105 0.054165
3106 0.053997
3107 0.053830
3108 0.053665
3109 0.053502
3110 0.053340
3111 0.053179
3112 0.053020
3113 0.052862
3114 0.052705
3115 0.052550
3116 0.052396
3117 0.052244
3118 0.052092
3119 0.051942
3120 0.051794
3121 0.051646
3122 0.051500
3123 0.051355
3124 0.051211
3125 0.051069
3126 0.050927
3127 0.050787
3128 0.050648
3129 0.050510
3130 0.050373
3131 0.050238
3132 0.050103
3133 0.049969
3134 0.049837
3135 0.049706
3136 0.049575
3137 0.049446
3138 0.049318
3139 0.049191
3140 0.049065
3141 0.048939
3142 0.048815
3143 0.048692
3144 0.048570
3145 0.048448
3146 0.048328
3147 0.048209
3148 0.048090
3149 0.047972
3150 0.047856
3151 0.047740
3152 0.047625
3153 0.047511
3154 0.047398
3155 0.047285
3156 0.047174
3157 0.047063
3158 0.046953
3159 0.046844
3160 0.046736
3161 0.046628
3162 0.046521
3163 0.046415
3164 0.046310
3165 0.046206
3166 0.046102
3167 0.045999
3168 0.045897
3169 0.045796
3170 0.045695
3171 0.045595
3172 0.045495
3173 0.045397
3174 0.045299
3175 0.045201
3176 0.045105
3177 0.045009
3178 0.044913
3179 0.044819
3180 0.044725
3181 0.044631
3182 0.044539
3183 0.044446
3184 0.044355
3185 0.044264
3186 0.044174
3187 0.044084
3188 0.043995
3189 0.043906
3190 0.043818
3191 0.043731
3192 0.043644
3193 0.043558
3194 0.043472
3195 0.043387
3196 0.043302
3197 0.043218
3198 0.043134
3199 0.043051
3200 0.042969
3201 0.042886
3202 0.042805
3203 0.042724
3204 0.042643
3205 0.042563
3206 0.042484
3207 0.042404
3208 0.042326
3209 0.042248
3210 0.042170
3211 0.042093
3212 0.042016
3213 0.041940
3214 0.041864
3215 0.041788
3216 0.041713
3217 0.041639
3218 0.041564
3219 0.041491
3220 0.041417
3221 0.041345
3222 0.041272
3223 0.041200
3224 0.041128
3225 0.041057
3226 0.040986
3227 0.040916
3228 0.040845
3229 0.040776
3230 0.040706
3231 0.040637
3232 0.040569
3233 0.040501
3234 0.040433
3235 0.040365
3236 0.040298
3237 0.040231
3238 0.040165
3239 0.040099
3240 0.040033
3241 0.039967
3242 0.039902
3243 0.039838
3244 0.039773
3245 0.039709
3246 0.039645
3247 0.039582
3248 0.039519
3249 0.039456
3250 0.039393
3251 0.039331
3252 0.039269
3253 0.039208
3254 0.039147
3255 0.039086
3256 0.039025
3257 0.038964
3258 0.038904
3259 0.038845
3260 0.038785
3261 0.038726
3262 0.038667
3263 0.038608
3264 0.038550
3265 0.038492
3266 0.038434
3267 0.038376
3268 0.038319
3269 0.038262
3270 0.038205
3271 0.038148
3272 0.038092
3273 0.038036
3274 0.037980
3275 0.037924
3276 0.037869
3277 0.037814
3278 0.037759
3279 0.037705
3280 0.037650
3281 0.037596
3282 0.037542
3283 0.037489
3284 0.037435
3285 0.037382
3286 0.037329
3287 0.037276
3288 0.037224
3289 0.037172
3290 0.037119
3291 0.037068
3292 0.037016
3293 0.036965
3294 0.036913
3295 0.036862
3296 0.036811
3297 0.036761
3298 0.036711
3299 0.036660
3300 0.036610
3301 0.036561
3302 0.036511
3303 0.036462
3304 0.036412
3305 0.036363
3306 0.036315
3307 0.036266
3308 0.036217
3309 0.036169
3310 0.036121
3311 0.036073
3312 0.036026
3313 0.035978
3314 0.035931
3315 0.035884
3316 0.035837
3317 0.035790
3318 0.035743
3319 0.035697
3320 0.035650
3321 0.035604
3322 0.035558
3323 0.035513
3324 0.035467
3325 0.035421
3326 0.035376
3327 0.035331
3328 0.035286
3329 0.035241
3330 0.035197
3331 0.035152
3332 0.035108
3333 0.035064
3334 0.035020
3335 0.034976
3336 0.034932
3337 0.034889
3338 0.034845
3339 0.034802
3340 0.034759
3341 0.034716
3342 0.034673
3343 0.034630
3344 0.034588
3345 0.034545
3346 0.034503
3347 0.034461
3348 0.034419
3349 0.034377
3350 0.034336
3351 0.034294
3352 0.034253
3353 0.034211
3354 0.034170
3355 0.034129
3356 0.034088
3357 0.034048
3358 0.034007
3359 0.033967
3360 0.033926
3361 0.033886
3362 0.033846
3363 0.033806
3364 0.033766
3365 0.033726
3366 0.033687
3367 0.033647
3368 0.033608
3369 0.033569
3370 0.033530
3371 0.033491
3372 0.033452
3373 0.033413
3374 0.033374
3375 0.033336
3376 0.033297
3377 0.033259
3378 0.033221
3379 0.033183
3380 0.033145
3381 0.033107
3382 0.033069
3383 0.033032
3384 0.032994
3385 0.032957
3386 0.032920
3387 0.032882
3388 0.032845
3389 0.032808
3390 0.032772
3391 0.032735
3392 0.032698
3393 0.032662
3394 0.032625
3395 0.032589
3396 0.032553
3397 0.032517
3398 0.032481
3399 0.032445
3400 0.032409
3401 0.032373
3402 0.032337
3403 0.032302
3404 0.032267
3405 0.032231
3406 0.032196
3407 0.032161
3408 0.032126
3409 0.032091
3410 0.032056
3411 0.032021
3412 0.031987
3413 0.031952
3414 0.031918
3415 0.031883
3416 0.031849
3417 0.031815
3418 0.031781
3419 0.031747
3420 0.031713
3421 0.031679
3422 0.031645
3423 0.031611
3424 0.031578
3425 0.031544
3426 0.031511
3427 0.031478
3428 0.031444
3429 0.031411
3430 0.031378
3431 0.031345
3432 0.031312
3433 0.031280
3434 0.031247
3435 0.031214
3436 0.031182
3437 0.031149
3438 0.031117
3439 0.031085
3440 0.031052
3441 0.031020
3442 0.030988
3443 0.030956
3444 0.030924
3445 0.030892
3446 0.030861
3447 0.030829
3448 0.030797
3449 0.030766
3450 0.030734
3451 0.030703
3452 0.030672
3453 0.030640
3454 0.030609
3455 0.030578
3456 0.030547
3457 0.030516
3458 0.030486
3459 0.030455
3460 0.030424
3461 0.030393
3462 0.030363
3463 0.030332
3464 0.030302
3465 0.030272
3466 0.030241
3467 0.030211
3468 0.030181
3469 0.030151
3470 0.030121
3471 0.030091
3472 0.030061
3473 0.030032
3474 0.030002
3475 0.029972
3476 0.029943
3477 0.029913
3478 0.029884
3479 0.029854
3480 0.029825
3481 0.029796
3482 0.029767
3483 0.029737
3484 0.029708
3485 0.029679
3486 0.029651
3487 0.029622
3488 0.029593
3489 0.029564
3490 0.029536
3491 0.029507
3492 0.029478
3493 0.029450
3494 0.029422
3495 0.029393
3496 0.029365
3497 0.029337
3498 0.029309
3499 0.029280
3500 0.029252
3501 0.029224
3502 0.029197
3503 0.029169
3504 0.029141
3505 0.029113
3506 0.029086
3507 0.029058
3508 0.029030
3509 0.029003
3510 0.028975
3511 0.028948
3512 0.028921
3513 0.028893
3514 0.028866
3515 0.028839
3516 0.028812
3517 0.028785
3518 0.028758
3519 0.028731
3520 0.028704
3521 0.028677
3522 0.028651
3523 0.028624
3524 0.028597
3525 0.028571
3526 0.028544
3527 0.028518
3528 0.028491
3529 0.028465
3530 0.028439
3531 0.028412
3532 0.028386
3533 0.028360
3534 0.028334
3535 0.028308
3536 0.028282
3537 0.028256
3538 0.028230
3539 0.028204
3540 0.028178
3541 0.028153
3542 0.028127
3543 0.028101
3544 0.028076
3545 0.028050
3546 0.028025
3547 0.027999
3548 0.027974
3549 0.027949
3550 0.027923
3551 0.027898
3552 0.027873
3553 0.027848
3554 0.027823
3555 0.027798
3556 0.027773
3557 0.027748
3558 0.027723
3559 0.027698
3560 0.027673
3561 0.027649
3562 0.027624
3563 0.027599
3564 0.027575
3565 0.027550
3566 0.027526
3567 0.027501
3568 0.027477
3569 0.027453
3570 0.027428
3571 0.027404
3572 0.027380
3573 0.027356
3574 0.027331
3575 0.027307
3576 0.027283
3577 0.027259
3578 0.027235
3579 0.027212
3580 0.027188
3581 0.027164
3582 0.027140
3583 0.027116
3584 0.027093
3585 0.027069
3586 0.027045
3587 0.027022
3588 0.026998
3589 0.026975
3590 0.026952
3591 0.026928
3592 0.026905
3593 0.026882
3594 0.026858
3595 0.026835
3596 0.026812
3597 0.026789
3598 0.026766
3599 0.026743
3600 0.026720
3601 0.026697
3602 0.026674
3603 0.026651
3604 0.026628
3605 0.026606
3606 0.026583
3607 0.026560
3608 0.026538
3609 0.026515
3610 0.026492
3611 0.026470
3612 0.026447
3613 0.026425
3614 0.026402
3615 0.026380
3616 0.026358
3617 0.026335
3618 0.026313
3619 0.026291
3620 0.026269
3621 0.026247
3622 0.026225
3623 0.026203
3624 0.026181
3625 0.026159
3626 0.026137
3627 0.026115
3628 0.026093
3629 0.026071
3630 0.026049
3631 0.026028
3632 0.026006
3633 0.025984
3634 0.025963
3635 0.025941
3636 0.025919
3637 0.025898
3638 0.025877
3639 0.025855
3640 0.025834
3641 0.025812
3642 0.025791
3643 0.025770
3644 0.025748
3645 0.025727
3646 0.025706
3647 0.025685
3648 0.025664
3649 0.025643
3650 0.025622
3651 0.025601
3652 0.025580
3653 0.025559
3654 0.025538
3655 0.025517
3656 0.025496
3657 0.025475
3658 0.025455
3659 0.025434
3660 0.025413
3661 0.025393
3662 0.025372
3663 0.025351
3664 0.025331
3665 0.025310
3666 0.025290
3667 0.025270
3668 0.025249
3669 0.025229
3670 0.025208
3671 0.025188
3672 0.025168
3673 0.025148
3674 0.025127
3675 0.025107
3676 0.025087
3677 0.025067
3678 0.025047
3679 0.025027
3680 0.025007
3681 0.024987
3682 0.024967
3683 0.024947
3684 0.024927
3685 0.024907
3686 0.024888
3687 0.024868
3688 0.024848
3689 0.024828
3690 0.024809
3691 0.024789
3692 0.024769
3693 0.024750
3694 0.024730
3695 0.024711
3696 0.024691
3697 0.024672
3698 0.024653
3699 0.024633
3700 0.024614
3701 0.024594
3702 0.024575
3703 0.024556
3704 0.024537
3705 0.024517
3706 0.024498
3707 0.024479
3708 0.024460
3709 0.024441
3710 0.024422
3711 0.024403
3712 0.024384
3713 0.024365
3714 0.024346
3715 0.024327
3716 0.024308
3717 0.024289
3718 0.024271
3719 0.024252
3720 0.024233
3721 0.024214
3722 0.024196
3723 0.024177
3724 0.024158
3725 0.024140
3726 0.024121
3727 0.024103
3728 0.024084
3729 0.024066
3730 0.024047
3731 0.024029
3732 0.024011
3733 0.023992
3734 0.023974
3735 0.023956
3736 0.023937
3737 0.023919
3738 0.023901
3739 0.023883
3740 0.023864
3741 0.023846
3742 0.023828
3743 0.023810
3744 0.023792
3745 0.023774
3746 0.023756
3747 0.023738
3748 0.023720
3749 0.023702
3750 0.023684
3751 0.023666
3752 0.023649
3753 0.023631
3754 0.023613
3755 0.023595
3756 0.023578
3757 0.023560
3758 0.023542
3759 0.023525
3760 0.023507
3761 0.023489
3762 0.023472
3763 0.023454
3764 0.023437
3765 0.023419
3766 0.023402
3767 0.023384
3768 0.023367
3769 0.023350
3770 0.023332
3771 0.023315
3772 0.023298
3773 0.023280
3774 0.023263
3775 0.023246
3776 0.023229
3777 0.023212
3778 0.023194
3779 0.023177
3780 0.023160
3781 0.023143
3782 0.023126
3783 0.023109
3784 0.023092
3785 0.023075
3786 0.023058
3787 0.023041
3788 0.023024
3789 0.023008
3790 0.022991
3791 0.022974
3792 0.022957
3793 0.022940
3794 0.022924
3795 0.022907
3796 0.022890
3797 0.022874
3798 0.022857
3799 0.022840
3800 0.022824
3801 0.022807
3802 0.022791
3803 0.022774
3804 0.022758
3805 0.022741
3806 0.022725
3807 0.022708
3808 0.022692
3809 0.022676
3810 0.022659
3811 0.022643
3812 0.022627
3813 0.022610
3814 0.022594
3815 0.022578
3816 0.022562
3817 0.022545
3818 0.022529
3819 0.022513
3820 0.022497
3821 0.022481
3822 0.022465
3823 0.022449
3824 0.022433
3825 0.022417
3826 0.022401
3827 0.022385
3828 0.022369
3829 0.022353
3830 0.022337
3831 0.022321
3832 0.022306
3833 0.022290
3834 0.022274
3835 0.022258
3836 0.022242
3837 0.022227
3838 0.022211
3839 0.022195
3840 0.022180
3841 0.022164
3842 0.022148
3843 0.022133
3844 0.022117
3845 0.022102
3846 0.022086
3847 0.022071
3848 0.022055
3849 0.022040
3850 0.022024
3851 0.022009
3852 0.021994
3853 0.021978
3854 0.021963
3855 0.021948
3856 0.021932
3857 0.021917
3858 0.021902
3859 0.021886
3860 0.021871
3861 0.021856
3862 0.021841
3863 0.021826
3864 0.021811
3865 0.021795
3866 0.021780
3867 0.021765
3868 0.021750
3869 0.021735
3870 0.021720
3871 0.021705
3872 0.021690
3873 0.021675
3874 0.021660
3875 0.021645
3876 0.021631
3877 0.021616
3878 0.021601
3879 0.021586
3880 0.021571
3881 0.021556
3882 0.021542
3883 0.021527
3884 0.021512
3885 0.021498
3886 0.021483
3887 0.021468
3888 0.021454
3889 0.021439
3890 0.021424
3891 0.021410
3892 0.021395
3893 0.021381
3894 0.021366
3895 0.021352
3896 0.021337
3897 0.021323
3898 0.021308
3899 0.021294
3900 0.021280
3901 0.021265
3902 0.021251
3903 0.021236
3904 0.021222
3905 0.021208
3906 0.021194
3907 0.021179
3908 0.021165
3909 0.021151
3910 0.021137
3911 0.021122
3912 0.021108
3913 0.021094
3914 0.021080
3915 0.021066
3916 0.021052
3917 0.021038
3918 0.021024
3919 0.021010
3920 0.020996
3921 0.020982
3922 0.020968
3923 0.020954
3924 0.020940
3925 0.020926
3926 0.020912
3927 0.020898
3928 0.020884
3929 0.020870
3930 0.020856
3931 0.020843
3932 0.020829
3933 0.020815
3934 0.020801
3935 0.020788
3936 0.020774
3937 0.020760
3938 0.020747
3939 0.020733
3940 0.020719
3941 0.020706
3942 0.020692
3943 0.020678
3944 0.020665
3945 0.020651
3946 0.020638
3947 0.020624
3948 0.020611
3949 0.020597
3950 0.020584
3951 0.020570
3952 0.020557
3953 0.020543
3954 0.020530
3955 0.020517
3956 0.020503
3957 0.020490
3958 0.020477
3959 0.020463
3960 0.020450
3961 0.020437
3962 0.020423
3963 0.020410
3964 0.020397
3965 0.020384
3966 0.020371
3967 0.020357
3968 0.020344
3969 0.020331
3970 0.020318
3971 0.020305
3972 0.020292
3973 0.020279
3974 0.020266
3975 0.020253
3976 0.020240
3977 0.020227
3978 0.020214
3979 0.020201
3980 0.020188
3981 0.020175
3982 0.020162
3983 0.020149
3984 0.020136
3985 0.020123
3986 0.020110
3987 0.020098
3988 0.020085
3989 0.020072
3990 0.020059
3991 0.020046
3992 0.020034
3993 0.020021
3994 0.020008
3995 0.019996
3996 0.019983
3997 0.019970
3998 0.019957
3999 0.019945
4000 0.019932
4001 0.019920
4002 0.019907
4003 0.019894
4004 0.019882
4005 0.019869
4006 0.019857
4007 0.019844
4008 0.019832
4009 0.019819
4010 0.019807
4011 0.019794
4012 0.019782
4013 0.019770
4014 0.019757
4015 0.019745
4016 0.019732
4017 0.019720
4018 0.019708
4019 0.019695
4020 0.019683
4021 0.019671
4022 0.019659
4023 0.019646
4024 0.019634
4025 0.019622
4026 0.019610
4027 0.019597
4028 0.019585
4029 0.019573
4030 0.019561
4031 0.019549
4032 0.019537
4033 0.019524
4034 0.019512
4035 0.019500
4036 0.019488
4037 0.019476
4038 0.019464
4039 0.019452
4040 0.019440
4041 0.019428
4042 0.019416
4043 0.019404
4044 0.019392
4045 0.019380
4046 0.019368
4047 0.019356
4048 0.019345
4049 0.019333
4050 0.019321
4051 0.019309
4052 0.019297
4053 0.019285
4054 0.019274
4055 0.019262
4056 0.019250
4057 0.019238
4058 0.019227
4059 0.019215
4060 0.019203
4061 0.019191
4062 0.019180
4063 0.019168
4064 0.019156
4065 0.019145
4066 0.019133
4067 0.019122
4068 0.019110
4069 0.019098
4070 0.019087
4071 0.019075
4072 0.019064
4073 0.019052
4074 0.019041
4075 0.019029
4076 0.019018
4077 0.019006
4078 0.018995
4079 0.018983
4080 0.018972
4081 0.018960
4082 0.018949
4083 0.018938
4084 0.018926
4085 0.018915
4086 0.018904
4087 0.018892
4088 0.018881
4089 0.018870
4090 0.018858
4091 0.018847
4092 0.018836
4093 0.018824
4094 0.018813
4095 0.018802
4096 0.018791
4097 0.018780
4098 0.018768
4099 0.018757
4100 0.018746
4101 0.018735
4102 0.018724
4103 0.018713
4104 0.018702
4105 0.018690
4106 0.018679
4107 0.018668
4108 0.018657
4109 0.018646
4110 0.018635
4111 0.018624
4112 0.018613
4113 0.018602
4114 0.018591
4115 0.018580
4116 0.018569
4117 0.018558
4118 0.018547
4119 0.018537
4120 0.018526
4121 0.018515
4122 0.018504
4123 0.018493
4124 0.018482
4125 0.018471
4126 0.018461
4127 0.018450
4128 0.018439
4129 0.018428
4130 0.018417
4131 0.018407
4132 0.018396
4133 0.018385
4134 0.018374
4135 0.018364
4136 0.018353
4137 0.018342
4138 0.018332
4139 0.018321
4140 0.018310
4141 0.018300
4142 0.018289
4143 0.018279
4144 0.018268
4145 0.018257
4146 0.018247
4147 0.018236
4148 0.018226
4149 0.018215
4150 0.018205
4151 0.018194
4152 0.018184
4153 0.018173
4154 0.018163
4155 0.018152
4156 0.018142
4157 0.018131
4158 0.018121
4159 0.018111
4160 0.018100
4161 0.018090
4162 0.018079
4163 0.018069
4164 0.018059
4165 0.018048
4166 0.018038
4167 0.018028
4168 0.018017
4169 0.018007
4170 0.017997
4171 0.017987
4172 0.017976
4173 0.017966
4174 0.017956
4175 0.017946
4176 0.017935
4177 0.017925
4178 0.017915
4179 0.017905
4180 0.017895
4181 0.017885
4182 0.017874
4183 0.017864
4184 0.017854
4185 0.017844
4186 0.017834
4187 0.017824
4188 0.017814
4189 0.017804
4190 0.017794
4191 0.017784
4192 0.017774
4193 0.017764
4194 0.017754
4195 0.017744
4196 0.017734
4197 0.017724
4198 0.017714
4199 0.017704
4200 0.017694
4201 0.017684
4202 0.017674
4203 0.017664
4204 0.017654
4205 0.017644
4206 0.017634
4207 0.017625
4208 0.017615
4209 0.017605
4210 0.017595
4211 0.017585
4212 0.017575
4213 0.017566
4214 0.017556
4215 0.017546
4216 0.017536
4217 0.017527
4218 0.017517
4219 0.017507
4220 0.017497
4221 0.017488
4222 0.017478
4223 0.017468
4224 0.017459
4225 0.017449
4226 0.017439
4227 0.017430
4228 0.017420
4229 0.017411
4230 0.017401
4231 0.017391
4232 0.017382
4233 0.017372
4234 0.017363
4235 0.017353
4236 0.017344
4237 0.017334
4238 0.017324
4239 0.017315
4240 0.017305
4241 0.017296
4242 0.017286
4243 0.017277
4244 0.017268
4245 0.017258
4246 0.017249
4247 0.017239
4248 0.017230
4249 0.017220
4250 0.017211
4251 0.017202
4252 0.017192
4253 0.017183
4254 0.017174
4255 0.017164
4256 0.017155
4257 0.017146
4258 0.017136
4259 0.017127
4260 0.017118
4261 0.017108
4262 0.017099
4263 0.017090
4264 0.017081
4265 0.017071
4266 0.017062
4267 0.017053
4268 0.017044
4269 0.017034
4270 0.017025
4271 0.017016
4272 0.017007
4273 0.016998
4274 0.016989
4275 0.016979
4276 0.016970
4277 0.016961
4278 0.016952
4279 0.016943
4280 0.016934
4281 0.016925
4282 0.016916
4283 0.016907
4284 0.016898
4285 0.016889
4286 0.016880
4287 0.016871
4288 0.016862
4289 0.016853
4290 0.016844
4291 0.016835
4292 0.016826
4293 0.016817
4294 0.016808
4295 0.016799
4296 0.016790
4297 0.016781
4298 0.016772
4299 0.016763
4300 0.016754
4301 0.016745
4302 0.016736
4303 0.016727
4304 0.016719
4305 0.016710
4306 0.016701
4307 0.016692
4308 0.016683
4309 0.016674
4310 0.016666
4311 0.016657
4312 0.016648
4313 0.016639
4314 0.016631
4315 0.016622
4316 0.016613
4317 0.016604
4318 0.016596
4319 0.016587
4320 0.016578
4321 0.016569
4322 0.016561
4323 0.016552
4324 0.016543
4325 0.016535
4326 0.016526
4327 0.016517
4328 0.016509
4329 0.016500
4330 0.016492
4331 0.016483
4332 0.016474
4333 0.016466
4334 0.016457
4335 0.016449
4336 0.016440
4337 0.016431
4338 0.016423
4339 0.016414
4340 0.016406
4341 0.016397
4342 0.016389
4343 0.016380
4344 0.016372
4345 0.016363
4346 0.016355
4347 0.016346
4348 0.016338
4349 0.016329
4350 0.016321
4351 0.016313
4352 0.016304
4353 0.016296
4354 0.016287
4355 0.016279
4356 0.016271
4357 0.016262
4358 0.016254
4359 0.016245
4360 0.016237
4361 0.016229
4362 0.016220
4363 0.016212
4364 0.016204
4365 0.016195
4366 0.016187
4367 0.016179
4368 0.016171
4369 0.016162
4370 0.016154
4371 0.016146
4372 0.016138
4373 0.016129
4374 0.016121
4375 0.016113
4376 0.016105
4377 0.016096
4378 0.016088
4379 0.016080
4380 0.016072
4381 0.016064
4382 0.016056
4383 0.016047
4384 0.016039
4385 0.016031
4386 0.016023
4387 0.016015
4388 0.016007
4389 0.015999
4390 0.015991
4391 0.015982
4392 0.015974
4393 0.015966
4394 0.015958
4395 0.015950
4396 0.015942
4397 0.015934
4398 0.015926
4399 0.015918
4400 0.015910
4401 0.015902
4402 0.015894
4403 0.015886
4404 0.015878
4405 0.015870
4406 0.015862
4407 0.015854
4408 0.015846
4409 0.015838
4410 0.015830
4411 0.015822
4412 0.015814
4413 0.015807
4414 0.015799
4415 0.015791
4416 0.015783
4417 0.015775
4418 0.015767
4419 0.015759
4420 0.015751
4421 0.015744
4422 0.015736
4423 0.015728
4424 0.015720
4425 0.015712
4426 0.015704
4427 0.015697
4428 0.015689
4429 0.015681
4430 0.015673
4431 0.015665
4432 0.015658
4433 0.015650
4434 0.015642
4435 0.015634
4436 0.015627
4437 0.015619
4438 0.015611
4439 0.015604
4440 0.015596
4441 0.015588
4442 0.015581
4443 0.015573
4444 0.015565
4445 0.015558
4446 0.015550
4447 0.015542
4448 0.015535
4449 0.015527
4450 0.015519
4451 0.015512
4452 0.015504
4453 0.015497
4454 0.015489
4455 0.015481
4456 0.015474
4457 0.015466
4458 0.015459
4459 0.015451
4460 0.015444
4461 0.015436
4462 0.015428
4463 0.015421
4464 0.015413
4465 0.015406
4466 0.015398
4467 0.015391
4468 0.015383
4469 0.015376
4470 0.015369
4471 0.015361
4472 0.015354
4473 0.015346
4474 0.015339
4475 0.015331
4476 0.015324
4477 0.015316
4478 0.015309
4479 0.015302
4480 0.015294
4481 0.015287
4482 0.015279
4483 0.015272
4484 0.015265
4485 0.015257
4486 0.015250
4487 0.015243
4488 0.015235
4489 0.015228
4490 0.015221
4491 0.015213
4492 0.015206
4493 0.015199
4494 0.015191
4495 0.015184
4496 0.015177
4497 0.015170
4498 0.015162
4499 0.015155
4500 0.015148
4501 0.015140
4502 0.015133
4503 0.015126
4504 0.015119
4505 0.015112
4506 0.015104
4507 0.015097
4508 0.015090
4509 0.015083
4510 0.015076
4511 0.015068
4512 0.015061
4513 0.015054
4514 0.015047
4515 0.015040
4516 0.015033
4517 0.015025
4518 0.015018
4519 0.015011
4520 0.015004
4521 0.014997
4522 0.014990
4523 0.014983
4524 0.014976
4525 0.014969
4526 0.014962
4527 0.014954
4528 0.014947
4529 0.014940
4530 0.014933
4531 0.014926
4532 0.014919
4533 0.014912
4534 0.014905
4535 0.014898
4536 0.014891
4537 0.014884
4538 0.014877
4539 0.014870
4540 0.014863
4541 0.014856
4542 0.014849
4543 0.014842
4544 0.014835
4545 0.014828
4546 0.014821
4547 0.014814
4548 0.014808
4549 0.014801
4550 0.014794
4551 0.014787
4552 0.014780
4553 0.014773
4554 0.014766
4555 0.014759
4556 0.014752
4557 0.014745
4558 0.014739
4559 0.014732
4560 0.014725
4561 0.014718
4562 0.014711
4563 0.014704
4564 0.014698
4565 0.014691
4566 0.014684
4567 0.014677
4568 0.014670
4569 0.014664
4570 0.014657
4571 0.014650
4572 0.014643
4573 0.014636
4574 0.014630
4575 0.014623
4576 0.014616
4577 0.014609
4578 0.014603
4579 0.014596
4580 0.014589
4581 0.014583
4582 0.014576
4583 0.014569
4584 0.014562
4585 0.014556
4586 0.014549
4587 0.014542
4588 0.014536
4589 0.014529
4590 0.014522
4591 0.014516
4592 0.014509
4593 0.014502
4594 0.014496
4595 0.014489
4596 0.014483
4597 0.014476
4598 0.014469
4599 0.014463
4600 0.014456
4601 0.014449
4602 0.014443
4603 0.014436
4604 0.014430
4605 0.014423
4606 0.014417
4607 0.014410
4608 0.014404
4609 0.014397
4610 0.014390
4611 0.014384
4612 0.014377
4613 0.014371
4614 0.014364
4615 0.014358
4616 0.014351
4617 0.014345
4618 0.014338
4619 0.014332
4620 0.014325
4621 0.014319
4622 0.014312
4623 0.014306
4624 0.014300
4625 0.014293
4626 0.014287
4627 0.014280
4628 0.014274
4629 0.014267
4630 0.014261
4631 0.014255
4632 0.014248
4633 0.014242
4634 0.014235
4635 0.014229
4636 0.014223
4637 0.014216
4638 0.014210
4639 0.014203
4640 0.014197
4641 0.014191
4642 0.014184
4643 0.014178
4644 0.014172
4645 0.014165
4646 0.014159
4647 0.014153
4648 0.014146
4649 0.014140
4650 0.014134
4651 0.014127
4652 0.014121
4653 0.014115
4654 0.014109
4655 0.014102
4656 0.014096
4657 0.014090
4658 0.014084
4659 0.014077
4660 0.014071
4661 0.014065
4662 0.014059
4663 0.014052
4664 0.014046
4665 0.014040
4666 0.014034
4667 0.014028
4668 0.014021
4669 0.014015
4670 0.014009
4671 0.014003
4672 0.013997
4673 0.013990
4674 0.013984
4675 0.013978
4676 0.013972
4677 0.013966
4678 0.013960
4679 0.013953
4680 0.013947
4681 0.013941
4682 0.013935
4683 0.013929
4684 0.013923
4685 0.013917
4686 0.013911
4687 0.013905
4688 0.013898
4689 0.013892
4690 0.013886
4691 0.013880
4692 0.013874
4693 0.013868
4694 0.013862
4695 0.013856
4696 0.013850
4697 0.013844
4698 0.013838
4699 0.013832
4700 0.013826
4701 0.013820
4702 0.013814
4703 0.013808
4704 0.013802
4705 0.013796
4706 0.013790
4707 0.013784
4708 0.013778
4709 0.013772
4710 0.013766
4711 0.013760
4712 0.013754
4713 0.013748
4714 0.013742
4715 0.013736
4716 0.013730
4717 0.013724
4718 0.013718
4719 0.013712
4720 0.013706
4721 0.013700
4722 0.013695
4723 0.013689
4724 0.013683
4725 0.013677
4726 0.013671
4727 0.013665
4728 0.013659
4729 0.013653
4730 0.013647
4731 0.013642
4732 0.013636
4733 0.013630
4734 0.013624
4735 0.013618
4736 0.013612
4737 0.013607
4738 0.013601
4739 0.013595
4740 0.013589
4741 0.013583
4742 0.013577
4743 0.013572
4744 0.013566
4745 0.013560
4746 0.013554
4747 0.013549
4748 0.013543
4749 0.013537
4750 0.013531
4751 0.013525
4752 0.013520
4753 0.013514
4754 0.013508
4755 0.013502
4756 0.013497
4757 0.013491
4758 0.013485
4759 0.013480
4760 0.013474
4761 0.013468
4762 0.013462
4763 0.013457
4764 0.013451
4765 0.013445
4766 0.013440
4767 0.013434
4768 0.013428
4769 0.013423
4770 0.013417
4771 0.013411
4772 0.013406
4773 0.013400
4774 0.013394
4775 0.013389
4776 0.013383
4777 0.013377
4778 0.013372
4779 0.013366
4780 0.013361
4781 0.013355
4782 0.013349
4783 0.013344
4784 0.013338
4785 0.013332
4786 0.013327
4787 0.013321
4788 0.013316
4789 0.013310
4790 0.013305
4791 0.013299
4792 0.013293
4793 0.013288
4794 0.013282
4795 0.013277
4796 0.013271
4797 0.013266
4798 0.013260
4799 0.013255
4800 0.013249
4801 0.013244
4802 0.013238
4803 0.013233
4804 0.013227
4805 0.013222
4806 0.013216
4807 0.013211
4808 0.013205
4809 0.013200
4810 0.013194
4811 0.013189
4812 0.013183
4813 0.013178
4814 0.013172
4815 0.013167
4816 0.013161
4817 0.013156
4818 0.013151
4819 0.013145
4820 0.013140
4821 0.013134
4822 0.013129
4823 0.013123
4824 0.013118
4825 0.013113
4826 0.013107
4827 0.013102
4828 0.013096
4829 0.013091
4830 0.013086
4831 0.013080
4832 0.013075
4833 0.013069
4834 0.013064
4835 0.013059
4836 0.013053
4837 0.013048
4838 0.013043
4839 0.013037
4840 0.013032
4841 0.013027
4842 0.013021
4843 0.013016
4844 0.013011
4845 0.013005
4846 0.013000
4847 0.012995
4848 0.012989
4849 0.012984
4850 0.012979
4851 0.012974
4852 0.012968
4853 0.012963
4854 0.012958
4855 0.012952
4856 0.012947
4857 0.012942
4858 0.012937
4859 0.012931
4860 0.012926
4861 0.012921
4862 0.012916
4863 0.012910
4864 0.012905
4865 0.012900
4866 0.012895
4867 0.012889
4868 0.012884
4869 0.012879
4870 0.012874
4871 0.012869
4872 0.012863
4873 0.012858
4874 0.012853
4875 0.012848
4876 0.012843
4877 0.012838
4878 0.012832
4879 0.012827
4880 0.012822
4881 0.012817
4882 0.012812
4883 0.012807
4884 0.012801
4885 0.012796
4886 0.012791
4887 0.012786
4888 0.012781
4889 0.012776
4890 0.012771
4891 0.012765
4892 0.012760
4893 0.012755
4894 0.012750
4895 0.012745
4896 0.012740
4897 0.012735
4898 0.012730
4899 0.012725
4900 0.012720
4901 0.012714
4902 0.012709
4903 0.012704
4904 0.012699
4905 0.012694
4906 0.012689
4907 0.012684
4908 0.012679
4909 0.012674
4910 0.012669
4911 0.012664
4912 0.012659
4913 0.012654
4914 0.012649
4915 0.012644
4916 0.012639
4917 0.012634
4918 0.012629
4919 0.012624
4920 0.012619
4921 0.012614
4922 0.012609
4923 0.012604
4924 0.012599
4925 0.012594
4926 0.012589
4927 0.012584
4928 0.012579
4929 0.012574
4930 0.012569
4931 0.012564
4932 0.012559
4933 0.012554
4934 0.012549
4935 0.012544
4936 0.012539
4937 0.012534
4938 0.012530
4939 0.012525
4940 0.012520
4941 0.012515
4942 0.012510
4943 0.012505
4944 0.012500
4945 0.012495
4946 0.012490
4947 0.012485
4948 0.012480
4949 0.012476
4950 0.012471
4951 0.012466
4952 0.012461
4953 0.012456
4954 0.012451
4955 0.012446
4956 0.012442
4957 0.012437
4958 0.012432
4959 0.012427
4960 0.012422
4961 0.012417
4962 0.012412
4963 0.012408
4964 0.012403
4965 0.012398
4966 0.012393
4967 0.012388
4968 0.012384
4969 0.012379
4970 0.012374
4971 0.012369
4972 0.012364
4973 0.012360
4974 0.012355
4975 0.012350
4976 0.012345
4977 0.012340
4978 0.012336
4979 0.012331
4980 0.012326
4981 0.012321
4982 0.012317
4983 0.012312
4984 0.012307
4985 0.012302
4986 0.012298
4987 0.012293
4988 0.012288
4989 0.012283
4990 0.012279
4991 0.012274
4992 0.012269
4993 0.012265
4994 0.012260
4995 0.012255
4996 0.012250
4997 0.012246
4998 0.012241
4999 0.012236
