0 42.408234
1 42.757297
2 43.483003
3 43.740954
4 43.910275
5 44.064464
6 44.215610
7 44.363889
8 44.501701
9 44.596242
10 44.580902
11 44.414309
12 44.071145
13 43.557725
14 42.654420
15 41.617953
16 40.471490
17 39.217063
18 37.889001
19 36.476427
20 35.037492
21 33.659909
22 32.375574
23 31.179847
24 30.012950
25 28.808611
26 27.561577
27 26.264861
28 24.815706
29 23.072501
30 21.089917
31 19.091364
32 17.225987
33 15.539193
34 14.037420
35 12.715664
36 11.562673
37 10.561803
38 9.692967
39 8.935459
40 8.269639
41 7.677948
42 7.145750
43 6.661676
44 6.217507
45 5.807995
46 5.430283
47 5.082779
48 4.764206
49 4.473168
50 4.208009
51 3.966816
52 3.747544
53 3.548192
54 3.366914
55 3.202055
56 3.052139
57 2.915836
58 2.791944
59 2.679369
60 2.577112
61 2.484254
62 2.399942
63 2.323382
64 2.253826
65 2.190574
66 2.132971
67 2.080408
68 2.032327
69 1.988224
70 1.947643
71 1.910183
72 1.875491
73 1.843255
74 1.813208
75 1.785114
76 1.758772
77 1.734005
78 1.710659
79 1.688602
80 1.667717
81 1.647903
82 1.629071
83 1.611142
84 1.594048
85 1.577728
86 1.562128
87 1.547200
88 1.532901
89 1.519193
90 1.506040
91 1.493410
92 1.481274
93 1.469606
94 1.458379
95 1.447571
96 1.437159
97 1.427122
98 1.417441
99 1.408098
100 1.399074
101 1.390353
102 1.381919
103 1.373756
104 1.365852
105 1.358193
106 1.350766
107 1.343560
108 1.336564
109 1.329768
110 1.323165
111 1.316745
112 1.310502
113 1.304429
114 1.298521
115 1.292772
116 1.287180
117 1.281740
118 1.276450
119 1.271307
120 1.266310
121 1.261456
122 1.256745
123 1.252175
124 1.247746
125 1.243456
126 1.239303
127 1.235287
128 1.231406
129 1.227657
130 1.224037
131 1.220544
132 1.217173
133 1.213919
134 1.210779
135 1.207744
136 1.204810
137 1.201969
138 1.199214
139 1.196535
140 1.193924
141 1.191373
142 1.188870
143 1.186408
144 1.183974
145 1.181560
146 1.179154
147 1.176746
148 1.174326
149 1.171882
150 1.169404
151 1.166882
152 1.164306
153 1.161664
154 1.158947
155 1.156146
156 1.153250
157 1.150251
158 1.147141
159 1.143912
160 1.140556
161 1.137069
162 1.133444
163 1.129677
164 1.125767
165 1.121712
166 1.117512
167 1.113168
168 1.108685
169 1.104067
170 1.099322
171 1.094456
172 1.089481
173 1.084407
174 1.079247
175 1.074016
176 1.068728
177 1.063398
178 1.058045
179 1.052684
180 1.047332
181 1.042008
182 1.036727
183 1.031505
184 1.026359
185 1.021304
186 1.016353
187 1.011518
188 1.006811
189 1.002242
190 0.997819
191 0.993550
192 0.989440
193 0.985495
194 0.981718
195 0.978110
196 0.974674
197 0.971411
198 0.968319
199 0.965398
200 0.962647
201 0.960064
202 0.957647
203 0.955393
204 0.953299
205 0.951363
206 0.949582
207 0.947952
208 0.946470
209 0.945133
210 0.943938
211 0.942882
212 0.941962
213 0.941174
214 0.940515
215 0.939982
216 0.939573
217 0.939284
218 0.939112
219 0.939055
220 0.939110
221 0.939273
222 0.939542
223 0.939915
224 0.940389
225 0.940961
226 0.941629
227 0.942390
228 0.943242
229 0.944183
230 0.945210
231 0.946321
232 0.947513
233 0.948785
234 0.950135
235 0.951559
236 0.953056
237 0.954625
238 0.956261
239 0.957965
240 0.959732
241 0.961561
242 0.963450
243 0.965396
244 0.967397
245 0.969449
246 0.971551
247 0.973699
248 0.975890
249 0.978122
250 0.980390
251 0.982693
252 0.985025
253 0.987385
254 0.989768
255 0.992170
256 0.994588
257 0.997019
258 0.999459
259 1.001904
260 1.004351
261 1.006797
262 1.009238
263 1.011672
264 1.014097
265 1.016508
266 1.018906
267 1.021286
268 1.023649
269 1.025992
270 1.028314
271 1.030615
272 1.032894
273 1.035151
274 1.037385
275 1.039598
276 1.041789
277 1.043960
278 1.046111
279 1.048243
280 1.050358
281 1.052458
282 1.054544
283 1.056619
284 1.058684
285 1.060742
286 1.062795
287 1.064848
288 1.066902
289 1.068962
290 1.071030
291 1.073113
292 1.075212
293 1.077335
294 1.079485
295 1.081669
296 1.083893
297 1.086164
298 1.088490
299 1.090880
300 1.093342
301 1.095887
302 1.098527
303 1.101276
304 1.104147
305 1.107158
306 1.110328
307 1.113681
308 1.117242
309 1.121044
310 1.125126
311 1.129536
312 1.134338
313 1.139611
314 1.145467
315 1.152060
316 1.159612
317 1.168461
318 1.179134
319 1.192466
320 1.209756
321 1.232769
322 1.263301
323 1.303941
324 1.366595
325 1.471026
326 1.564803
327 1.642948
328 1.706393
329 1.742387
330 1.767140
331 1.784011
332 1.794494
333 1.801420
334 1.807401
335 1.813377
336 1.819370
337 1.825307
338 1.831149
339 1.836888
340 1.842530
341 1.848094
342 1.853600
343 1.859073
344 1.864538
345 1.870016
346 1.875527
347 1.881091
348 1.886723
349 1.892434
350 1.898233
351 1.904123
352 1.910101
353 1.916159
354 1.922281
355 1.928445
356 1.934622
357 1.940777
358 1.946872
359 1.952869
360 1.958728
361 1.964407
362 1.969863
363 1.975052
364 1.979926
365 1.984439
366 1.988544
367 1.992206
368 1.995407
369 1.998149
370 2.000461
371 2.002397
372 2.004026
373 2.005418
374 2.006623
375 2.007643
376 2.008404
377 2.008709
378 2.008166
379 2.006072
380 2.001169
381 1.991208
382 1.973165
383 1.949508
384 1.936080
385 1.932530
386 1.924496
387 1.923457
388 1.914168
389 1.915391
390 1.904739
391 1.902800
392 1.895939
393 1.888088
394 1.879689
395 1.873434
396 1.872282
397 1.875164
398 1.879416
399 1.883403
400 1.885620
401 1.884223
402 1.877620
403 1.865825
404 1.856072
405 1.858788
406 1.862896
407 1.866452
408 1.869250
409 1.870643
410 1.869481
411 1.864384
412 1.856187
413 1.852558
414 1.854559
415 1.854484
416 1.854259
417 1.853466
418 1.852370
419 1.851165
420 1.849939
421 1.848706
422 1.847475
423 1.846243
424 1.845017
425 1.843787
426 1.842570
427 1.841329
428 1.840152
429 1.838784
430 1.838035
431 1.835025
432 1.841033
433 1.809378
434 1.927348
435 1.600651
436 1.621820
437 1.560389
438 1.958232
439 1.525304
440 1.891405
441 1.510500
442 1.867351
443 1.489300
444 1.845473
445 1.468298
446 1.822533
447 1.455908
448 1.814027
449 1.450090
450 1.819181
451 1.445424
452 1.823724
453 1.443995
454 1.829212
455 1.444148
456 1.833648
457 1.445083
458 1.837139
459 1.446350
460 1.840031
461 1.447839
462 1.842799
463 1.449583
464 1.845877
465 1.451640
466 1.849568
467 1.454053
468 1.854027
469 1.456872
470 1.859338
471 1.460181
472 1.865626
473 1.464102
474 1.873097
475 1.468709
476 1.881971
477 1.473591
478 1.891939
479 1.474691
480 1.899627
481 1.457688
482 1.901341
483 1.489386
484 1.552945
485 1.461620
486 1.890979
487 1.721409
488 1.878815
489 1.923456
490 1.502456
491 1.551518
492 1.544046
493 1.542267
494 1.524838
495 1.477098
496 1.635609
497 1.447187
498 1.828913
499 1.245643
500 1.644885
501 1.455748
502 1.778942
503 1.411646
504 1.451129
505 1.723941
506 1.424643
507 1.480781
508 1.451694
509 1.486970
510 1.493064
511 1.433802
512 1.610445
513 1.429497
514 1.549996
515 1.461068
516 1.556313
517 1.445380
518 1.429005
519 1.434204
520 1.224804
521 1.191040
522 1.192271
523 1.246089
524 1.341560
525 1.387179
526 1.193085
527 1.232288
528 1.251320
529 1.325372
530 1.373757
531 1.227414
532 1.210735
533 1.207878
534 1.219619
535 1.238780
536 1.270855
537 1.325612
538 1.351316
539 1.295108
540 1.283005
541 1.241334
542 1.198980
543 1.199001
544 1.203401
545 1.204141
546 1.206896
547 1.208283
548 1.209416
549 1.209938
550 1.209998
551 1.209687
552 1.209119
553 1.208404
554 1.207646
555 1.206947
556 1.206403
557 1.206106
558 1.206129
559 1.206516
560 1.207279
561 1.208408
562 1.209884
563 1.211689
564 1.213811
565 1.216249
566 1.219013
567 1.222125
568 1.225636
569 1.229565
570 1.234230
571 1.238795
572 1.248493
573 1.241929
574 1.337896
575 1.255557
576 1.336924
577 1.332737
578 1.335247
579 1.390061
580 1.258419
581 1.358642
582 1.511014
583 2.180316
584 2.332279
585 2.302764
586 2.272856
587 2.245725
588 2.220434
589 2.192319
590 2.151272
591 2.063200
592 1.734311
593 1.365950
594 1.467116
595 1.678170
596 2.008890
597 1.817606
598 1.704426
599 2.135593
600 2.007285
601 1.760590
602 2.120376
603 2.119852
604 1.922662
605 1.807494
606 2.086323
607 1.731189
608 1.980555
609 1.837066
610 2.072721
611 1.821467
612 2.074926
613 1.850428
614 2.214851
615 2.194097
616 2.348474
617 2.262892
618 1.895807
619 1.923912
620 2.265147
621 1.879028
622 1.857877
623 1.808984
624 1.759285
625 1.739215
626 1.769908
627 1.813861
628 1.817394
629 1.892337
630 1.999494
631 2.258947
632 2.060231
633 2.091298
634 2.277187
635 2.234049
636 2.275501
637 2.272336
638 2.281121
639 2.284277
640 2.270783
641 2.300261
642 2.307091
643 2.322760
644 2.324955
645 2.344277
646 2.361822
647 2.369487
648 2.370201
649 2.363854
650 2.355041
651 2.350007
652 2.320235
653 2.299527
654 2.296587
655 2.271269
656 2.325641
657 2.133632
658 2.451772
659 2.350106
660 2.131571
661 2.654300
662 2.296314
663 2.156257
664 2.484742
665 2.191404
666 2.600683
667 2.309868
668 2.361156
669 2.337434
670 2.253540
671 2.324625
672 2.331128
673 2.318463
674 2.260144
675 2.314775
676 2.368214
677 2.375905
678 2.319971
679 2.360873
680 2.368983
681 2.369893
682 2.353339
683 2.401614
684 2.388337
685 2.385052
686 2.367152
687 2.373830
688 2.385241
689 2.374156
690 2.381227
691 2.386105
692 2.377272
693 2.358058
694 2.366868
695 2.399005
696 2.402978
697 2.401882
698 2.392345
699 2.346227
700 2.343621
701 2.355923
702 2.346004
703 2.337218
704 2.408381
705 2.412141
706 2.402473
707 2.373969
708 2.378726
709 2.425950
710 2.413567
711 2.348706
712 2.342412
713 2.348751
714 2.348172
715 2.380669
716 2.346989
717 2.342351
718 2.346915
719 2.381923
720 2.364453
721 2.289426
722 2.339857
723 2.335360
724 2.344575
725 2.343468
726 2.377620
727 2.221728
728 2.373157
729 2.279282
730 2.146569
731 2.347491
732 2.360592
733 2.210615
734 2.341922
735 2.382793
736 1.931702
737 2.141455
738 2.382641
739 2.181396
740 2.328425
741 2.349638
742 2.299288
743 2.247688
744 2.360633
745 2.153836
746 2.391922
747 1.975666
748 2.298670
749 2.220759
750 2.334850
751 2.309301
752 2.386210
753 2.337984
754 2.303442
755 2.313480
756 2.324142
757 2.329835
758 2.332591
759 2.333131
760 2.331989
761 2.329803
762 2.327091
763 2.324256
764 2.321807
765 2.320543
766 2.321367
767 2.324374
768 2.328327
769 2.331318
770 2.329792
771 2.317759
772 2.285864
773 2.230602
774 2.241460
775 2.196126
776 1.942576
777 2.292314
778 2.237831
779 2.210211
780 2.015264
781 2.267952
782 2.218816
783 2.344372
784 2.294119
785 2.266401
786 2.219097
787 2.069668
788 2.252069
789 2.213243
790 1.949011
791 2.306509
792 2.243776
793 2.211551
794 1.952488
795 2.310346
796 2.249720
797 2.225094
798 1.958877
799 2.313817
800 2.257527
801 2.238313
802 1.965308
803 2.322333
804 2.271809
805 2.260009
806 2.509522
807 2.092329
808 2.359779
809 2.344950
810 2.313664
811 2.277056
812 2.181764
813 2.302346
814 2.271484
815 2.131436
816 2.251333
817 1.995514
818 2.373972
819 2.361759
820 2.346911
821 2.315207
822 2.272087
823 1.986670
824 2.362598
825 2.346992
826 2.310169
827 2.615580
828 2.010122
829 2.394599
830 2.385028
831 2.372910
832 2.360753
833 2.331453
834 2.635816
835 2.043699
836 2.385097
837 2.385949
838 2.374627
839 2.365747
840 2.306637
841 2.083947
842 2.246604
843 2.229873
844 2.395554
845 2.440724
846 2.386146
847 2.381420
848 2.369008
849 2.242557
850 2.345084
851 2.465245
852 2.377210
853 2.332632
854 2.122308
855 2.495293
856 2.368414
857 2.466904
858 2.527479
859 2.388130
860 2.468218
861 2.222161
862 2.403346
863 2.478361
864 2.266432
865 2.461698
866 2.325558
867 2.474727
868 2.303148
869 2.481636
870 2.341130
871 2.485727
872 2.305702
873 2.478218
874 2.252888
875 2.219782
876 2.501983
877 2.241788
878 2.405793
879 2.315760
880 2.993998
881 2.487127
882 2.198292
883 2.500699
884 2.218134
885 2.490267
886 2.242148
887 2.469212
888 2.405161
889 2.410499
890 2.420625
891 2.493467
892 2.473261
893 2.493740
894 2.497333
895 2.501998
896 2.503126
897 2.516189
898 2.518982
899 2.486379
900 2.493433
901 2.492881
902 2.495214
903 2.487431
904 2.484482
905 2.464161
906 2.447963
907 2.445411
908 2.438756
909 2.430359
910 2.420316
911 2.404541
912 2.369923
913 2.233003
914 2.059825
915 2.409495
916 2.416669
917 2.394011
918 2.266890
919 2.116316
920 2.281685
921 2.181260
922 2.410306
923 2.397157
924 2.329520
925 2.128799
926 2.289996
927 2.210506
928 2.265673
929 2.133227
930 2.262762
931 2.182290
932 2.335864
933 2.232669
934 2.285597
935 2.164864
936 2.209883
937 2.156053
938 2.132310
939 2.210360
940 2.211312
941 2.186713
942 2.120936
943 2.153303
944 2.209610
945 2.119948
946 2.128195
947 2.127964
948 2.124898
949 2.121589
950 2.121665
951 2.123990
952 2.127401
953 2.132591
954 2.142965
955 2.165530
956 2.225444
957 2.254620
958 2.327577
959 2.329200
960 2.252214
961 2.304938
962 2.242003
963 2.248864
964 2.244739
965 2.361467
966 2.269214
967 2.265975
968 2.279831
969 2.307484
970 2.383421
971 2.381259
972 2.322848
973 3.004083
974 1.717695
975 1.748237
976 1.717515
977 1.718598
978 1.790740
979 2.473300
980 2.367702
981 2.350376
982 2.312958
983 2.326744
984 2.264258
985 2.288582
986 2.279113
987 2.253696
988 2.213867
989 2.212879
990 2.216831
991 2.228031
992 2.229881
993 2.235388
994 2.224744
995 2.271887
996 2.225899
997 3.934173
998 2.372950
999 2.317579
1000 2.268998
1001 2.387630
1002 2.303845
1003 2.312714
1004 2.321787
1005 2.407639
1006 2.065663
1007 1.759635
1008 1.719477
1009 1.692206
1010 1.683641
1011 1.778918
1012 2.495866
1013 2.272287
1014 2.480587
1015 2.547757
1016 2.488327
1017 2.435247
1018 2.254301
1019 2.412919
1020 2.322933
1021 2.274762
1022 2.364618
1023 2.342478
1024 2.349798
1025 2.339013
1026 2.328119
1027 2.317801
1028 2.303710
1029 2.291020
1030 2.158870
1031 3.966165
1032 4.123701
1033 2.083837
1034 1.750969
1035 1.597921
1036 1.613151
1037 1.631142
1038 1.672542
1039 1.776217
1040 2.292528
1041 2.678157
1042 2.874947
1043 2.909302
1044 2.676543
1045 2.650944
1046 2.837110
1047 2.662282
1048 2.679479
1049 2.328069
1050 2.665895
1051 2.331879
1052 2.326768
1053 2.340733
1054 2.602751
1055 2.514111
1056 2.392328
1057 2.425420
1058 2.407560
1059 2.425523
1060 2.376461
1061 2.396079
1062 2.386228
1063 2.375074
1064 2.435699
1065 2.386930
1066 2.425071
1067 3.048720
1068 1.709931
1069 1.520244
1070 1.539609
1071 1.604990
1072 1.619820
1073 1.927150
1074 2.494413
1075 2.643376
1076 2.415123
1077 2.836213
1078 2.804533
1079 2.598988
1080 2.624114
1081 2.620526
1082 2.535651
1083 2.531718
1084 2.589696
1085 2.528579
1086 2.515535
1087 2.491390
1088 2.475524
1089 2.466844
1090 2.463955
1091 2.460613
1092 2.440400
1093 1.691091
1094 1.497056
1095 2.900139
1096 1.694436
1097 4.141778
1098 2.470204
1099 2.537762
1100 2.445237
1101 2.547610
1102 2.512898
1103 2.503825
1104 2.478432
1105 2.464124
1106 2.388952
1107 2.552102
1108 2.125172
1109 1.647107
1110 2.504629
1111 1.544614
1112 2.413784
1113 2.533654
1114 2.441622
1115 1.630871
1116 2.422837
1117 2.417342
1118 2.466481
1119 2.464205
1120 2.517879
1121 4.207628
1122 1.564673
1123 1.582406
1124 1.662706
1125 1.766130
1126 2.465385
1127 2.522687
1128 2.495149
1129 2.491286
1130 2.466429
1131 2.454180
1132 2.453933
1133 1.596047
1134 2.643543
1135 2.403361
1136 3.012241
1137 2.907670
1138 1.657537
1139 2.715986
1140 2.679627
1141 1.623495
1142 2.842636
1143 2.402450
1144 2.952679
1145 2.515902
1146 4.472321
1147 1.871550
1148 3.339815
1149 3.045032
1150 2.944911
1151 1.766954
1152 3.167654
1153 1.954427
1154 1.912544
1155 2.655972
1156 2.229724
1157 3.569765
1158 2.919606
1159 2.837929
1160 2.950457
1161 2.976107
1162 2.992606
1163 3.008147
1164 3.018662
1165 3.017848
1166 2.997544
1167 2.988129
1168 2.990196
1169 2.989320
1170 2.983336
1171 2.971483
1172 2.953213
1173 2.929580
1174 2.903128
1175 2.876151
1176 2.849183
1177 2.820403
1178 2.786251
1179 2.743992
1180 2.695274
1181 2.645501
1182 2.598843
1183 2.556763
1184 2.519429
1185 2.486479
1186 2.457372
1187 2.431561
1188 2.408548
1189 2.387913
1190 2.369301
1191 2.352421
1192 2.337032
1193 2.322934
1194 2.309960
1195 2.297970
1196 2.286846
1197 2.276490
1198 2.266814
1199 2.257747
1200 2.249225
1201 2.241195
1202 2.233609
1203 2.226426
1204 2.219612
1205 2.213133
1206 2.206964
1207 2.201079
1208 2.195458
1209 2.190081
1210 2.184930
1211 2.179992
1212 2.175252
1213 2.170698
1214 2.166319
1215 2.162105
1216 2.158046
1217 2.154134
1218 2.150362
1219 2.146722
1220 2.143208
1221 2.139814
1222 2.136534
1223 2.133363
1224 2.130296
1225 2.127328
1226 2.124456
1227 2.121675
1228 2.118981
1229 2.116371
1230 2.113843
1231 2.111391
1232 2.109014
1233 2.106709
1234 2.104473
1235 2.102303
1236 2.100198
1237 2.098155
1238 2.096171
1239 2.094245
1240 2.092374
1241 2.090558
1242 2.088793
1243 2.087079
1244 2.085413
1245 2.083795
1246 2.082222
1247 2.080694
1248 2.079208
1249 2.077764
1250 2.076360
1251 2.074996
1252 2.073669
1253 2.072379
1254 2.071125
1255 2.069905
1256 2.068719
1257 2.067566
1258 2.066445
1259 2.065355
1260 2.064294
1261 2.063263
1262 2.062260
1263 2.061285
1264 2.060337
1265 2.059415
1266 2.058518
1267 2.057646
1268 2.056798
1269 2.055973
1270 2.055171
1271 2.054391
1272 2.053633
1273 2.052896
1274 2.052179
1275 2.051482
1276 2.050804
1277 2.050146
1278 2.049505
1279 2.048882
1280 2.048277
1281 2.047689
1282 2.047117
1283 2.046561
1284 2.046021
1285 2.045496
1286 2.044985
1287 2.044490
1288 2.044008
1289 2.043540
1290 2.043085
1291 2.042643
1292 2.042214
1293 2.041797
1294 2.041392
1295 2.040999
1296 2.040618
1297 2.040247
1298 2.039887
1299 2.039538
1300 2.039199
1301 2.038870
1302 2.038551
1303 2.038242
1304 2.037941
1305 2.037650
1306 2.037368
1307 2.037094
1308 2.036829
1309 2.036572
1310 2.036323
1311 2.036082
1312 2.035849
1313 2.035623
1314 2.035404
1315 2.035193
1316 2.034988
1317 2.034791
1318 2.034600
1319 2.034415
1320 2.034237
1321 2.034065
1322 2.033900
1323 2.033740
1324 2.033586
1325 2.033438
1326 2.033295
1327 2.033158
1328 2.033026
1329 2.032900
1330 2.032779
1331 2.032662
1332 2.032551
1333 2.032445
1334 2.032343
1335 2.032246
1336 2.032154
1337 2.032066
1338 2.031983
1339 2.031904
1340 2.031830
1341 2.031758
1342 2.031694
1343 2.031628
1344 2.031576
1345 2.031510
1346 2.031481
1347 2.031395
1348 2.031425
1349 2.031248
1350 2.031475
1351 2.030940
1352 2.031888
1353 2.029981
1354 2.033718
1355 2.026537
1356 2.041875
1357 2.015103
1358 2.088322
1359 1.992125
1360 2.389702
1361 2.034525
1362 2.054239
1363 2.003223
1364 2.197040
1365 1.986587
1366 2.537733
1367 2.220849
1368 1.988203
1369 2.521931
1370 2.229029
1371 1.988992
1372 2.510023
1373 2.239120
1374 1.990386
1375 2.488867
1376 2.229694
1377 1.989115
1378 2.503156
1379 2.278088
1380 1.999137
1381 2.338312
1382 2.027835
1383 2.059784
1384 1.995629
1385 2.306482
1386 2.011064
1387 2.188737
1388 1.986527
1389 2.561678
1390 2.471266
1391 2.317753
1392 2.016573
1393 2.132162
1394 1.984929
1395 2.571402
1396 2.602700
1397 4.177281
1398 1.648396
1399 2.758751
1400 2.853759
1401 2.834986
1402 2.804882
1403 2.805956
1404 2.798495
1405 2.790578
1406 2.783875
1407 2.777401
1408 2.771149
1409 2.765043
1410 2.758679
1411 2.751696
1412 2.743189
1413 2.735396
1414 2.514260
1415 1.675742
1416 2.773473
1417 3.338211
1418 3.154165
1419 2.765109
1420 3.111891
1421 3.121484
1422 2.250939
1423 2.495824
1424 2.159506
1425 3.110155
1426 2.838902
1427 2.094146
1428 2.901698
1429 2.357526
1430 2.832169
1431 2.891196
1432 2.381685
1433 2.793370
1434 2.923720
1435 2.563997
1436 2.504893
1437 2.418531
1438 2.752633
1439 2.882253
1440 2.605555
1441 2.909481
1442 2.773878
1443 2.592167
1444 3.235271
1445 2.790824
1446 2.706410
1447 2.506399
1448 2.599631
1449 3.060571
1450 2.764392
1451 2.168650
1452 2.760880
1453 1.973109
1454 2.965241
1455 2.114946
1456 2.781152
1457 1.988701
1458 3.051641
1459 2.834939
1460 2.846318
1461 2.529535
1462 3.037824
1463 2.827462
1464 2.190006
1465 2.782215
1466 1.996353
1467 3.248679
1468 2.933808
1469 3.011273
1470 2.943629
1471 3.033775
1472 3.025423
1473 3.034589
1474 3.076453
1475 3.173470
1476 3.008247
1477 3.126612
1478 3.277739
1479 2.943139
1480 2.854578
1481 2.848270
1482 2.355526
1483 2.818954
1484 2.519695
1485 2.798131
1486 2.193001
1487 2.817478
1488 2.129995
1489 3.019374
1490 2.843478
1491 2.833933
1492 2.516925
1493 2.814196
1494 2.126550
1495 3.087670
1496 3.387108
1497 3.638622
1498 3.651383
1499 3.673119
1500 3.658387
1501 3.631461
1502 3.572760
1503 3.376567
1504 2.862128
1505 2.813213
1506 3.511214
1507 3.620734
1508 3.497329
1509 3.166463
1510 3.223474
1511 3.053592
1512 3.039900
1513 2.957109
1514 2.595431
1515 2.797908
1516 3.056354
1517 2.963533
1518 2.979145
1519 2.674963
1520 3.546911
1521 3.602064
1522 3.511940
1523 3.318347
1524 3.000258
1525 2.403279
1526 3.645158
1527 3.516632
1528 3.406164
1529 3.177430
1530 2.693863
1531 3.170130
1532 3.274172
1533 3.259572
1534 3.246941
1535 3.383064
1536 3.359750
1537 3.350252
1538 3.394599
1539 3.469969
1540 3.537995
1541 3.539829
1542 3.529401
1543 3.515641
1544 3.498334
1545 3.476550
1546 3.448910
1547 3.413143
1548 3.365816
1549 3.303056
1550 3.225345
1551 3.147243
1552 3.090513
1553 3.052092
1554 3.020169
1555 2.989740
1556 2.958490
1557 2.924330
1558 2.883733
1559 2.828050
1560 2.728967
1561 2.486484
1562 1.957772
1563 2.470886
1564 1.875426
1565 3.258277
1566 3.313375
1567 3.248948
1568 3.183003
1569 3.130156
1570 3.092701
1571 3.063018
1572 3.036419
1573 3.011077
1574 2.986147
1575 2.961044
1576 2.935110
1577 2.907280
1578 2.875411
1579 2.834414
1580 2.769597
1581 2.628568
1582 2.301012
1583 1.947727
1584 2.843428
1585 2.819062
1586 2.876698
1587 2.961771
1588 3.040379
1589 3.067269
1590 3.058979
1591 3.040255
1592 3.019518
1593 2.998770
1594 2.978408
1595 2.958430
1596 2.938679
1597 2.918847
1598 2.898386
1599 2.876295
1600 2.850597
1601 2.816824
1602 2.762776
1603 2.647144
1604 2.366529
1605 1.941813
1606 2.705642
1607 2.416284
1608 2.057399
1609 2.354055
1610 2.228712
1611 2.283843
1612 2.402977
1613 2.322728
1614 2.339428
1615 2.515206
1616 2.043653
1617 3.550694
1618 3.442850
1619 3.517353
1620 3.463720
1621 3.460830
1622 3.432859
1623 3.406904
1624 3.376688
1625 3.342958
1626 3.306658
1627 3.269497
1628 3.233734
1629 3.201110
1630 3.172104
1631 3.146254
1632 3.122879
1633 3.101457
1634 3.081647
1635 3.063235
1636 3.046078
1637 3.030074
1638 3.015135
1639 3.001179
1640 2.988122
1641 2.975877
1642 2.964352
1643 2.953458
1644 2.943108
1645 2.933221
1646 2.923720
1647 2.914533
1648 2.905591
1649 2.896830
1650 2.888181
1651 2.879573
1652 2.870923
1653 2.862128
1654 2.853052
1655 2.843495
1656 2.833145
1657 2.821478
1658 2.807531
1659 2.789356
1660 2.762475
1661 2.714823
1662 2.608822
1663 2.366914
1664 2.062547
1665 2.454776
1666 2.223129
1667 2.289236
1668 2.418317
1669 2.313804
1670 2.316262
1671 2.387413
1672 2.386251
1673 2.371859
1674 2.407561
1675 2.224163
1676 2.269219
1677 2.906094
1678 3.412570
1679 3.356953
1680 3.353547
1681 3.330390
1682 3.308532
1683 3.285924
1684 3.263152
1685 3.240583
1686 3.218542
1687 3.197279
1688 3.176958
1689 3.157679
1690 3.139485
1691 3.122385
1692 3.106356
1693 3.091358
1694 3.077334
1695 3.064216
1696 3.051928
1697 3.040393
1698 3.029528
1699 3.019255
1700 3.009501
1701 3.000197
1702 2.991279
1703 2.982692
1704 2.974387
1705 2.966321
1706 2.958458
1707 2.950767
1708 2.943225
1709 2.935809
1710 2.928506
1711 2.921303
1712 2.914193
1713 2.907172
1714 2.900238
1715 2.893395
1716 2.886647
1717 2.880000
1718 2.873465
1719 2.867055
1720 2.860784
1721 2.854669
1722 2.848732
1723 2.842994
1724 2.837483
1725 2.832228
1726 2.827261
1727 2.822619
1728 2.818342
1729 2.814470
1730 2.811046
1731 2.808111
1732 2.805702
1733 2.803845
1734 2.802552
1735 2.801814
1736 2.801595
1737 2.801833
1738 2.802434
1739 2.803285
1740 2.804263
1741 2.805248
1742 2.806134
1743 2.806845
1744 2.807332
1745 2.807579
1746 2.807590
1747 2.807389
1748 2.807010
1749 2.806488
1750 2.805861
1751 2.805160
1752 2.804413
1753 2.803642
1754 2.802863
1755 2.802086
1756 2.801320
1757 2.800565
1758 2.799824
1759 2.799095
1760 2.798374
1761 2.797659
1762 2.796946
1763 2.796231
1764 2.795512
1765 2.794786
1766 2.794049
1767 2.793301
1768 2.792539
1769 2.791763
1770 2.790972
1771 2.790164
1772 2.789341
1773 2.788500
1774 2.787642
1775 2.786767
1776 2.785874
1777 2.784963
1778 2.784035
1779 2.783087
1780 2.782122
1781 2.781137
1782 2.780133
1783 2.779110
1784 2.778068
1785 2.777005
1786 2.775922
1787 2.774818
1788 2.773694
1789 2.772548
1790 2.771380
1791 2.770190
1792 2.768978
1793 2.767743
1794 2.766485
1795 2.765203
1796 2.763896
1797 2.762566
1798 2.761210
1799 2.759829
1800 2.758421
1801 2.756988
1802 2.755527
1803 2.754039
1804 2.752523
1805 2.750978
1806 2.749404
1807 2.747801
1808 2.746167
1809 2.744502
1810 2.742806
1811 2.741078
1812 2.739317
1813 2.737523
1814 2.735695
1815 2.733832
1816 2.731934
1817 2.730000
1818 2.728028
1819 2.726020
1820 2.723973
1821 2.721888
1822 2.719762
1823 2.717597
1824 2.715390
1825 2.713141
1826 2.710850
1827 2.708516
1828 2.706138
1829 2.703714
1830 2.701246
1831 2.698731
1832 2.696170
1833 2.693561
1834 2.690904
1835 2.688199
1836 2.685445
1837 2.682642
1838 2.679789
1839 2.676885
1840 2.673932
1841 2.670927
1842 2.667872
1843 2.664767
1844 2.661611
1845 2.658405
1846 2.655148
1847 2.651843
1848 2.648488
1849 2.645085
1850 2.641635
1851 2.638139
1852 2.634597
1853 2.631012
1854 2.627383
1855 2.623714
1856 2.620006
1857 2.616259
1858 2.612478
1859 2.608662
1860 2.604815
1861 2.600938
1862 2.597034
1863 2.593105
1864 2.589154
1865 2.585182
1866 2.581192
1867 2.577186
1868 2.573166
1869 2.569135
1870 2.565095
1871 2.561048
1872 2.556995
1873 2.552940
1874 2.548883
1875 2.544827
1876 2.540772
1877 2.536722
1878 2.532676
1879 2.528637
1880 2.524606
1881 2.520584
1882 2.516571
1883 2.512570
1884 2.508581
1885 2.504604
1886 2.500640
1887 2.496691
1888 2.492757
1889 2.488837
1890 2.484934
1891 2.481047
1892 2.477176
1893 2.473323
1894 2.469487
1895 2.465668
1896 2.461867
1897 2.458084
1898 2.454320
1899 2.450574
1900 2.446847
1901 2.443138
1902 2.439448
1903 2.435778
1904 2.432126
1905 2.428494
1906 2.424881
1907 2.421287
1908 2.417713
1909 2.414158
1910 2.410622
1911 2.407107
1912 2.403611
1913 2.400134
1914 2.396678
1915 2.393241
1916 2.389823
1917 2.386426
1918 2.383048
1919 2.379690
1920 2.376352
1921 2.373034
1922 2.369735
1923 2.366456
1924 2.363197
1925 2.359957
1926 2.356737
1927 2.353536
1928 2.350354
1929 2.347192
1930 2.344049
1931 2.340925
1932 2.337820
1933 2.334733
1934 2.331665
1935 2.328616
1936 2.325584
1937 2.322570
1938 2.319574
1939 2.316595
1940 2.313632
1941 2.310687
1942 2.307758
1943 2.304845
1944 2.301947
1945 2.299065
1946 2.296197
1947 2.293344
1948 2.290504
1949 2.287678
1950 2.284865
1951 2.282064
1952 2.279275
1953 2.276498
1954 2.273732
1955 2.270976
1956 2.268230
1957 2.265493
1958 2.262766
1959 2.260047
1960 2.257336
1961 2.254633
1962 2.251938
1963 2.249250
1964 2.246570
1965 2.243897
1966 2.241231
1967 2.238572
1968 2.235922
1969 2.233280
1970 2.230647
1971 2.228023
1972 2.225411
1973 2.222810
1974 2.220223
1975 2.217651
1976 2.215096
1977 2.212561
1978 2.210046
1979 2.207555
1980 2.205091
1981 2.202656
1982 2.200252
1983 2.197884
1984 2.195554
1985 2.193264
1986 2.191018
1987 2.188819
1988 2.186668
1989 2.184570
1990 2.182527
1991 2.180539
1992 2.178611
1993 2.176742
1994 2.174936
1995 2.173193
1996 2.171514
1997 2.169901
1998 2.168353
1999 2.166872
2000 2.165457
2001 2.164109
2002 2.162828
2003 2.161614
2004 2.160466
2005 2.159384
2006 2.158368
2007 2.157416
2008 2.156529
2009 2.155705
2010 2.154943
2011 2.154242
2012 2.153601
2013 2.153019
2014 2.152493
2015 2.152020
2016 2.151599
2017 2.151225
2018 2.150893
2019 2.150596
2020 2.150324
2021 2.150065
2022 2.149798
2023 2.149496
2024 2.149112
2025 2.148572
2026 2.147746
2027 2.146388
2028 2.143978
2029 2.139260
2030 2.128710
2031 2.103233
2032 2.082954
2033 2.106351
2034 2.085903
2035 2.101107
2036 2.089248
2037 2.098727
2038 2.092663
2039 2.098116
2040 2.095864
2041 2.098852
2042 2.098783
2043 2.100611
2044 2.101595
2045 2.103133
2046 2.104614
2047 2.106309
2048 2.108167
2049 2.110254
2050 2.112632
2051 2.115401
2052 2.118728
2053 2.122919
2054 2.128602
2055 2.137339
2056 2.154205
2057 2.201037
2058 2.287218
2059 2.141585
2060 2.184418
2061 2.389427
2062 2.112094
2063 2.226979
2064 2.415732
2065 2.124988
2066 2.224736
2067 2.489449
2068 2.140376
2069 2.221557
2070 2.524318
2071 2.161123
2072 2.285567
2073 2.490375
2074 2.179190
2075 2.405111
2076 2.218183
2077 2.634266
2078 2.239517
2079 2.627195
2080 2.277704
2081 2.642378
2082 2.318097
2083 2.653010
2084 2.368087
2085 2.650965
2086 2.445631
2087 2.598680
2088 2.541805
2089 2.589254
2090 2.620000
2091 2.647754
2092 2.669522
2093 2.684951
2094 2.691482
2095 2.685364
2096 2.665267
2097 2.662136
2098 2.643825
2099 2.648176
2100 2.653063
2101 2.657408
2102 2.661441
2103 2.665242
2104 2.668905
2105 2.672504
2106 2.676093
2107 2.679711
2108 2.683384
2109 2.687131
2110 2.690965
2111 2.694895
2112 2.698928
2113 2.703068
2114 2.707319
2115 2.711681
2116 2.716153
2117 2.720729
2118 2.725403
2119 2.730163
2120 2.734991
2121 2.739865
2122 2.744756
2123 2.749630
2124 2.754445
2125 2.759153
2126 2.763702
2127 2.768039
2128 2.772114
2129 2.775885
2130 2.779321
2131 2.782404
2132 2.785132
2133 2.787514
2134 2.789569
2135 2.791321
2136 2.792800
2137 2.794032
2138 2.795045
2139 2.795865
2140 2.796514
2141 2.797013
2142 2.797378
2143 2.797626
2144 2.797770
2145 2.797820
2146 2.797788
2147 2.797681
2148 2.797507
2149 2.797273
2150 2.796984
2151 2.796645
2152 2.796261
2153 2.795835
2154 2.795370
2155 2.794871
2156 2.794338
2157 2.793776
2158 2.793185
2159 2.792568
2160 2.791927
2161 2.791262
2162 2.790576
2163 2.789870
2164 2.789145
2165 2.788402
2166 2.787641
2167 2.786865
2168 2.786073
2169 2.785266
2170 2.784446
2171 2.783612
2172 2.782765
2173 2.781906
2174 2.781035
2175 2.780153
2176 2.779260
2177 2.778357
2178 2.777443
2179 2.776520
2180 2.775587
2181 2.774645
2182 2.773693
2183 2.772733
2184 2.771765
2185 2.770788
2186 2.769803
2187 2.768810
2188 2.767809
2189 2.766801
2190 2.765785
2191 2.764762
2192 2.763731
2193 2.762693
2194 2.761649
2195 2.760597
2196 2.759539
2197 2.758474
2198 2.757402
2199 2.756323
2200 2.755238
2201 2.754147
2202 2.753049
2203 2.751945
2204 2.750835
2205 2.749718
2206 2.748595
2207 2.747466
2208 2.746332
2209 2.745191
2210 2.744044
2211 2.742891
2212 2.741733
2213 2.740568
2214 2.739398
2215 2.738222
2216 2.737041
2217 2.735854
2218 2.734662
2219 2.733464
2220 2.732261
2221 2.731053
2222 2.729839
2223 2.728621
2224 2.727397
2225 2.726169
2226 2.724936
2227 2.723698
2228 2.722456
2229 2.721209
2230 2.719958
2231 2.718702
2232 2.717443
2233 2.716180
2234 2.714913
2235 2.713643
2236 2.712369
2237 2.711092
2238 2.709812
2239 2.708529
2240 2.707244
2241 2.705956
2242 2.704667
2243 2.703375
2244 2.702081
2245 2.700786
2246 2.699490
2247 2.698193
2248 2.696895
2249 2.695597
2250 2.694298
2251 2.692999
2252 2.691701
2253 2.690403
2254 2.689107
2255 2.687811
2256 2.686516
2257 2.685223
2258 2.683932
2259 2.682643
2260 2.681356
2261 2.680072
2262 2.678791
2263 2.677512
2264 2.676237
2265 2.674965
2266 2.673696
2267 2.672431
2268 2.671170
2269 2.669913
2270 2.668660
2271 2.667412
2272 2.666167
2273 2.664927
2274 2.663691
2275 2.662460
2276 2.661233
2277 2.660011
2278 2.658793
2279 2.657579
2280 2.656370
2281 2.655165
2282 2.653965
2283 2.652768
2284 2.651576
2285 2.650388
2286 2.649203
2287 2.648022
2288 2.646845
2289 2.645671
2290 2.644500
2291 2.643332
2292 2.642167
2293 2.641004
2294 2.639844
2295 2.638686
2296 2.637531
2297 2.636377
2298 2.635224
2299 2.634073
2300 2.632924
2301 2.631775
2302 2.630628
2303 2.629481
2304 2.628335
2305 2.627189
2306 2.626044
2307 2.624900
2308 2.623755
2309 2.622611
2310 2.621467
2311 2.620323
2312 2.619179
2313 2.618036
2314 2.616893
2315 2.615751
2316 2.614609
2317 2.613467
2318 2.612327
2319 2.611187
2320 2.610049
2321 2.608911
2322 2.607776
2323 2.606642
2324 2.605510
2325 2.604381
2326 2.603254
2327 2.602129
2328 2.601008
2329 2.599890
2330 2.598775
2331 2.597665
2332 2.596558
2333 2.595455
2334 2.594358
2335 2.593264
2336 2.592176
2337 2.591093
2338 2.590016
2339 2.588944
2340 2.587878
2341 2.586818
2342 2.585765
2343 2.584717
2344 2.583676
2345 2.582642
2346 2.581615
2347 2.580594
2348 2.579581
2349 2.578575
2350 2.577576
2351 2.576585
2352 2.575601
2353 2.574624
2354 2.573655
2355 2.572694
2356 2.571741
2357 2.570795
2358 2.569857
2359 2.568927
2360 2.568005
2361 2.567091
2362 2.566185
2363 2.565287
2364 2.564397
2365 2.563515
2366 2.562641
2367 2.561774
2368 2.560916
2369 2.560066
2370 2.559224
2371 2.558390
2372 2.557564
2373 2.556746
2374 2.555935
2375 2.555133
2376 2.554339
2377 2.553552
2378 2.552774
2379 2.552003
2380 2.551240
2381 2.550485
2382 2.549738
2383 2.548998
2384 2.548266
2385 2.547542
2386 2.546825
2387 2.546116
2388 2.545415
2389 2.544721
2390 2.544035
2391 2.543356
2392 2.542685
2393 2.542021
2394 2.541364
2395 2.540715
2396 2.540073
2397 2.539438
2398 2.538811
2399 2.538190
2400 2.537577
2401 2.536971
2402 2.536372
2403 2.535781
2404 2.535196
2405 2.534618
2406 2.534047
2407 2.533483
2408 2.532926
2409 2.532375
2410 2.531832
2411 2.531295
2412 2.530765
2413 2.530242
2414 2.529725
2415 2.529215
2416 2.528712
2417 2.528215
2418 2.527724
2419 2.527240
2420 2.526763
2421 2.526292
2422 2.525827
2423 2.525368
2424 2.524916
2425 2.524470
2426 2.524031
2427 2.523597
2428 2.523170
2429 2.522749
2430 2.522334
2431 2.521925
2432 2.521522
2433 2.521125
2434 2.520734
2435 2.520349
2436 2.519970
2437 2.519597
2438 2.519229
2439 2.518867
2440 2.518511
2441 2.518161
2442 2.517817
2443 2.517478
2444 2.517145
2445 2.516817
2446 2.516495
2447 2.516179
2448 2.515868
2449 2.515562
2450 2.515262
2451 2.514967
2452 2.514678
2453 2.514394
2454 2.514115
2455 2.513842
2456 2.513574
2457 2.513311
2458 2.513053
2459 2.512801
2460 2.512554
2461 2.512311
2462 2.512074
2463 2.511842
2464 2.511615
2465 2.511392
2466 2.511175
2467 2.510963
2468 2.510755
2469 2.510553
2470 2.510355
2471 2.510162
2472 2.509974
2473 2.509790
2474 2.509611
2475 2.509437
2476 2.509268
2477 2.509103
2478 2.508942
2479 2.508787
2480 2.508635
2481 2.508489
2482 2.508346
2483 2.508209
2484 2.508075
2485 2.507946
2486 2.507822
2487 2.507701
2488 2.507585
2489 2.507473
2490 2.507366
2491 2.507263
2492 2.507163
2493 2.507068
2494 2.506978
2495 2.506891
2496 2.506808
2497 2.506729
2498 2.506655
2499 2.506584
2500 2.506518
2501 2.506455
2502 2.506396
2503 2.506341
2504 2.506290
2505 2.506243
2506 2.506199
2507 2.506160
2508 2.506124
2509 2.506092
2510 2.506063
2511 2.506038
2512 2.506017
2513 2.506000
2514 2.505986
2515 2.505976
2516 2.505969
2517 2.505966
2518 2.505966
2519 2.505970
2520 2.505977
2521 2.505988
2522 2.506002
2523 2.506019
2524 2.506040
2525 2.506064
2526 2.506092
2527 2.506123
2528 2.506157
2529 2.506194
2530 2.506234
2531 2.506278
2532 2.506325
2533 2.506375
2534 2.506428
2535 2.506485
2536 2.506544
2537 2.506607
2538 2.506672
2539 2.506741
2540 2.506812
2541 2.506887
2542 2.506964
2543 2.507045
2544 2.507128
2545 2.507215
2546 2.507304
2547 2.507396
2548 2.507491
2549 2.507588
2550 2.507689
2551 2.507792
2552 2.507898
2553 2.508007
2554 2.508119
2555 2.508233
2556 2.508350
2557 2.508469
2558 2.508592
2559 2.508716
2560 2.508844
2561 2.508974
2562 2.509106
2563 2.509242
2564 2.509379
2565 2.509519
2566 2.509662
2567 2.509807
2568 2.509955
2569 2.510105
2570 2.510257
2571 2.510412
2572 2.510569
2573 2.510729
2574 2.510891
2575 2.511055
2576 2.511221
2577 2.511390
2578 2.511561
2579 2.511735
2580 2.511910
2581 2.512088
2582 2.512268
2583 2.512450
2584 2.512634
2585 2.512821
2586 2.513009
2587 2.513200
2588 2.513393
2589 2.513588
2590 2.513785
2591 2.513983
2592 2.514184
2593 2.514387
2594 2.514592
2595 2.514799
2596 2.515008
2597 2.515219
2598 2.515431
2599 2.515646
2600 2.515862
2601 2.516080
2602 2.516300
2603 2.516522
2604 2.516746
2605 2.516971
2606 2.517198
2607 2.517427
2608 2.517658
2609 2.517890
2610 2.518125
2611 2.518360
2612 2.518598
2613 2.518837
2614 2.519077
2615 2.519320
2616 2.519564
2617 2.519809
2618 2.520056
2619 2.520304
2620 2.520554
2621 2.520806
2622 2.521059
2623 2.521313
2624 2.521569
2625 2.521826
2626 2.522085
2627 2.522345
2628 2.522606
2629 2.522869
2630 2.523133
2631 2.523399
2632 2.523665
2633 2.523933
2634 2.524203
2635 2.524473
2636 2.524745
2637 2.525018
2638 2.525292
2639 2.525567
2640 2.525844
2641 2.526121
2642 2.526400
2643 2.526680
2644 2.526961
2645 2.527243
2646 2.527526
2647 2.527810
2648 2.528095
2649 2.528381
2650 2.528668
2651 2.528956
2652 2.529245
2653 2.529534
2654 2.529825
2655 2.530117
2656 2.530409
2657 2.530703
2658 2.530997
2659 2.531292
2660 2.531588
2661 2.531885
2662 2.532182
2663 2.532480
2664 2.532779
2665 2.533079
2666 2.533380
2667 2.533681
2668 2.533983
2669 2.534285
2670 2.534588
2671 2.534892
2672 2.535196
2673 2.535501
2674 2.535807
2675 2.536113
2676 2.536420
2677 2.536727
2678 2.537035
2679 2.537343
2680 2.537652
2681 2.537961
2682 2.538271
2683 2.538581
2684 2.538892
2685 2.539203
2686 2.539514
2687 2.539826
2688 2.540139
2689 2.540451
2690 2.540764
2691 2.541078
2692 2.541391
2693 2.541706
2694 2.542020
2695 2.542335
2696 2.542649
2697 2.542965
2698 2.543280
2699 2.543596
2700 2.543912
2701 2.544228
2702 2.544544
2703 2.544861
2704 2.545178
2705 2.545495
2706 2.545812
2707 2.546129
2708 2.546446
2709 2.546764
2710 2.547081
2711 2.547399
2712 2.547717
2713 2.548035
2714 2.548353
2715 2.548671
2716 2.548989
2717 2.549307
2718 2.549626
2719 2.549944
2720 2.550262
2721 2.550580
2722 2.550899
2723 2.551217
2724 2.551535
2725 2.551853
2726 2.552172
2727 2.552490
2728 2.552808
2729 2.553126
2730 2.553444
2731 2.553761
2732 2.554079
2733 2.554397
2734 2.554714
2735 2.555032
2736 2.555349
2737 2.555666
2738 2.555983
2739 2.556300
2740 2.556617
2741 2.556934
2742 2.557250
2743 2.557566
2744 2.557882
2745 2.558198
2746 2.558514
2747 2.558829
2748 2.559144
2749 2.559459
2750 2.559774
2751 2.560089
2752 2.560403
2753 2.560717
2754 2.561031
2755 2.561345
2756 2.561658
2757 2.561971
2758 2.562284
2759 2.562596
2760 2.562908
2761 2.563220
2762 2.563532
2763 2.563843
2764 2.564154
2765 2.564465
2766 2.564775
2767 2.565085
2768 2.565395
2769 2.565704
2770 2.566013
2771 2.566322
2772 2.566630
2773 2.566938
2774 2.567245
2775 2.567552
2776 2.567859
2777 2.568166
2778 2.568472
2779 2.568777
2780 2.569082
2781 2.569387
2782 2.569692
2783 2.569996
2784 2.570299
2785 2.570602
2786 2.570905
2787 2.571207
2788 2.571509
2789 2.571811
2790 2.572111
2791 2.572412
2792 2.572712
2793 2.573011
2794 2.573311
2795 2.573609
2796 2.573907
2797 2.574205
2798 2.574502
2799 2.574799
2800 2.575095
2801 2.575390
2802 2.575686
2803 2.575980
2804 2.576274
2805 2.576568
2806 2.576861
2807 2.577153
2808 2.577445
2809 2.577737
2810 2.578028
2811 2.578318
2812 2.578608
2813 2.578897
2814 2.579186
2815 2.579474
2816 2.579761
2817 2.580048
2818 2.580334
2819 2.580620
2820 2.580905
2821 2.581189
2822 2.581473
2823 2.581757
2824 2.582039
2825 2.582321
2826 2.582603
2827 2.582883
2828 2.583163
2829 2.583443
2830 2.583721
2831 2.584000
2832 2.584277
2833 2.584554
2834 2.584830
2835 2.585105
2836 2.585380
2837 2.585654
2838 2.585927
2839 2.586200
2840 2.586472
2841 2.586743
2842 2.587013
2843 2.587283
2844 2.587552
2845 2.587820
2846 2.588088
2847 2.588354
2848 2.588620
2849 2.588885
2850 2.589150
2851 2.589413
2852 2.589676
2853 2.589938
2854 2.590199
2855 2.590460
2856 2.590719
2857 2.590978
2858 2.591236
2859 2.591493
2860 2.591749
2861 2.592004
2862 2.592259
2863 2.592512
2864 2.592765
2865 2.593017
2866 2.593268
2867 2.593518
2868 2.593767
2869 2.594015
2870 2.594262
2871 2.594509
2872 2.594754
2873 2.594998
2874 2.595242
2875 2.595484
2876 2.595726
2877 2.595966
2878 2.596206
2879 2.596444
2880 2.596682
2881 2.596918
2882 2.597153
2883 2.597388
2884 2.597621
2885 2.597853
2886 2.598084
2887 2.598314
2888 2.598543
2889 2.598771
2890 2.598998
2891 2.599223
2892 2.599448
2893 2.599671
2894 2.599893
2895 2.600114
2896 2.600334
2897 2.600552
2898 2.600769
2899 2.600986
2900 2.601200
2901 2.601414
2902 2.601626
2903 2.601837
2904 2.602047
2905 2.602255
2906 2.602462
2907 2.602668
2908 2.602873
2909 2.603076
2910 2.603277
2911 2.603478
2912 2.603677
2913 2.603874
2914 2.604070
2915 2.604265
2916 2.604458
2917 2.604649
2918 2.604839
2919 2.605028
2920 2.605215
2921 2.605401
2922 2.605585
2923 2.605767
2924 2.605948
2925 2.606127
2926 2.606304
2927 2.606480
2928 2.606654
2929 2.606827
2930 2.606998
2931 2.607167
2932 2.607334
2933 2.607499
2934 2.607663
2935 2.607825
2936 2.607985
2937 2.608143
2938 2.608299
2939 2.608454
2940 2.608606
2941 2.608757
2942 2.608905
2943 2.609052
2944 2.609196
2945 2.609339
2946 2.609479
2947 2.609617
2948 2.609753
2949 2.609887
2950 2.610019
2951 2.610148
2952 2.610276
2953 2.610401
2954 2.610523
2955 2.610644
2956 2.610762
2957 2.610877
2958 2.610990
2959 2.611101
2960 2.611209
2961 2.611315
2962 2.611418
2963 2.611518
2964 2.611616
2965 2.611711
2966 2.611804
2967 2.611893
2968 2.611980
2969 2.612064
2970 2.612145
2971 2.612224
2972 2.612299
2973 2.612371
2974 2.612440
2975 2.612506
2976 2.612569
2977 2.612629
2978 2.612686
2979 2.612739
2980 2.612789
2981 2.612835
2982 2.612878
2983 2.612917
2984 2.612953
2985 2.612986
2986 2.613014
2987 2.613039
2988 2.613060
2989 2.613077
2990 2.613090
2991 2.613099
2992 2.613105
2993 2.613105
2994 2.613102
2995 2.613095
2996 2.613083
2997 2.613066
2998 2.613045
2999 2.613019
3000 2.612989
3001 2.612954
3002 2.612914
3003 2.612869
3004 2.612819
3005 2.612763
3006 2.612703
3007 2.612637
3008 2.612565
3009 2.612488
3010 2.612405
3011 2.612316
3012 2.612222
3013 2.612121
3014 2.612014
3015 2.611900
3016 2.611780
3017 2.611653
3018 2.611520
3019 2.611379
3020 2.611232
3021 2.611077
3022 2.610915
3023 2.610745
3024 2.610567
3025 2.610381
3026 2.610187
3027 2.609985
3028 2.609773
3029 2.609553
3030 2.609324
3031 2.609086
3032 2.608838
3033 2.608581
3034 2.608313
3035 2.608035
3036 2.607746
3037 2.607447
3038 2.607136
3039 2.606814
3040 2.606480
3041 2.606134
3042 2.605775
3043 2.605404
3044 2.605019
3045 2.604621
3046 2.604208
3047 2.603782
3048 2.603340
3049 2.602884
3050 2.602412
3051 2.601923
3052 2.601418
3053 2.600897
3054 2.600357
3055 2.599800
3056 2.599224
3057 2.598629
3058 2.598015
3059 2.597380
3060 2.596726
3061 2.596050
3062 2.595352
3063 2.594633
3064 2.593892
3065 2.593127
3066 2.592340
3067 2.591528
3068 2.590693
3069 2.589834
3070 2.588950
3071 2.588041
3072 2.587108
3073 2.586150
3074 2.585167
3075 2.584161
3076 2.583130
3077 2.582075
3078 2.580997
3079 2.579897
3080 2.578775
3081 2.577632
3082 2.576468
3083 2.575285
3084 2.574083
3085 2.572862
3086 2.571622
3087 2.570362
3088 2.569082
3089 2.567780
3090 2.566453
3091 2.565097
3092 2.563707
3093 2.562280
3094 2.560809
3095 2.559290
3096 2.557718
3097 2.556089
3098 2.554400
3099 2.552649
3100 2.550838
3101 2.548967
3102 2.547036
3103 2.545049
3104 2.543008
3105 2.540914
3106 2.538770
3107 2.536578
3108 2.534340
3109 2.532057
3110 2.529731
3111 2.527362
3112 2.524951
3113 2.522499
3114 2.520007
3115 2.517474
3116 2.514902
3117 2.512290
3118 2.509638
3119 2.506946
3120 2.504213
3121 2.501440
3122 2.498625
3123 2.495767
3124 2.492866
3125 2.489921
3126 2.486930
3127 2.483892
3128 2.480805
3129 2.477667
3130 2.474476
3131 2.471230
3132 2.467926
3133 2.464561
3134 2.461130
3135 2.457632
3136 2.454060
3137 2.450410
3138 2.446677
3139 2.442853
3140 2.438932
3141 2.434905
3142 2.430763
3143 2.426493
3144 2.422084
3145 2.417520
3146 2.412782
3147 2.407849
3148 2.402696
3149 2.397292
3150 2.391601
3151 2.385578
3152 2.379173
3153 2.372327
3154 2.364976
3155 2.357064
3156 2.348562
3157 2.339516
3158 2.330116
3159 2.320770
3160 2.312095
3161 2.304734
3162 2.299045
3163 2.294922
3164 2.291948
3165 2.289673
3166 2.287787
3167 2.286131
3168 2.284640
3169 2.283287
3170 2.282056
3171 2.280931
3172 2.279896
3173 2.278939
3174 2.278047
3175 2.277212
3176 2.276427
3177 2.275686
3178 2.274985
3179 2.274318
3180 2.273683
3181 2.273077
3182 2.272497
3183 2.271940
3184 2.271406
3185 2.270891
3186 2.270396
3187 2.269917
3188 2.269455
3189 2.269007
3190 2.268574
3191 2.268154
3192 2.267747
3193 2.267351
3194 2.266967
3195 2.266593
3196 2.266230
3197 2.265876
3198 2.265531
3199 2.265195
3200 2.264867
3201 2.264548
3202 2.264236
3203 2.263932
3204 2.263635
3205 2.263344
3206 2.263061
3207 2.262784
3208 2.262513
3209 2.262249
3210 2.261990
3211 2.261737
3212 2.261490
3213 2.261248
3214 2.261012
3215 2.260780
3216 2.260554
3217 2.260332
3218 2.260115
3219 2.259903
3220 2.259696
3221 2.259493
3222 2.259294
3223 2.259099
3224 2.258909
3225 2.258723
3226 2.258541
3227 2.258362
3228 2.258188
3229 2.258017
3230 2.257851
3231 2.257687
3232 2.257528
3233 2.257371
3234 2.257219
3235 2.257069
3236 2.256923
3237 2.256780
3238 2.256641
3239 2.256505
3240 2.256371
3241 2.256241
3242 2.256114
3243 2.255990
3244 2.255869
3245 2.255750
3246 2.255635
3247 2.255522
3248 2.255412
3249 2.255305
3250 2.255200
3251 2.255099
3252 2.254999
3253 2.254903
3254 2.254808
3255 2.254717
3256 2.254628
3257 2.254541
3258 2.254457
3259 2.254375
3260 2.254295
3261 2.254218
3262 2.254143
3263 2.254071
3264 2.254000
3265 2.253932
3266 2.253866
3267 2.253802
3268 2.253741
3269 2.253681
3270 2.253624
3271 2.253569
3272 2.253516
3273 2.253464
3274 2.253415
3275 2.253368
3276 2.253323
3277 2.253280
3278 2.253239
3279 2.253200
3280 2.253163
3281 2.253127
3282 2.253094
3283 2.253062
3284 2.253033
3285 2.253005
3286 2.252979
3287 2.252955
3288 2.252932
3289 2.252912
3290 2.252893
3291 2.252876
3292 2.252861
3293 2.252848
3294 2.252836
3295 2.252826
3296 2.252818
3297 2.252812
3298 2.252807
3299 2.252804
3300 2.252803
3301 2.252803
3302 2.252806
3303 2.252809
3304 2.252815
3305 2.252822
3306 2.252831
3307 2.252842
3308 2.252854
3309 2.252868
3310 2.252883
3311 2.252900
3312 2.252919
3313 2.252939
3314 2.252961
3315 2.252985
3316 2.253010
3317 2.253037
3318 2.253066
3319 2.253096
3320 2.253128
3321 2.253161
3322 2.253196
3323 2.253233
3324 2.253271
3325 2.253311
3326 2.253352
3327 2.253395
3328 2.253440
3329 2.253486
3330 2.253534
3331 2.253583
3332 2.253634
3333 2.253687
3334 2.253741
3335 2.253797
3336 2.253854
3337 2.253913
3338 2.253974
3339 2.254036
3340 2.254100
3341 2.254166
3342 2.254233
3343 2.254302
3344 2.254372
3345 2.254444
3346 2.254518
3347 2.254593
3348 2.254670
3349 2.254749
3350 2.254829
3351 2.254911
3352 2.254994
3353 2.255079
3354 2.255166
3355 2.255255
3356 2.255345
3357 2.255437
3358 2.255530
3359 2.255626
3360 2.255723
3361 2.255821
3362 2.255922
3363 2.256024
3364 2.256127
3365 2.256233
3366 2.256340
3367 2.256449
3368 2.256560
3369 2.256672
3370 2.256786
3371 2.256902
3372 2.257020
3373 2.257139
3374 2.257261
3375 2.257384
3376 2.257509
3377 2.257636
3378 2.257764
3379 2.257895
3380 2.258027
3381 2.258161
3382 2.258297
3383 2.258435
3384 2.258575
3385 2.258716
3386 2.258860
3387 2.259005
3388 2.259153
3389 2.259302
3390 2.259454
3391 2.259607
3392 2.259762
3393 2.259920
3394 2.260079
3395 2.260240
3396 2.260404
3397 2.260569
3398 2.260737
3399 2.260906
3400 2.261078
3401 2.261252
3402 2.261428
3403 2.261606
3404 2.261786
3405 2.261969
3406 2.262153
3407 2.262340
3408 2.262529
3409 2.262721
3410 2.262914
3411 2.263110
3412 2.263309
3413 2.263509
3414 2.263712
3415 2.263917
3416 2.264125
3417 2.264335
3418 2.264548
3419 2.264763
3420 2.264980
3421 2.265200
3422 2.265423
3423 2.265648
3424 2.265876
3425 2.266106
3426 2.266339
3427 2.266575
3428 2.266813
3429 2.267054
3430 2.267298
3431 2.267545
3432 2.267794
3433 2.268047
3434 2.268302
3435 2.268560
3436 2.268821
3437 2.269085
3438 2.269352
3439 2.269623
3440 2.269896
3441 2.270172
3442 2.270452
3443 2.270735
3444 2.271021
3445 2.271310
3446 2.271603
3447 2.271899
3448 2.272199
3449 2.272502
3450 2.272808
3451 2.273119
3452 2.273432
3453 2.273750
3454 2.274071
3455 2.274396
3456 2.274726
3457 2.275059
3458 2.275396
3459 2.275737
3460 2.276082
3461 2.276431
3462 2.276785
3463 2.277143
3464 2.277506
3465 2.277873
3466 2.278245
3467 2.278621
3468 2.279003
3469 2.279389
3470 2.279780
3471 2.280177
3472 2.280578
3473 2.280985
3474 2.281398
3475 2.281816
3476 2.282240
3477 2.282670
3478 2.283105
3479 2.283547
3480 2.283996
3481 2.284451
3482 2.284912
3483 2.285381
3484 2.285857
3485 2.286340
3486 2.286831
3487 2.287329
3488 2.287836
3489 2.288351
3490 2.288875
3491 2.289408
3492 2.289950
3493 2.290502
3494 2.291065
3495 2.291638
3496 2.292222
3497 2.292818
3498 2.293426
3499 2.294047
3500 2.294682
3501 2.295331
3502 2.295995
3503 2.296676
3504 2.297374
3505 2.298090
3506 2.298825
3507 2.299582
3508 2.300362
3509 2.301167
3510 2.301998
3511 2.302859
3512 2.303753
3513 2.304682
3514 2.305652
3515 2.306666
3516 2.307732
3517 2.308856
3518 2.310048
3519 2.311319
3520 2.312684
3521 2.314163
3522 2.315782
3523 2.317579
3524 2.319604
3525 2.321934
3526 2.324687
3527 2.328046
3528 2.332319
3529 2.338030
3530 2.346106
3531 2.358196
3532 2.377146
3533 2.407432
3534 2.454985
3535 2.527514
3536 2.647745
3537 2.757227
3538 2.580633
3539 2.753036
3540 2.601429
3541 2.746275
3542 2.591508
3543 2.746745
3544 2.588242
3545 2.742603
3546 2.587178
3547 2.737889
3548 2.585721
3549 2.732766
3550 2.585089
3551 2.726800
3552 2.585205
3553 2.720229
3554 2.585876
3555 2.713148
3556 2.587190
3557 2.705532
3558 2.589217
3559 2.697349
3560 2.592032
3561 2.688492
3562 2.595850
3563 2.678657
3564 2.601152
3565 2.667135
3566 2.609045
3567 2.652024
3568 2.622447
3569 2.626671
3570 2.650177
3571 2.571859
3572 2.670503
3573 2.598004
3574 2.614020
3575 2.683215
3576 2.493469
3577 2.513069
3578 2.692972
3579 2.602322
3580 2.529117
3581 2.634916
3582 2.772967
3583 2.476321
3584 2.487230
3585 2.475832
3586 2.650841
3587 2.793202
3588 2.477323
3589 2.489620
3590 2.482497
3591 2.660795
3592 2.789830
3593 2.477270
3594 2.491104
3595 2.483671
3596 2.661810
3597 2.785983
3598 2.477205
3599 2.491962
3600 2.484073
3601 2.661651
3602 2.781666
3603 2.477125
3604 2.492385
3605 2.484075
3606 2.660833
3607 2.776942
3608 2.477026
3609 2.492521
3610 2.483844
3611 2.659569
3612 2.771710
3613 2.476907
3614 2.492488
3615 2.483486
3616 2.657981
3617 2.765712
3618 2.476775
3619 2.492374
3620 2.483112
3621 2.656168
3622 2.758477
3623 2.476650
3624 2.492245
3625 2.482862
3626 2.654236
3627 2.749177
3628 2.476581
3629 2.492150
3630 2.482951
3631 2.652289
3632 2.736206
3633 2.476692
3634 2.492141
3635 2.483811
3636 2.650426
3637 2.715750
3638 2.477414
3639 2.492347
3640 2.486876
3641 2.648621
3642 2.675121
3643 2.480977
3644 2.493908
3645 2.503769
3646 2.645108
3647 2.574644
3648 2.573555
3649 2.647098
3650 2.498858
3651 2.521294
3652 2.660865
3653 2.646640
3654 2.487241
3655 2.496660
3656 2.518829
3657 2.645373
3658 2.508798
3659 2.534840
3660 2.658038
3661 2.524158
3662 2.547082
3663 2.655793
3664 2.498595
3665 2.511996
3666 2.615805
3667 2.769723
3668 2.477143
3669 2.500041
3670 2.503319
3671 2.652287
3672 2.598475
3673 2.493740
3674 2.513511
3675 2.646844
3676 2.739980
3677 2.476145
3678 2.497736
3679 2.503535
3680 2.644275
3681 2.578417
3682 2.534513
3683 2.619108
3684 2.682450
3685 2.481099
3686 2.498930
3687 2.521326
3688 2.641221
3689 2.503995
3690 2.529453
3691 2.647981
3692 2.549257
3693 2.566625
3694 2.643705
3695 2.493529
3696 2.509721
3697 2.610708
3698 2.758055
3699 2.472864
3700 2.499028
3701 2.512946
3702 2.637750
3703 2.538501
3704 2.580246
3705 2.669616
3706 2.484096
3707 2.504618
3708 2.574439
3709 2.711061
3710 2.473582
3711 2.501883
3712 2.550429
3713 2.670346
3714 2.482313
3715 2.508913
3716 2.622203
3717 2.758046
3718 2.469706
3719 2.503883
3720 2.576486
3721 2.711147
3722 2.472087
3723 2.508939
3724 2.627913
3725 2.753205
3726 2.469502
3727 2.510222
3728 2.634568
3729 2.739573
3730 2.470027
3731 2.512946
3732 2.647530
3733 2.660016
3734 2.480433
3735 2.512751
3736 2.646662
3737 2.581844
3738 2.592035
3739 2.633205
3740 2.504947
3741 2.563017
3742 2.684604
3743 2.478215
3744 2.515660
3745 2.644769
3746 2.575827
3747 2.603139
3748 2.615652
3749 2.529884
3750 2.624449
3751 2.640601
3752 2.488923
3753 2.523131
3754 2.640151
3755 2.530356
3756 2.616483
3757 2.655383
3758 2.483673
3759 2.520562
3760 2.639145
3761 2.542434
3762 2.621028
3763 2.604512
3764 2.539041
3765 2.627306
3766 2.583337
3767 2.595422
3768 2.609044
3769 2.547655
3770 2.622721
3771 2.569786
3772 2.609340
3773 2.581077
3774 2.603659
3775 2.580414
3776 2.605528
3777 2.569292
3778 2.611720
3779 2.556687
3780 2.613257
3781 2.569674
3782 2.604963
3783 2.577311
3784 2.600711
3785 2.577642
3786 2.600998
3787 2.572561
3788 2.603877
3789 2.565748
3790 2.605792
3791 2.565837
3792 2.603781
3793 2.570704
3794 2.600111
3795 2.574017
3796 2.597790
3797 2.574671
3798 2.597132
3799 2.573490
3800 2.597426
3801 2.571754
3802 2.597751
3803 2.570790
3804 2.597429
3805 2.571105
3806 2.596419
3807 2.572102
3808 2.595178
3809 2.573009
3810 2.594133
3811 2.573481
3812 2.593433
3813 2.573527
3814 2.593028
3815 2.573301
3816 2.592806
3817 2.572963
3818 2.592665
3819 2.572619
3820 2.592552
3821 2.572304
3822 2.592460
3823 2.571996
3824 2.592412
3825 2.571652
3826 2.592436
3827 2.571233
3828 2.592552
3829 2.570715
3830 2.592769
3831 2.570096
3832 2.593080
3833 2.569386
3834 2.593472
3835 2.568603
3836 2.593930
3837 2.567766
3838 2.594440
3839 2.566889
3840 2.594991
3841 2.565981
3842 2.595577
3843 2.565046
3844 2.596195
3845 2.564089
3846 2.596841
3847 2.563110
3848 2.597512
3849 2.562113
3850 2.598205
3851 2.561102
3852 2.598917
3853 2.560079
3854 2.599646
3855 2.559044
3856 2.600391
3857 2.558000
3858 2.601150
3859 2.556948
3860 2.601922
3861 2.555888
3862 2.602705
3863 2.554822
3864 2.603498
3865 2.553750
3866 2.604300
3867 2.552674
3868 2.605111
3869 2.551593
3870 2.605928
3871 2.550509
3872 2.606750
3873 2.549423
3874 2.607577
3875 2.548335
3876 2.608407
3877 2.547247
3878 2.609238
3879 2.546160
3880 2.610069
3881 2.545075
3882 2.610899
3883 2.543994
3884 2.611725
3885 2.542917
3886 2.612546
3887 2.541848
3888 2.613359
3889 2.540787
3890 2.614162
3891 2.539736
3892 2.614954
3893 2.538699
3894 2.615730
3895 2.537678
3896 2.616490
3897 2.536675
3898 2.617229
3899 2.535694
3900 2.617945
3901 2.534737
3902 2.618635
3903 2.533808
3904 2.619296
3905 2.532910
3906 2.619925
3907 2.532047
3908 2.620520
3909 2.531222
3910 2.621078
3911 2.530439
3912 2.621598
3913 2.529700
3914 2.622077
3915 2.529009
3916 2.622514
3917 2.528368
3918 2.622909
3919 2.527780
3920 2.623261
3921 2.527244
3922 2.623572
3923 2.526763
3924 2.623841
3925 2.526336
3926 2.624070
3927 2.525963
3928 2.624262
3929 2.525641
3930 2.624418
3931 2.525371
3932 2.624540
3933 2.525149
3934 2.624631
3935 2.524972
3936 2.624694
3937 2.524839
3938 2.624731
3939 2.524745
3940 2.624744
3941 2.524688
3942 2.624736
3943 2.524665
3944 2.624708
3945 2.524673
3946 2.624663
3947 2.524708
3948 2.624603
3949 2.524769
3950 2.624528
3951 2.524853
3952 2.624441
3953 2.524957
3954 2.624343
3955 2.525081
3956 2.624234
3957 2.525221
3958 2.624115
3959 2.525375
3960 2.623988
3961 2.525544
3962 2.623854
3963 2.525725
3964 2.623711
3965 2.525918
3966 2.623563
3967 2.526118
3968 2.623407
3969 2.526334
3970 2.623249
3971 2.526544
3972 2.623078
3973 2.526796
3974 2.622918
3975 2.526971
3976 2.622715
3977 2.527357
3978 2.622600
3979 2.527252
3980 2.622253
3981 2.528376
3982 2.622468
3983 2.526464
3984 2.621255
3985 2.532271
3986 2.623644
3987 2.518781
3988 2.616772
3989 2.555684
3990 2.631135
3991 2.485368
3992 2.594960
3993 2.619162
3994 2.524188
3995 2.618113
3996 2.545489
3997 2.627507
3998 2.496728
3999 2.600714
4000 2.608129
4001 2.573876
4002 2.628073
4003 2.489276
4004 2.592425
4005 2.619247
4006 2.522913
4007 2.615036
4008 2.557258
4009 2.628819
4010 2.486469
4011 2.586419
4012 2.623173
4013 2.503749
4014 2.600784
4015 2.603509
4016 2.587427
4017 2.616244
4018 2.536012
4019 2.619497
4020 2.528242
4021 2.614968
4022 2.551446
4023 2.625016
4024 2.497655
4025 2.591105
4026 2.615157
4027 2.538177
4028 2.618625
4029 2.527910
4030 2.612633
4031 2.557990
4032 2.624631
4033 2.494472
4034 2.583630
4035 2.619230
4036 2.514967
4037 2.602024
4038 2.592520
4039 2.605418
4040 2.575702
4041 2.620600
4042 2.507714
4043 2.593465
4044 2.606957
4045 2.568942
4046 2.621647
4047 2.501614
4048 2.584830
4049 2.614673
4050 2.532710
4051 2.609959
4052 2.559066
4053 2.619968
4054 2.506759
4055 2.587537
4056 2.609930
4057 2.551197
4058 2.616822
4059 2.520125
4060 2.598298
4061 2.591893
4062 2.600361
4063 2.583029
4064 2.610277
4065 2.547124
4066 2.613167
4067 2.535627
4068 2.606625
4069 2.563887
4070 2.615852
4071 2.518564
4072 2.592042
4073 2.598787
4074 2.583124
4075 2.607044
4076 2.555748
4077 2.612810
4078 2.530651
4079 2.599455
4080 2.581250
4081 2.606734
4082 2.554042
4083 2.610478
4084 2.538229
4085 2.602448
4086 2.569285
4087 2.610224
4088 2.535863
4089 2.599417
4090 2.575981
4091 2.606610
4092 2.548802
4093 2.605194
4094 2.554294
4095 2.606450
4096 2.547653
4097 2.603214
4098 2.558803
4099 2.606038
4100 2.546201
4101 2.600999
4102 2.563513
4103 2.604965
4104 2.547375
4105 2.600001
4106 2.563868
4107 2.603402
4108 2.550391
4109 2.599729
4110 2.561830
4111 2.601719
4112 2.553515
4113 2.599227
4114 2.560410
4115 2.599920
4116 2.556580
4117 2.598393
4118 2.559926
4119 2.598130
4120 2.559153
4121 2.597134
4122 2.560584
4123 2.596408
4124 2.561111
4125 2.595530
4126 2.561996
4127 2.594641
4128 2.562819
4129 2.593699
4130 2.563685
4131 2.592705
4132 2.564577
4133 2.591652
4134 2.565494
4135 2.590532
4136 2.566436
4137 2.589340
4138 2.567397
4139 2.588068
4140 2.568367
4141 2.586710
4142 2.569332
4143 2.585264
4144 2.570269
4145 2.583734
4146 2.571145
4147 2.582133
4148 2.571918
4149 2.580489
4150 2.572537
4151 2.578846
4152 2.572950
4153 2.577257
4154 2.573116
4155 2.575776
4156 2.573017
4157 2.574435
4158 2.572667
4159 2.573235
4160 2.572104
4161 2.572150
4162 2.571380
4163 2.571138
4164 2.570544
4165 2.570157
4166 2.569633
4167 2.569177
4168 2.568672
4169 2.568181
4170 2.567671
4171 2.567160
4172 2.566638
4173 2.566109
4174 2.565572
4175 2.565027
4176 2.564474
4177 2.563913
4178 2.563344
4179 2.562767
4180 2.562182
4181 2.561589
4182 2.560987
4183 2.560377
4184 2.559759
4185 2.559132
4186 2.558497
4187 2.557854
4188 2.557202
4189 2.556541
4190 2.555872
4191 2.555195
4192 2.554509
4193 2.553815
4194 2.553112
4195 2.552401
4196 2.551681
4197 2.550953
4198 2.550216
4199 2.549471
4200 2.548718
4201 2.547957
4202 2.547188
4203 2.546411
4204 2.545626
4205 2.544834
4206 2.544034
4207 2.543228
4208 2.542414
4209 2.541594
4210 2.540768
4211 2.539936
4212 2.539098
4213 2.538256
4214 2.537409
4215 2.536559
4216 2.535705
4217 2.534849
4218 2.533992
4219 2.533134
4220 2.532277
4221 2.531421
4222 2.530569
4223 2.529720
4224 2.528877
4225 2.528041
4226 2.527214
4227 2.526398
4228 2.525594
4229 2.524804
4230 2.524031
4231 2.523276
4232 2.522541
4233 2.521829
4234 2.521141
4235 2.520478
4236 2.519842
4237 2.519235
4238 2.518656
4239 2.518106
4240 2.517584
4241 2.517090
4242 2.516623
4243 2.516181
4244 2.515762
4245 2.515363
4246 2.514981
4247 2.514615
4248 2.514261
4249 2.513916
4250 2.513579
4251 2.513246
4252 2.512917
4253 2.512589
4254 2.512262
4255 2.511935
4256 2.511606
4257 2.511277
4258 2.510946
4259 2.510613
4260 2.510279
4261 2.509944
4262 2.509608
4263 2.509270
4264 2.508932
4265 2.508593
4266 2.508253
4267 2.507913
4268 2.507572
4269 2.507231
4270 2.506890
4271 2.506548
4272 2.506206
4273 2.505864
4274 2.505522
4275 2.505180
4276 2.504838
4277 2.504496
4278 2.504153
4279 2.503811
4280 2.503469
4281 2.503126
4282 2.502784
4283 2.502442
4284 2.502099
4285 2.501757
4286 2.501415
4287 2.501072
4288 2.500730
4289 2.500388
4290 2.500046
4291 2.499703
4292 2.499361
4293 2.499019
4294 2.498677
4295 2.498335
4296 2.497992
4297 2.497650
4298 2.497308
4299 2.496966
4300 2.496624
4301 2.496282
4302 2.495939
4303 2.495597
4304 2.495255
4305 2.494913
4306 2.494571
4307 2.494229
4308 2.493886
4309 2.493544
4310 2.493202
4311 2.492860
4312 2.492517
4313 2.492175
4314 2.491833
4315 2.491490
4316 2.491148
4317 2.490805
4318 2.490463
4319 2.490120
4320 2.489778
4321 2.489435
4322 2.489092
4323 2.488749
4324 2.488407
4325 2.488064
4326 2.487721
4327 2.487378
4328 2.487035
4329 2.486691
4330 2.486348
4331 2.486005
4332 2.485661
4333 2.485318
4334 2.484974
4335 2.484631
4336 2.484287
4337 2.483943
4338 2.483599
4339 2.483255
4340 2.482911
4341 2.482566
4342 2.482222
4343 2.481878
4344 2.481533
4345 2.481188
4346 2.480843
4347 2.480498
4348 2.480153
4349 2.479808
4350 2.479463
4351 2.479117
4352 2.478771
4353 2.478425
4354 2.478080
4355 2.477733
4356 2.477387
4357 2.477041
4358 2.476694
4359 2.476348
4360 2.476001
4361 2.475654
4362 2.475306
4363 2.474959
4364 2.474612
4365 2.474264
4366 2.473916
4367 2.473568
4368 2.473220
4369 2.472871
4370 2.472523
4371 2.472174
4372 2.471825
4373 2.471476
4374 2.471127
4375 2.470777
4376 2.470427
4377 2.470077
4378 2.469727
4379 2.469377
4380 2.469026
4381 2.468676
4382 2.468325
4383 2.467973
4384 2.467622
4385 2.467270
4386 2.466919
4387 2.466566
4388 2.466214
4389 2.465862
4390 2.465509
4391 2.465156
4392 2.464803
4393 2.464449
4394 2.464096
4395 2.463742
4396 2.463388
4397 2.463033
4398 2.462679
4399 2.462324
4400 2.461969
4401 2.461613
4402 2.461258
4403 2.460902
4404 2.460546
4405 2.460190
4406 2.459833
4407 2.459476
4408 2.459119
4409 2.458761
4410 2.458404
4411 2.458046
4412 2.457688
4413 2.457329
4414 2.456970
4415 2.456611
4416 2.456252
4417 2.455893
4418 2.455533
4419 2.455173
4420 2.454812
4421 2.454451
4422 2.454090
4423 2.453729
4424 2.453368
4425 2.453006
4426 2.452644
4427 2.452281
4428 2.451918
4429 2.451555
4430 2.451192
4431 2.450829
4432 2.450465
4433 2.450100
4434 2.449736
4435 2.449371
4436 2.449006
4437 2.448640
4438 2.448275
4439 2.447909
4440 2.447542
4441 2.447176
4442 2.446809
4443 2.446441
4444 2.446074
4445 2.445706
4446 2.445338
4447 2.444969
4448 2.444600
4449 2.444231
4450 2.443861
4451 2.443491
4452 2.443121
4453 2.442751
4454 2.442380
4455 2.442009
4456 2.441637
4457 2.441265
4458 2.440893
4459 2.440521
4460 2.440148
4461 2.439775
4462 2.439401
4463 2.439027
4464 2.438653
4465 2.438278
4466 2.437903
4467 2.437528
4468 2.437153
4469 2.436777
4470 2.436400
4471 2.436024
4472 2.435647
4473 2.435269
4474 2.434892
4475 2.434514
4476 2.434135
4477 2.433757
4478 2.433377
4479 2.432998
4480 2.432618
4481 2.432238
4482 2.431857
4483 2.431476
4484 2.431095
4485 2.430713
4486 2.430331
4487 2.429949
4488 2.429566
4489 2.429183
4490 2.428800
4491 2.428416
4492 2.428032
4493 2.427647
4494 2.427262
4495 2.426876
4496 2.426491
4497 2.426105
4498 2.425718
4499 2.425331
4500 2.424944
4501 2.424556
4502 2.424168
4503 2.423780
4504 2.423391
4505 2.423001
4506 2.422612
4507 2.422222
4508 2.421831
4509 2.421441
4510 2.421049
4511 2.420658
4512 2.420266
4513 2.419873
4514 2.419480
4515 2.419087
4516 2.418693
4517 2.418299
4518 2.417905
4519 2.417510
4520 2.417115
4521 2.416719
4522 2.416323
4523 2.415926
4524 2.415529
4525 2.415132
4526 2.414734
4527 2.414335
4528 2.413937
4529 2.413538
4530 2.413138
4531 2.412738
4532 2.412337
4533 2.411937
4534 2.411535
4535 2.411133
4536 2.410731
4537 2.410328
4538 2.409925
4539 2.409522
4540 2.409118
4541 2.408713
4542 2.408308
4543 2.407903
4544 2.407497
4545 2.407090
4546 2.406683
4547 2.406276
4548 2.405868
4549 2.405460
4550 2.405051
4551 2.404642
4552 2.404232
4553 2.403822
4554 2.403411
4555 2.403000
4556 2.402588
4557 2.402175
4558 2.401763
4559 2.401349
4560 2.400935
4561 2.400521
4562 2.400106
4563 2.399691
4564 2.399275
4565 2.398858
4566 2.398441
4567 2.398024
4568 2.397605
4569 2.397187
4570 2.396767
4571 2.396348
4572 2.395927
4573 2.395506
4574 2.395085
4575 2.394663
4576 2.394240
4577 2.393816
4578 2.393393
4579 2.392968
4580 2.392543
4581 2.392117
4582 2.391691
4583 2.391264
4584 2.390836
4585 2.390408
4586 2.389979
4587 2.389549
4588 2.389119
4589 2.388688
4590 2.388257
4591 2.387824
4592 2.387392
4593 2.386958
4594 2.386524
4595 2.386089
4596 2.385653
4597 2.385217
4598 2.384779
4599 2.384341
4600 2.383903
4601 2.383463
4602 2.383023
4603 2.382582
4604 2.382141
4605 2.381698
4606 2.381255
4607 2.380811
4608 2.380366
4609 2.379920
4610 2.379474
4611 2.379026
4612 2.378578
4613 2.378129
4614 2.377679
4615 2.377228
4616 2.376776
4617 2.376324
4618 2.375870
4619 2.375416
4620 2.374960
4621 2.374504
4622 2.374046
4623 2.373588
4624 2.373129
4625 2.372668
4626 2.372207
4627 2.371745
4628 2.371281
4629 2.370817
4630 2.370351
4631 2.369885
4632 2.369417
4633 2.368948
4634 2.368478
4635 2.368007
4636 2.367535
4637 2.367061
4638 2.366586
4639 2.366111
4640 2.365633
4641 2.365155
4642 2.364675
4643 2.364194
4644 2.363712
4645 2.363229
4646 2.362744
4647 2.362257
4648 2.361770
4649 2.361281
4650 2.360790
4651 2.360298
4652 2.359805
4653 2.359310
4654 2.358813
4655 2.358315
4656 2.357816
4657 2.357314
4658 2.356811
4659 2.356307
4660 2.355801
4661 2.355293
4662 2.354783
4663 2.354272
4664 2.353759
4665 2.353244
4666 2.352727
4667 2.352208
4668 2.351687
4669 2.351165
4670 2.350640
4671 2.350113
4672 2.349585
4673 2.349054
4674 2.348521
4675 2.347986
4676 2.347448
4677 2.346909
4678 2.346367
4679 2.345823
4680 2.345276
4681 2.344727
4682 2.344175
4683 2.343621
4684 2.343065
4685 2.342505
4686 2.341943
4687 2.341379
4688 2.340811
4689 2.340241
4690 2.339668
4691 2.339092
4692 2.338513
4693 2.337931
4694 2.337345
4695 2.336757
4696 2.336165
4697 2.335570
4698 2.334971
4699 2.334369
4700 2.333764
4701 2.333155
4702 2.332542
4703 2.331925
4704 2.331304
4705 2.330680
4706 2.330051
4707 2.329419
4708 2.328782
4709 2.328140
4710 2.327494
4711 2.326844
4712 2.326189
4713 2.325529
4714 2.324864
4715 2.324195
4716 2.323520
4717 2.322839
4718 2.322154
4719 2.321463
4720 2.320766
4721 2.320063
4722 2.319354
4723 2.318640
4724 2.317918
4725 2.317191
4726 2.316456
4727 2.315715
4728 2.314966
4729 2.314211
4730 2.313447
4731 2.312677
4732 2.311898
4733 2.311111
4734 2.310315
4735 2.309511
4736 2.308697
4737 2.307875
4738 2.307043
4739 2.306201
4740 2.305348
4741 2.304485
4742 2.303611
4743 2.302726
4744 2.301829
4745 2.300920
4746 2.299998
4747 2.299063
4748 2.298115
4749 2.297152
4750 2.296175
4751 2.295182
4752 2.294174
4753 2.293149
4754 2.292107
4755 2.291047
4756 2.289968
4757 2.288870
4758 2.287751
4759 2.286612
4760 2.285450
4761 2.284264
4762 2.283055
4763 2.281819
4764 2.280558
4765 2.279268
4766 2.277949
4767 2.276599
4768 2.275217
4769 2.273801
4770 2.272350
4771 2.270862
4772 2.269335
4773 2.267768
4774 2.266158
4775 2.264504
4776 2.262805
4777 2.261059
4778 2.259265
4779 2.257421
4780 2.255527
4781 2.253583
4782 2.251589
4783 2.249548
4784 2.247461
4785 2.245333
4786 2.243169
4787 2.240975
4788 2.238760
4789 2.236535
4790 2.234309
4791 2.232094
4792 2.229903
4793 2.227745
4794 2.225633
4795 2.223572
4796 2.221569
4797 2.219626
4798 2.217746
4799 2.215928
4800 2.214168
4801 2.212463
4802 2.210811
4803 2.209205
4804 2.207643
4805 2.206120
4806 2.204633
4807 2.203177
4808 2.201750
4809 2.200347
4810 2.198968
4811 2.197609
4812 2.196267
4813 2.194941
4814 2.193629
4815 2.192329
4816 2.191039
4817 2.189758
4818 2.188481
4819 2.187222
4820 2.185920
4821 2.184797
4822 2.183017
4823 2.183796
4824 2.175186
4825 2.208059
4826 2.190625
4827 2.171920
4828 2.242399
4829 2.156912
4830 2.217606
4831 2.145236
4832 2.201611
4833 2.136734
4834 2.191292
4835 2.130115
4836 2.183870
4837 2.124527
4838 2.177872
4839 2.119515
4840 2.172634
4841 2.114855
4842 2.167853
4843 2.110433
4844 2.163387
4845 2.106184
4846 2.159164
4847 2.102061
4848 2.155152
4849 2.098018
4850 2.151334
4851 2.094016
4852 2.147706
4853 2.090027
4854 2.144270
4855 2.086040
4856 2.141031
4857 2.082062
4858 2.137991
4859 2.078117
4860 2.135149
4861 2.074234
4862 2.132501
4863 2.070442
4864 2.130034
4865 2.066765
4866 2.127737
4867 2.063214
4868 2.125596
4869 2.059794
4870 2.123600
4871 2.056503
4872 2.121743
4873 2.053336
4874 2.120019
4875 2.050288
4876 2.118427
4877 2.047351
4878 2.116967
4879 2.044519
4880 2.115638
4881 2.041786
4882 2.114443
4883 2.039147
4884 2.113382
4885 2.036598
4886 2.112457
4887 2.034135
4888 2.111672
4889 2.031754
4890 2.111027
4891 2.029453
4892 2.110525
4893 2.027231
4894 2.110168
4895 2.025087
4896 2.109959
4897 2.023020
4898 2.109900
4899 2.021029
4900 2.109994
4901 2.019117
4902 2.110241
4903 2.017284
4904 2.110643
4905 2.015531
4906 2.111203
4907 2.013862
4908 2.111920
4909 2.012277
4910 2.112795
4911 2.010780
4912 2.113829
4913 2.009373
4914 2.115022
4915 2.008060
4916 2.116373
4917 2.006845
4918 2.117881
4919 2.005729
4920 2.119546
4921 2.004718
4922 2.121367
4923 2.003814
4924 2.123341
4925 2.003021
4926 2.125469
4927 2.002342
4928 2.127747
4929 2.001781
4930 2.130176
4931 2.001340
4932 2.132753
4933 2.001024
4934 2.135478
4935 2.000835
4936 2.138351
4937 2.000777
4938 2.141373
4939 2.000852
4940 2.144543
4941 2.001064
4942 2.147864
4943 2.001415
4944 2.151337
4945 2.001909
4946 2.154966
4947 2.002548
4948 2.158752
4949 2.003335
4950 2.162699
4951 2.004270
4952 2.166806
4953 2.005355
4954 2.171073
4955 2.006587
4956 2.175493
4957 2.007960
4958 2.180054
4959 2.009465
4960 2.184734
4961 2.011084
4962 2.189498
4963 2.012793
4964 2.194300
4965 2.014559
4966 2.199078
4967 2.016340
4968 2.203765
4969 2.018094
4970 2.208296
4971 2.019779
4972 2.212621
4973 2.021365
4974 2.216717
4975 2.022834
4976 2.220588
4977 2.024187
4978 2.224258
4979 2.025433
4980 2.227762
4981 2.026588
4982 2.231136
4983 2.027668
4984 2.234411
4985 2.028689
4986 2.237615
4987 2.029662
4988 2.240773
4989 2.030599
4990 2.243905
4991 2.031509
4992 2.247028
4993 2.032398
4994 2.250158
4995 2.033274
4996 2.253309
4997 2.034140
4998 2.256494
4999 2.035002
