0 30.542086
1 29.091169
2 29.281669
3 29.430916
4 29.500383
5 29.537891
6 29.563372
7 29.583792
8 29.601503
9 29.617274
10 29.631256
11 29.643144
12 29.651873
13 29.654662
14 29.644796
15 29.607571
16 29.518314
17 29.356048
18 29.117700
19 28.780168
20 28.274572
21 27.546426
22 26.603698
23 25.491753
24 24.280103
25 23.054536
26 21.893304
27 20.842946
28 19.911411
29 19.081412
30 18.328731
31 17.632975
32 16.978650
33 16.348041
34 15.714159
35 15.047896
36 14.338474
37 13.600179
38 12.857949
39 12.132290
40 11.435652
41 10.774202
42 10.149675
43 9.561068
44 9.006167
45 8.482600
46 7.988356
47 7.521925
48 7.082220
49 6.668437
50 6.279927
51 5.916102
52 5.576357
53 5.260004
54 4.966221
55 4.694045
56 4.442391
57 4.210093
58 3.995952
59 3.798760
60 3.617331
61 3.450504
62 3.297150
63 3.156183
64 3.026557
65 2.907278
66 2.797405
67 2.696057
68 2.602417
69 2.515732
70 2.435312
71 2.360535
72 2.290838
73 2.225717
74 2.164725
75 2.107465
76 2.053585
77 2.002777
78 1.954772
79 1.909331
80 1.866246
81 1.825337
82 1.786442
83 1.749420
84 1.714148
85 1.680513
86 1.648417
87 1.617771
88 1.588494
89 1.560511
90 1.533757
91 1.508167
92 1.483685
93 1.460257
94 1.437831
95 1.416361
96 1.395801
97 1.376108
98 1.357242
99 1.339165
100 1.321841
101 1.305235
102 1.289313
103 1.274044
104 1.259399
105 1.245350
106 1.231869
107 1.218931
108 1.206512
109 1.194590
110 1.183142
111 1.172148
112 1.161589
113 1.151447
114 1.141705
115 1.132347
116 1.123357
117 1.114721
118 1.106425
119 1.098458
120 1.090806
121 1.083459
122 1.076406
123 1.069636
124 1.063141
125 1.056912
126 1.050939
127 1.045215
128 1.039732
129 1.034482
130 1.029460
131 1.024658
132 1.020069
133 1.015688
134 1.011509
135 1.007526
136 1.003734
137 1.000128
138 0.996702
139 0.993452
140 0.990373
141 0.987460
142 0.984709
143 0.982116
144 0.979676
145 0.977386
146 0.975241
147 0.973237
148 0.971370
149 0.969637
150 0.968035
151 0.966558
152 0.965205
153 0.963971
154 0.962853
155 0.961848
156 0.960952
157 0.960163
158 0.959477
159 0.958891
160 0.958403
161 0.958009
162 0.957706
163 0.957492
164 0.957364
165 0.957319
166 0.957355
167 0.957470
168 0.957659
169 0.957923
170 0.958257
171 0.958660
172 0.959129
173 0.959662
174 0.960257
175 0.960912
176 0.961625
177 0.962394
178 0.963217
179 0.964092
180 0.965017
181 0.965990
182 0.967010
183 0.968075
184 0.969183
185 0.970332
186 0.971521
187 0.972748
188 0.974011
189 0.975310
190 0.976642
191 0.978006
192 0.979400
193 0.980823
194 0.982274
195 0.983750
196 0.985252
197 0.986776
198 0.988322
199 0.989888
200 0.991473
201 0.993076
202 0.994695
203 0.996328
204 0.997975
205 0.999633
206 1.001302
207 1.002981
208 1.004667
209 1.006360
210 1.008057
211 1.009759
212 1.011463
213 1.013168
214 1.014874
215 1.016577
216 1.018278
217 1.019975
218 1.021668
219 1.023354
220 1.025032
221 1.026703
222 1.028364
223 1.030014
224 1.031654
225 1.033282
226 1.034897
227 1.036499
228 1.038087
229 1.039661
230 1.041221
231 1.042766
232 1.044297
233 1.045814
234 1.047317
235 1.048806
236 1.050282
237 1.051745
238 1.053197
239 1.054639
240 1.056071
241 1.057494
242 1.058910
243 1.060321
244 1.061727
245 1.063129
246 1.064530
247 1.065930
248 1.067330
249 1.068732
250 1.070137
251 1.071544
252 1.072957
253 1.074373
254 1.075795
255 1.077222
256 1.078654
257 1.080092
258 1.081534
259 1.082981
260 1.084432
261 1.085886
262 1.087342
263 1.088799
264 1.090256
265 1.091712
266 1.093165
267 1.094613
268 1.096056
269 1.097490
270 1.098915
271 1.100327
272 1.101724
273 1.103104
274 1.104465
275 1.105803
276 1.107116
277 1.108400
278 1.109653
279 1.110871
280 1.112052
281 1.113192
282 1.114289
283 1.115340
284 1.116341
285 1.117291
286 1.118186
287 1.119025
288 1.119806
289 1.120527
290 1.121185
291 1.121781
292 1.122312
293 1.122779
294 1.123180
295 1.123516
296 1.123786
297 1.123992
298 1.124132
299 1.124209
300 1.124223
301 1.124176
302 1.124069
303 1.123902
304 1.123680
305 1.123402
306 1.123072
307 1.122691
308 1.122261
309 1.121786
310 1.121267
311 1.120707
312 1.120108
313 1.119473
314 1.118805
315 1.118105
316 1.117377
317 1.116623
318 1.115845
319 1.115046
320 1.114227
321 1.113393
322 1.112543
323 1.111681
324 1.110809
325 1.109928
326 1.109041
327 1.108148
328 1.107253
329 1.106356
330 1.105458
331 1.104562
332 1.103669
333 1.102779
334 1.101894
335 1.101015
336 1.100143
337 1.099278
338 1.098422
339 1.097575
340 1.096737
341 1.095910
342 1.095094
343 1.094289
344 1.093496
345 1.092714
346 1.091945
347 1.091188
348 1.090444
349 1.089712
350 1.088993
351 1.088287
352 1.087594
353 1.086914
354 1.086247
355 1.085592
356 1.084950
357 1.084321
358 1.083704
359 1.083100
360 1.082507
361 1.081927
362 1.081359
363 1.080802
364 1.080257
365 1.079723
366 1.079200
367 1.078687
368 1.078186
369 1.077695
370 1.077214
371 1.076742
372 1.076281
373 1.075829
374 1.075387
375 1.074953
376 1.074528
377 1.074112
378 1.073704
379 1.073305
380 1.072913
381 1.072529
382 1.072153
383 1.071784
384 1.071422
385 1.071067
386 1.070719
387 1.070377
388 1.070042
389 1.069713
390 1.069390
391 1.069074
392 1.068762
393 1.068457
394 1.068157
395 1.067862
396 1.067572
397 1.067287
398 1.067007
399 1.066732
400 1.066462
401 1.066196
402 1.065934
403 1.065677
404 1.065423
405 1.065174
406 1.064929
407 1.064688
408 1.064450
409 1.064216
410 1.063986
411 1.063759
412 1.063535
413 1.063315
414 1.063098
415 1.062885
416 1.062674
417 1.062467
418 1.062262
419 1.062061
420 1.061862
421 1.061666
422 1.061473
423 1.061283
424 1.061095
425 1.060910
426 1.060728
427 1.060548
428 1.060370
429 1.060195
430 1.060023
431 1.059852
432 1.059684
433 1.059519
434 1.059356
435 1.059194
436 1.059036
437 1.058879
438 1.058724
439 1.058572
440 1.058422
441 1.058273
442 1.058127
443 1.057983
444 1.057841
445 1.057701
446 1.057562
447 1.057426
448 1.057292
449 1.057159
450 1.057029
451 1.056900
452 1.056773
453 1.056648
454 1.056525
455 1.056404
456 1.056284
457 1.056166
458 1.056050
459 1.055936
460 1.055823
461 1.055712
462 1.055603
463 1.055496
464 1.055390
465 1.055286
466 1.055183
467 1.055083
468 1.054983
469 1.054886
470 1.054790
471 1.054695
472 1.054603
473 1.054512
474 1.054422
475 1.054334
476 1.054247
477 1.054162
478 1.054079
479 1.053997
480 1.053916
481 1.053837
482 1.053760
483 1.053684
484 1.053609
485 1.053536
486 1.053464
487 1.053394
488 1.053325
489 1.053258
490 1.053192
491 1.053127
492 1.053064
493 1.053002
494 1.052942
495 1.052883
496 1.052825
497 1.052769
498 1.052713
499 1.052660
500 1.052607
501 1.052556
502 1.052506
503 1.052457
504 1.052410
505 1.052364
506 1.052319
507 1.052276
508 1.052233
509 1.052192
510 1.052152
511 1.052114
512 1.052076
513 1.052040
514 1.052005
515 1.051971
516 1.051938
517 1.051906
518 1.051876
519 1.051847
520 1.051818
521 1.051791
522 1.051765
523 1.051741
524 1.051717
525 1.051694
526 1.051673
527 1.051652
528 1.051633
529 1.051614
530 1.051597
531 1.051581
532 1.051565
533 1.051551
534 1.051538
535 1.051526
536 1.051514
537 1.051504
538 1.051495
539 1.051487
540 1.051479
541 1.051473
542 1.051468
543 1.051463
544 1.051460
545 1.051457
546 1.051456
547 1.051455
548 1.051455
549 1.051456
550 1.051458
551 1.051461
552 1.051465
553 1.051470
554 1.051475
555 1.051481
556 1.051489
557 1.051497
558 1.051506
559 1.051516
560 1.051526
561 1.051538
562 1.051550
563 1.051563
564 1.051577
565 1.051592
566 1.051607
567 1.051624
568 1.051641
569 1.051659
570 1.051678
571 1.051697
572 1.051717
573 1.051738
574 1.051760
575 1.051783
576 1.051806
577 1.051830
578 1.051855
579 1.051880
580 1.051906
581 1.051933
582 1.051961
583 1.051990
584 1.052019
585 1.052049
586 1.052079
587 1.052110
588 1.052142
589 1.052175
590 1.052208
591 1.052242
592 1.052277
593 1.052313
594 1.052349
595 1.052386
596 1.052423
597 1.052461
598 1.052500
599 1.052540
600 1.052580
601 1.052621
602 1.052662
603 1.052704
604 1.052747
605 1.052791
606 1.052835
607 1.052880
608 1.052925
609 1.052971
610 1.053018
611 1.053065
612 1.053113
613 1.053162
614 1.053211
615 1.053261
616 1.053312
617 1.053363
618 1.053415
619 1.053468
620 1.053521
621 1.053575
622 1.053629
623 1.053684
624 1.053740
625 1.053797
626 1.053854
627 1.053911
628 1.053970
629 1.054029
630 1.054088
631 1.054148
632 1.054209
633 1.054271
634 1.054333
635 1.054396
636 1.054459
637 1.054523
638 1.054588
639 1.054653
640 1.054720
641 1.054786
642 1.054854
643 1.054922
644 1.054990
645 1.055060
646 1.055130
647 1.055200
648 1.055272
649 1.055343
650 1.055416
651 1.055489
652 1.055563
653 1.055638
654 1.055713
655 1.055789
656 1.055866
657 1.055943
658 1.056022
659 1.056100
660 1.056180
661 1.056260
662 1.056341
663 1.056422
664 1.056504
665 1.056587
666 1.056671
667 1.056756
668 1.056841
669 1.056926
670 1.057013
671 1.057100
672 1.057188
673 1.057277
674 1.057367
675 1.057457
676 1.057548
677 1.057640
678 1.057732
679 1.057825
680 1.057919
681 1.058014
682 1.058110
683 1.058206
684 1.058303
685 1.058401
686 1.058500
687 1.058600
688 1.058700
689 1.058801
690 1.058903
691 1.059006
692 1.059110
693 1.059214
694 1.059319
695 1.059425
696 1.059532
697 1.059640
698 1.059749
699 1.059859
700 1.059969
701 1.060080
702 1.060193
703 1.060306
704 1.060420
705 1.060535
706 1.060650
707 1.060767
708 1.060885
709 1.061003
710 1.061123
711 1.061243
712 1.061365
713 1.061487
714 1.061610
715 1.061735
716 1.061860
717 1.061986
718 1.062113
719 1.062242
720 1.062371
721 1.062501
722 1.062632
723 1.062765
724 1.062898
725 1.063032
726 1.063168
727 1.063304
728 1.063442
729 1.063580
730 1.063720
731 1.063861
732 1.064003
733 1.064146
734 1.064290
735 1.064435
736 1.064582
737 1.064729
738 1.064878
739 1.065027
740 1.065178
741 1.065331
742 1.065484
743 1.065638
744 1.065794
745 1.065951
746 1.066109
747 1.066269
748 1.066429
749 1.066591
750 1.066754
751 1.066919
752 1.067084
753 1.067251
754 1.067420
755 1.067589
756 1.067760
757 1.067932
758 1.068106
759 1.068281
760 1.068457
761 1.068635
762 1.068814
763 1.068994
764 1.069176
765 1.069359
766 1.069544
767 1.069730
768 1.069918
769 1.070107
770 1.070297
771 1.070489
772 1.070683
773 1.070878
774 1.071075
775 1.071273
776 1.071472
777 1.071673
778 1.071876
779 1.072081
780 1.072287
781 1.072494
782 1.072704
783 1.072914
784 1.073127
785 1.073341
786 1.073557
787 1.073775
788 1.073994
789 1.074215
790 1.074438
791 1.074663
792 1.074889
793 1.075117
794 1.075347
795 1.075579
796 1.075813
797 1.076048
798 1.076286
799 1.076525
800 1.076767
801 1.077010
802 1.077255
803 1.077502
804 1.077751
805 1.078002
806 1.078255
807 1.078511
808 1.078768
809 1.079027
810 1.079288
811 1.079553
812 1.079817
813 1.080087
814 1.080354
815 1.080632
816 1.080896
817 1.081194
818 1.081433
819 1.081791
820 1.081926
821 1.082502
822 1.082220
823 1.083643
824 1.081670
825 1.086536
826 1.077566
827 1.096785
828 1.059131
829 1.131605
830 1.025994
831 1.135333
832 1.029987
833 1.142559
834 1.035458
835 1.146156
836 1.036379
837 1.144311
838 1.030204
839 1.139177
840 1.024424
841 1.135385
842 1.025044
843 1.141648
844 1.033003
845 1.152766
846 1.047372
847 1.150530
848 1.035267
849 1.145689
850 1.024284
851 1.134996
852 1.017284
853 1.131006
854 1.024863
855 1.154650
856 1.057210
857 1.153503
858 1.045113
859 1.158422
860 1.049200
861 1.149226
862 1.020963
863 1.129853
864 1.008779
865 1.116641
866 1.032570
867 1.179699
868 1.129171
869 1.005806
870 1.110942
871 1.040938
872 1.190511
873 1.158086
874 1.037334
875 1.152569
876 1.020258
877 1.130741
878 1.001240
879 1.099475
880 1.063767
881 1.170246
882 1.106390
883 1.036792
884 1.189499
885 1.156492
886 1.025853
887 1.143283
888 1.002138
889 1.096783
890 1.063765
891 1.170195
892 1.102984
893 1.039594
894 1.195347
895 1.169749
896 1.062956
897 1.127615
898 0.971496
899 0.992778
900 1.102131
901 1.078695
902 1.158523
903 1.100785
904 1.080250
905 1.152847
906 1.083700
907 1.137258
908 1.053235
909 1.238036
910 0.956184
911 1.004004
912 1.207588
913 1.241784
914 0.934918
915 0.969295
916 1.104577
917 1.145208
918 1.142787
919 1.129778
920 1.110010
921 1.126149
922 1.114545
923 1.124505
924 1.120126
925 1.124186
926 1.125000
927 1.126789
928 1.128475
929 1.130070
930 1.131526
931 1.132761
932 1.133663
933 1.134083
934 1.133877
935 1.133021
936 1.131807
937 1.130909
938 1.130956
939 1.132022
940 1.133833
941 1.136193
942 1.139115
943 1.142934
944 1.148897
945 1.162379
946 1.212925
947 1.270016
948 0.913340
949 0.979990
950 1.194273
951 1.441771
952 1.545520
953 0.866527
954 0.932640
955 0.932627
956 0.998495
957 1.254183
958 0.960472
959 1.100988
960 1.198270
961 1.469935
962 1.564199
963 0.842706
964 1.059598
965 1.211387
966 1.199226
967 1.173130
968 1.009154
969 1.068274
970 1.140800
971 0.936689
972 0.911707
973 0.970892
974 1.134995
975 1.129649
976 1.127726
977 1.133410
978 1.142482
979 1.162914
980 1.246793
981 0.992222
982 1.261079
983 0.985821
984 1.242286
985 1.033907
986 1.490913
987 1.574096
988 0.837489
989 1.088486
990 1.117855
991 1.023483
992 1.302002
993 0.942122
994 0.986506
995 1.196464
996 1.473019
997 1.580501
998 0.806751
999 1.397054
1000 1.455215
1001 1.500133
1002 0.738775
1003 1.592391
1004 0.732083
1005 1.599864
1006 0.725864
1007 1.602737
1008 0.722952
1009 1.602073
1010 0.716611
1011 1.601434
1012 0.704547
1013 1.599851
1014 0.693528
1015 1.596476
1016 0.689168
1017 1.594143
1018 0.689997
1019 1.593244
1020 0.693420
1021 1.593046
1022 0.697426
1023 1.593011
1024 0.700664
1025 1.593018
1026 0.702637
1027 1.593241
1028 0.703399
1029 1.593860
1030 0.703162
1031 1.594942
1032 0.702143
1033 1.596457
1034 0.700546
1035 1.598321
1036 0.698554
1037 1.600433
1038 0.696323
1039 1.602700
1040 0.693974
1041 1.605054
1042 0.691594
1043 1.607445
1044 0.689240
1045 1.609847
1046 0.686945
1047 1.612244
1048 0.684725
1049 1.614629
1050 0.682588
1051 1.616999
1052 0.680531
1053 1.619355
1054 0.678553
1055 1.621695
1056 0.676645
1057 1.624022
1058 0.674801
1059 1.626336
1060 0.673013
1061 1.628637
1062 0.671274
1063 1.630926
1064 0.669578
1065 1.633203
1066 0.667917
1067 1.635468
1068 0.666286
1069 1.637722
1070 0.664680
1071 1.639963
1072 0.663094
1073 1.642191
1074 0.661524
1075 1.644407
1076 0.659966
1077 1.646609
1078 0.658416
1079 1.648797
1080 0.656870
1081 1.650971
1082 0.655325
1083 1.653129
1084 0.653777
1085 1.655270
1086 0.652223
1087 1.657394
1088 0.650660
1089 1.659499
1090 0.649082
1091 1.661584
1092 0.647488
1093 1.663649
1094 0.645874
1095 1.665690
1096 0.644237
1097 1.667708
1098 0.642574
1099 1.669701
1100 0.640881
1101 1.671666
1102 0.639157
1103 1.673603
1104 0.637399
1105 1.675510
1106 0.635606
1107 1.677384
1108 0.633776
1109 1.679225
1110 0.631909
1111 1.681030
1112 0.630003
1113 1.682796
1114 0.628059
1115 1.684523
1116 0.626077
1117 1.686208
1118 0.624058
1119 1.687849
1120 0.622004
1121 1.689442
1122 0.619917
1123 1.690986
1124 0.617797
1125 1.692478
1126 0.615650
1127 1.693914
1128 0.613476
1129 1.695292
1130 0.611281
1131 1.696607
1132 0.609068
1133 1.697856
1134 0.606842
1135 1.699035
1136 0.604607
1137 1.700140
1138 0.602370
1139 1.701166
1140 0.600136
1141 1.702107
1142 0.597912
1143 1.702960
1144 0.595705
1145 1.703719
1146 0.593522
1147 1.704378
1148 0.591372
1149 1.704932
1150 0.589263
1151 1.705375
1152 0.587204
1153 1.705702
1154 0.585205
1155 1.705909
1156 0.583277
1157 1.705989
1158 0.581429
1159 1.705939
1160 0.579672
1161 1.705755
1162 0.578016
1163 1.705435
1164 0.576472
1165 1.704974
1166 0.575048
1167 1.704373
1168 0.573752
1169 1.703631
1170 0.572590
1171 1.702748
1172 0.571565
1173 1.701727
1174 0.570679
1175 1.700570
1176 0.569926
1177 1.699282
1178 0.569301
1179 1.697869
1180 0.568789
1181 1.696341
1182 0.568373
1183 1.694708
1184 0.568030
1185 1.692984
1186 0.567736
1187 1.691187
1188 0.567462
1189 1.689337
1190 0.567185
1191 1.687455
1192 0.566883
1193 1.685562
1194 0.566542
1195 1.683678
1196 0.566157
1197 1.681819
1198 0.565733
1199 1.679996
1200 0.565283
1201 1.678216
1202 0.564824
1203 1.676481
1204 0.564381
1205 1.674792
1206 0.563978
1207 1.673147
1208 0.563644
1209 1.671539
1210 0.563404
1211 1.669963
1212 0.563288
1213 1.668409
1214 0.563323
1215 1.666864
1216 0.563537
1217 1.665305
1218 0.563962
1219 1.663703
1220 0.564635
1221 1.662009
1222 0.565610
1223 1.660147
1224 0.566968
1225 1.657988
1226 0.568868
1227 1.655276
1228 0.571659
1229 1.651405
1230 0.576336
1231 1.644316
1232 0.587161
1233 1.621744
1234 0.618824
1235 1.754686
1236 0.805079
1237 0.602691
1238 1.637764
1239 0.762290
1240 0.956314
1241 0.702555
1242 0.654131
1243 1.703746
1244 0.881447
1245 0.731688
1246 0.611540
1247 1.760036
1248 1.051192
1249 0.702675
1250 1.154429
1251 1.160848
1252 1.186517
1253 0.844477
1254 0.637418
1255 1.790393
1256 1.360256
1257 0.591535
1258 1.804721
1259 1.239667
1260 1.167541
1261 1.308608
1262 0.778083
1263 0.613658
1264 1.804536
1265 1.059480
1266 0.853308
1267 0.818565
1268 0.697414
1269 1.729421
1270 1.595839
1271 0.649252
1272 1.938890
1273 0.637404
1274 1.859020
1275 0.994032
1276 1.254027
1277 1.737343
1278 0.643508
1279 1.806755
1280 0.852791
1281 0.900733
1282 1.732102
1283 0.765688
1284 1.200602
1285 1.556661
1286 1.138709
1287 1.559827
1288 1.710060
1289 0.900387
1290 1.303868
1291 1.610690
1292 0.683009
1293 1.796865
1294 1.752377
1295 0.670456
1296 1.774284
1297 1.552377
1298 1.006315
1299 1.449697
1300 0.665352
1301 1.785127
1302 1.540210
1303 1.493645
1304 0.668889
1305 1.777184
1306 1.551915
1307 0.970160
1308 1.619880
1309 0.612797
1310 1.794161
1311 1.774573
1312 0.624625
1313 1.747600
1314 1.550512
1315 1.107205
1316 1.542311
1317 1.593817
1318 0.592618
1319 1.768024
1320 1.550202
1321 1.677716
1322 0.597168
1323 1.765766
1324 0.603629
1325 1.655258
1326 1.542419
1327 1.543728
1328 1.593206
1329 0.571899
1330 1.627165
1331 1.181037
1332 1.554994
1333 1.673351
1334 0.604025
1335 1.419616
1336 0.693709
1337 1.050745
1338 1.774302
1339 0.693383
1340 1.059148
1341 1.776296
1342 0.791975
1343 0.714413
1344 1.235278
1345 1.645516
1346 1.673291
1347 1.659889
1348 1.641695
1349 1.619702
1350 1.615717
1351 1.602747
1352 1.603719
1353 1.587094
1354 1.560152
1355 1.767604
1356 0.623370
1357 1.216097
1358 1.565098
1359 1.580483
1360 1.774716
1361 0.599071
1362 1.091563
1363 1.814819
1364 0.845477
1365 0.886804
1366 1.772421
1367 0.933754
1368 1.781375
1369 0.626884
1370 0.819489
1371 0.646385
1372 1.464287
1373 0.841390
1374 1.133001
1375 1.713867
1376 1.695141
1377 1.674998
1378 1.682609
1379 1.675439
1380 1.664348
1381 1.651541
1382 1.639522
1383 1.625994
1384 1.602355
1385 1.857674
1386 0.856923
1387 1.042605
1388 1.767817
1389 0.618187
1390 0.627815
1391 0.951868
1392 1.647058
1393 1.860379
1394 1.763064
1395 0.937098
1396 1.796873
1397 0.610748
1398 0.635587
1399 0.899176
1400 1.630421
1401 0.747051
1402 0.736354
1403 0.849607
1404 1.240196
1405 1.692620
1406 1.750224
1407 1.663381
1408 1.629897
1409 1.618073
1410 1.677943
1411 1.612749
1412 1.699725
1413 1.671947
1414 1.655956
1415 1.637267
1416 1.637020
1417 1.632795
1418 1.634983
1419 1.186903
1420 1.658446
1421 0.555358
1422 0.583546
1423 0.610906
1424 0.582913
1425 0.588312
1426 0.648641
1427 0.999663
1428 2.019303
1429 1.109248
1430 1.960020
1431 0.953751
1432 1.887717
1433 1.292969
1434 1.826094
1435 0.580661
1436 0.611630
1437 0.747477
1438 0.697019
1439 0.956496
1440 2.014539
1441 1.762045
1442 1.781592
1443 1.761186
1444 1.751981
1445 1.731259
1446 1.719253
1447 1.699510
1448 1.688034
1449 1.668015
1450 1.659361
1451 1.635739
1452 1.635758
1453 1.596579
1454 1.630122
1455 1.519263
1456 1.710124
1457 1.309760
1458 1.838482
1459 1.229820
1460 1.840918
1461 1.188222
1462 1.777829
1463 1.155587
1464 1.644803
1465 1.158648
1466 1.664223
1467 1.103177
1468 1.547643
1469 1.232510
1470 1.755860
1471 1.029795
1472 1.316064
1473 1.647279
1474 0.913055
1475 1.203444
1476 1.620969
1477 1.027787
1478 1.305411
1479 1.564104
1480 0.899053
1481 1.201502
1482 1.573115
1483 1.052634
1484 1.342555
1485 1.521489
1486 1.026862
1487 1.311214
1488 1.458639
1489 1.094045
1490 1.424782
1491 1.264099
1492 1.352754
1493 1.389677
1494 1.225398
1495 1.389564
1496 1.144666
1497 1.202882
1498 1.420455
1499 0.934728
1500 1.190775
1501 1.291182
1502 1.264247
1503 1.212601
1504 1.334971
1505 1.253982
1506 1.180734
1507 1.171658
1508 1.106082
1509 1.211234
1510 1.291746
1511 1.238277
1512 1.170818
1513 1.054770
1514 1.237107
1515 1.186765
1516 1.186014
1517 1.179206
1518 1.118408
1519 1.156927
1520 1.063977
1521 1.243057
1522 1.174941
1523 1.110120
1524 1.192911
1525 1.231616
1526 1.180286
1527 1.132074
1528 1.119512
1529 1.176302
1530 1.146009
1531 1.108023
1532 1.213980
1533 1.270522
1534 1.132805
1535 1.134548
1536 1.146388
1537 1.127008
1538 1.181239
1539 1.184158
1540 1.191062
1541 1.228395
1542 1.188227
1543 1.197123
1544 1.253244
1545 1.057508
1546 1.220789
1547 1.222819
1548 1.197317
1549 1.226348
1550 1.166273
1551 1.019401
1552 1.125300
1553 1.167905
1554 1.118275
1555 1.189090
1556 1.196694
1557 1.231204
1558 1.153306
1559 1.064173
1560 1.217302
1561 1.232726
1562 1.148185
1563 1.078834
1564 1.226979
1565 1.194602
1566 1.204269
1567 1.236797
1568 1.076696
1569 1.214541
1570 1.215341
1571 1.204295
1572 1.212328
1573 1.199870
1574 1.193278
1575 1.155475
1576 0.993039
1577 1.031213
1578 1.090985
1579 1.179992
1580 1.145731
1581 1.119145
1582 1.181943
1583 1.149191
1584 1.118584
1585 1.191665
1586 1.191700
1587 1.187881
1588 1.166503
1589 1.091965
1590 1.218628
1591 1.215792
1592 1.215247
1593 1.209332
1594 1.214762
1595 1.199503
1596 1.190342
1597 1.132034
1598 1.124060
1599 1.157024
1600 1.093563
1601 1.191106
1602 1.167115
1603 1.092607
1604 1.195656
1605 1.184560
1606 1.136139
1607 1.152298
1608 1.128968
1609 1.175109
1610 1.138623
1611 1.165805
1612 1.139173
1613 1.171870
1614 1.149746
1615 1.162618
1616 1.155040
1617 1.163804
1618 1.161340
1619 1.164821
1620 1.166149
1621 1.168004
1622 1.169815
1623 1.171615
1624 1.173413
1625 1.175214
1626 1.177019
1627 1.178827
1628 1.180637
1629 1.182439
1630 1.184216
1631 1.185934
1632 1.187527
1633 1.188864
1634 1.189710
1635 1.189654
1636 1.188032
1637 1.183967
1638 1.177214
1639 1.171196
1640 1.170992
1641 1.172894
1642 1.174376
1643 1.175410
1644 1.176114
1645 1.176577
1646 1.176858
1647 1.176998
1648 1.177024
1649 1.176956
1650 1.176810
1651 1.176600
1652 1.176333
1653 1.176017
1654 1.175656
1655 1.175252
1656 1.174808
1657 1.174323
1658 1.173796
1659 1.173225
1660 1.172607
1661 1.171940
1662 1.171220
1663 1.170441
1664 1.169598
1665 1.168684
1666 1.167691
1667 1.166610
1668 1.165430
1669 1.164138
1670 1.162719
1671 1.161152
1672 1.159414
1673 1.157477
1674 1.155303
1675 1.152842
1676 1.150032
1677 1.146781
1678 1.142960
1679 1.138374
1680 1.132700
1681 1.125368
1682 1.115247
1683 1.099769
1684 1.072083
1685 1.011189
1686 0.905800
1687 1.016700
1688 0.942358
1689 0.973539
1690 0.957863
1691 0.980641
1692 0.983883
1693 0.998514
1694 1.013910
1695 1.034246
1696 1.063433
1697 1.107702
1698 1.160998
1699 1.193596
1700 1.204053
1701 1.209732
1702 1.211865
1703 1.211163
1704 1.207971
1705 1.202347
1706 1.194134
1707 1.183042
1708 1.168775
1709 1.151242
1710 1.130864
1711 1.108829
1712 1.087053
1713 1.067777
1714 1.052967
1715 1.043705
1716 1.039744
1717 1.039716
1718 1.041890
1719 1.044792
1720 1.047455
1721 1.049437
1722 1.050685
1723 1.051355
1724 1.051641
1725 1.051698
1726 1.051620
1727 1.051459
1728 1.051240
1729 1.050975
1730 1.050673
1731 1.050338
1732 1.049974
1733 1.049584
1734 1.049167
1735 1.048726
1736 1.048260
1737 1.047769
1738 1.047253
1739 1.046712
1740 1.046146
1741 1.045555
1742 1.044938
1743 1.044296
1744 1.043628
1745 1.042935
1746 1.042217
1747 1.041474
1748 1.040707
1749 1.039916
1750 1.039101
1751 1.038264
1752 1.037404
1753 1.036522
1754 1.035619
1755 1.034696
1756 1.033753
1757 1.032790
1758 1.031810
1759 1.030812
1760 1.029797
1761 1.028766
1762 1.027720
1763 1.026659
1764 1.025584
1765 1.024497
1766 1.023397
1767 1.022285
1768 1.021163
1769 1.020030
1770 1.018888
1771 1.017737
1772 1.016578
1773 1.015411
1774 1.014238
1775 1.013058
1776 1.011872
1777 1.010681
1778 1.009485
1779 1.008286
1780 1.007082
1781 1.005876
1782 1.004667
1783 1.003456
1784 1.002243
1785 1.001028
1786 0.999813
1787 0.998597
1788 0.997381
1789 0.996165
1790 0.994950
1791 0.993735
1792 0.992522
1793 0.991310
1794 0.990100
1795 0.988892
1796 0.987686
1797 0.986482
1798 0.985281
1799 0.984084
1800 0.982889
1801 0.981697
1802 0.980510
1803 0.979325
1804 0.978145
1805 0.976969
1806 0.975797
1807 0.974629
1808 0.973465
1809 0.972306
1810 0.971152
1811 0.970003
1812 0.968858
1813 0.967718
1814 0.966583
1815 0.965454
1816 0.964329
1817 0.963210
1818 0.962096
1819 0.960987
1820 0.959884
1821 0.958786
1822 0.957693
1823 0.956607
1824 0.955525
1825 0.954449
1826 0.953379
1827 0.952314
1828 0.951255
1829 0.950202
1830 0.949154
1831 0.948111
1832 0.947075
1833 0.946044
1834 0.945018
1835 0.943998
1836 0.942984
1837 0.941975
1838 0.940972
1839 0.939974
1840 0.938982
1841 0.937996
1842 0.937014
1843 0.936039
1844 0.935068
1845 0.934104
1846 0.933144
1847 0.932190
1848 0.931241
1849 0.930297
1850 0.929359
1851 0.928426
1852 0.927498
1853 0.926575
1854 0.925657
1855 0.924744
1856 0.923836
1857 0.922933
1858 0.922035
1859 0.921142
1860 0.920254
1861 0.919371
1862 0.918492
1863 0.917618
1864 0.916748
1865 0.915884
1866 0.915023
1867 0.914168
1868 0.913316
1869 0.912469
1870 0.911627
1871 0.910789
1872 0.909955
1873 0.909125
1874 0.908300
1875 0.907478
1876 0.906661
1877 0.905848
1878 0.905038
1879 0.904233
1880 0.903431
1881 0.902634
1882 0.901840
1883 0.901050
1884 0.900263
1885 0.899481
1886 0.898701
1887 0.897926
1888 0.897154
1889 0.896385
1890 0.895620
1891 0.894858
1892 0.894099
1893 0.893344
1894 0.892592
1895 0.891843
1896 0.891097
1897 0.890355
1898 0.889615
1899 0.888879
1900 0.888145
1901 0.887414
1902 0.886687
1903 0.885962
1904 0.885239
1905 0.884520
1906 0.883803
1907 0.883089
1908 0.882378
1909 0.881669
1910 0.880963
1911 0.880259
1912 0.879558
1913 0.878859
1914 0.878162
1915 0.877468
1916 0.876776
1917 0.876087
1918 0.875400
1919 0.874715
1920 0.874032
1921 0.873351
1922 0.872672
1923 0.871996
1924 0.871321
1925 0.870649
1926 0.869978
1927 0.869310
1928 0.868643
1929 0.867978
1930 0.867315
1931 0.866654
1932 0.865995
1933 0.865337
1934 0.864681
1935 0.864027
1936 0.863375
1937 0.862724
1938 0.862075
1939 0.861427
1940 0.860781
1941 0.860137
1942 0.859494
1943 0.858852
1944 0.858212
1945 0.857574
1946 0.856937
1947 0.856301
1948 0.855667
1949 0.855034
1950 0.854402
1951 0.853772
1952 0.853142
1953 0.852515
1954 0.851888
1955 0.851263
1956 0.850639
1957 0.850016
1958 0.849394
1959 0.848773
1960 0.848154
1961 0.847536
1962 0.846918
1963 0.846302
1964 0.845687
1965 0.845073
1966 0.844460
1967 0.843848
1968 0.843237
1969 0.842628
1970 0.842019
1971 0.841411
1972 0.840804
1973 0.840198
1974 0.839592
1975 0.838988
1976 0.838385
1977 0.837782
1978 0.837181
1979 0.836580
1980 0.835981
1981 0.835382
1982 0.834784
1983 0.834186
1984 0.833590
1985 0.832994
1986 0.832399
1987 0.831805
1988 0.831212
1989 0.830620
1990 0.830028
1991 0.829437
1992 0.828847
1993 0.828258
1994 0.827669
1995 0.827081
1996 0.826494
1997 0.825908
1998 0.825322
1999 0.824737
2000 0.824153
2001 0.823569
2002 0.822986
2003 0.822404
2004 0.821822
2005 0.821242
2006 0.820661
2007 0.820082
2008 0.819503
2009 0.818925
2010 0.818348
2011 0.817771
2012 0.817195
2013 0.816619
2014 0.816044
2015 0.815470
2016 0.814896
2017 0.814323
2018 0.813751
2019 0.813179
2020 0.812608
2021 0.812038
2022 0.811468
2023 0.810899
2024 0.810330
2025 0.809762
2026 0.809195
2027 0.808628
2028 0.808062
2029 0.807497
2030 0.806932
2031 0.806368
2032 0.805804
2033 0.805241
2034 0.804679
2035 0.804117
2036 0.803556
2037 0.802995
2038 0.802435
2039 0.801876
2040 0.801317
2041 0.800759
2042 0.800201
2043 0.799644
2044 0.799087
2045 0.798532
2046 0.797976
2047 0.797422
2048 0.796868
2049 0.796314
2050 0.795761
2051 0.795209
2052 0.794657
2053 0.794106
2054 0.793556
2055 0.793006
2056 0.792456
2057 0.791907
2058 0.791359
2059 0.790812
2060 0.790265
2061 0.789718
2062 0.789172
2063 0.788627
2064 0.788083
2065 0.787538
2066 0.786995
2067 0.786452
2068 0.785910
2069 0.785368
2070 0.784827
2071 0.784286
2072 0.783746
2073 0.783207
2074 0.782668
2075 0.782130
2076 0.781592
2077 0.781055
2078 0.780519
2079 0.779983
2080 0.779447
2081 0.778913
2082 0.778378
2083 0.777845
2084 0.777312
2085 0.776779
2086 0.776247
2087 0.775716
2088 0.775186
2089 0.774655
2090 0.774126
2091 0.773597
2092 0.773068
2093 0.772541
2094 0.772013
2095 0.771487
2096 0.770961
2097 0.770435
2098 0.769910
2099 0.769386
2100 0.768862
2101 0.768339
2102 0.767816
2103 0.767294
2104 0.766773
2105 0.766252
2106 0.765731
2107 0.765212
2108 0.764693
2109 0.764174
2110 0.763656
2111 0.763138
2112 0.762621
2113 0.762105
2114 0.761589
2115 0.761074
2116 0.760560
2117 0.760045
2118 0.759532
2119 0.759019
2120 0.758507
2121 0.757995
2122 0.757484
2123 0.756973
2124 0.756463
2125 0.755953
2126 0.755444
2127 0.754936
2128 0.754428
2129 0.753921
2130 0.753414
2131 0.752908
2132 0.752403
2133 0.751898
2134 0.751393
2135 0.750889
2136 0.750386
2137 0.749883
2138 0.749381
2139 0.748879
2140 0.748378
2141 0.747878
2142 0.747378
2143 0.746879
2144 0.746380
2145 0.745881
2146 0.745384
2147 0.744887
2148 0.744390
2149 0.743894
2150 0.743399
2151 0.742904
2152 0.742409
2153 0.741916
2154 0.741422
2155 0.740930
2156 0.740438
2157 0.739946
2158 0.739455
2159 0.738965
2160 0.738475
2161 0.737986
2162 0.737497
2163 0.737009
2164 0.736521
2165 0.736034
2166 0.735548
2167 0.735062
2168 0.734576
2169 0.734091
2170 0.733607
2171 0.733123
2172 0.732640
2173 0.732158
2174 0.731676
2175 0.731194
2176 0.730714
2177 0.730233
2178 0.729753
2179 0.729274
2180 0.728796
2181 0.728318
2182 0.727840
2183 0.727363
2184 0.726887
2185 0.726411
2186 0.725936
2187 0.725461
2188 0.724987
2189 0.724514
2190 0.724041
2191 0.723569
2192 0.723097
2193 0.722626
2194 0.722155
2195 0.721685
2196 0.721215
2197 0.720747
2198 0.720278
2199 0.719811
2200 0.719343
2201 0.718877
2202 0.718411
2203 0.717945
2204 0.717481
2205 0.717016
2206 0.716553
2207 0.716090
2208 0.715627
2209 0.715165
2210 0.714704
2211 0.714243
2212 0.713783
2213 0.713324
2214 0.712865
2215 0.712407
2216 0.711949
2217 0.711492
2218 0.711036
2219 0.710580
2220 0.710125
2221 0.709670
2222 0.709216
2223 0.708763
2224 0.708310
2225 0.707858
2226 0.707406
2227 0.706955
2228 0.706505
2229 0.706055
2230 0.705606
2231 0.705158
2232 0.704710
2233 0.704263
2234 0.703816
2235 0.703371
2236 0.702925
2237 0.702481
2238 0.702037
2239 0.701594
2240 0.701151
2241 0.700709
2242 0.700268
2243 0.699827
2244 0.699387
2245 0.698948
2246 0.698509
2247 0.698071
2248 0.697634
2249 0.697197
2250 0.696761
2251 0.696326
2252 0.695892
2253 0.695458
2254 0.695024
2255 0.694592
2256 0.694160
2257 0.693729
2258 0.693299
2259 0.692869
2260 0.692440
2261 0.692012
2262 0.691584
2263 0.691157
2264 0.690731
2265 0.690306
2266 0.689881
2267 0.689457
2268 0.689034
2269 0.688612
2270 0.688190
2271 0.687769
2272 0.687349
2273 0.686929
2274 0.686510
2275 0.686093
2276 0.685675
2277 0.685259
2278 0.684843
2279 0.684428
2280 0.684014
2281 0.683601
2282 0.683189
2283 0.682777
2284 0.682366
2285 0.681956
2286 0.681546
2287 0.681138
2288 0.680730
2289 0.680323
2290 0.679917
2291 0.679512
2292 0.679108
2293 0.678704
2294 0.678301
2295 0.677899
2296 0.677498
2297 0.677098
2298 0.676698
2299 0.676300
2300 0.675902
2301 0.675505
2302 0.675110
2303 0.674714
2304 0.674320
2305 0.673927
2306 0.673534
2307 0.673143
2308 0.672752
2309 0.672363
2310 0.671974
2311 0.671586
2312 0.671199
2313 0.670813
2314 0.670427
2315 0.670043
2316 0.669660
2317 0.669277
2318 0.668896
2319 0.668515
2320 0.668136
2321 0.667757
2322 0.667379
2323 0.667003
2324 0.666627
2325 0.666252
2326 0.665878
2327 0.665506
2328 0.665134
2329 0.664763
2330 0.664393
2331 0.664024
2332 0.663656
2333 0.663289
2334 0.662923
2335 0.662558
2336 0.662195
2337 0.661832
2338 0.661470
2339 0.661109
2340 0.660749
2341 0.660391
2342 0.660033
2343 0.659676
2344 0.659321
2345 0.658966
2346 0.658613
2347 0.658260
2348 0.657909
2349 0.657559
2350 0.657210
2351 0.656862
2352 0.656515
2353 0.656169
2354 0.655824
2355 0.655480
2356 0.655137
2357 0.654796
2358 0.654455
2359 0.654116
2360 0.653778
2361 0.653441
2362 0.653105
2363 0.652770
2364 0.652436
2365 0.652104
2366 0.651772
2367 0.651442
2368 0.651113
2369 0.650785
2370 0.650458
2371 0.650132
2372 0.649808
2373 0.649484
2374 0.649162
2375 0.648841
2376 0.648521
2377 0.648202
2378 0.647885
2379 0.647568
2380 0.647253
2381 0.646939
2382 0.646627
2383 0.646315
2384 0.646005
2385 0.645695
2386 0.645387
2387 0.645081
2388 0.644775
2389 0.644471
2390 0.644167
2391 0.643865
2392 0.643565
2393 0.643265
2394 0.642967
2395 0.642670
2396 0.642374
2397 0.642079
2398 0.641786
2399 0.641494
2400 0.641203
2401 0.640913
2402 0.640624
2403 0.640337
2404 0.640051
2405 0.639766
2406 0.639483
2407 0.639201
2408 0.638920
2409 0.638640
2410 0.638361
2411 0.638084
2412 0.637808
2413 0.637533
2414 0.637260
2415 0.636987
2416 0.636716
2417 0.636446
2418 0.636178
2419 0.635911
2420 0.635645
2421 0.635380
2422 0.635116
2423 0.634854
2424 0.634593
2425 0.634333
2426 0.634075
2427 0.633817
2428 0.633561
2429 0.633307
2430 0.633053
2431 0.632801
2432 0.632550
2433 0.632300
2434 0.632052
2435 0.631805
2436 0.631559
2437 0.631314
2438 0.631071
2439 0.630828
2440 0.630587
2441 0.630348
2442 0.630109
2443 0.629872
2444 0.629636
2445 0.629401
2446 0.629168
2447 0.628936
2448 0.628704
2449 0.628475
2450 0.628246
2451 0.628019
2452 0.627793
2453 0.627568
2454 0.627344
2455 0.627122
2456 0.626901
2457 0.626681
2458 0.626462
2459 0.626244
2460 0.626028
2461 0.625813
2462 0.625599
2463 0.625386
2464 0.625174
2465 0.624964
2466 0.624755
2467 0.624547
2468 0.624340
2469 0.624135
2470 0.623930
2471 0.623727
2472 0.623525
2473 0.623324
2474 0.623124
2475 0.622926
2476 0.622728
2477 0.622532
2478 0.622337
2479 0.622143
2480 0.621950
2481 0.621759
2482 0.621568
2483 0.621379
2484 0.621190
2485 0.621003
2486 0.620817
2487 0.620632
2488 0.620449
2489 0.620266
2490 0.620084
2491 0.619904
2492 0.619724
2493 0.619546
2494 0.619369
2495 0.619193
2496 0.619018
2497 0.618844
2498 0.618671
2499 0.618499
2500 0.618328
2501 0.618158
2502 0.617990
2503 0.617822
2504 0.617655
2505 0.617490
2506 0.617325
2507 0.617161
2508 0.616999
2509 0.616837
2510 0.616677
2511 0.616517
2512 0.616359
2513 0.616201
2514 0.616045
2515 0.615889
2516 0.615734
2517 0.615581
2518 0.615428
2519 0.615276
2520 0.615126
2521 0.614976
2522 0.614827
2523 0.614679
2524 0.614532
2525 0.614386
2526 0.614241
2527 0.614096
2528 0.613953
2529 0.613811
2530 0.613669
2531 0.613528
2532 0.613389
2533 0.613250
2534 0.613112
2535 0.612975
2536 0.612838
2537 0.612703
2538 0.612568
2539 0.612435
2540 0.612302
2541 0.612170
2542 0.612039
2543 0.611908
2544 0.611779
2545 0.611650
2546 0.611522
2547 0.611395
2548 0.611269
2549 0.611143
2550 0.611018
2551 0.610894
2552 0.610771
2553 0.610649
2554 0.610527
2555 0.610406
2556 0.610286
2557 0.610167
2558 0.610048
2559 0.609930
2560 0.609813
2561 0.609696
2562 0.609581
2563 0.609466
2564 0.609352
2565 0.609238
2566 0.609125
2567 0.609013
2568 0.608901
2569 0.608791
2570 0.608681
2571 0.608571
2572 0.608462
2573 0.608354
2574 0.608247
2575 0.608140
2576 0.608034
2577 0.607928
2578 0.607824
2579 0.607719
2580 0.607616
2581 0.607513
2582 0.607411
2583 0.607309
2584 0.607208
2585 0.607107
2586 0.607008
2587 0.606908
2588 0.606810
2589 0.606712
2590 0.606614
2591 0.606517
2592 0.606421
2593 0.606325
2594 0.606230
2595 0.606136
2596 0.606041
2597 0.605948
2598 0.605855
2599 0.605763
2600 0.605671
2601 0.605580
2602 0.605489
2603 0.605399
2604 0.605309
2605 0.605220
2606 0.605131
2607 0.605043
2608 0.604955
2609 0.604868
2610 0.604782
2611 0.604695
2612 0.604610
2613 0.604525
2614 0.604440
2615 0.604356
2616 0.604272
2617 0.604189
2618 0.604106
2619 0.604024
2620 0.603942
2621 0.603861
2622 0.603780
2623 0.603700
2624 0.603620
2625 0.603541
2626 0.603461
2627 0.603383
2628 0.603305
2629 0.603227
2630 0.603150
2631 0.603073
2632 0.602997
2633 0.602921
2634 0.602845
2635 0.602770
2636 0.602695
2637 0.602621
2638 0.602547
2639 0.602473
2640 0.602400
2641 0.602328
2642 0.602255
2643 0.602184
2644 0.602112
2645 0.602041
2646 0.601970
2647 0.601900
2648 0.601830
2649 0.601760
2650 0.601691
2651 0.601622
2652 0.601554
2653 0.601486
2654 0.601418
2655 0.601351
2656 0.601284
2657 0.601217
2658 0.601151
2659 0.601085
2660 0.601020
2661 0.600954
2662 0.600890
2663 0.600825
2664 0.600761
2665 0.600697
2666 0.600634
2667 0.600570
2668 0.600508
2669 0.600445
2670 0.600383
2671 0.600321
2672 0.600260
2673 0.600199
2674 0.600138
2675 0.600077
2676 0.600017
2677 0.599957
2678 0.599898
2679 0.599838
2680 0.599779
2681 0.599721
2682 0.599662
2683 0.599604
2684 0.599547
2685 0.599489
2686 0.599432
2687 0.599375
2688 0.599319
2689 0.599263
2690 0.599207
2691 0.599151
2692 0.599096
2693 0.599041
2694 0.598986
2695 0.598931
2696 0.598877
2697 0.598823
2698 0.598770
2699 0.598716
2700 0.598663
2701 0.598610
2702 0.598558
2703 0.598506
2704 0.598454
2705 0.598402
2706 0.598350
2707 0.598299
2708 0.598248
2709 0.598198
2710 0.598147
2711 0.598097
2712 0.598047
2713 0.597998
2714 0.597948
2715 0.597899
2716 0.597850
2717 0.597802
2718 0.597753
2719 0.597705
2720 0.597657
2721 0.597610
2722 0.597562
2723 0.597515
2724 0.597468
2725 0.597422
2726 0.597375
2727 0.597329
2728 0.597283
2729 0.597238
2730 0.597192
2731 0.597147
2732 0.597102
2733 0.597057
2734 0.597013
2735 0.596968
2736 0.596924
2737 0.596881
2738 0.596837
2739 0.596794
2740 0.596751
2741 0.596708
2742 0.596665
2743 0.596622
2744 0.596580
2745 0.596538
2746 0.596496
2747 0.596455
2748 0.596413
2749 0.596372
2750 0.596331
2751 0.596291
2752 0.596250
2753 0.596210
2754 0.596170
2755 0.596130
2756 0.596090
2757 0.596051
2758 0.596012
2759 0.595972
2760 0.595934
2761 0.595895
2762 0.595857
2763 0.595818
2764 0.595780
2765 0.595743
2766 0.595705
2767 0.595667
2768 0.595630
2769 0.595593
2770 0.595556
2771 0.595520
2772 0.595483
2773 0.595447
2774 0.595411
2775 0.595375
2776 0.595340
2777 0.595304
2778 0.595269
2779 0.595234
2780 0.595199
2781 0.595164
2782 0.595129
2783 0.595095
2784 0.595061
2785 0.595027
2786 0.594993
2787 0.594960
2788 0.594926
2789 0.594893
2790 0.594860
2791 0.594827
2792 0.594794
2793 0.594762
2794 0.594729
2795 0.594697
2796 0.594665
2797 0.594633
2798 0.594602
2799 0.594570
2800 0.594539
2801 0.594508
2802 0.594477
2803 0.594446
2804 0.594415
2805 0.594385
2806 0.594355
2807 0.594325
2808 0.594295
2809 0.594265
2810 0.594235
2811 0.594206
2812 0.594177
2813 0.594148
2814 0.594119
2815 0.594090
2816 0.594061
2817 0.594033
2818 0.594004
2819 0.593976
2820 0.593948
2821 0.593920
2822 0.593893
2823 0.593865
2824 0.593838
2825 0.593811
2826 0.593784
2827 0.593757
2828 0.593730
2829 0.593704
2830 0.593677
2831 0.593651
2832 0.593625
2833 0.593599
2834 0.593573
2835 0.593547
2836 0.593522
2837 0.593497
2838 0.593471
2839 0.593446
2840 0.593421
2841 0.593397
2842 0.593372
2843 0.593348
2844 0.593323
2845 0.593299
2846 0.593275
2847 0.593251
2848 0.593227
2849 0.593204
2850 0.593180
2851 0.593157
2852 0.593134
2853 0.593111
2854 0.593088
2855 0.593065
2856 0.593042
2857 0.593020
2858 0.592998
2859 0.592975
2860 0.592953
2861 0.592931
2862 0.592910
2863 0.592888
2864 0.592866
2865 0.592845
2866 0.592824
2867 0.592803
2868 0.592782
2869 0.592761
2870 0.592740
2871 0.592719
2872 0.592699
2873 0.592678
2874 0.592658
2875 0.592638
2876 0.592618
2877 0.592598
2878 0.592579
2879 0.592559
2880 0.592540
2881 0.592520
2882 0.592501
2883 0.592482
2884 0.592463
2885 0.592444
2886 0.592425
2887 0.592407
2888 0.592388
2889 0.592370
2890 0.592352
2891 0.592334
2892 0.592316
2893 0.592298
2894 0.592280
2895 0.592262
2896 0.592245
2897 0.592227
2898 0.592210
2899 0.592193
2900 0.592176
2901 0.592159
2902 0.592142
2903 0.592125
2904 0.592109
2905 0.592092
2906 0.592076
2907 0.592060
2908 0.592044
2909 0.592028
2910 0.592012
2911 0.591996
2912 0.591980
2913 0.591965
2914 0.591949
2915 0.591934
2916 0.591918
2917 0.591903
2918 0.591888
2919 0.591873
2920 0.591858
2921 0.591844
2922 0.591829
2923 0.591815
2924 0.591800
2925 0.591786
2926 0.591772
2927 0.591758
2928 0.591744
2929 0.591730
2930 0.591716
2931 0.591702
2932 0.591689
2933 0.591675
2934 0.591662
2935 0.591648
2936 0.591635
2937 0.591622
2938 0.591609
2939 0.591596
2940 0.591583
2941 0.591571
2942 0.591558
2943 0.591545
2944 0.591533
2945 0.591521
2946 0.591508
2947 0.591496
2948 0.591484
2949 0.591472
2950 0.591460
2951 0.591449
2952 0.591437
2953 0.591425
2954 0.591414
2955 0.591403
2956 0.591391
2957 0.591380
2958 0.591369
2959 0.591358
2960 0.591347
2961 0.591336
2962 0.591325
2963 0.591315
2964 0.591304
2965 0.591293
2966 0.591283
2967 0.591273
2968 0.591262
2969 0.591252
2970 0.591242
2971 0.591232
2972 0.591222
2973 0.591212
2974 0.591202
2975 0.591193
2976 0.591183
2977 0.591174
2978 0.591164
2979 0.591155
2980 0.591146
2981 0.591136
2982 0.591127
2983 0.591118
2984 0.591109
2985 0.591100
2986 0.591092
2987 0.591083
2988 0.591074
2989 0.591066
2990 0.591057
2991 0.591049
2992 0.591040
2993 0.591032
2994 0.591024
2995 0.591016
2996 0.591008
2997 0.591000
2998 0.590992
2999 0.590984
3000 0.590976
3001 0.590968
3002 0.590961
3003 0.590953
3004 0.590946
3005 0.590938
3006 0.590931
3007 0.590924
3008 0.590916
3009 0.590909
3010 0.590902
3011 0.590895
3012 0.590888
3013 0.590881
3014 0.590875
3015 0.590868
3016 0.590861
3017 0.590855
3018 0.590848
3019 0.590841
3020 0.590835
3021 0.590829
3022 0.590822
3023 0.590816
3024 0.590810
3025 0.590804
3026 0.590798
3027 0.590792
3028 0.590786
3029 0.590780
3030 0.590774
3031 0.590768
3032 0.590763
3033 0.590757
3034 0.590751
3035 0.590746
3036 0.590740
3037 0.590735
3038 0.590730
3039 0.590724
3040 0.590719
3041 0.590714
3042 0.590709
3043 0.590704
3044 0.590698
3045 0.590693
3046 0.590689
3047 0.590684
3048 0.590679
3049 0.590674
3050 0.590669
3051 0.590665
3052 0.590660
3053 0.590655
3054 0.590651
3055 0.590646
3056 0.590642
3057 0.590637
3058 0.590633
3059 0.590629
3060 0.590625
3061 0.590620
3062 0.590616
3063 0.590612
3064 0.590608
3065 0.590604
3066 0.590600
3067 0.590596
3068 0.590592
3069 0.590588
3070 0.590584
3071 0.590581
3072 0.590577
3073 0.590573
3074 0.590570
3075 0.590566
3076 0.590562
3077 0.590559
3078 0.590555
3079 0.590552
3080 0.590548
3081 0.590545
3082 0.590542
3083 0.590538
3084 0.590535
3085 0.590532
3086 0.590529
3087 0.590525
3088 0.590522
3089 0.590519
3090 0.590516
3091 0.590513
3092 0.590510
3093 0.590507
3094 0.590504
3095 0.590501
3096 0.590498
3097 0.590495
3098 0.590493
3099 0.590490
3100 0.590487
3101 0.590484
3102 0.590482
3103 0.590479
3104 0.590476
3105 0.590474
3106 0.590471
3107 0.590468
3108 0.590466
3109 0.590463
3110 0.590461
3111 0.590458
3112 0.590456
3113 0.590454
3114 0.590451
3115 0.590448
3116 0.590447
3117 0.590445
3118 0.590441
3119 0.590438
3120 0.590438
3121 0.590436
3122 0.590430
3123 0.590427
3124 0.590431
3125 0.590431
3126 0.590418
3127 0.590412
3128 0.590429
3129 0.590435
3130 0.590398
3131 0.590381
3132 0.590441
3133 0.590466
3134 0.590354
3135 0.590300
3136 0.590496
3137 0.590593
3138 0.590234
3139 0.590033
3140 0.590686
3141 0.591067
3142 0.589878
3143 0.589075
3144 0.591304
3145 0.592791
3146 0.588816
3147 0.585364
3148 0.593248
3149 0.598672
3150 0.586065
3151 0.569944
3152 0.597986
3153 0.610545
3154 0.588302
3155 0.533622
3156 0.554883
3157 0.636970
3158 0.512110
3159 0.545176
3160 0.627911
3161 0.444997
3162 0.541041
3163 0.755663
3164 0.907626
3165 0.627829
3166 0.310757
3167 0.773599
3168 0.632598
3169 0.481482
3170 1.028687
3171 1.840947
3172 0.532292
3173 1.572485
3174 0.791588
3175 0.334186
3176 0.699473
3177 0.796436
3178 0.325912
3179 0.795259
3180 0.750219
3181 0.422954
3182 0.483222
3183 0.488874
3184 1.965357
3185 0.510716
3186 0.823771
3187 1.116031
3188 0.605133
3189 0.638611
3190 0.792162
3191 1.160611
3192 0.634115
3193 0.606397
3194 1.004280
3195 1.747662
3196 0.605681
3197 0.998077
3198 0.710954
3199 0.398799
3200 0.983361
3201 0.560769
3202 0.582783
3203 0.964662
3204 0.760699
3205 0.373512
3206 0.788279
3207 0.867003
3208 0.532217
3209 0.962589
3210 1.940273
3211 0.655253
3212 0.404437
3213 0.940377
3214 0.365336
3215 0.937485
3216 0.385001
3217 0.936361
3218 0.415090
3219 0.935812
3220 0.464878
3221 0.937586
3222 0.505202
3223 0.938623
3224 0.565162
3225 0.941722
3226 0.675906
3227 0.952576
3228 0.587897
3229 0.946351
3230 0.731411
3231 0.957166
3232 0.751355
3233 0.944053
3234 0.697017
3235 0.953324
3236 0.717954
3237 0.940681
3238 0.622631
3239 0.921185
3240 0.459197
3241 0.895441
3242 0.565963
3243 0.898691
3244 0.393922
3245 0.891970
3246 0.537822
3247 0.691547
3248 0.896077
3249 0.946065
3250 0.732173
3251 0.841911
3252 0.819573
3253 0.766704
3254 0.743933
3255 0.894302
3256 0.873050
3257 0.864549
3258 0.855781
3259 0.849135
3260 0.843367
3261 0.838297
3262 0.833645
3263 0.829271
3264 0.825072
3265 0.820979
3266 0.816942
3267 0.812929
3268 0.808919
3269 0.804898
3270 0.800856
3271 0.796787
3272 0.792688
3273 0.788555
3274 0.784387
3275 0.780181
3276 0.775937
3277 0.771652
3278 0.767325
3279 0.762952
3280 0.758533
3281 0.754063
3282 0.749540
3283 0.744961
3284 0.740322
3285 0.735619
3286 0.730851
3287 0.726015
3288 0.721111
3289 0.716141
3290 0.711112
3291 0.706037
3292 0.700934
3293 0.695834
3294 0.690776
3295 0.685810
3296 0.680992
3297 0.676377
3298 0.672011
3299 0.667919
3300 0.664099
3301 0.660521
3302 0.657138
3303 0.653897
3304 0.650750
3305 0.647662
3306 0.644611
3307 0.641585
3308 0.638579
3309 0.635590
3310 0.632618
3311 0.629662
3312 0.626720
3313 0.623794
3314 0.620882
3315 0.617983
3316 0.615099
3317 0.612228
3318 0.609370
3319 0.606526
3320 0.603696
3321 0.600880
3322 0.598077
3323 0.595289
3324 0.592515
3325 0.589756
3326 0.587013
3327 0.584286
3328 0.581575
3329 0.578882
3330 0.576207
3331 0.573552
3332 0.570917
3333 0.568303
3334 0.565713
3335 0.563148
3336 0.560610
3337 0.558101
3338 0.555624
3339 0.553181
3340 0.550776
3341 0.548412
3342 0.546092
3343 0.543821
3344 0.541602
3345 0.539440
3346 0.537336
3347 0.535294
3348 0.533315
3349 0.531398
3350 0.529541
3351 0.527738
3352 0.525981
3353 0.524257
3354 0.522552
3355 0.520842
3356 0.519099
3357 0.517285
3358 0.515345
3359 0.513203
3360 0.510747
3361 0.507813
3362 0.504165
3363 0.499484
3364 0.493428
3365 0.485840
3366 0.477178
3367 0.468693
3368 0.461882
3369 0.457656
3370 0.456059
3371 0.456801
3372 0.458037
3373 0.471122
3374 0.399450
3375 0.847013
3376 0.288174
3377 0.646617
3378 0.462105
3379 0.545860
3380 0.582527
3381 0.546200
3382 0.545653
3383 0.540099
3384 0.536953
3385 0.535139
3386 0.533478
3387 0.531742
3388 0.529994
3389 0.528224
3390 0.526382
3391 0.524394
3392 0.522150
3393 0.519471
3394 0.516072
3395 0.511502
3396 0.505121
3397 0.496294
3398 0.485231
3399 0.473989
3400 0.464963
3401 0.461924
3402 0.447726
3403 0.579397
3404 0.384087
3405 0.856991
3406 0.288580
3407 0.636771
3408 0.438661
3409 0.504928
3410 0.645880
3411 0.478993
3412 0.540781
3413 0.578077
3414 0.545180
3415 0.544384
3416 0.539434
3417 0.536532
3418 0.534858
3419 0.533369
3420 0.531819
3421 0.530228
3422 0.528549
3423 0.526693
3424 0.524516
3425 0.521777
3426 0.518078
3427 0.512787
3428 0.505094
3429 0.494614
3430 0.482898
3431 0.472747
3432 0.468668
3433 0.454534
3434 0.591041
3435 0.395409
3436 0.905020
3437 0.324578
3438 0.481995
3439 0.610598
3440 0.512810
3441 0.567538
3442 0.546143
3443 0.544317
3444 0.538466
3445 0.535389
3446 0.533628
3447 0.532246
3448 0.530876
3449 0.529438
3450 0.527822
3451 0.525861
3452 0.523271
3453 0.519582
3454 0.514058
3455 0.505856
3456 0.495025
3457 0.484055
3458 0.475410
3459 0.477587
3460 0.432278
3461 0.841961
3462 0.297351
3463 0.673329
3464 0.345435
3465 0.316909
3466 0.595602
3467 0.525495
3468 0.582859
3469 0.537536
3470 0.550275
3471 0.541055
3472 0.537022
3473 0.534379
3474 0.532847
3475 0.531673
3476 0.530527
3477 0.529280
3478 0.527761
3479 0.525711
3480 0.522678
3481 0.517944
3482 0.510592
3483 0.500464
3484 0.489821
3485 0.481693
3486 0.482297
3487 0.453429
3488 0.790395
3489 0.388060
3490 0.829778
3491 0.286592
3492 0.614736
3493 0.529097
3494 0.589038
3495 0.552202
3496 0.541337
3497 0.529416
3498 0.522275
3499 0.523312
3500 0.530337
3501 0.534142
3502 0.532367
3503 0.529984
3504 0.528631
3505 0.527927
3506 0.527378
3507 0.526785
3508 0.526017
3509 0.524848
3510 0.522914
3511 0.519609
3512 0.514146
3513 0.506152
3514 0.497356
3515 0.489861
3516 0.493957
3517 0.440517
3518 0.872469
3519 0.285195
3520 0.614131
3521 0.456193
3522 0.468981
3523 0.559444
3524 0.549440
3525 0.560510
3526 0.541683
3527 0.563194
3528 0.530734
3529 0.568131
3530 0.514932
3531 0.575849
3532 0.492150
3533 0.578692
3534 0.477377
3535 0.568850
3536 0.485798
3537 0.586699
3538 0.442318
3539 0.436435
3540 0.383958
3541 0.564671
3542 0.468148
3543 0.718497
3544 0.304947
3545 0.567873
3546 0.558354
3547 0.577172
3548 0.533921
3549 0.621638
3550 0.449178
3551 0.349856
3552 0.414173
3553 0.509823
3554 0.682859
3555 0.360750
3556 0.344776
3557 0.488367
3558 0.474837
3559 0.421966
3560 0.523533
3561 0.720650
3562 0.378395
3563 0.288348
3564 0.678194
3565 0.562528
3566 0.492838
3567 0.284365
3568 0.647819
3569 0.571231
3570 0.511553
3571 0.328096
3572 0.588378
3573 0.558146
3574 0.508119
3575 0.372442
3576 0.284568
3577 0.617130
3578 0.563684
3579 0.539561
3580 0.497529
3581 0.380587
3582 0.281674
3583 0.611414
3584 0.554487
3585 0.529320
3586 0.489415
3587 0.361426
3588 0.310991
3589 0.563212
3590 0.566417
3591 0.545082
3592 0.526029
3593 0.503422
3594 0.470744
3595 0.327326
3596 0.503741
3597 0.488618
3598 0.465519
3599 0.389632
3600 0.338182
3601 0.577994
3602 0.527821
3603 0.588987
3604 0.505859
3605 0.575828
3606 0.518405
3607 0.553240
3608 0.529086
3609 0.535989
3610 0.527643
3611 0.526160
3612 0.522934
3613 0.521278
3614 0.520043
3615 0.519576
3616 0.519549
3617 0.519853
3618 0.520099
3619 0.519899
3620 0.518435
3621 0.515254
3622 0.509668
3623 0.508176
3624 0.484274
3625 0.690351
3626 0.413791
3627 0.794164
3628 0.301003
3629 0.600623
3630 0.530587
3631 0.576584
3632 0.540349
3633 0.529844
3634 0.507931
3635 0.471339
3636 0.274759
3637 0.524446
3638 0.503514
3639 0.469343
3640 0.282099
3641 0.509565
3642 0.494335
3643 0.463625
3644 0.273782
3645 0.509168
3646 0.487856
3647 0.452704
3648 0.302190
3649 0.526555
3650 0.515428
3651 0.500419
3652 0.477947
3653 0.429476
3654 0.438673
3655 0.478792
3656 0.634868
3657 0.443832
3658 0.502146
3659 0.563656
3660 0.577895
3661 0.467140
3662 0.821102
3663 0.302799
3664 0.549734
3665 0.563716
3666 0.534549
3667 0.498244
3668 0.353345
3669 0.412735
3670 0.347144
3671 0.572025
3672 0.553494
3673 0.530246
3674 0.497825
3675 0.400821
3676 0.310734
3677 0.550602
3678 0.524490
3679 0.490282
3680 0.342110
3681 0.462640
3682 0.279684
3683 0.506375
3684 0.466821
3685 0.265753
3686 0.509448
3687 0.471024
3688 0.278396
3689 0.507879
3690 0.477099
3691 0.323721
3692 0.485460
3693 0.370791
3694 0.280606
3695 0.479473
3696 0.395200
3697 0.277527
3698 0.489734
3699 0.452626
3700 0.260089
3701 0.487766
3702 0.446065
3703 0.264911
3704 0.483008
3705 0.439514
3706 0.272377
3707 0.491148
3708 0.462860
3709 0.317944
3710 0.471997
3711 0.385366
3712 0.253909
3713 0.472669
3714 0.412601
3715 0.267708
3716 0.476425
3717 0.442103
3718 0.261852
3719 0.476698
3720 0.445876
3721 0.293770
3722 0.448541
3723 0.320249
3724 0.448582
3725 0.312671
3726 0.439791
3727 0.294406
3728 0.429935
3729 0.260448
3730 0.444519
3731 0.348518
3732 0.318477
3733 0.408074
3734 0.249331
3735 0.425927
3736 0.285243
3737 0.411855
3738 0.243703
3739 0.425957
3740 0.299769
3741 0.408160
3742 0.243782
3743 0.420256
3744 0.293030
3745 0.398775
3746 0.240029
3747 0.414652
3748 0.283414
3749 0.395127
3750 0.239567
3751 0.410810
3752 0.282876
3753 0.389419
3754 0.239560
3755 0.405772
3756 0.278115
3757 0.385343
3758 0.240790
3759 0.400098
3760 0.271481
3761 0.382634
3762 0.243139
3763 0.393502
3764 0.263295
3765 0.380810
3766 0.246709
3767 0.385401
3768 0.255684
3769 0.377197
3770 0.250479
3771 0.375195
3772 0.252676
3773 0.369019
3774 0.253900
3775 0.362519
3776 0.257450
3777 0.353441
3778 0.265136
3779 0.339579
3780 0.280112
3781 0.328417
3782 0.286590
3783 0.320853
3784 0.284619
3785 0.307688
3786 0.287764
3787 0.294217
3788 0.286109
3789 0.284215
3790 0.280498
3791 0.277582
3792 0.274862
3793 0.272392
3794 0.270134
3795 0.268053
3796 0.266109
3797 0.264257
3798 0.262447
3799 0.260627
3800 0.258761
3801 0.256843
3802 0.254919
3803 0.253071
3804 0.251361
3805 0.249793
3806 0.248332
3807 0.246940
3808 0.245592
3809 0.244270
3810 0.242964
3811 0.241668
3812 0.240376
3813 0.239085
3814 0.237794
3815 0.236501
3816 0.235205
3817 0.233904
3818 0.232597
3819 0.231286
3820 0.229967
3821 0.228643
3822 0.227312
3823 0.225973
3824 0.224629
3825 0.223277
3826 0.221919
3827 0.220556
3828 0.219186
3829 0.217812
3830 0.216433
3831 0.215051
3832 0.213666
3833 0.212279
3834 0.210892
3835 0.209505
3836 0.208120
3837 0.206738
3838 0.205361
3839 0.203990
3840 0.202626
3841 0.201272
3842 0.199929
3843 0.198598
3844 0.197282
3845 0.195981
3846 0.194698
3847 0.193434
3848 0.192191
3849 0.190969
3850 0.189770
3851 0.188596
3852 0.187447
3853 0.186324
3854 0.185228
3855 0.184160
3856 0.183119
3857 0.182107
3858 0.181123
3859 0.180167
3860 0.179240
3861 0.178341
3862 0.177469
3863 0.176625
3864 0.175807
3865 0.175015
3866 0.174248
3867 0.173505
3868 0.172787
3869 0.172091
3870 0.171416
3871 0.170763
3872 0.170130
3873 0.169516
3874 0.168920
3875 0.168342
3876 0.167780
3877 0.167234
3878 0.166703
3879 0.166186
3880 0.165682
3881 0.165191
3882 0.164712
3883 0.164245
3884 0.163788
3885 0.163341
3886 0.162904
3887 0.162476
3888 0.162057
3889 0.161646
3890 0.161243
3891 0.160846
3892 0.160457
3893 0.160074
3894 0.159698
3895 0.159327
3896 0.158963
3897 0.158603
3898 0.158248
3899 0.157899
3900 0.157554
3901 0.157213
3902 0.156877
3903 0.156544
3904 0.156216
3905 0.155891
3906 0.155569
3907 0.155251
3908 0.154937
3909 0.154625
3910 0.154316
3911 0.154011
3912 0.153708
3913 0.153407
3914 0.153110
3915 0.152815
3916 0.152522
3917 0.152232
3918 0.151944
3919 0.151658
3920 0.151374
3921 0.151092
3922 0.150813
3923 0.150535
3924 0.150260
3925 0.149986
3926 0.149714
3927 0.149444
3928 0.149176
3929 0.148909
3930 0.148644
3931 0.148381
3932 0.148119
3933 0.147859
3934 0.147601
3935 0.147344
3936 0.147088
3937 0.146834
3938 0.146582
3939 0.146331
3940 0.146081
3941 0.145833
3942 0.145586
3943 0.145340
3944 0.145096
3945 0.144853
3946 0.144612
3947 0.144371
3948 0.144132
3949 0.143895
3950 0.143658
3951 0.143423
3952 0.143189
3953 0.142956
3954 0.142724
3955 0.142494
3956 0.142264
3957 0.142036
3958 0.141809
3959 0.141583
3960 0.141358
3961 0.141135
3962 0.140912
3963 0.140691
3964 0.140470
3965 0.140251
3966 0.140033
3967 0.139816
3968 0.139600
3969 0.139384
3970 0.139170
3971 0.138957
3972 0.138746
3973 0.138535
3974 0.138325
3975 0.138116
3976 0.137908
3977 0.137701
3978 0.137495
3979 0.137290
3980 0.137086
3981 0.136883
3982 0.136681
3983 0.136480
3984 0.136280
3985 0.136081
3986 0.135882
3987 0.135685
3988 0.135488
3989 0.135293
3990 0.135098
3991 0.134905
3992 0.134712
3993 0.134520
3994 0.134329
3995 0.134139
3996 0.133950
3997 0.133761
3998 0.133574
3999 0.133387
4000 0.133201
4001 0.133016
4002 0.132832
4003 0.132649
4004 0.132467
4005 0.132285
4006 0.132104
4007 0.131925
4008 0.131746
4009 0.131567
4010 0.131390
4011 0.131213
4012 0.131037
4013 0.130862
4014 0.130688
4015 0.130515
4016 0.130342
4017 0.130170
4018 0.129999
4019 0.129828
4020 0.129659
4021 0.129490
4022 0.129322
4023 0.129154
4024 0.128988
4025 0.128822
4026 0.128657
4027 0.128492
4028 0.128329
4029 0.128166
4030 0.128003
4031 0.127842
4032 0.127681
4033 0.127521
4034 0.127362
4035 0.127203
4036 0.127045
4037 0.126887
4038 0.126731
4039 0.126575
4040 0.126419
4041 0.126265
4042 0.126111
4043 0.125957
4044 0.125805
4045 0.125653
4046 0.125501
4047 0.125351
4048 0.125201
4049 0.125051
4050 0.124902
4051 0.124754
4052 0.124607
4053 0.124460
4054 0.124313
4055 0.124168
4056 0.124023
4057 0.123878
4058 0.123734
4059 0.123591
4060 0.123448
4061 0.123306
4062 0.123165
4063 0.123024
4064 0.122883
4065 0.122743
4066 0.122604
4067 0.122466
4068 0.122327
4069 0.122190
4070 0.122053
4071 0.121917
4072 0.121781
4073 0.121645
4074 0.121511
4075 0.121376
4076 0.121243
4077 0.121109
4078 0.120977
4079 0.120845
4080 0.120713
4081 0.120582
4082 0.120451
4083 0.120321
4084 0.120192
4085 0.120063
4086 0.119934
4087 0.119806
4088 0.119679
4089 0.119551
4090 0.119425
4091 0.119299
4092 0.119173
4093 0.119048
4094 0.118923
4095 0.118799
4096 0.118675
4097 0.118552
4098 0.118429
4099 0.118307
4100 0.118185
4101 0.118064
4102 0.117943
4103 0.117822
4104 0.117702
4105 0.117583
4106 0.117463
4107 0.117345
4108 0.117226
4109 0.117109
4110 0.116991
4111 0.116874
4112 0.116757
4113 0.116641
4114 0.116525
4115 0.116410
4116 0.116295
4117 0.116181
4118 0.116067
4119 0.115953
4120 0.115839
4121 0.115727
4122 0.115614
4123 0.115502
4124 0.115390
4125 0.115279
4126 0.115168
4127 0.115057
4128 0.114947
4129 0.114837
4130 0.114728
4131 0.114619
4132 0.114510
4133 0.114402
4134 0.114294
4135 0.114186
4136 0.114079
4137 0.113972
4138 0.113865
4139 0.113759
4140 0.113653
4141 0.113548
4142 0.113443
4143 0.113338
4144 0.113234
4145 0.113130
4146 0.113026
4147 0.112923
4148 0.112819
4149 0.112717
4150 0.112614
4151 0.112512
4152 0.112411
4153 0.112309
4154 0.112208
4155 0.112107
4156 0.112007
4157 0.111907
4158 0.111807
4159 0.111707
4160 0.111608
4161 0.111509
4162 0.111411
4163 0.111313
4164 0.111215
4165 0.111117
4166 0.111020
4167 0.110923
4168 0.110826
4169 0.110729
4170 0.110633
4171 0.110537
4172 0.110442
4173 0.110347
4174 0.110252
4175 0.110157
4176 0.110062
4177 0.109968
4178 0.109874
4179 0.109781
4180 0.109688
4181 0.109595
4182 0.109502
4183 0.109409
4184 0.109317
4185 0.109225
4186 0.109133
4187 0.109042
4188 0.108951
4189 0.108860
4190 0.108769
4191 0.108679
4192 0.108589
4193 0.108499
4194 0.108410
4195 0.108320
4196 0.108231
4197 0.108142
4198 0.108054
4199 0.107966
4200 0.107877
4201 0.107790
4202 0.107702
4203 0.107615
4204 0.107528
4205 0.107441
4206 0.107354
4207 0.107268
4208 0.107182
4209 0.107096
4210 0.107010
4211 0.106925
4212 0.106839
4213 0.106754
4214 0.106670
4215 0.106585
4216 0.106501
4217 0.106417
4218 0.106333
4219 0.106249
4220 0.106166
4221 0.106083
4222 0.106000
4223 0.105917
4224 0.105835
4225 0.105752
4226 0.105670
4227 0.105589
4228 0.105507
4229 0.105426
4230 0.105344
4231 0.105263
4232 0.105182
4233 0.105102
4234 0.105022
4235 0.104941
4236 0.104861
4237 0.104782
4238 0.104702
4239 0.104623
4240 0.104544
4241 0.104465
4242 0.104386
4243 0.104307
4244 0.104229
4245 0.104151
4246 0.104073
4247 0.103995
4248 0.103917
4249 0.103840
4250 0.103763
4251 0.103686
4252 0.103609
4253 0.103532
4254 0.103456
4255 0.103380
4256 0.103304
4257 0.103228
4258 0.103152
4259 0.103077
4260 0.103001
4261 0.102926
4262 0.102851
4263 0.102776
4264 0.102702
4265 0.102627
4266 0.102553
4267 0.102479
4268 0.102405
4269 0.102331
4270 0.102258
4271 0.102184
4272 0.102111
4273 0.102038
4274 0.101965
4275 0.101893
4276 0.101820
4277 0.101748
4278 0.101676
4279 0.101604
4280 0.101532
4281 0.101460
4282 0.101389
4283 0.101317
4284 0.101246
4285 0.101175
4286 0.101104
4287 0.101034
4288 0.100963
4289 0.100893
4290 0.100823
4291 0.100752
4292 0.100683
4293 0.100613
4294 0.100543
4295 0.100474
4296 0.100405
4297 0.100336
4298 0.100267
4299 0.100198
4300 0.100129
4301 0.100061
4302 0.099992
4303 0.099924
4304 0.099856
4305 0.099788
4306 0.099721
4307 0.099653
4308 0.099586
4309 0.099518
4310 0.099451
4311 0.099384
4312 0.099317
4313 0.099251
4314 0.099184
4315 0.099118
4316 0.099051
4317 0.098985
4318 0.098919
4319 0.098853
4320 0.098788
4321 0.098722
4322 0.098657
4323 0.098592
4324 0.098526
4325 0.098461
4326 0.098397
4327 0.098332
4328 0.098267
4329 0.098203
4330 0.098139
4331 0.098074
4332 0.098010
4333 0.097946
4334 0.097883
4335 0.097819
4336 0.097756
4337 0.097692
4338 0.097629
4339 0.097566
4340 0.097503
4341 0.097440
4342 0.097377
4343 0.097315
4344 0.097252
4345 0.097190
4346 0.097128
4347 0.097066
4348 0.097004
4349 0.096942
4350 0.096880
4351 0.096819
4352 0.096757
4353 0.096696
4354 0.096635
4355 0.096574
4356 0.096513
4357 0.096452
4358 0.096392
4359 0.096331
4360 0.096271
4361 0.096210
4362 0.096150
4363 0.096090
4364 0.096030
4365 0.095970
4366 0.095910
4367 0.095851
4368 0.095791
4369 0.095732
4370 0.095673
4371 0.095614
4372 0.095555
4373 0.095496
4374 0.095437
4375 0.095378
4376 0.095320
4377 0.095262
4378 0.095203
4379 0.095145
4380 0.095087
4381 0.095029
4382 0.094971
4383 0.094913
4384 0.094856
4385 0.094798
4386 0.094741
4387 0.094684
4388 0.094626
4389 0.094569
4390 0.094512
4391 0.094456
4392 0.094399
4393 0.094342
4394 0.094286
4395 0.094229
4396 0.094173
4397 0.094117
4398 0.094061
4399 0.094005
4400 0.093949
4401 0.093893
4402 0.093838
4403 0.093782
4404 0.093727
4405 0.093671
4406 0.093616
4407 0.093561
4408 0.093506
4409 0.093451
4410 0.093396
4411 0.093342
4412 0.093287
4413 0.093232
4414 0.093178
4415 0.093124
4416 0.093070
4417 0.093015
4418 0.092961
4419 0.092908
4420 0.092854
4421 0.092800
4422 0.092747
4423 0.092693
4424 0.092640
4425 0.092586
4426 0.092533
4427 0.092480
4428 0.092427
4429 0.092374
4430 0.092321
4431 0.092269
4432 0.092216
4433 0.092164
4434 0.092111
4435 0.092059
4436 0.092007
4437 0.091955
4438 0.091902
4439 0.091851
4440 0.091799
4441 0.091747
4442 0.091695
4443 0.091644
4444 0.091592
4445 0.091541
4446 0.091490
4447 0.091439
4448 0.091387
4449 0.091336
4450 0.091286
4451 0.091235
4452 0.091184
4453 0.091133
4454 0.091083
4455 0.091032
4456 0.090982
4457 0.090932
4458 0.090882
4459 0.090831
4460 0.090781
4461 0.090732
4462 0.090682
4463 0.090632
4464 0.090582
4465 0.090533
4466 0.090483
4467 0.090434
4468 0.090385
4469 0.090336
4470 0.090286
4471 0.090237
4472 0.090188
4473 0.090140
4474 0.090091
4475 0.090042
4476 0.089994
4477 0.089945
4478 0.089897
4479 0.089848
4480 0.089800
4481 0.089752
4482 0.089704
4483 0.089656
4484 0.089608
4485 0.089560
4486 0.089512
4487 0.089465
4488 0.089417
4489 0.089369
4490 0.089322
4491 0.089275
4492 0.089227
4493 0.089180
4494 0.089133
4495 0.089086
4496 0.089039
4497 0.088992
4498 0.088946
4499 0.088899
4500 0.088852
4501 0.088806
4502 0.088759
4503 0.088713
4504 0.088667
4505 0.088620
4506 0.088574
4507 0.088528
4508 0.088482
4509 0.088436
4510 0.088390
4511 0.088345
4512 0.088299
4513 0.088253
4514 0.088208
4515 0.088162
4516 0.088117
4517 0.088072
4518 0.088027
4519 0.087982
4520 0.087936
4521 0.087891
4522 0.087847
4523 0.087802
4524 0.087757
4525 0.087712
4526 0.087668
4527 0.087623
4528 0.087579
4529 0.087534
4530 0.087490
4531 0.087446
4532 0.087402
4533 0.087358
4534 0.087314
4535 0.087270
4536 0.087226
4537 0.087182
4538 0.087138
4539 0.087095
4540 0.087051
4541 0.087008
4542 0.086964
4543 0.086921
4544 0.086877
4545 0.086834
4546 0.086791
4547 0.086748
4548 0.086705
4549 0.086662
4550 0.086619
4551 0.086576
4552 0.086534
4553 0.086491
4554 0.086448
4555 0.086406
4556 0.086364
4557 0.086321
4558 0.086279
4559 0.086237
4560 0.086194
4561 0.086152
4562 0.086110
4563 0.086068
4564 0.086026
4565 0.085985
4566 0.085943
4567 0.085901
4568 0.085860
4569 0.085818
4570 0.085777
4571 0.085735
4572 0.085694
4573 0.085652
4574 0.085611
4575 0.085570
4576 0.085529
4577 0.085488
4578 0.085447
4579 0.085406
4580 0.085365
4581 0.085324
4582 0.085284
4583 0.085243
4584 0.085203
4585 0.085162
4586 0.085122
4587 0.085081
4588 0.085041
4589 0.085001
4590 0.084961
4591 0.084920
4592 0.084880
4593 0.084840
4594 0.084800
4595 0.084761
4596 0.084721
4597 0.084681
4598 0.084641
4599 0.084602
4600 0.084562
4601 0.084523
4602 0.084483
4603 0.084444
4604 0.084405
4605 0.084365
4606 0.084326
4607 0.084287
4608 0.084248
4609 0.084209
4610 0.084170
4611 0.084131
4612 0.084092
4613 0.084054
4614 0.084015
4615 0.083976
4616 0.083938
4617 0.083899
4618 0.083861
4619 0.083822
4620 0.083784
4621 0.083746
4622 0.083707
4623 0.083669
4624 0.083631
4625 0.083593
4626 0.083555
4627 0.083517
4628 0.083479
4629 0.083441
4630 0.083404
4631 0.083366
4632 0.083328
4633 0.083291
4634 0.083253
4635 0.083216
4636 0.083178
4637 0.083141
4638 0.083104
4639 0.083067
4640 0.083029
4641 0.082992
4642 0.082955
4643 0.082918
4644 0.082881
4645 0.082844
4646 0.082807
4647 0.082771
4648 0.082734
4649 0.082697
4650 0.082661
4651 0.082624
4652 0.082587
4653 0.082551
4654 0.082515
4655 0.082478
4656 0.082442
4657 0.082406
4658 0.082370
4659 0.082333
4660 0.082297
4661 0.082261
4662 0.082225
4663 0.082189
4664 0.082154
4665 0.082118
4666 0.082082
4667 0.082046
4668 0.082011
4669 0.081975
4670 0.081939
4671 0.081904
4672 0.081869
4673 0.081833
4674 0.081798
4675 0.081763
4676 0.081727
4677 0.081692
4678 0.081657
4679 0.081622
4680 0.081587
4681 0.081552
4682 0.081517
4683 0.081482
4684 0.081447
4685 0.081413
4686 0.081378
4687 0.081343
4688 0.081309
4689 0.081274
4690 0.081239
4691 0.081205
4692 0.081171
4693 0.081136
4694 0.081102
4695 0.081068
4696 0.081033
4697 0.080999
4698 0.080965
4699 0.080931
4700 0.080897
4701 0.080863
4702 0.080829
4703 0.080795
4704 0.080761
4705 0.080728
4706 0.080694
4707 0.080660
4708 0.080627
4709 0.080593
4710 0.080560
4711 0.080526
4712 0.080493
4713 0.080459
4714 0.080426
4715 0.080393
4716 0.080359
4717 0.080326
4718 0.080293
4719 0.080260
4720 0.080227
4721 0.080194
4722 0.080161
4723 0.080128
4724 0.080095
4725 0.080062
4726 0.080029
4727 0.079997
4728 0.079964
4729 0.079931
4730 0.079899
4731 0.079866
4732 0.079834
4733 0.079801
4734 0.079769
4735 0.079737
4736 0.079704
4737 0.079672
4738 0.079640
4739 0.079608
4740 0.079575
4741 0.079543
4742 0.079511
4743 0.079479
4744 0.079447
4745 0.079415
4746 0.079383
4747 0.079352
4748 0.079320
4749 0.079288
4750 0.079256
4751 0.079225
4752 0.079193
4753 0.079162
4754 0.079130
4755 0.079099
4756 0.079067
4757 0.079036
4758 0.079004
4759 0.078973
4760 0.078942
4761 0.078911
4762 0.078879
4763 0.078848
4764 0.078817
4765 0.078786
4766 0.078755
4767 0.078724
4768 0.078693
4769 0.078662
4770 0.078632
4771 0.078601
4772 0.078570
4773 0.078539
4774 0.078509
4775 0.078478
4776 0.078447
4777 0.078417
4778 0.078386
4779 0.078356
4780 0.078326
4781 0.078295
4782 0.078265
4783 0.078235
4784 0.078204
4785 0.078174
4786 0.078144
4787 0.078114
4788 0.078084
4789 0.078054
4790 0.078024
4791 0.077994
4792 0.077964
4793 0.077934
4794 0.077904
4795 0.077874
4796 0.077844
4797 0.077815
4798 0.077785
4799 0.077755
4800 0.077726
4801 0.077696
4802 0.077666
4803 0.077637
4804 0.077607
4805 0.077578
4806 0.077549
4807 0.077519
4808 0.077490
4809 0.077461
4810 0.077432
4811 0.077402
4812 0.077373
4813 0.077344
4814 0.077315
4815 0.077286
4816 0.077257
4817 0.077228
4818 0.077199
4819 0.077170
4820 0.077141
4821 0.077112
4822 0.077084
4823 0.077055
4824 0.077026
4825 0.076998
4826 0.076969
4827 0.076940
4828 0.076912
4829 0.076883
4830 0.076855
4831 0.076826
4832 0.076798
4833 0.076770
4834 0.076741
4835 0.076713
4836 0.076685
4837 0.076656
4838 0.076628
4839 0.076600
4840 0.076572
4841 0.076544
4842 0.076516
4843 0.076488
4844 0.076460
4845 0.076432
4846 0.076404
4847 0.076376
4848 0.076348
4849 0.076320
4850 0.076293
4851 0.076265
4852 0.076237
4853 0.076210
4854 0.076182
4855 0.076154
4856 0.076127
4857 0.076099
4858 0.076072
4859 0.076044
4860 0.076017
4861 0.075990
4862 0.075962
4863 0.075935
4864 0.075908
4865 0.075880
4866 0.075853
4867 0.075826
4868 0.075799
4869 0.075772
4870 0.075745
4871 0.075718
4872 0.075691
4873 0.075664
4874 0.075637
4875 0.075610
4876 0.075583
4877 0.075556
4878 0.075529
4879 0.075502
4880 0.075476
4881 0.075449
4882 0.075422
4883 0.075396
4884 0.075369
4885 0.075342
4886 0.075316
4887 0.075289
4888 0.075263
4889 0.075236
4890 0.075210
4891 0.075183
4892 0.075157
4893 0.075131
4894 0.075104
4895 0.075078
4896 0.075052
4897 0.075026
4898 0.075000
4899 0.074973
4900 0.074947
4901 0.074921
4902 0.074895
4903 0.074869
4904 0.074843
4905 0.074817
4906 0.074791
4907 0.074765
4908 0.074740
4909 0.074714
4910 0.074688
4911 0.074662
4912 0.074636
4913 0.074611
4914 0.074585
4915 0.074559
4916 0.074534
4917 0.074508
4918 0.074483
4919 0.074457
4920 0.074432
4921 0.074406
4922 0.074381
4923 0.074355
4924 0.074330
4925 0.074305
4926 0.074279
4927 0.074254
4928 0.074229
4929 0.074203
4930 0.074178
4931 0.074153
4932 0.074128
4933 0.074103
4934 0.074078
4935 0.074053
4936 0.074028
4937 0.074003
4938 0.073978
4939 0.073953
4940 0.073928
4941 0.073903
4942 0.073878
4943 0.073853
4944 0.073828
4945 0.073804
4946 0.073779
4947 0.073754
4948 0.073730
4949 0.073705
4950 0.073680
4951 0.073656
4952 0.073631
4953 0.073607
4954 0.073582
4955 0.073558
4956 0.073533
4957 0.073509
4958 0.073484
4959 0.073460
4960 0.073435
4961 0.073411
4962 0.073387
4963 0.073363
4964 0.073338
4965 0.073314
4966 0.073290
4967 0.073266
4968 0.073242
4969 0.073218
4970 0.073193
4971 0.073169
4972 0.073145
4973 0.073121
4974 0.073097
4975 0.073073
4976 0.073049
4977 0.073026
4978 0.073002
4979 0.072978
4980 0.072954
4981 0.072930
4982 0.072906
4983 0.072883
4984 0.072859
4985 0.072835
4986 0.072812
4987 0.072788
4988 0.072764
4989 0.072741
4990 0.072717
4991 0.072694
4992 0.072670
4993 0.072647
4994 0.072623
4995 0.072600
4996 0.072576
4997 0.072553
4998 0.072530
4999 0.072506
