6.21954 14.2124 -1
10.7664 11.0623 -1
14.1995 13.317 -1
11.8182 9.92877 -1
13.4441 13.6791 -1
12.7871 6.18188 -1
8.52552 15.0399 -1
6.30133 6.77738 -1
11.4221 10.6934 -1
7.24199 6.89466 -1
5.72852 6.31022 -1
12.3719 7.05292 -1
15.0355 13.6689 -1
5.35307 8.07053 -1
9.67797 5.26859 -1
16.7328 8.70271 -1
13.9272 12.3006 -1
9.3727 13.8444 -1
6.28948 4.99556 -1
3.18534 8.415 -1
15.9008 9.73495 -1
14.2611 14.685 -1
12.4755 4.45451 -1
6.09008 14.1634 -1
8.19703 15.2517 -1
5.38048 5.83062 -1
14.0533 7.2964 -1
12.0345 6.65076 -1
10.0033 12.1711 -1
10.6088 9.72335 -1
7.12589 7.33598 -1
5.913 12.511 -1
4.40222 7.96329 -1
4.01748 12.8708 -1
8.07422 16.6498 -1
10.7529 5.32854 -1
6.83839 4.92972 -1
4.43247 10.2561 -1
15.268 12.582 -1
11.5465 10.2123 -1
5.47358 10.84 -1
11.2859 9.54332 -1
16.4309 10.811 -1
6.40143 4.63148 -1
5.42071 6.88055 -1
3.75099 8.43615 -1
7.33724 11.1843 -1
12.8302 6.14651 -1
14.7324 14.8702 -1
8.3265 15.974 -1
11.7041 8.74043 -1
5.97777 9.33908 -1
6.38302 13.6954 -1
16.5642 7.9582 -1
12.3476 15.6189 -1
7.559 15.055 -1
12.7439 5.60789 -1
12.4569 8.39686 -1
9.00343 10.1527 -1
8.24281 14.1485 -1
9.35415 16.9171 -1
6.15802 11.5663 -1
9.91888 9.54082 -1
9.85619 10.1926 -1
14.2103 8.334 -1
12.9415 13.2758 -1
12.7696 6.69229 -1
6.73465 12.0438 -1
14.8098 6.39844 -1
14.8469 11.7703 -1
7.8897 10.4143 -1
10.536 7.40138 -1
5.23909 15.0364 -1
7.35471 8.19701 -1
12.222 13.9821 -1
7.46698 11.8384 -1
11.0085 3.40632 -1
8.9229 10.2554 -1
8.69748 4.67774 -1
14.1482 11.5148 -1
14.2904 11.0181 -1
16.3688 9.46461 -1
8.14713 7.18256 -1
5.72824 6.63179 -1
7.60516 4.83616 -1
11.962 14.8978 -1
9.30114 14.1731 -1
15.0312 12.0323 -1
5.59824 9.44653 -1
10.9294 3.53402 -1
12.3315 15.0425 -1
12.6848 6.2123 -1
13.6389 7.17427 -1
6.30025 10.1988 -1
5.7451 14.9334 -1
12.7281 10.5802 -1
6.56179 14.6533 -1
14.9451 9.97364 -1
9.30808 9.63446 -1
7.10826 7.14553 -1
6.30659 9.20175 -1
14.5926 12.8579 -1
10.2429 9.92202 -1
12.6325 5.82025 -1
13.2641 10.9506 -1
7.53543 9.68201 -1
15.9397 8.99097 -1
3.69011 12.2241 -1
11.4264 6.39917 -1
15.1774 6.4752 -1
14.3274 4.55315 -1
5.61075 11.2479 -1
12.9062 5.82675 -1
12.6111 9.06102 -1
9.55359 15.9045 -1
13.1537 8.90287 -1
14.0703 8.24682 -1
12.165 10.1546 -1
3.22353 11.5675 -1
3.23743 11.2812 -1
10.5361 3.92618 -1
7.36275 12.8385 -1
9.11692 4.68344 -1
14.9541 10.4468 -1
13.9627 10.1699 -1
14.688 14.4511 -1
13.0745 9.92824 -1
8.43034 5.59464 -1
9.21678 7.41087 -1
9.77429 5.36989 -1
13.6621 6.56054 -1
11.1567 8.78704 -1
14.179 10.5516 -1
8.52754 14.2887 -1
10.5434 16.0439 -1
15.344 7.59274 -1
4.79566 8.96003 -1
7.39691 16.2567 -1
10.61 16.5329 -1
9.85783 8.93178 -1
9.31259 16.043 -1
13.3572 15.2853 -1
4.44512 8.64521 -1
5.93146 11.7076 -1
6.98202 7.16016 -1
14.5269 13.1582 -1
6.43751 12.1839 -1
6.10629 7.08652 -1
15.5776 6.93198 -1
14.6067 5.60701 -1
7.65166 16.0869 -1
7.33411 14.7996 -1
16.0362 6.64255 -1
4.94613 7.98607 -1
13.7686 10.6092 -1
7.96862 9.97239 -1
10.3456 9.40982 -1
3.14494 9.17878 -1
5.01554 14.0563 -1
13.3875 8.62303 -1
6.36512 10.3391 -1
6.52303 9.35338 -1
6.78522 9.25908 -1
14.2663 5.118 -1
14.5313 10.8181 -1
8.33724 5.15168 -1
11.3504 12.5805 -1
3.44456 7.9885 -1
16.2806 11.1276 -1
13.6494 6.93764 -1
7.40176 6.85231 -1
13.663 7.21061 -1
3.27207 11.0894 -1
6.53797 12.9621 -1
7.67605 9.70732 -1
7.57398 10.945 -1
16.7057 8.37874 -1
3.82839 11.0748 -1
13.722 14.4137 -1
8.84501 5.04511 -1
10.582 15.2169 -1
6.3778 9.36754 -1
14.1119 15.5889 -1
7.02222 10.4055 -1
7.46259 7.14826 -1
9.45332 10.9883 -1
3.95388 11.369 -1
3.90364 7.12225 -1
8.32845 3.60055 -1
14.5814 12.3152 -1
7.51649 6.31493 -1
15.6683 7.01378 -1
6.62182 12.7533 -1
9.04618 14.1516 -1
11.6369 12.2933 -1
7.06652 6.95998 -1
12.4512 4.14109 -1
7.06691 15.8535 -1
11.9532 11.3601 -1
6.7677 4.32708 -1
5.53005 7.17758 -1
15.5359 5.76759 -1
13.2494 6.64357 -1
7.04306 12.6621 -1
13.0212 4.54489 -1
9.74556 3.53752 -1
8.05082 8.30677 -1
8.59675 11.5846 -1
4.81265 12.7303 -1
8.87651 13.3818 -1
10.0669 12.9428 -1
14.1214 7.22009 -1
4.99151 8.15925 -1
16.197 7.21878 -1
10.4812 4.72498 -1
13.4808 8.61879 -1
8.16072 9.612 -1
12.8815 11.7958 -1
5.86675 8.33326 -1
13.8282 11.8299 -1
9.44038 4.87603 -1
4.02613 12.1557 -1
13.5517 5.64252 -1
12.6801 5.33568 -1
15.3712 14.3977 -1
8.26507 12.3446 -1
7.55638 10.0283 -1
4.56732 6.06013 -1
16.0158 9.83754 -1
8.48038 12.3833 -1
4.06562 11.1424 -1
5.22682 12.4772 -1
8.84488 8.05865 -1
5.84978 5.41286 -1
3.70588 9.67786 -1
7.55214 4.67734 -1
10.3273 4.10321 -1
7.5708 5.91392 -1
6.53201 6.60569 -1
8.75433 4.88805 -1
6.74805 13.3888 -1
14.3959 10.3836 -1
7.27598 15.4523 -1
15.0578 5.78373 -1
11.0117 6.51959 -1
15.7883 10.091 -1
9.02445 8.99476 -1
9.10873 11.8381 -1
11.6973 9.71294 -1
7.16441 15.6815 -1
11.5466 14.3497 -1
3.35321 11.6158 -1
5.97657 8.68532 -1
8.78846 9.67388 -1
6.27281 5.93989 -1
4.02906 8.74434 -1
5.14757 14.2595 -1
13.8406 12.3265 -1
5.62501 11.5727 -1
8.23665 5.75906 -1
13.6441 13.438 -1
11.8284 5.70501 -1
9.13535 6.51218 -1
12.5674 12.9409 -1
5.77508 6.69711 -1
10.7915 6.11826 -1
6.23146 10.6385 -1
10.0135 9.20802 -1
3.54395 11.8749 -1
4.98632 14.8525 -1
14.3655 6.68268 -1
16.0486 9.16834 -1
6.83499 8.23107 -1
5.79095 14.9692 -1
6.23185 11.2245 -1
5.83195 14.5411 -1
8.22605 8.51551 -1
5.91328 14.7931 -1
11.7353 9.04883 -1
10.3081 4.74798 -1
15.3528 9.45595 -1
3.55079 10.8367 -1
14.6688 5.21374 -1
14.2471 11.1079 -1
9.67099 13.29 -1
6.24039 9.41932 -1
14.9692 9.02933 -1
10.5544 4.28294 -1
4.75336 11.9633 -1
13.2112 7.32983 -1
12.5855 4.38648 -1
13.1923 14.8111 -1
7.64356 10.5363 -1
9.67648 5.99472 -1
4.61485 8.92231 -1
3.28174 11.5072 -1
12.7644 14.0603 -1
11.3179 5.41358 -1
10.8246 14.5181 -1
12.3995 8.61828 -1
7.63368 10.6612 -1
11.2409 15.0916 -1
12.1785 12.7461 -1
11.9744 8.28032 -1
9.82703 13.7703 -1
6.05877 9.6499 -1
4.69956 9.36665 -1
4.0447 9.38907 -1
13.6986 5.45877 -1
4.60331 11.9868 -1
4.94316 12.614 -1
11.5093 13.1404 -1
10.8193 12.1709 -1
11.1276 15.3717 -1
6.09611 5.16723 -1
13.6411 14.379 -1
15.3627 7.61237 -1
6.66434 15.1603 -1
13.1755 12.9206 -1
12.7142 15.7166 -1
6.77322 13.7713 -1
9.93658 7.81782 -1
8.78979 6.60786 -1
10.4775 10.3845 -1
3.61562 9.64187 -1
7.76078 11.8851 -1
8.68168 7.52298 -1
14.4587 14.9545 -1
14.9541 5.44241 -1
10.9548 11.555 -1
4.13709 7.88458 -1
8.25986 13.2232 -1
12.6205 7.88184 -1
12.8839 6.9921 -1
9.19232 6.35019 -1
14.5707 8.98211 -1
4.93282 6.77168 -1
9.89532 16.3908 -1
6.96475 9.33229 -1
7.97783 4.8779 -1
12.5242 15.4976 -1
13.514 12.9409 -1
8.25021 13.5545 -1
4.46272 11.4699 -1
10.111 5.75536 -1
14.4841 5.41449 -1
10.8216 12.8378 -1
8.2886 6.64928 -1
3.04958 9.42245 -1
10.0669 14.62 -1
7.28886 8.62072 -1
13.3127 9.43947 -1
8.6132 3.2747 -1
16.5088 10.2442 -1
5.19626 10.8016 -1
12.5237 15.2829 -1
8.69428 3.7671 -1
12.435 9.93351 -1
14.284 5.27977 -1
12.9125 11.3706 -1
8.27751 6.67668 -1
7.64007 13.2568 -1
10.4396 7.68502 -1
11.047 3.50367 -1
5.30994 13.7467 -1
9.35549 5.25692 -1
7.55758 5.58434 -1
12.1088 12.9345 -1
5.94563 10.8213 -1
9.76183 8.1404 -1
6.65064 5.14621 -1
6.85215 11.8458 -1
6.0594 15.1345 -1
4.83317 13.3951 -1
12.1115 9.94508 -1
5.14854 14.8323 -1
6.6768 12.0134 -1
7.4412 14.3182 -1
13.0947 9.40334 -1
13.0597 5.32692 -1
12.0129 3.60428 -1
8.11833 7.04584 -1
13.7881 10.4226 -1
8.83544 6.03669 -1
14.7349 10.723 -1
12.2382 7.06866 -1
15.6513 6.45825 -1
7.10125 3.92247 -1
13.388 11.0089 -1
15.6897 8.12947 -1
4.29358 9.9084 -1
11.9328 13.1061 -1
11.1151 16.0834 -1
12.7047 10.0366 -1
13.3789 15.4668 -1
13.435 14.9054 -1
5.90241 14.0279 -1
4.15725 10.2638 -1
11.6666 16.6478 -1
4.8508 11.3537 -1
11.5963 13.6415 -1
9.26665 6.95207 -1
13.8346 9.14784 -1
13.1178 7.69067 -1
8.86226 8.7838 -1
15.2706 9.15124 -1
10.3627 11.6437 -1
9.71203 6.79609 -1
10.3736 9.23673 -1
12.4709 12.9453 -1
7.4216 8.30073 -1
13.4674 6.17849 -1
8.61805 14.5103 -1
13.2449 8.7222 -1
14.4044 5.23182 -1
13.0308 10.8328 -1
12.2063 8.99192 -1
14.9711 12.7636 -1
11.4883 8.27284 -1
9.10886 4.19543 -1
12.1315 16.1623 -1
10.4415 7.59786 -1
12.7585 14.3831 -1
13.0963 8.9048 -1
3.65575 11.709 -1
10.39 15.0507 -1
9.29913 12.9368 -1
12.5695 8.29631 -1
14.0304 9.85297 -1
5.94718 8.00915 -1
15.8744 9.99042 -1
9.71898 11.0027 -1
15.6084 6.43412 -1
15.0236 10.3833 -1
13.5229 15.3858 -1
16.3234 11.8722 -1
4.6956 14.5504 -1
13.662 11.4144 -1
15.0393 12.6711 -1
15.5065 6.50851 -1
10.3793 11.0701 -1
12.8263 7.22199 -1
4.61663 13.469 -1
10.8295 5.63802 -1
11.497 5.34061 -1
5.80782 9.39784 -1
9.66496 3.83091 -1
4.81011 5.6635 -1
3.11988 10.2414 -1
6.56125 15.5763 -1
13.6473 7.87187 -1
16.4225 8.10823 -1
3.34248 10.5015 -1
7.72681 15.5008 -1
4.80025 13.1055 -1
9.92498 14.6262 -1
5.51582 10.5503 -1
13.4 14.6609 -1
12.0327 7.13839 -1
9.59752 6.89613 -1
13.6351 15.2982 -1
7.73075 15.1092 -1
5.4503 7.26849 -1
13.6744 8.56415 -1
7.29395 10.0371 -1
14.2684 6.33102 -1
3.63097 11.2142 -1
4.17827 7.16638 -1
13.4598 5.78389 -1
6.46391 6.15302 -1
3.60505 7.20582 -1
14.9264 12.4116 -1
7.42392 9.71493 -1
4.23458 7.3217 -1
13.4888 10.3111 -1
12.4148 9.90527 -1
10.0946 3.14556 -1
8.56915 12.4441 -1
7.9962 5.19661 -1
4.55643 10.5654 -1
12.5652 15.3787 -1
16.0066 10.716 -1
4.55397 8.61385 -1
6.1634 7.60747 -1
13.2804 6.54874 -1
13.9976 10.4718 -1
9.93697 14.6545 -1
12.8402 5.25065 -1
7.77867 5.85892 -1
5.49735 12.1354 -1
15.4796 9.07826 -1
5.7837 10.3338 -1
7.35278 11.9514 -1
4.97519 8.00957 -1
5.1921 7.43668 -1
13.9246 14.4001 -1
11.907 10.7724 -1
9.67926 12.6755 -1
12.3437 10.6188 -1
14.6886 4.98712 -1
0.890578 7.45399 1
19.1063 11.2003 1
17.5874 9.36934 1
0.686801 14.9722 1
4.14113 14.035 1
6.17964 0.839159 1
17.2932 14.0367 1
14.0965 18.1867 1
19.3186 14.9871 1
19.8544 4.74692 1
3.34637 7.2793 1
17.5259 3.83417 1
15.4401 15.1133 1
13.2035 0.870535 1
7.92531 2.02241 1
16.0591 1.99999 1
2.96609 7.86109 1
18.2132 8.60675 1
0.00720507 18.0676 1
13.3537 3.35357 1
5.34687 3.4251 1
11.181 2.87276 1
17.9861 0.462775 1
7.49164 3.4112 1
14.3531 3.33442 1
12.9774 2.2784 1
5.35683 3.38284 1
7.49688 1.4159 1
5.38282 16.6264 1
19.8524 9.16142 1
1.78644 18.0656 1
17.7682 1.79365 1
5.14722 1.48005 1
14.5469 16.3282 1
4.35281 1.8062 1
2.94934 2.3389 1
2.26897 10.441 1
5.75011 16.6221 1
13.7754 18.7275 1
18.9004 19.1322 1
2.11038 6.39733 1
0.548131 7.49321 1
3.02372 6.74346 1
1.41856 2.87616 1
15.9049 3.205 1
0.941765 13.673 1
4.99864 17.0749 1
18.555 19.3418 1
6.4741 2.9078 1
1.148 9.42344 1
5.24671 3.41697 1
19.8644 10.9968 1
0.0390264 13.6398 1
9.72436 18.9395 1
19.328 8.36052 1
0.0636486 0.746507 1
19.096 7.80838 1
14.9935 15.9629 1
18.3432 14.858 1
6.95971 18.3823 1
17.3217 1.26986 1
8.51882 2.65855 1
8.59328 2.25575 1
14.4342 0.263804 1
1.49492 3.68759 1
14.7003 0.59093 1
6.16103 2.21216 1
3.4048 1.15458 1
18.1751 1.74804 1
16.0126 5.13476 1
0.130311 4.51035 1
1.81884 17.4521 1
0.110602 0.37025 1
18.1844 11.1297 1
19.3225 7.81962 1
5.90997 0.817413 1
11.5072 0.610235 1
1.40834 3.00318 1
0.681642 11.9346 1
15.3973 18.8661 1
5.64378 16.4497 1
16.0674 4.96627 1
4.26929 1.97739 1
5.78368 15.7765 1
2.58763 7.19202 1
18.7797 11.6764 1
14.7614 3.99501 1
4.16996 3.48536 1
7.3854 18.4116 1
12.7835 17.4687 1
5.80224 19.6063 1
18.3144 11.446 1
16.056 14.3818 1
16.4123 0.325254 1
16.3592 2.19597 1
16.1018 18.9468 1
18.8764 14.7932 1
2.17238 5.98821 1
13.7142 1.16532 1
12.6113 2.79996 1
3.12522 2.76957 1
11.2196 19.227 1
1.71637 0.607592 1
19.2467 0.33743 1
8.24836 1.41906 1
6.32564 1.57371 1
4.05902 1.1091 1
13.1377 18.9857 1
13.603 19.5481 1
8.00935 16.7282 1
2.31767 19.2289 1
15.9552 4.03404 1
19.8365 10.0636 1
16.3736 4.59352 1
3.04843 3.50631 1
16.9853 2.29511 1
3.84374 5.23363 1
18.7692 11.1497 1
15.3113 5.14358 1
1.95273 8.44901 1
4.12929 15.5557 1
18.3027 10.7224 1
15.7976 1.35112 1
3.64623 18.0725 1
18.0165 7.3604 1
0.920552 15.3325 1
19.0261 19.6898 1
2.78639 8.96262 1
1.10126 16.2746 1
1.09829 12.4688 1
4.51374 15.4471 1
3.67295 2.81643 1
6.16955 19.4706 1
4.16755 0.398287 1
18.4708 10.27 1
15.0939 16.0947 1
2.04516 14.12 1
8.45734 0.617814 1
16.9624 11.2437 1
9.58043 0.953081 1
2.02723 10.6817 1
17.2277 3.12553 1
3.15053 1.74145 1
18.5727 6.82348 1
4.55787 4.7422 1
5.14049 18.5476 1
16.5392 3.61125 1
18.0315 3.59261 1
0.89643 6.48882 1
4.21042 17.8588 1
17.7325 13.7909 1
18.8119 19.7598 1
4.47254 16.0396 1
2.88531 7.62307 1
17.781 1.45796 1
14.4466 2.33892 1
6.20017 0.740626 1
19.2882 7.60355 1
19.3169 5.27579 1
17.6448 10.0488 1
10.7177 18.5412 1
16.5376 14.9281 1
16.4001 14.2701 1
11.2516 16.9152 1
0.814543 9.0326 1
18.3732 15.2611 1
16.0017 2.43587 1
15.914 15.2899 1
16.1417 15.413 1
16.4814 13.7865 1
12.3278 1.99939 1
2.12714 8.72784 1
4.03754 15.1913 1
4.22394 5.58788 1
0.113179 15.5955 1
18.0313 6.07526 1
16.9412 14.8005 1
17.4271 13.0829 1
1.10758 19.1973 1
17.6747 3.23472 1
4.24372 18.1183 1
2.97042 11.2802 1
17.0463 3.08359 1
19.1985 4.90698 1
3.30691 15.6174 1
8.65567 17.2987 1
2.91177 2.73646 1
0.85479 16.2198 1
18.6139 3.8252 1
2.86767 6.10729 1
19.2826 16.1504 1
16.7106 12.2604 1
6.37442 2.11445 1
2.66522 9.68133 1
17.7319 6.97859 1
19.8577 9.02461 1
17.9921 1.05522 1
6.53006 0.903876 1
3.79168 15.6937 1
8.47167 19.4135 1
2.33339 15.3805 1
1.48776 13.0717 1
1.3515 18.1984 1
0.312811 7.99731 1
17.4073 18.0447 1
14.9759 17.265 1
16.8688 0.633511 1
0.69786 5.34048 1
0.046994 3.03125 1
0.720945 13.8361 1
8.23231 2.20871 1
0.407069 12.2399 1
17.3097 0.71988 1
0.237251 14.717 1
18.7645 15.2132 1
2.58859 18.4783 1
11.5046 16.8605 1
3.24159 0.224643 1
10.8851 0.110396 1
0.858153 11.5829 1
5.45087 0.905147 1
14.7413 2.8465 1
8.38052 1.64911 1
14.9172 5.00104 1
2.9473 6.42186 1
1.8615 6.18889 1
8.4098 18.9437 1
17.922 3.15106 1
1.79023 6.3025 1
15.0901 18.6892 1
3.96058 4.59756 1
12.8696 2.15497 1
14.083 19.7738 1
11.9764 17.0303 1
3.21921 12.8422 1
0.346841 10.9141 1
1.26865 8.75664 1
9.85778 19.1906 1
5.49313 16.7079 1
5.86855 0.583215 1
18.2467 18.0504 1
5.02576 4.45059 1
2.87717 17.0022 1
1.48091 9.07286 1
1.91505 17.4247 1
14.2186 2.26189 1
11.0185 18.1965 1
14.6779 2.92623 1
9.84453 0.171009 1
19.6341 15.7131 1
0.754224 15.0312 1
3.24379 3.78896 1
3.98535 13.6114 1
18.062 9.76946 1
6.01332 19.5429 1
18.8423 16.8535 1
4.24297 0.757369 1
14.2782 18.4616 1
3.01926 2.61689 1
0.81341 8.62672 1
15.487 14.8731 1
15.7022 19.4723 1
8.48446 2.59448 1
8.24524 2.74267 1
19.7166 0.167118 1
2.5828 6.08761 1
18.0008 5.20602 1
4.67833 17.5696 1
16.2975 13.1617 1
19.8677 19.0087 1
0.537589 11.8314 1
1.94093 3.44348 1
1.81964 1.65753 1
3.61059 4.40244 1
18.6145 5.74599 1
18.5357 7.69973 1
19.449 3.21402 1
5.26938 15.7465 1
4.408 4.03424 1
19.5908 4.27573 1
3.04292 0.128364 1
9.45978 2.92137 1
0.562235 1.53387 1
18.7563 2.50317 1
4.97735 0.57595 1
1.91761 3.59293 1
17.6518 0.453298 1
11.2927 17.1008 1
3.66732 16.562 1
12.8474 0.0430769 1
5.94748 17.2554 1
4.07732 5.53826 1
1.53112 7.12024 1
5.66663 17.6382 1
14.8002 15.1264 1
0.559599 15.3624 1
16.6603 19.3159 1
17.8656 1.63763 1
19.8919 2.02629 1
12.5965 19.7559 1
16.3179 1.53219 1
16.3069 2.26538 1
18.7876 0.384189 1
7.80364 0.318696 1
17.9569 2.30462 1
8.59668 18.5165 1
17.667 5.25696 1
17.8324 15.5326 1
6.89459 17.7243 1
17.5589 17.1202 1
2.59455 11.4911 1
3.07502 1.85983 1
18.1236 7.1315 1
14.8147 17.2005 1
12.3983 2.31911 1
4.62373 19.2675 1
8.87172 2.29078 1
17.8234 11.419 1
4.42846 15.3824 1
6.87343 17.8025 1
18.0808 9.94845 1
19.6624 8.89435 1
1.70826 17.786 1
16.0258 15.0003 1
2.62325 19.4781 1
12.5615 18.705 1
16.2648 17.0859 1
9.47058 17.0442 1
16.8607 16.344 1
12.2951 19.8616 1
3.00098 4.51153 1
9.55894 0.892976 1
1.20163 19.3922 1
18.0973 11.1318 1
5.21999 19.3541 1
5.14618 17.327 1
5.32774 18.049 1
2.56058 14.1279 1
18.4095 14.1033 1
2.03548 7.96848 1
14.9963 3.23711 1
17.0003 5.45801 1
0.995011 7.84936 1
7.20343 2.30858 1
0.905564 3.60166 1
14.8466 17.6595 1
9.26716 0.600583 1
18.6496 15.485 1
2.92362 1.2102 1
9.61292 1.33317 1
14.8855 16.6624 1
0.172969 11.8858 1
2.12039 1.16798 1
19.7351 11.0849 1
0.228679 5.38679 1
4.09074 4.63701 1
8.34753 1.16069 1
6.95414 17.6492 1
11.4704 1.83965 1
13.7254 16.432 1
7.51683 0.194347 1
0.399086 0.910272 1
18.2074 2.31346 1
0.591192 2.29815 1
1.58976 17.66 1
15.3092 5.42879 1
17.0722 4.10898 1
17.5695 13.5696 1
10.0779 17.9686 1
14.4798 18.5608 1
8.90789 1.29691 1
18.5555 17.0904 1
7.29558 0.145282 1
14.7505 1.25395 1
6.68274 19.0727 1
19.6805 3.75491 1
3.18172 5.73321 1
13.6385 0.751239 1
19.3028 3.71635 1
18.7198 13.7826 1
2.27713 7.62773 1
15.0292 0.409145 1
19.0313 2.80715 1
14.9071 17.5869 1
19.8976 2.20264 1
17.7321 14.648 1
3.45659 6.42134 1
5.49409 4.38815 1
3.20677 13.5262 1
15.7746 18.2863 1
3.07567 8.63633 1
5.04616 18.1049 1
0.912058 3.95252 1
1.66438 0.80962 1
6.15516 19.3965 1
5.81787 0.165317 1
19.7511 11.312 1
19.9878 14.6748 1
1.178 9.41481 1
17.5617 7.30572 1
1.97265 10.6382 1
14.9706 16.3801 1
8.85548 1.1258 1
15.7766 4.31311 1
10.7375 1.59448 1
3.70671 5.31192 1
2.30901 7.80566 1
17.739 19.8707 1
15.1114 3.69219 1
13.207 0.703421 1
11.3416 19.8549 1
7.90074 1.16846 1
2.43741 16.7562 1
2.29426 18.214 1
1.06933 13.0318 1
19.8085 5.54776 1
3.52042 12.7149 1
5.60914 18.2864 1
7.78887 1.2034 1
14.3974 0.995909 1
1.90683 7.11847 1
6.97335 2.37341 1
19.3058 14.8741 1
3.54187 1.74317 1
19.9572 12.6996 1
18.8679 19.7657 1
18.2474 2.38835 1
10.0427 18.0898 1
11.1134 3.00893 1
6.00792 17.2054 1
18.4088 8.11153 1
14.7927 0.315642 1
13.5641 2.20336 1
17.0775 16.8836 1
2.71971 14.5702 1
1.4074 1.58764 1
14.3359 19.6548 1
4.90632 3.59523 1
17.0276 10.9142 1
0.800642 10.7417 1
4.71103 19.2095 1
18.8533 19.5037 1
19.5251 14.0833 1
16.2866 3.81373 1
0.697305 0.572061 1
2.07185 3.41701 1
15.1423 3.47925 1
16.2948 15.6159 1
2.9993 1.20108 1
19.2111 0.0268935 1
12.1153 0.0117526 1
19.2212 9.62188 1
16.3301 18.7463 1
3.70515 6.80208 1
11.8355 19.9918 1
10.6158 17.7945 1
18.3666 15.4277 1
18.907 19.7348 1
2.98708 2.04101 1
8.71541 19.2818 1
17.6569 11.7147 1
0.48291 16.868 1
16.8798 2.51023 1
14.8473 15.8373 1
15.8291 3.17254 1
14.4857 2.84389 1
16.3528 3.5196 1
8.95056 19.3398 1
5.56061 17.666 1
18.6217 3.21751 1
9.38069 19.1046 1
0.0855079 1.12229 1
11.7028 16.9653 1
3.63253 1.12739 1
11.6019 19.4388 1
2.6113 19.0736 1
16.6159 17.097 1
1.91748 1.22852 1
6.31274 18.2702 1
4.74813 15.2633 1
17.6101 10.3087 1
13.5262 2.30996 1
3.43225 7.03916 1
2.82942 15.0486 1
1.86229 17.0987 1
5.22661 18.4782 1
19.7067 0.508344 1
5.41433 4.45483 1
15.7716 3.02441 1
19.2562 8.28981 1
1.90156 14.4431 1
1.63169 12.4786 1
1.50789 9.79825 1
16.1218 4.33731 1
18.7686 19.3342 1
13.8316 0.630932 1
16.4328 19.0582 1
19.1091 10.6284 1
6.20229 18.8158 1
3.27064 6.90843 1
