14.4719 9.27058 -1
4.2364 11.6193 -1
7.77648 14.0734 -1
5.72701 13.7918 -1
7.90477 9.10664 -1
4.80914 7.07153 -1
13.1449 10.0129 -1
12.6057 15.5117 -1
11.7603 11.366 -1
7.48114 13.1623 -1
11.7358 16.3564 -1
3.81685 7.55895 -1
9.65638 5.05201 -1
6.20522 13.52 -1
11.3979 3.39529 -1
9.74014 13.2035 -1
8.27278 5.84039 -1
5.55497 5.36663 -1
8.44464 14.1739 -1
14.173 11.9475 -1
10.8298 8.88804 -1
12.4941 11.3629 -1
13.6999 4.22197 -1
16.5833 9.78025 -1
15.2688 5.89591 -1
10.1137 9.66629 -1
6.89177 16.1335 -1
5.87377 11.2838 -1
5.73887 8.8182 -1
13.0431 7.37306 -1
10.9326 15.5419 -1
10.2722 16.3721 -1
12.9133 7.24363 -1
12.303 6.63891 -1
13.3541 7.50379 -1
15.3897 9.93795 -1
9.94754 12.0894 -1
12.7926 9.25976 -1
8.21039 15.9588 -1
10.427 6.47598 -1
13.146 9.21201 -1
3.39463 11.6648 -1
4.72658 5.59708 -1
8.50827 14.6345 -1
10.7353 16.4036 -1
13.3677 3.94544 -1
15.818 7.8868 -1
8.45285 11.0206 -1
13.0241 4.71833 -1
15.9181 9.45371 -1
13.2777 8.52421 -1
6.50337 8.66454 -1
15.3965 10.1319 -1
8.24811 8.73083 -1
15.193 9.61406 -1
9.36425 11.3217 -1
3.48039 7.60978 -1
10.3587 5.20552 -1
12.8924 15.2921 -1
15.3078 11.5442 -1
7.6353 13.7988 -1
5.6253 11.9818 -1
8.24677 15.4478 -1
14.8951 6.57097 -1
10.0632 11.1727 -1
13.0304 13.0458 -1
3.24322 8.31448 -1
8.28036 8.4072 -1
16.4097 7.63661 -1
14.8123 14.9886 -1
5.09706 10.9396 -1
7.03786 4.97626 -1
15.418 5.88169 -1
16.6927 10.443 -1
11.883 9.63139 -1
8.68509 7.8697 -1
6.3225 8.48631 -1
16.3403 9.12432 -1
14.4197 15.065 -1
15.0762 12.1431 -1
9.20535 12.8565 -1
13.7194 8.15249 -1
4.05938 12.7978 -1
3.84473 6.76234 -1
3.89017 13.2215 -1
10.4429 16.2948 -1
6.26724 9.38171 -1
9.79996 9.08035 -1
14.4289 11.9806 -1
15.0099 12.1452 -1
7.72531 12.1737 -1
13.3599 5.62959 -1
9.25892 5.55806 -1
11.1441 16.6569 -1
4.79487 10.4996 -1
7.84659 5.61994 -1
11.7272 15.0995 -1
4.99318 13.1884 -1
8.2037 5.30531 -1
12.3516 11.9216 -1
10.3568 9.77604 -1
8.31103 8.28744 -1
6.54966 12.3844 -1
3.79628 13.1764 -1
15.8378 8.47412 -1
5.47485 13.1615 -1
13.0336 13.0945 -1
14.2771 13.596 -1
8.60782 5.10252 -1
15.3294 7.62928 -1
7.85123 15.8893 -1
11.453 10.161 -1
5.42843 9.88872 -1
13.585 10.1934 -1
10.0584 5.5191 -1
16.1381 11.4539 -1
3.92038 6.54915 -1
8.08094 16.6882 -1
6.94054 6.23888 -1
8.57241 11.6994 -1
5.03161 5.64348 -1
6.83003 7.21827 -1
15.1995 11.472 -1
7.58896 6.11228 -1
6.11322 7.33231 -1
9.30245 5.24573 -1
5.14903 9.21504 -1
9.99726 4.69138 -1
11.6567 14.9066 -1
4.6469 13.3572 -1
4.48857 8.83505 -1
10.389 7.10391 -1
10.2447 12.4177 -1
10.209 14.0723 -1
14.4899 13.674 -1
3.29999 10.7632 -1
15.6337 6.70051 -1
12.3748 8.78819 -1
6.99826 13.9672 -1
16.1879 11.068 -1
16.2153 8.72676 -1
12.0737 3.84281 -1
9.44186 13.5455 -1
11.0815 16.7478 -1
12.2515 10.669 -1
15.401 10.4708 -1
15.0294 11.3852 -1
10.2123 15.3265 -1
10.9305 10.2355 -1
11.7815 9.45613 -1
14.9122 10.23 -1
11.3111 10.2226 -1
3.40918 11.2281 -1
7.81095 16.2561 -1
12.3049 6.91395 -1
10.4417 7.37426 -1
7.88836 16.5602 -1
3.94091 12.7323 -1
3.29606 8.77295 -1
12.4886 15.2823 -1
7.09811 10.1798 -1
11.5879 14.163 -1
8.84738 5.50121 -1
7.57822 3.60945 -1
12.0826 5.43406 -1
12.073 6.31762 -1
12.7775 12.093 -1
12.0793 13.7596 -1
7.61467 5.44553 -1
4.38664 10.5903 -1
5.40454 5.04164 -1
11.4729 5.09527 -1
6.93783 11.3272 -1
14.0849 15.1648 -1
10.466 4.18173 -1
9.94448 5.05387 -1
15.4935 13.36 -1
7.5723 5.97637 -1
16.4207 12.5469 -1
8.56214 11.4032 -1
6.04864 4.22273 -1
6.97587 7.51859 -1
4.92811 14.0265 -1
4.75977 8.44038 -1
5.04582 6.39642 -1
8.47395 13.3922 -1
9.09963 12.3727 -1
8.28762 6.13619 -1
11.8382 15.5298 -1
7.36761 4.71729 -1
8.93277 16.9135 -1
8.03472 14.2637 -1
11.489 10.9909 -1
15.8346 12.6759 -1
10.3055 16.0899 -1
6.74128 11.8137 -1
6.07676 11.4235 -1
8.86996 12.1162 -1
7.627 13.8272 -1
15.361 14.0618 -1
12.9112 5.60498 -1
4.24796 11.4136 -1
8.58964 4.80386 -1
5.09851 12.8743 -1
4.81787 8.96435 -1
12.0173 13.0883 -1
4.21659 9.13771 -1
11.6146 9.20701 -1
8.38796 7.32888 -1
14.2713 10.5855 -1
6.64111 6.97067 -1
6.69531 12.6053 -1
7.73063 7.80978 -1
9.92873 13.32 -1
9.76583 12.0247 -1
10.8427 11.5525 -1
5.16048 5.46319 -1
7.89061 6.29857 -1
13.7119 15.6229 -1
6.42875 7.95378 -1
8.95425 7.05245 -1
10.2465 14.3387 -1
11.4632 7.46785 -1
8.80694 11.0072 -1
10.659 12.4271 -1
15.2963 9.58058 -1
14.4501 4.76448 -1
7.16787 5.08751 -1
9.93489 14.0964 -1
15.501 14.0867 -1
9.12385 9.31875 -1
11.2844 11.214 -1
12.2037 15.8401 -1
14.6614 8.1644 -1
14.242 7.30166 -1
8.16546 7.41005 -1
5.13392 14.7129 -1
12.0062 10.7743 -1
10.6949 5.65866 -1
6.38891 8.5618 -1
10.9828 3.78703 -1
10.8645 11.8688 -1
15.2957 5.53731 -1
11.0779 12.8977 -1
11.9838 9.77357 -1
14.0472 8.65274 -1
14.707 4.92523 -1
13.7143 15.7864 -1
4.84134 7.79364 -1
10.7818 12.5064 -1
11.3858 14.0602 -1
4.52736 7.06598 -1
15.0097 11.0762 -1
8.79979 4.02188 -1
13.4278 6.45116 -1
5.55028 12.7867 -1
10.6987 13.3887 -1
8.94905 8.96049 -1
4.95157 10.1659 -1
9.94225 15.9986 -1
4.21154 11.9105 -1
7.49023 5.95139 -1
6.12727 14.2474 -1
15.5891 12.2224 -1
5.52187 9.59024 -1
12.6266 11.0176 -1
11.482 8.98577 -1
15.009 12.3694 -1
6.10061 8.22394 -1
10.447 12.0404 -1
14.7022 9.03179 -1
12.0766 16.3465 -1
9.66811 16.8563 -1
16.4959 10.6581 -1
5.91701 5.37694 -1
12.4304 4.45924 -1
15.3257 12.2747 -1
13.9797 9.20403 -1
6.30349 11.311 -1
6.83995 9.05925 -1
3.69647 11.0975 -1
4.45376 12.9816 -1
7.21697 13.0963 -1
15.0524 7.74948 -1
15.5492 11.6152 -1
10.7028 8.20411 -1
13.5692 9.69563 -1
5.37564 14.8053 -1
12.8218 14.3051 -1
3.99228 10.5344 -1
5.67918 5.33601 -1
16.8639 8.73945 -1
10.8125 6.15668 -1
7.58455 14.2946 -1
12.5715 8.09639 -1
11.9394 13.8094 -1
6.67968 15.3693 -1
10.5556 4.7294 -1
7.77004 8.94575 -1
15.4372 13.1642 -1
14.3221 11.0455 -1
8.67147 16.5732 -1
11.4926 4.47613 -1
14.5037 11.3729 -1
15.0996 11.4819 -1
4.18774 12.3153 -1
8.66326 11.9174 -1
4.13091 10.9164 -1
9.65268 13.6958 -1
10.7276 8.1944 -1
9.94064 8.51848 -1
10.388 8.37369 -1
6.99138 7.48146 -1
3.38419 9.41003 -1
7.40779 11.5612 -1
14.1562 4.72482 -1
7.3616 11.2901 -1
5.09442 5.10849 -1
7.67493 6.18899 -1
3.42477 9.94234 -1
9.586 7.93076 -1
15.2581 9.73582 -1
9.52721 8.97889 -1
16.3233 8.19829 -1
10.269 9.26167 -1
14.6418 5.43543 -1
8.36706 14.8601 -1
15.4486 10.9558 -1
9.90275 12.6043 -1
14.6864 12.8159 -1
7.21221 16.2108 -1
16.7256 8.67554 -1
8.22533 4.32338 -1
4.70605 12.7695 -1
9.28043 16.9271 -1
8.92617 15.7318 -1
8.94986 8.21981 -1
9.08339 16.1619 -1
14.5135 7.30302 -1
10.6634 8.23106 -1
10.1813 9.11095 -1
4.71669 13.519 -1
14.3484 8.28754 -1
15.4849 11.9773 -1
14.2244 8.42932 -1
5.89317 14.7008 -1
6.85272 11.6838 -1
15.8945 10.5266 -1
10.9812 7.82049 -1
7.06322 14.9633 -1
7.94234 6.852 -1
10.6972 15.5744 -1
12.1819 3.85665 -1
7.71772 12.9209 -1
3.9626 7.84538 -1
11.9036 15.079 -1
15.3633 9.06825 -1
12.385 15.7851 -1
11.9363 9.48045 -1
8.22074 14.6352 -1
8.53982 11.9737 -1
10.0031 7.43437 -1
7.85235 3.96061 -1
12.2788 8.72058 -1
4.04897 13.1836 -1
7.42265 8.78086 -1
6.28101 14.1939 -1
7.59706 15.0842 -1
15.9984 10.0581 -1
11.6625 16.7613 -1
4.74919 5.9622 -1
13.9546 9.98757 -1
16.2919 7.23641 -1
6.72044 8.46795 -1
16.5861 10.1782 -1
13.2407 7.18628 -1
14.7079 7.80203 -1
13.3192 14.9942 -1
7.86142 3.72408 -1
7.74816 10.926 -1
15.8617 10.2267 -1
9.6053 14.8507 -1
7.66 4.2313 -1
14.8211 8.52799 -1
7.83387 12.8454 -1
9.5217 4.78639 -1
6.75021 8.48133 -1
10.6794 7.00719 -1
13.3262 13.7153 -1
12.823 12.4914 -1
11.1234 9.02432 -1
14.583 12.3674 -1
7.58813 5.36962 -1
14.4116 11.2925 -1
13.5869 12.5477 -1
7.68151 6.1021 -1
11.1334 12.2799 -1
7.45995 8.75162 -1
4.7507 10.7211 -1
5.04769 10.0594 -1
14.0823 8.25387 -1
12.8146 12.9728 -1
5.1616 7.85579 -1
9.32442 13.261 -1
14.7012 8.81039 -1
5.11628 10.9678 -1
6.34491 9.21114 -1
5.04071 10.0921 -1
14.0299 9.10936 -1
14.5077 7.55679 -1
14.1179 6.44952 -1
14.2615 14.8051 -1
15.0868 10.0379 -1
7.96346 14.9095 -1
11.585 4.25069 -1
9.41557 3.90781 -1
14.5521 6.62204 -1
10.5845 16.6446 -1
16.4009 10.6767 -1
9.37284 14.1072 -1
14.6859 10.3319 -1
8.44512 11.607 -1
7.92054 13.7488 -1
10.0139 5.18205 -1
13.1626 7.82563 -1
13.5259 4.04942 -1
6.27359 11.8923 -1
4.90409 12.9944 -1
13.8986 10.6148 -1
15.768 9.61942 -1
15.4364 8.17713 -1
11.1191 14.7612 -1
11.9669 3.94829 -1
11.9055 3.4042 -1
12.6836 12.6577 -1
6.36483 11.8675 -1
16.2408 9.01907 -1
9.55984 9.24853 -1
13.4674 5.54371 -1
14.3555 9.23399 -1
5.6247 8.12151 -1
15.4876 13.9594 -1
3.07226 9.43435 -1
10.974 15.4478 -1
6.60807 4.96203 -1
13.3459 9.47089 -1
5.58508 7.71782 -1
10.8577 14.4473 -1
8.72477 6.5117 -1
10.5319 12.0765 -1
16.1041 8.04388 -1
6.37498 8.25464 -1
16.0274 13.4407 -1
11.3864 13.2801 -1
9.83569 15.2332 -1
14.012 11.6064 -1
6.98751 12.0373 -1
11.9837 6.97655 -1
9.75525 5.95672 -1
5.5684 12.1927 -1
8.05072 15.6589 -1
6.25324 10.0428 -1
7.22712 13.6565 -1
8.1264 12.7703 -1
3.65227 11.997 -1
8.0415 16.4817 -1
8.43099 11.3094 -1
8.42035 7.4009 -1
11.2589 16.6942 -1
15.0417 13.0381 -1
13.555 4.88859 -1
10.3529 8.53509 -1
9.08893 3.10771 -1
11.4962 11.5573 -1
13.4715 15.6553 -1
10.5717 16.7018 -1
10.1828 14.7968 -1
13.8357 14.3029 -1
10.7507 14.4548 -1
13.9674 14.6656 -1
14.2443 5.15285 -1
10.2086 5.66408 -1
9.85684 4.46737 -1
5.47143 9.78416 -1
8.55145 15.9751 -1
5.54225 14.4269 -1
7.65566 11.382 -1
16.0125 12.9434 -1
6.2885 11.7626 -1
15.6989 11.5833 -1
12.2087 8.73137 -1
11.6589 8.95831 -1
7.19076 5.30832 -1
6.53234 4.08216 -1
6.55665 10.8665 -1
6.44134 12.6904 -1
12.8779 8.65135 -1
7.11165 14.8858 -1
9.42585 12.6468 -1
14.5571 10.8877 -1
11.5675 5.18465 -1
6.59927 10.1027 -1
4.36465 8.48682 -1
6.74793 14.5703 -1
8.94511 15.336 -1
7.31714 12.7489 -1
3.81647 8.76423 -1
14.2941 4.80606 -1
11.6261 3.83908 -1
13.4287 14.2941 -1
14.2642 8.65398 -1
6.98025 4.30856 -1
7.74662 13.1291 -1
14.0389 5.09263 -1
8.37419 8.52975 -1
7.51645 11.6816 -1
16.1864 7.3165 -1
8.9446 8.57711 -1
3.52312 11.1998 -1
7.01604 7.60936 -1
11.0256 7.80643 -1
15.6897 7.20921 -1
9.85074 10.3151 -1
9.17037 6.26784 -1
8.38337 6.38816 -1
12.586 12.0324 -1
8.76971 4.835 -1
5.63632 12.9288 -1
10.4558 10.1452 -1
9.11736 9.61568 -1
16.0339 9.01164 -1
11.8926 7.88576 -1
16.5878 9.29956 -1
5.86817 6.25643 -1
3.25595 9.90631 -1
11.4363 15.808 -1
9.26158 11.3604 -1
7.56645 14.2818 -1
10.0086 5.62879 -1
3.48506 11.7261 -1
7.47819 6.01658 -1
12.9222 14.3892 -1
13.2742 4.92111 -1
7.57617 12.0201 -1
13.0181 15.8106 -1
3.28648 9.16294 -1
11.8844 6.09643 -1
16.2097 9.67966 -1
11.0861 5.2481 -1
11.9331 3.3409 -1
13.6456 15.5119 -1
14.9926 10.1983 -1
6.77944 4.48283 -1
6.25843 15.6408 -1
16.5049 12.2658 -1
4.74115 6.38728 -1
11.8406 14.5524 -1
6.54979 11.5343 -1
10.3652 15.4258 -1
15.2817 8.44489 -1
10.5746 15.3093 -1
3.59194 9.4191 -1
5.00833 12.5579 -1
8.70142 11.2335 -1
8.0021 5.73601 -1
11.4426 11.6873 -1
7.36502 14.2707 -1
11.4832 6.82597 -1
14.2336 12.1833 -1
10.951 9.04608 -1
10.9836 14.4437 -1
12.935 15.8619 -1
10.9237 6.49423 -1
14.8132 10.0292 -1
8.17025 15.1895 -1
6.29871 9.63579 -1
12.6426 14.5101 -1
10.1795 4.34384 -1
9.25788 15.1473 -1
7.13818 3.6699 -1
9.96316 11.5031 -1
15.3731 10.9054 -1
14.6706 8.51726 -1
4.70944 7.67831 -1
6.8248 5.75242 -1
10.003 16.7598 -1
12.0713 11.2506 -1
15.6122 12.8817 -1
4.61816 9.76667 -1
13.3223 11.2707 -1
12.5989 5.48801 -1
9.9793 16.737 -1
6.28073 15.877 -1
11.2403 4.66899 -1
4.38878 8.2836 -1
14.3175 14.6694 -1
15.9374 12.9635 -1
7.7136 5.68645 -1
4.9377 12.9043 -1
5.52196 6.83038 -1
15.6433 7.60892 -1
7.53854 10.4682 -1
9.08462 4.8411 -1
14.4055 5.13872 -1
13.6467 9.49159 -1
7.98718 6.54946 -1
9.74143 11.2651 -1
6.56849 3.91866 -1
12.9502 7.72639 -1
10.595 10.2545 -1
7.01667 9.22095 -1
9.29463 11.7081 -1
12.2946 11.0049 -1
9.44685 14.7981 -1
15.5638 7.08945 -1
6.60789 5.90809 -1
9.25309 7.87534 -1
8.68781 6.62618 -1
10.2963 5.33348 -1
13.663 14.3754 -1
8.96056 6.38554 -1
9.55135 12.5193 -1
7.3861 5.41108 -1
3.48632 11.1845 -1
12.7692 7.31932 -1
7.51356 4.99659 -1
16.2333 13.0458 -1
13.2962 8.34554 -1
14.6248 10.7555 -1
13.7702 4.13564 -1
14.9624 11.164 -1
8.07144 7.13397 -1
3.4642 10.306 -1
10.8741 10.7301 -1
9.0439 8.03065 -1
10.9415 15.538 -1
3.58338 11.6273 -1
13.3088 13.2208 -1
8.5727 3.8137 -1
15.9299 6.67989 -1
3.63053 9.52646 -1
13.4861 14.4414 -1
7.08621 9.92704 -1
5.8312 7.11107 -1
9.26419 6.28627 -1
7.67547 6.01181 -1
8.4668 15.4638 -1
4.695 7.99872 -1
13.9447 5.54905 -1
10.1199 10.2529 -1
16.6578 11.3062 -1
11.0758 15.513 -1
6.49856 11.1226 -1
10.8139 16.9372 -1
9.96162 14.9 -1
10.241 9.44771 -1
14.0091 8.65302 -1
16.3676 11.7242 -1
9.35131 13.401 -1
15.7402 11.6688 -1
12.6438 4.17307 -1
13.2572 9.21009 -1
7.00997 6.2153 -1
5.06968 9.76907 -1
5.25559 7.8312 -1
5.62394 11.9644 -1
8.55289 12.482 -1
10.9696 15.7322 -1
5.03518 9.75023 -1
11.866 15.8082 -1
14.372 8.77273 -1
7.65698 12.8206 -1
6.50946 6.90177 -1
3.31924 11.5401 -1
8.39833 13.4362 -1
8.7417 12.3317 -1
10.5914 5.12136 -1
14.4012 14.6827 -1
14.7107 7.67179 -1
14.9382 14.7442 -1
16.2893 7.89574 -1
15.7902 13.4813 -1
4.03774 10.7433 -1
8.90333 8.65956 -1
9.27437 12.3874 -1
12.8749 9.30274 -1
11.5661 4.25708 -1
13.6815 5.89013 -1
8.89134 12.6961 -1
8.14678 8.29635 -1
14.0894 14.5384 -1
10.5177 11.479 -1
14.8826 7.48751 -1
16.8615 8.88246 -1
7.97435 15.8694 -1
5.6249 6.35156 -1
15.5714 5.94002 -1
12.3574 9.01992 -1
15.7946 9.59807 -1
9.50545 4.96222 -1
11.7613 6.1357 -1
8.08825 3.64025 -1
15.9446 10.8197 -1
9.04521 12.9871 -1
11.9733 16.2879 -1
7.52459 9.63432 -1
7.79136 7.27403 -1
5.67653 11.723 -1
6.53678 7.95429 -1
11.9641 16.1866 -1
9.58286 7.31758 -1
8.65788 9.41034 -1
12.5537 7.29909 -1
9.41719 12.6684 -1
8.24607 14.3219 -1
13.3379 6.93713 -1
10.7405 5.37641 -1
4.94602 7.01763 -1
12.5695 9.50221 -1
12.1353 14.9542 -1
5.50309 14.1917 -1
6.54751 4.90104 -1
3.78024 12.126 -1
4.49016 8.95232 -1
5.833 9.44579 -1
16.8335 10.5363 -1
13.4426 8.32386 -1
4.52318 8.5016 -1
12.8825 11.8527 -1
12.1636 12.8597 -1
14.9774 12.4606 -1
3.85644 8.5821 -1
6.84699 12.4563 -1
8.79303 9.30252 -1
11.6638 12.2067 -1
11.3834 12.351 -1
10.8521 12.8368 -1
5.80718 12.6207 -1
6.02156 5.40666 -1
12.0718 3.60818 -1
6.39801 11.8391 -1
7.63985 16.4354 -1
4.20933 7.81287 -1
9.62112 14.0837 -1
10.199 16.4014 -1
15.8943 9.2003 -1
9.95106 5.74127 -1
7.04719 15.1494 -1
12.0914 15.4208 -1
11.0846 6.45376 -1
11.1551 4.92348 -1
16.3483 10.7906 -1
16.6029 8.12403 -1
5.99195 5.73062 -1
6.21117 10.0245 -1
5.84155 6.98822 -1
16.7948 8.8684 -1
14.2474 10.8179 -1
3.62565 10.1663 -1
5.76678 9.80547 -1
15.883 8.25332 -1
9.3208 10.9556 -1
8.52501 3.40088 -1
14.4491 15.1208 -1
5.34219 12.4287 -1
16.1672 10.546 -1
11.6577 5.12847 -1
16.2463 11.6132 -1
12.791 5.00125 -1
5.2894 11.3382 -1
14.5505 6.34529 -1
13.8074 11.0903 -1
15.5131 12.2391 -1
7.93955 4.2515 -1
8.00974 6.74366 -1
11.0938 14.2609 -1
14.7969 14.7686 -1
14.736 11.0273 -1
9.0434 12.8947 -1
4.04224 6.97307 -1
9.1867 12.6671 -1
10.3698 8.42918 -1
10.5689 6.15556 -1
10.5208 12.8446 -1
15.7466 6.9835 -1
16.66 9.24771 -1
16.8691 10.258 -1
9.98704 7.80867 -1
16.4529 11.3231 -1
11.6312 10.4429 -1
12.3273 9.24527 -1
10.1656 10.0623 -1
4.67412 8.32982 -1
10.1415 10.7167 -1
5.4059 10.1792 -1
15.9281 9.58102 -1
6.88367 8.96868 -1
12.4587 10.3059 -1
10.3108 11.2013 -1
15.6176 8.56487 -1
6.75938 14.7774 -1
8.14385 13.5541 -1
6.29544 7.24853 -1
11.7432 14.7388 -1
15.1435 6.41579 -1
7.35476 8.11227 -1
14.1338 8.44711 -1
14.7736 6.70113 -1
15.459 13.3041 -1
11.7721 5.30452 -1
7.97251 11.6092 -1
5.34408 9.20611 -1
11.6366 3.94839 -1
3.07677 10.1134 -1
12.1424 5.67809 -1
12.8174 6.72134 -1
3.67058 8.68053 -1
10.9562 8.0018 -1
14.0542 13.0232 -1
12.3653 13.483 -1
14.2232 10.0321 -1
12.4752 8.80167 -1
3.79305 10.284 -1
6.0682 11.6942 -1
7.09886 6.00356 -1
10.9116 6.53224 -1
11.3656 6.02472 -1
9.29128 7.17224 -1
9.93971 9.96173 -1
14.9872 12.7116 -1
8.98592 11.9938 -1
11.4576 4.33645 -1
8.8421 8.64163 -1
12.1756 4.28469 -1
14.6761 7.65916 -1
4.76504 13.3735 -1
4.60629 6.5802 -1
15.1596 7.78032 -1
10.518 9.06295 -1
12.2525 4.8335 -1
12.1253 4.50733 -1
9.06658 5.05582 -1
11.5056 7.1612 -1
5.96094 8.89789 -1
4.6244 10.3387 -1
4.53429 11.1904 -1
13.2981 9.94136 -1
4.76273 7.55274 -1
11.6937 16.2392 -1
13.8163 12.6132 -1
14.908 13.3819 -1
16.1028 13.0669 -1
5.49417 12.9407 -1
8.21941 12.8475 -1
14.8958 13.682 -1
5.01568 6.37221 -1
3.52405 10.2578 -1
11.1728 6.46035 -1
6.01415 11.9255 -1
15.4318 6.7087 -1
8.87918 11.6736 -1
14.9248 9.53632 -1
10.0807 14.0196 -1
6.07725 7.56024 -1
12.1411 5.12777 -1
7.50296 14.2526 -1
16.4424 9.76242 -1
10.6475 5.77015 -1
13.1943 8.23786 -1
4.23511 12.5679 -1
12.5056 4.70088 -1
11.7313 6.62127 -1
8.24413 14.5576 -1
5.29384 7.6594 -1
15.9967 12.5572 -1
9.83717 9.07662 -1
12.6296 12.5514 -1
14.0661 7.32705 -1
5.40607 13.1208 -1
14.2915 11.9981 -1
8.69568 14.0052 -1
3.7808 9.23804 -1
8.61122 13.5276 -1
12.2429 10.3237 -1
13.6854 7.5075 -1
6.43642 10.2117 -1
12.6432 4.4742 -1
12.3206 14.7086 -1
16.0677 7.9545 -1
11.1029 16.2971 -1
3.92875 7.33859 -1
9.80206 7.23513 -1
9.22041 10.5593 -1
15.7873 6.43194 -1
10.8393 13.9749 -1
7.8589 16.1282 -1
10.6479 8.53183 -1
7.05843 5.757 -1
10.7633 5.49469 -1
11.4953 6.36721 -1
7.03301 6.63605 -1
13.428 11.9464 -1
5.48143 12.2824 -1
8.25835 6.35656 -1
5.31926 13.514 -1
10.6462 11.5214 -1
8.64327 9.37249 -1
15.9324 13.3197 -1
6.44814 6.52915 -1
15.9331 11.4922 -1
12.335 5.90583 -1
6.7353 10.3029 -1
13.9029 14.1918 -1
5.04651 13.7621 -1
7.03667 14.888 -1
11.1712 9.47215 -1
12.0003 16.1496 -1
12.9283 13.8005 -1
14.49 6.15835 -1
8.85919 6.11231 -1
13.0079 7.55913 -1
5.61581 14.973 -1
11.5829 4.52882 -1
13.5521 6.64697 -1
7.54038 13.203 -1
15.3187 9.82802 -1
7.2892 11.8618 -1
9.50628 4.44411 -1
13.1575 11.093 -1
10.0273 11.2296 -1
9.71229 5.0267 -1
10.6592 5.6347 -1
9.21501 8.18987 -1
11.2825 5.20412 -1
12.9979 13.3733 -1
4.67899 6.77858 -1
15.4472 12.9565 -1
11.4987 5.9529 -1
11.7702 9.70662 -1
14.2632 14.7087 -1
5.03901 6.21442 -1
3.50526 11.3731 -1
15.3907 7.38107 -1
11.7934 8.01786 -1
10.3771 5.45083 -1
10.7436 9.70519 -1
10.6018 16.9328 -1
5.18153 9.83972 -1
15.5092 12.0788 -1
5.09165 9.00215 -1
3.21726 9.77344 -1
16.8253 10.0147 -1
12.9212 4.77926 -1
4.24995 11.1863 -1
3.06084 10.6788 -1
13.9901 14.3411 -1
7.92179 8.65312 -1
6.55458 14.5024 -1
11.2361 14.2094 -1
8.02313 4.80052 -1
14.2568 5.64919 -1
6.72222 15.6561 -1
13.882 5.29455 -1
6.2988 11.6811 -1
5.39907 15.2333 -1
5.25226 4.92945 -1
14.4322 13.7979 -1
7.08866 15.1077 -1
11.5998 7.09458 -1
15.2544 7.6417 -1
5.60106 5.82342 -1
14.3735 8.48098 -1
4.47509 7.52705 -1
6.4538 9.05043 -1
10.4475 3.70983 -1
12.4518 13.8159 -1
4.72505 14.1119 -1
11.8381 7.05176 -1
16.3608 10.8602 -1
9.34848 13.7696 -1
12.2638 13.1567 -1
12.4752 6.73882 -1
3.58664 8.41352 -1
12.4536 6.08658 -1
13.9057 9.2463 -1
12.3433 15.0237 -1
15.4366 13.4291 -1
7.87903 8.74586 -1
6.0539 15.4681 -1
9.66474 5.72685 -1
6.10418 10.6801 -1
5.13743 13.2664 -1
12.0326 7.75763 -1
15.2912 6.55464 -1
4.29953 9.13686 -1
11.16 4.87312 -1
4.49592 5.92313 -1
8.07386 15.1623 -1
13.7825 11.1735 -1
3.76146 12.2462 -1
2.84628 5.45052 1
17.6836 12.3673 1
9.34825 2.11817 1
19.1786 2.22976 1
18.22 11.0325 1
15.0395 0.975383 1
1.57137 18.4529 1
2.63657 0.448967 1
0.826505 3.72438 1
18.6233 3.67278 1
16.0401 18.5231 1
18.4251 0.392869 1
10.9249 17.6036 1
2.62263 5.46687 1
17.5677 7.90597 1
2.83116 0.763434 1
17.7832 16.5582 1
17.5336 9.14553 1
2.77737 19.1049 1
19.5539 8.42495 1
9.13832 18.1772 1
12.0977 18.3132 1
16.8364 12.9091 1
13.2281 0.198667 1
2.95201 10.7958 1
2.34134 17.6554 1
18.7105 19.8749 1
6.80095 1.48784 1
18.9798 14.3994 1
6.90178 18.5337 1
2.82434 16.0401 1
16.7109 14.9221 1
3.05991 11.1897 1
18.9509 14.6168 1
2.74397 12.179 1
2.97479 2.92007 1
13.6954 18.9904 1
19.1147 14.1961 1
17.491 3.21871 1
5.78677 16.4419 1
17.8355 8.53074 1
15.571 5.70586 1
19.5263 18.3192 1
17.3096 0.903354 1
16.8113 17.1058 1
5.02559 18.0498 1
15.0607 4.14027 1
7.35898 18.0327 1
6.56344 17.6144 1
17.8454 0.790156 1
17.7952 6.02237 1
19.2441 10.9685 1
1.66792 7.40701 1
2.24684 8.58148 1
11.4127 18.8772 1
3.7788 18.7717 1
16.9099 12.7724 1
3.96614 3.47333 1
10.3869 1.8115 1
4.26349 19.5969 1
2.71536 16.026 1
19.5641 13.3111 1
1.16699 1.23205 1
0.718077 3.41382 1
8.11152 2.09895 1
0.870627 12.2319 1
4.66272 4.83676 1
15.7052 15.0496 1
6.64826 19.9687 1
14.6465 1.8761 1
18.1788 17.6145 1
3.53608 17.743 1
18.975 11.6436 1
8.52804 18.8031 1
5.23333 16.6396 1
0.902087 0.55533 1
8.52987 1.77271 1
8.46118 2.88867 1
15.1338 19.1894 1
8.39365 18.5729 1
16.1572 18.7446 1
1.85872 1.39051 1
15.3841 2.7608 1
1.94584 3.91401 1
4.53352 14.7331 1
17.1066 11.143 1
3.22553 5.34876 1
8.23743 19.5346 1
10.8761 0.7093 1
9.56752 17.5757 1
11.36 17.2149 1
7.81127 19.7536 1
15.7879 2.74996 1
5.80554 3.27947 1
4.66998 0.133095 1
4.0471 14.9586 1
1.34888 1.1537 1
16.2611 14.7399 1
15.4492 19.6044 1
16.8193 12.5242 1
18.6116 1.07968 1
16.9646 3.36055 1
8.74393 1.63456 1
3.49364 19.169 1
8.69444 0.22913 1
9.93678 0.76833 1
17.572 5.38596 1
0.372743 2.28494 1
12.1951 17.1921 1
14.8091 18.758 1
11.7714 19.9069 1
19.0759 19.2926 1
2.80579 13.2034 1
13.4325 3.06549 1
13.5003 16.6339 1
2.01986 5.30506 1
2.49715 8.16637 1
18.2496 5.41604 1
0.707295 9.41257 1
1.59872 14.0503 1
2.04979 15.0313 1
17.1158 8.74691 1
19.1953 10.6161 1
5.38081 4.12758 1
1.68839 7.40067 1
1.61568 11.9298 1
3.212 14.5886 1
4.22621 1.46163 1
0.00468217 4.93351 1
17.4122 0.193648 1
0.694276 5.15598 1
19.9031 17.7553 1
5.21894 17.0189 1
19.2837 17.9744 1
4.36899 0.899395 1
19.0639 19.9168 1
0.110463 11.0154 1
1.63212 8.69941 1
16.8681 17.3377 1
18.8871 16.7712 1
15.093 4.10603 1
13.7901 1.59521 1
8.52023 1.42505 1
13.4783 17.062 1
15.0364 15.1174 1
2.69837 9.1494 1
19.071 11.741 1
4.64212 18.135 1
5.97859 16.2432 1
0.46768 2.84672 1
13.5809 19.3548 1
19.6179 8.67388 1
3.4608 13.408 1
14.8331 3.74734 1
16.5093 4.07946 1
0.698856 10.1707 1
19.3201 8.09114 1
15.1382 3.9622 1
18.9254 0.837233 1
18.5643 4.90401 1
17.0805 19.032 1
18.3867 7.36864 1
19.3353 1.84753 1
0.776647 9.60435 1
13.3517 2.87159 1
1.19117 9.86101 1
6.95106 1.89003 1
0.0316886 15.9711 1
5.28726 19.3518 1
4.06229 0.425477 1
7.2215 2.23939 1
4.81776 14.8941 1
18.8675 3.20449 1
2.26276 18.2027 1
5.05202 3.03941 1
7.8071 18.8806 1
18.6491 1.15879 1
1.75218 19.8403 1
1.73031 11.0515 1
19.0251 14.6645 1
0.45033 3.10002 1
18.3568 5.26809 1
17.9941 17.2243 1
8.47258 0.256907 1
3.29632 3.23415 1
12.4052 1.94543 1
1.78571 15.4128 1
2.86059 3.51602 1
16.2716 17.9766 1
18.3596 7.63554 1
1.02854 6.83217 1
0.356775 11.1888 1
19.6897 12.762 1
19.4954 9.77992 1
18.4359 5.95969 1
17.3149 8.96952 1
2.8272 13.5865 1
8.88325 19.5873 1
19.9533 14.3307 1
18.1349 11.0384 1
17.2302 19.1634 1
17.8706 5.12269 1
15.619 18.2274 1
16.3115 15.3088 1
19.3915 17.9087 1
4.36556 18.8869 1
7.68858 2.80149 1
4.8466 5.00347 1
18.59 18.7172 1
1.08574 7.47326 1
18.3045 1.03905 1
1.80393 10.9833 1
10.6338 19.9388 1
2.02175 7.864 1
19.1023 19.8924 1
18.1197 9.29816 1
18.7438 9.42158 1
7.01772 3.10937 1
19.7098 17.6819 1
0.828895 18.2998 1
16.399 1.91463 1
2.95369 7.57696 1
1.45144 6.61808 1
1.3394 5.72069 1
14.8298 2.48011 1
0.79108 1.84747 1
2.25467 16.2635 1
4.9982 0.336321 1
0.284788 7.95188 1
1.53932 15.4291 1
13.6803 2.99077 1
2.04715 1.28123 1
17.4289 3.38655 1
7.00192 1.16521 1
14.7561 1.83167 1
3.64532 15.5471 1
4.64671 0.232906 1
0.735145 6.90137 1
15.4986 14.9831 1
2.93501 19.3093 1
1.75505 4.47434 1
14.7384 15.4353 1
7.46511 16.7855 1
16.7165 4.89402 1
0.172099 3.71846 1
18.9394 15.122 1
9.46218 19.6745 1
2.02337 5.95861 1
17.0183 5.09048 1
0.873883 9.92645 1
7.72371 2.62894 1
14.4008 2.46211 1
18.0642 1.86589 1
19.2477 14.7808 1
6.75991 19.4198 1
18.4993 12.8191 1
14.3479 4.04939 1
2.52369 4.82319 1
13.2787 1.46305 1
19.9452 2.74085 1
1.13754 1.96855 1
15.8199 0.968282 1
14.1322 16.6938 1
10.8947 1.8559 1
19.3227 5.29551 1
4.318 17.3869 1
7.1614 3.56566 1
2.98541 10.667 1
6.74046 17.3333 1
2.15651 7.99504 1
10.7272 2.1017 1
4.07025 19.4354 1
2.59414 18.0471 1
5.15315 18.414 1
19.0154 19.2853 1
1.14124 14.4305 1
11.8174 2.36702 1
14.6522 3.0288 1
17.3636 3.02014 1
14.8849 17.6721 1
7.53483 17.479 1
15.893 14.7346 1
5.4313 19.8503 1
18.5738 17.2487 1
2.21731 7.5987 1
1.2339 18.5056 1
19.609 15.8861 1
1.53445 8.95262 1
0.452757 2.6182 1
16.8475 14.0546 1
11.7267 18.2525 1
2.18039 2.91382 1
16.0284 1.53659 1
18.7853 8.89265 1
2.20087 0.0192149 1
7.3983 1.80987 1
10.7625 1.15988 1
2.76014 11.2153 1
3.77808 19.6077 1
11.3401 16.9965 1
12.7483 0.551518 1
4.44234 3.68875 1
6.60257 1.76128 1
13.4478 2.63095 1
3.29787 0.123119 1
17.2331 2.08318 1
9.01577 19.434 1
2.1024 16.4141 1
1.24386 18.0077 1
19.1676 8.10694 1
3.22161 2.94564 1
17.4414 19.0547 1
19.6062 9.93029 1
16.553 0.480983 1
10.1239 0.345051 1
12.4045 19.1397 1
19.779 14.5069 1
15.5537 1.02291 1
12.5146 0.90055 1
14.6278 16.7221 1
2.25886 15.383 1
0.160577 16.1373 1
0.64521 16.7136 1
16.6183 7.66869 1
6.71439 19.7302 1
17.99 16.8383 1
0.0752341 10.3946 1
15.978 19.8543 1
0.877185 17.4161 1
9.09825 1.43978 1
18.1619 14.8997 1
15.7952 13.9387 1
5.12995 18.0541 1
2.00412 10.8096 1
17.6356 8.71852 1
6.02018 1.53482 1
5.25296 17.436 1
1.16206 5.10051 1
19.0392 15.4399 1
0.730452 9.2028 1
18.3278 2.73458 1
0.0124279 15.9633 1
11.589 17.0099 1
1.16729 17.6091 1
18.5447 11.6366 1
2.98313 16.8686 1
17.1101 8.23609 1
14.3046 4.04877 1
3.64639 15.4667 1
16.6382 14.8771 1
12.8613 16.6506 1
7.20285 2.42939 1
1.32432 8.37014 1
0.0385425 19.8691 1
0.00676325 8.56936 1
11.4804 2.98989 1
11.226 19.7425 1
15.2092 1.78855 1
9.97701 18.225 1
1.40341 1.21307 1
5.52747 15.5602 1
3.93034 14.7118 1
3.28114 18.2012 1
6.79172 18.153 1
8.46162 19.431 1
13.0254 3.67082 1
1.21954 1.8541 1
0.0791271 6.37252 1
17.7229 8.43088 1
18.0793 19.1263 1
1.99678 6.04337 1
2.02321 5.92712 1
0.755155 8.74407 1
6.94528 16.7912 1
14.9442 1.21701 1
2.56432 3.30696 1
18.3337 0.643574 1
2.43325 7.97762 1
19.8468 5.17225 1
15.0041 0.601919 1
4.63822 0.861602 1
1.6595 17.3936 1
14.5986 16.6037 1
18.6106 7.76659 1
4.57326 3.49843 1
2.15413 14.3969 1
19.6902 7.73821 1
4.29972 2.25456 1
11.0452 2.63339 1
2.89813 13.4784 1
19.0552 7.12858 1
18.9323 14.0593 1
18.9276 12.3687 1
13.7102 0.587103 1
17.1908 8.37293 1
16.0754 1.76407 1
11.8714 18.2296 1
5.96777 0.460711 1
13.8162 17.0129 1
3.0941 16.7143 1
6.69257 17.7732 1
19.8071 12.6323 1
19.2461 18.7347 1
19.3218 14.7633 1
1.26519 16.5126 1
3.13623 17.3406 1
18.2767 15.0076 1
15.5702 14.4377 1
6.56918 1.53795 1
14.8984 0.385331 1
18.5509 17.9925 1
17.0996 9.04226 1
6.81545 19.1628 1
4.34947 4.80641 1
17.7628 7.40367 1
4.11375 19.028 1
16.3686 2.193 1
2.25757 11.9388 1
1.06988 1.21922 1
0.382016 19.6439 1
19.6025 5.9423 1
10.7487 17.0728 1
4.4765 17.4162 1
4.6662 3.90803 1
18.7456 4.9626 1
1.35114 8.26717 1
11.2743 2.42102 1
9.48638 1.37817 1
1.02204 9.90889 1
4.57959 2.61035 1
19.9552 9.24579 1
16.1696 2.36518 1
17.7575 11.9201 1
16.8827 13.0398 1
15.6761 19.9357 1
0.570229 9.53701 1
16.7004 1.56602 1
19.2185 1.27996 1
4.17637 19.1737 1
18.6154 4.74864 1
3.97514 15.4981 1
17.7885 8.74535 1
3.65508 13.2494 1
3.00194 13.1902 1
19.0166 7.12693 1
3.74742 14.6927 1
11.9738 0.930075 1
2.21004 19.3001 1
9.99489 0.0805296 1
19.4311 3.05482 1
7.55263 18.0465 1
0.273122 17.1997 1
18.8413 3.27506 1
10.3899 17.8579 1
12.5506 17.4646 1
18.455 16.7803 1
17.7104 6.14612 1
1.62098 19.9204 1
18.496 19.62 1
0.878176 10.7327 1
5.40545 1.14121 1
2.56259 3.86044 1
17.9215 13.5849 1
14.2892 15.6319 1
19.7311 15.9102 1
15.5523 5.17731 1
0.618449 19.9644 1
0.295812 19.1144 1
19.5845 10.4297 1
14.1081 17.3052 1
2.15318 14.9863 1
8.03793 16.8492 1
6.25442 16.6285 1
1.94714 11.6599 1
17.7697 4.50972 1
15.5203 15.6912 1
18.0947 9.80949 1
11.3231 17.8257 1
3.00303 13.6167 1
15.0839 3.62148 1
2.73589 13.1656 1
3.89782 19.9175 1
2.90016 1.15825 1
18.1479 14.9056 1
5.27741 3.86758 1
1.78095 8.28044 1
17.4843 16.8648 1
4.23093 18.0539 1
2.78756 8.12875 1
17.9714 8.24252 1
1.73541 17.0799 1
1.92719 6.85159 1
19.748 11.2842 1
15.19 3.33046 1
18.7359 13.3379 1
18.236 4.01331 1
17.2055 0.0169603 1
16.8818 4.19568 1
18.8335 9.98608 1
7.18021 1.62106 1
18.1148 5.15161 1
18.0268 11.599 1
18.9119 3.20386 1
2.58587 14.1019 1
6.53432 1.32177 1
5.33508 4.64534 1
4.78729 17.6288 1
19.3351 1.66908 1
1.82451 5.09026 1
10.7954 0.658013 1
15.0763 17.9756 1
2.27907 13.1912 1
3.12722 12.1426 1
5.48572 1.15405 1
3.74163 14.8602 1
6.22813 16.9356 1
1.70597 15.4046 1
18.3133 6.49325 1
13.0334 17.6484 1
2.73868 18.9577 1
15.5159 17.815 1
16.9334 17.795 1
11.0062 0.0605816 1
1.21464 13.6793 1
0.876717 17.5139 1
16.4129 4.76902 1
2.41304 4.57523 1
19.6269 5.15171 1
3.53297 15.1428 1
2.96672 0.466329 1
0.52691 2.87543 1
10.4648 1.74155 1
16.5547 1.81685 1
16.1705 17.4314 1
19.3308 2.72576 1
15.5091 16.9231 1
1.92346 1.96043 1
6.72505 3.25564 1
18.4281 9.13809 1
7.83087 18.055 1
13.1979 17.2565 1
9.01109 1.6942 1
2.99718 2.84181 1
4.01673 17.1895 1
18.7281 2.44485 1
0.499888 0.617417 1
17.9228 13.6977 1
17.8739 9.75298 1
19.8334 9.10336 1
2.11006 8.8445 1
6.47784 17.4075 1
17.1504 19.4728 1
7.97679 17.7438 1
15.9422 18.4413 1
13.2163 19.959 1
2.40381 1.95839 1
18.5034 2.9037 1
2.57581 16.4262 1
16.6014 0.449753 1
6.17915 16.4349 1
5.27936 0.350684 1
4.49788 19.6896 1
17.0971 11.8097 1
17.3943 18.4253 1
16.8665 17.1712 1
18.603 17.0315 1
4.04514 15.2045 1
17.4812 10.2243 1
18.5135 16.9187 1
7.38504 3.01138 1
16.6084 2.04434 1
19.9166 11.2484 1
2.86083 3.8716 1
4.58494 19.7273 1
1.04285 17.8805 1
17.7774 12.1828 1
3.71181 1.82259 1
7.38731 1.19305 1
12.0469 19.0267 1
15.9454 15.6125 1
17.6568 7.55884 1
2.75925 14.8552 1
1.24874 18.8044 1
13.4875 19.0262 1
10.9873 17.1994 1
0.848779 18.3746 1
18.3924 12.8957 1
17.4012 6.61981 1
3.45603 13.3466 1
2.23226 17.0278 1
5.90033 19.8891 1
18.3353 14.1592 1
1.50335 6.01888 1
19.473 6.728 1
12.8261 0.721745 1
19.7479 16.5197 1
3.513 0.596711 1
14.8943 1.9054 1
8.5252 16.9484 1
10.6465 18.5628 1
3.70198 2.04642 1
15.1439 2.0373 1
16.2056 6.58014 1
10.42 17.7089 1
4.43693 5.42512 1
10.9594 1.38335 1
17.1572 4.45181 1
1.40021 19.321 1
16.4398 15.3764 1
16.6027 5.33834 1
3.04727 8.26222 1
16.9158 7.4842 1
17.4536 5.42611 1
17.8933 3.94263 1
0.677873 8.85278 1
5.32598 17.835 1
13.3046 19.0049 1
3.5174 14.7048 1
18.3259 19.9572 1
3.75476 16.1763 1
13.1035 0.357504 1
1.51467 8.76665 1
17.0289 4.29611 1
13.4423 16.8202 1
18.5728 18.7683 1
17.7732 18.1726 1
18.1298 16.6634 1
0.683796 9.04312 1
1.34974 13.7872 1
9.40062 2.86441 1
2.5539 16.7809 1
7.42635 19.5828 1
1.07701 19.4725 1
2.62382 2.41452 1
3.26147 1.19666 1
1.18284 17.9167 1
13.0741 18.956 1
16.0893 19.6563 1
16.3197 0.343387 1
19.3926 17.0035 1
9.3865 0.742313 1
10.7908 18.7871 1
3.60672 13.3447 1
12.9274 16.645 1
9.54879 19.4777 1
1.89226 12.9292 1
13.3693 3.0751 1
2.03111 6.93518 1
6.09968 17.0861 1
1.15435 2.4194 1
17.4295 0.546923 1
19.4229 6.81603 1
1.28924 10.2137 1
3.55834 1.17119 1
15.929 16.4858 1
17.8162 6.43457 1
19.7122 7.36502 1
19.5376 7.80458 1
2.30903 12.9069 1
19.3503 12.9108 1
0.09007 5.44994 1
9.99693 1.24442 1
1.79134 7.29225 1
14.2425 3.08057 1
17.5059 19.8456 1
7.97653 1.06428 1
1.01684 3.90555 1
17.55 18.8331 1
10.3401 17.2622 1
6.19809 16.2524 1
18.6426 14.9367 1
2.106 17.9929 1
7.84748 2.19607 1
3.4428 17.8444 1
18.6044 19.5134 1
19.359 16.2889 1
17.1746 0.375843 1
0.194478 14.7247 1
19.2089 10.5346 1
6.78703 18.629 1
2.53314 16.7435 1
0.554467 1.13753 1
17.2479 15.6159 1
15.9917 5.35028 1
15.8849 1.13401 1
0.607618 2.67191 1
19.763 11.7503 1
1.53567 19.2967 1
17.0291 9.31386 1
0.534859 4.39754 1
4.23392 3.068 1
1.14104 4.78839 1
4.20553 17.3979 1
13.6553 1.45339 1
13.0137 18.8111 1
4.16133 5.02299 1
4.20606 0.0462089 1
2.71812 5.91997 1
16.564 16.2341 1
13.263 18.0997 1
19.2034 7.9484 1
12.8532 3.43736 1
11.3921 1.88101 1
16.6753 4.40588 1
0.692072 12.5512 1
17.5742 17.6174 1
4.89961 3.73115 1
2.43106 7.61773 1
9.65112 18.9951 1
3.8518 2.91415 1
17.0948 19.3826 1
12.4567 0.691431 1
15.8471 3.47311 1
14.6857 4.07286 1
18.695 6.0778 1
1.51238 16.399 1
4.0167 18.878 1
2.93852 7.8685 1
1.7921 0.0332833 1
4.54159 15.0893 1
7.40814 16.9983 1
15.7807 3.25525 1
0.47141 10.4664 1
7.32811 19.1664 1
16.5442 13.282 1
19.9279 2.45832 1
7.82627 17.1808 1
16.0588 19.3172 1
19.7115 17.8509 1
19.3505 6.96251 1
2.05179 0.25743 1
0.890391 17.8325 1
3.51268 1.3618 1
0.528249 4.84306 1
4.12279 15.065 1
17.5234 2.79379 1
15.478 5.47737 1
15.229 3.30429 1
2.65821 11.6077 1
15.1473 18.717 1
1.82124 9.41716 1
14.1676 3.87303 1
1.70552 13.1873 1
4.02807 16.948 1
15.0138 4.74121 1
10.9839 17.672 1
16.3489 6.13117 1
0.989897 12.9569 1
17.5494 2.81114 1
2.37403 11.7169 1
5.23589 3.19461 1
18.3941 9.26397 1
0.142599 13.2415 1
17.4148 12.1556 1
19.9599 9.61642 1
1.69206 9.47208 1
17.296 16.7058 1
17.8361 15.401 1
3.72369 15.3855 1
18.2122 6.09771 1
18.1463 13.8773 1
13.286 3.38223 1
17.0719 11.6801 1
12.6462 17.2145 1
19.6774 11.0622 1
14.3536 16.9735 1
5.25344 2.14585 1
19.1292 19.6646 1
12.9127 16.9653 1
15.0656 16.6364 1
2.73407 19.4532 1
18.1741 0.880406 1
3.14019 16.9088 1
6.96985 16.9869 1
3.62078 15.8171 1
17.963 14.9931 1
3.7624 15.0562 1
11.1265 17.0929 1
17.7183 19.2678 1
5.91508 0.14803 1
17.9587 9.53585 1
15.9651 13.8226 1
18.4101 13.9281 1
4.80373 0.774181 1
2.56179 8.84579 1
2.49149 13.6883 1
18.6642 1.37531 1
0.643091 0.644804 1
0.792835 5.00283 1
16.094 16.758 1
18.8255 14.5041 1
1.45292 15.4898 1
19.4414 10.3673 1
2.34459 1.93291 1
1.7171 9.60487 1
1.70952 11.7006 1
18.0343 17.8035 1
8.45858 16.8598 1
12.3076 19.1446 1
5.76667 2.43998 1
7.14101 16.8629 1
17.0431 18.0817 1
9.99585 18.7602 1
19.6555 19.9309 1
6.70537 1.365 1
19.1685 0.0900905 1
1.59945 11.4762 1
19.2347 6.10047 1
19.0169 11.0034 1
16.3092 5.43214 1
14.192 3.35249 1
1.43417 15.9752 1
0.479333 19.0183 1
2.7946 0.134808 1
18.9492 9.49997 1
1.49981 10.5808 1
14.2396 0.668351 1
1.93957 17.3812 1
3.77478 0.956469 1
8.38462 0.0839536 1
9.20043 0.580572 1
11.155 1.81081 1
18.5035 11.6343 1
0.829147 1.29807 1
11.7692 19.7784 1
13.9373 1.02999 1
0.87678 6.08183 1
10.9356 2.81635 1
3.46307 14.7104 1
16.4438 3.99474 1
19.1745 2.5576 1
1.96389 5.19756 1
4.97595 4.37476 1
9.41244 0.939325 1
2.01102 16.8784 1
2.33193 16.8053 1
7.0398 18.7757 1
0.800071 17.7818 1
3.16813 19.9746 1
0.339404 16.9433 1
9.90538 2.79865 1
6.87506 0.963595 1
13.8822 19.9806 1
16.859 13.7798 1
1.68062 15.7236 1
13.4732 2.02002 1
6.72784 1.88884 1
16.0454 16.6332 1
4.68749 2.04651 1
15.0496 1.73096 1
9.95565 2.19464 1
15.3024 1.40348 1
18.0878 12.1614 1
4.28495 17.7409 1
3.46233 17.7582 1
19.7609 16.1292 1
1.53551 6.48874 1
18.0181 17.5809 1
3.12195 2.70557 1
19.6274 14.6365 1
16.3674 3.01321 1
3.66911 4.67992 1
18.335 13.6248 1
15.0282 4.96239 1
15.7487 1.85916 1
17.9502 0.0337005 1
19.6 1.41251 1
17.7919 19.3609 1
17.5417 19.3274 1
18.2654 16.5357 1
11.2128 19.9756 1
15.8451 14.8819 1
16.4924 13.6165 1
9.3941 0.286293 1
2.83811 12.866 1
17.3079 14.0509 1
8.93276 17.4971 1
7.33308 17.4394 1
0.974256 5.51955 1
17.7607 4.24276 1
19.3184 19.5261 1
0.102349 13.755 1
14.0413 16.3875 1
15.7988 3.29926 1
0.863482 18.637 1
16.1653 18.1714 1
11.3243 1.6206 1
6.50397 18.6574 1
19.06 15.5311 1
13.8081 0.0342438 1
1.05063 2.57519 1
14.7548 18.8114 1
6.81795 1.17192 1
0.698029 8.94933 1
19.8914 10.8749 1
18.4458 13.9328 1
17.232 8.12587 1
2.40421 17.6216 1
16.279 6.25 1
12.6622 1.03907 1
4.30126 19.4802 1
2.21098 13.1482 1
5.61656 2.90901 1
2.09757 5.50799 1
13.7839 0.543345 1
19.4408 1.04631 1
14.788 16.6728 1
13.091 0.428961 1
1.38248 9.36995 1
19.457 12.9632 1
8.76113 17.216 1
19.1223 10.8587 1
2.72397 12.9062 1
11.402 2.16473 1
18.8375 3.12467 1
18.5941 7.0985 1
1.38191 11.685 1
7.52747 2.76439 1
1.055 14.2064 1
8.58613 0.512001 1
7.16962 19.8978 1
12.6312 1.17188 1
15.5106 4.23066 1
17.3851 4.27178 1
1.44664 16.5074 1
15.1305 4.17062 1
6.33534 3.36606 1
16.7699 1.20804 1
18.2268 17.8249 1
18.3369 2.58408 1
3.75596 2.22129 1
15.1988 1.14108 1
6.49307 16.6454 1
17.6485 1.62354 1
0.816018 7.06203 1
10.4281 0.878576 1
12.3242 16.9188 1
2.00362 1.14122 1
1.86704 18.7735 1
2.34926 0.0938044 1
16.5983 17.7637 1
0.347798 13.6173 1
5.90329 4.10375 1
15.8386 1.10204 1
5.24483 2.3317 1
17.7474 2.8933 1
3.95525 18.5635 1
5.71482 0.383423 1
12.9899 18.039 1
17.3022 0.450523 1
4.44371 19.3059 1
1.59174 6.31075 1
18.0793 3.941 1
1.70472 13.3112 1
9.61287 2.05252 1
6.15628 2.76722 1
1.16547 18.6439 1
16.683 1.93541 1
14.6059 1.12667 1
1.24127 16.1976 1
7.43742 19.3206 1
0.138615 13.842 1
13.9983 1.84334 1
3.89586 14.0818 1
19.1273 10.0521 1
16.849 15.7455 1
1.45324 1.94796 1
11.0021 3.04027 1
19.9974 12.1676 1
1.68419 4.63055 1
6.32294 18.3671 1
6.56596 0.928811 1
19.4938 7.80723 1
17.1264 6.93123 1
7.12786 17.265 1
0.77321 1.12616 1
19.1084 7.92644 1
4.73734 3.00424 1
2.00826 3.86467 1
13.0564 18.8573 1
19.6102 14.5096 1
0.805254 9.72138 1
3.97498 14.4458 1
12.813 1.45117 1
19.238 16.3863 1
5.6182 0.0112391 1
17.5124 4.72657 1
7.93768 2.24976 1
6.11443 0.787178 1
15.446 5.55406 1
1.41586 8.20767 1
15.8087 5.39084 1
2.65351 10.6939 1
15.6888 15.4665 1
7.77329 1.40349 1
17.7897 0.886851 1
17.5519 13.3442 1
4.90617 3.66635 1
3.31788 4.83701 1
14.9823 4.73375 1
