5.08337 11.8686 -1
10.4364 8.31229 -1
12.1719 8.33016 -1
12.7134 7.98093 -1
11.1002 12.2074 -1
5.14874 5.41649 -1
9.83944 16.9001 -1
14.0243 4.88232 -1
7.36483 5.39482 -1
8.36711 3.30943 -1
16.8092 10.2954 -1
4.45546 6.62608 -1
6.53626 11.7333 -1
6.00347 8.11667 -1
8.70717 13.35 -1
4.90487 8.60539 -1
9.06264 12.96 -1
4.91547 9.92758 -1
15.8135 9.81579 -1
11.1133 12.7751 -1
13.8254 11.508 -1
14.7469 6.86217 -1
4.504 12.3565 -1
7.60442 6.63874 -1
9.25887 11.1178 -1
16.0975 9.90578 -1
8.70219 13.6047 -1
8.68376 10.5392 -1
6.34789 13.8837 -1
6.61214 7.93461 -1
8.95778 5.41212 -1
15.2634 11.9963 -1
12.3317 14.0244 -1
15.0339 8.99865 -1
4.8007 14.3012 -1
7.63471 6.97676 -1
4.29355 10.2951 -1
10.8493 10.5245 -1
6.37982 9.44622 -1
5.81477 5.8286 -1
14.7515 10.3856 -1
5.12402 5.73548 -1
4.18163 7.46268 -1
11.4488 10.0621 -1
11.1618 11.4084 -1
10.2105 9.42373 -1
8.31077 5.5046 -1
6.77367 6.15648 -1
12.6208 8.37165 -1
12.6716 7.01814 -1
12.4946 6.40531 -1
14.7286 14.1837 -1
5.01456 9.99439 -1
12.0603 4.81109 -1
14.6544 12.7691 -1
8.03755 15.5787 -1
5.92052 15.2229 -1
8.97544 14.0226 -1
10.9534 16.1245 -1
6.5075 15.3798 -1
4.72809 9.03561 -1
5.6089 13.0935 -1
15.8555 7.25035 -1
14.6043 10.475 -1
12.6677 9.83105 -1
15.048 9.26021 -1
8.97334 11.4697 -1
10.9398 10.9518 -1
5.7349 5.68951 -1
7.38669 6.56124 -1
10.5815 9.10421 -1
13.976 12.2887 -1
6.46362 12.1581 -1
7.35865 13.9302 -1
11.1669 5.38986 -1
13.9224 14.5965 -1
11.1281 16.5681 -1
4.68596 6.27553 -1
7.8457 15.9499 -1
7.97543 8.09828 -1
7.47275 7.98864 -1
16.5269 9.03051 -1
11.8576 9.98104 -1
3.97422 7.4011 -1
6.29888 7.10231 -1
4.66503 7.10276 -1
8.50577 8.95427 -1
5.33056 14.9294 -1
11.4304 10.002 -1
8.7625 10.8784 -1
8.01016 10.2948 -1
14.9091 7.33082 -1
12.3189 5.677 -1
10.9644 11.7596 -1
8.45707 10.3992 -1
9.14816 6.88419 -1
12.073 10.638 -1
11.8795 3.56816 -1
16.8369 9.80803 -1
3.25142 8.23153 -1
16.6201 9.65744 -1
11.0052 7.60625 -1
6.4977 8.51754 -1
12.6871 15.3256 -1
11.8174 7.48967 -1
13.1248 14.8222 -1
7.88261 13.4734 -1
6.11349 13.1026 -1
3.62325 11.6066 -1
7.84397 12.2718 -1
15.7653 6.6678 -1
9.71287 16.0112 -1
15.9481 11.3994 -1
16.081 12.3967 -1
10.0489 10.0861 -1
6.19844 12.7012 -1
16.0005 12.7606 -1
12.3631 10.4444 -1
15.9013 9.51588 -1
13.303 10.262 -1
16.042 7.83672 -1
9.19698 6.91171 -1
6.15233 11.5441 -1
10.497 8.79208 -1
16.2784 7.51577 -1
13.4802 8.59476 -1
8.27898 12.2837 -1
5.99085 6.96699 -1
10.9965 12.9886 -1
14.4461 12.9209 -1
9.58627 13.4375 -1
13.0805 4.84996 -1
7.11611 11.583 -1
5.70048 11.4676 -1
9.84684 11.8964 -1
16.3902 10.0405 -1
16.7748 10.3251 -1
9.14503 16.0043 -1
6.96718 5.49568 -1
8.04435 12.0621 -1
15.0536 9.79758 -1
7.07491 13.5466 -1
6.24517 12.8294 -1
10.4988 16.3087 -1
15.6106 12.2802 -1
11.3075 11.9546 -1
15.034 12.3285 -1
7.4996 7.71987 -1
8.90541 6.86587 -1
3.88004 10.5113 -1
7.23542 3.62818 -1
10.8183 13.3449 -1
16.7079 10.5772 -1
16.0057 6.59679 -1
10.0316 14.0593 -1
15.7875 8.18578 -1
6.10952 5.62098 -1
6.68994 8.97702 -1
16.5236 10.623 -1
8.68035 15.0254 -1
11.8037 16.7516 -1
10.1682 9.83674 -1
13.9958 13.624 -1
14.7186 5.52206 -1
4.55763 13.261 -1
16.0145 7.37843 -1
16.2534 7.95159 -1
5.17349 14.1745 -1
7.61819 4.14403 -1
6.71361 13.9679 -1
7.28748 4.29541 -1
8.36346 10.8669 -1
10.7028 7.87468 -1
8.16619 16.1494 -1
6.02118 15.7318 -1
16.3709 10.2055 -1
9.80761 13.3647 -1
10.8573 7.50917 -1
16.2678 9.80344 -1
6.12484 14.2555 -1
8.11509 6.31898 -1
4.33961 10.7298 -1
7.56064 7.89484 -1
10.3831 5.7971 -1
10.5543 14.6522 -1
7.14727 15.3571 -1
8.64797 14.7385 -1
6.80477 13.218 -1
14.2332 9.13116 -1
13.784 12.7626 -1
6.01537 6.27232 -1
9.97077 13.8726 -1
11.1179 9.19858 -1
9.28751 14.2135 -1
7.52095 10.2526 -1
16.621 9.38192 -1
8.36932 4.41774 -1
9.0138 15.6888 -1
7.23671 16.0171 -1
13.4229 10.8486 -1
9.23403 5.28373 -1
12.1166 12.4428 -1
3.07128 9.92943 -1
16.2608 8.09591 -1
12.0045 10.2241 -1
7.62133 6.68851 -1
11.7875 7.17199 -1
8.20289 7.72642 -1
10.1019 14.2161 -1
6.55936 13.6065 -1
13.7848 15.8723 -1
8.72261 12.1928 -1
5.05318 13.2081 -1
4.42383 8.35729 -1
13.6073 4.3882 -1
7.8097 12.6203 -1
11.5372 16.6457 -1
6.24672 10.2084 -1
4.10631 9.05662 -1
14.6194 11.6637 -1
15.1104 12.3067 -1
4.55821 5.69867 -1
4.86408 10.2722 -1
8.99873 14.2566 -1
8.40573 14.5673 -1
9.58535 10.4524 -1
12.678 6.98885 -1
11.3971 13.9901 -1
13.8243 7.59803 -1
3.87258 8.2917 -1
4.4483 6.31417 -1
14.9874 13.6963 -1
15.4484 11.2187 -1
16.411 11.0534 -1
11.6668 16.7405 -1
14.2557 10.4645 -1
15.3868 6.14694 -1
4.78062 9.71947 -1
10.9876 13.1269 -1
8.16663 7.72797 -1
9.44601 5.0516 -1
13.8976 10.2258 -1
9.17412 14.8082 -1
13.4489 6.8914 -1
13.4209 11.3299 -1
11.904 16.4125 -1
6.54192 6.33771 -1
7.23628 13.4254 -1
13.6879 11.0431 -1
16.5074 12.5248 -1
2.82154 3.59392 1
19.7825 11.6417 1
0.521851 14.7096 1
17.5867 15.4089 1
7.42009 17.957 1
4.05083 0.140118 1
17.4858 9.11072 1
5.24123 16.9303 1
18.3363 11.2931 1
12.4544 19.45 1
5.88774 1.30466 1
1.19074 0.98408 1
13.689 4.01228 1
15.654 5.09985 1
0.50872 15.6012 1
13.6703 0.982534 1
12.2756 18.0683 1
17.6248 17.4216 1
2.6057 17.0595 1
1.07179 16.1451 1
1.24495 17.9473 1
9.96649 1.75367 1
13.5485 1.16418 1
9.84772 19.9835 1
11.9901 2.54793 1
13.5299 3.44666 1
18.0108 7.4887 1
2.48539 13.8795 1
18.0717 5.09109 1
1.3858 12.0108 1
9.09935 18.7031 1
8.78252 2.64786 1
19.8673 15.0957 1
15.0792 2.21 1
4.75793 18.7065 1
2.11052 6.25561 1
2.40624 0.182238 1
5.35611 15.605 1
3.88453 14.0927 1
2.63381 12.9839 1
2.37813 1.5913 1
6.2612 19.1765 1
3.45478 1.27299 1
0.366231 8.81089 1
16.8779 4.25076 1
2.90363 19.5118 1
17.2346 15.6995 1
8.3626 17.4402 1
0.43581 10.7407 1
19.0315 10.2152 1
18.2955 7.69205 1
4.75257 4.55666 1
4.68134 16.6334 1
18.5088 8.13612 1
17.9064 18.8751 1
16.947 14.7843 1
3.12583 19.8506 1
14.2961 0.36048 1
15.5501 5.22416 1
2.66431 13.6627 1
14.6534 1.69577 1
17.5056 16.2564 1
2.54223 12.0936 1
2.96874 15.5096 1
4.35707 1.47758 1
3.64571 2.26344 1
0.352646 0.592729 1
17.0478 3.47848 1
0.443373 11.3438 1
3.83896 15.9935 1
16.568 17.0658 1
19.9062 19.2323 1
0.928074 14.6064 1
3.23692 5.01412 1
17.1078 17.4006 1
13.5028 0.0765062 1
12.9101 17.8599 1
1.55409 16.5559 1
0.12335 1.90673 1
17.1486 17.1711 1
5.38521 17.592 1
4.31525 17.0185 1
15.5592 14.8619 1
0.573999 2.13152 1
0.64103 17.6818 1
19.5321 14.1439 1
17.7583 12.4422 1
12.0038 19.3124 1
1.21909 6.14668 1
3.73864 17.8132 1
15.8285 17.3241 1
2.89613 2.11846 1
19.137 18.8671 1
0.408706 10.441 1
2.11972 12.4125 1
17.2645 13.8378 1
17.5767 1.00312 1
18.3272 14.5472 1
1.75853 14.6606 1
5.42254 2.437 1
2.22713 11.0463 1
17.4379 12.3726 1
17.3112 10.1207 1
2.05006 17.7199 1
0.561629 4.16978 1
15.2876 14.672 1
1.28737 12.5521 1
8.50982 18.8641 1
13.5552 0.16084 1
1.02539 16.4665 1
2.45348 9.03544 1
18.9224 8.91038 1
5.27943 16.2335 1
19.031 7.32949 1
13.9534 19.5927 1
18.7578 11.195 1
19.3389 7.2676 1
7.42844 2.32834 1
4.77651 2.13644 1
18.603 12.5747 1
0.450713 6.30977 1
2.18957 19.3731 1
15.6066 14.2512 1
13.6459 3.75148 1
19.6713 5.00556 1
9.23615 17.4551 1
17.1218 10.4805 1
17.0431 19.3114 1
6.51448 1.57886 1
15.0203 0.358335 1
4.10981 0.961225 1
1.06984 19.0563 1
13.3847 0.741118 1
4.06185 18.7024 1
8.7965 17.077 1
4.91609 18.8807 1
15.4259 2.03789 1
1.34926 19.2148 1
9.70849 19.6953 1
11.6051 17.5851 1
18.5463 9.43129 1
10.1724 18.8331 1
10.6334 18.0132 1
10.2288 19.4299 1
15.0902 19.0797 1
4.12248 0.00632195 1
17.9603 19.5484 1
2.04421 7.3215 1
6.53626 16.7497 1
7.99654 1.23159 1
10.9065 19.6017 1
18.8167 19.268 1
15.3166 17.363 1
9.2941 18.8717 1
8.92098 19.9275 1
16.8849 19.1498 1
19.3575 11.9751 1
18.2295 3.47996 1
3.02834 14.0257 1
3.51133 15.0458 1
17.4191 10.0476 1
1.25883 19.792 1
19.3937 8.99053 1
6.35355 0.132559 1
4.79825 15.6476 1
19.0042 13.7192 1
15.5752 15.8891 1
18.4126 19.8457 1
7.28836 1.44097 1
0.847273 8.28222 1
0.232766 2.1061 1
19.3971 5.70476 1
2.17833 5.75068 1
1.39832 4.84154 1
0.69581 16.9735 1
0.730659 13.5648 1
11.7598 2.312 1
2.75142 8.2465 1
13.6025 3.59869 1
16.5287 13.8353 1
4.24189 19.9762 1
1.22586 10.788 1
16.3599 1.92167 1
7.76151 17.0905 1
15.4865 19.6677 1
5.68543 0.149896 1
12.1016 1.74627 1
16.438 14.853 1
18.4517 6.52149 1
3.87585 4.15653 1
4.13277 3.1954 1
17.4447 1.14645 1
1.3321 18.6705 1
11.9345 17.692 1
0.592214 19.696 1
14.7825 16.0787 1
19.3637 0.467898 1
3.1833 1.08918 1
1.07256 1.63504 1
5.79156 18.7351 1
1.93053 4.82291 1
19.7381 19.3752 1
5.96935 1.07021 1
18.0458 17.9038 1
18.7622 18.638 1
17.5998 13.5446 1
14.7167 16.9634 1
19.2756 17.41 1
19.6385 2.45889 1
18.4992 0.711032 1
4.09393 6.10984 1
4.84497 18.7256 1
19.8098 6.7755 1
3.54851 19.5479 1
0.618143 4.19646 1
7.42167 19.3803 1
2.83443 5.02145 1
12.9249 17.5511 1
1.98488 6.93746 1
15.8934 14.3249 1
10.3175 1.55288 1
4.21036 15.1624 1
0.278476 4.02018 1
1.93793 3.82698 1
12.2851 0.766504 1
3.56657 15.1195 1
5.78795 16.4915 1
3.42895 1.16712 1
16.0713 18.9729 1
8.93917 1.77976 1
14.1553 19.1701 1
13.495 16.3048 1
11.6016 17.7053 1
1.72552 13.4052 1
15.707 5.29364 1
1.49385 9.05188 1
9.53796 1.56914 1
3.37917 12.9669 1
2.73627 19.4505 1
1.23023 6.09507 1
16.1438 4.34053 1
2.04587 14.9897 1
19.6254 3.77139 1
4.38434 18.5449 1
3.66776 14.2027 1
9.80906 1.12936 1
14.0963 16.8717 1
12.1311 19.3926 1
1.08654 8.27491 1
3.73318 4.609 1
