0 488.305181
1 468.910866
2 460.057632
3 452.157165
4 443.666047
5 434.403987
6 424.969704
7 416.016827
8 407.837545
9 400.484718
10 393.985794
11 388.320211
12 383.411490
13 379.165022
14 375.484441
15 372.281005
16 369.477550
17 367.008976
18 364.821175
19 362.869460
20 361.116966
21 359.533237
22 358.093026
23 356.775317
24 355.562530
25 354.439877
26 353.394851
27 352.416802
28 351.496601
29 350.626356
30 349.799189
31 349.009041
32 348.250516
33 347.518744
34 346.809276
35 346.117988
36 345.441012
37 344.774670
38 344.115424
39 343.459820
40 342.804429
41 342.145778
42 341.480274
43 340.804111
44 340.113177
45 339.402936
46 338.668300
47 337.903466
48 337.101732
49 336.255269
50 335.354860
51 334.389610
52 333.346660
53 332.211003
54 330.965655
55 329.592762
56 328.076561
57 326.408593
58 324.593046
59 322.646730
60 320.589700
61 318.432553
62 316.172485
63 313.799076
64 311.300739
65 308.667580
66 305.892135
67 302.969742
68 299.899100
69 296.683054
70 293.329382
71 289.851235
72 286.266870
73 282.598531
74 278.870753
75 275.108658
76 271.336684
77 267.577807
78 263.853045
79 260.181099
80 256.578093
81 253.057434
82 249.629794
83 246.303190
84 243.083153
85 239.972954
86 236.973912
87 234.085759
88 231.307033
89 228.635461
90 226.068288
91 223.602506
92 221.235001
93 218.962622
94 216.782200
95 214.690544
96 212.684421
97 210.760541
98 208.915541
99 207.145991
100 205.448402
101 203.819259
102 202.255048
103 200.752300
104 199.307619
105 197.917714
106 196.579426
107 195.289739
108 194.045797
109 192.844903
110 191.684526
111 190.562295
112 189.475995
113 188.423561
114 187.403066
115 186.412720
116 185.450851
117 184.515904
118 183.606429
119 182.721071
120 181.858567
121 181.017733
122 180.197465
123 179.396726
124 178.614550
125 177.850029
126 177.102320
127 176.370632
128 175.654234
129 174.952449
130 174.264654
131 173.590284
132 172.928831
133 172.279850
134 171.642953
135 171.017798
136 170.404072
137 169.801449
138 169.209555
139 168.627948
140 168.056149
141 167.493731
142 166.940431
143 166.396250
144 165.861474
145 165.336626
146 164.822332
147 164.319150
148 163.827416
149 163.347123
150 162.877873
151 162.418869
152 161.968935
153 161.526530
154 161.089768
155 160.656526
156 160.224819
157 159.793581
158 159.363655
159 158.938238
160 158.521764
161 158.116691
162 157.719042
163 157.316324
164 156.893871
165 156.447280
166 155.984742
167 155.512640
168 155.026410
169 154.525428
170 154.027096
171 153.544696
172 153.079747
173 152.630351
174 152.194627
175 151.771122
176 151.358615
177 150.955963
178 150.562053
179 150.175833
180 149.796376
181 149.422918
182 149.054871
183 148.691799
184 148.333383
185 147.979381
186 147.629589
187 147.283800
188 146.941759
189 146.603117
190 146.267379
191 145.933871
192 145.601739
193 145.270013
194 144.937764
195 144.604301
196 144.269201
197 143.931669
198 143.588915
199 143.234750
200 142.861179
201 142.463465
202 142.044059
203 141.611498
204 141.176131
205 140.746752
206 140.329355
207 139.927046
208 139.540530
209 139.168989
210 138.810985
211 138.465053
212 138.129944
213 137.804646
214 137.488313
215 137.180180
216 136.879493
217 136.585465
218 136.297265
219 136.014034
220 135.734915
221 135.459101
222 135.185878
223 134.914663
224 134.645035
225 134.376741
226 134.109697
227 133.843965
228 133.579725
229 133.317233
230 133.056783
231 132.798667
232 132.543149
233 132.290452
234 132.040758
235 131.794218
236 131.550967
237 131.311135
238 131.074855
239 130.842265
240 130.613500
241 130.388686
242 130.167928
243 129.951307
244 129.738872
245 129.530639
246 129.326599
247 129.126715
248 128.930936
249 128.739196
250 128.551422
251 128.367540
252 128.187471
253 128.011139
254 127.838468
255 127.669384
256 127.503816
257 127.341698
258 127.182966
259 127.027563
260 126.875438
261 126.726546
262 126.580846
263 126.438300
264 126.298866
265 126.162495
266 126.029121
267 125.898662
268 125.771008
269 125.646021
270 125.523538
271 125.403368
272 125.285299
273 125.169104
274 125.054547
275 124.941388
276 124.829392
277 124.718330
278 124.607984
279 124.498143
280 124.388611
281 124.279204
282 124.169750
283 124.060094
284 123.950099
285 123.839651
286 123.728660
287 123.617067
288 123.504842
289 123.391986
290 123.278528
291 123.164523
292 123.050046
293 122.935189
294 122.820057
295 122.704762
296 122.589423
297 122.474159
298 122.359092
299 122.244337
300 122.130003
301 122.016193
302 121.902996
303 121.790488
304 121.678734
305 121.567786
306 121.457685
307 121.348463
308 121.240148
309 121.132762
310 121.026324
311 120.920851
312 120.816360
313 120.712864
314 120.610375
315 120.508904
316 120.408459
317 120.309047
318 120.210671
319 120.113334
320 120.017038
321 119.921784
322 119.827571
323 119.734399
324 119.642270
325 119.551182
326 119.461135
327 119.372129
328 119.284161
329 119.197227
330 119.111320
331 119.026430
332 118.942541
333 118.859636
334 118.777692
335 118.696684
336 118.616589
337 118.537386
338 118.459061
339 118.381610
340 118.305046
341 118.229397
342 118.154707
343 118.081038
344 118.008467
345 117.937082
346 117.866975
347 117.798243
348 117.730965
349 117.665196
350 117.600932
351 117.538071
352 117.476354
353 117.415304
354 117.354203
355 117.292159
356 117.228321
357 117.162167
358 117.093746
359 117.023697
360 116.953010
361 116.882702
362 116.813553
363 116.746027
364 116.680306
365 116.616384
366 116.554154
367 116.493472
368 116.434193
369 116.376190
370 116.319356
371 116.263609
372 116.208884
373 116.155130
374 116.102305
375 116.050374
376 115.999303
377 115.949058
378 115.899603
379 115.850901
380 115.802912
381 115.755591
382 115.708895
383 115.662778
384 115.617195
385 115.572101
386 115.527454
387 115.483216
388 115.439351
389 115.395827
390 115.352620
391 115.309709
392 115.267078
393 115.224717
394 115.182621
395 115.140786
396 115.099214
397 115.057908
398 115.016873
399 114.976115
400 114.935638
401 114.895449
402 114.855552
403 114.815950
404 114.776645
405 114.737636
406 114.698922
407 114.660500
408 114.622363
409 114.584504
410 114.546914
411 114.509583
412 114.472499
413 114.435649
414 114.399018
415 114.362592
416 114.326356
417 114.290294
418 114.254392
419 114.218634
420 114.183006
421 114.147494
422 114.112085
423 114.076768
424 114.041531
425 114.006364
426 113.971259
427 113.936208
428 113.901205
429 113.866243
430 113.831319
431 113.796428
432 113.761566
433 113.726732
434 113.691922
435 113.657135
436 113.622368
437 113.587618
438 113.552885
439 113.518164
440 113.483453
441 113.448750
442 113.414049
443 113.379348
444 113.344641
445 113.309924
446 113.275192
447 113.240437
448 113.205656
449 113.170841
450 113.135986
451 113.101086
452 113.066135
453 113.031128
454 112.996060
455 112.960927
456 112.925726
457 112.890455
458 112.855115
459 112.819705
460 112.784228
461 112.748688
462 112.713091
463 112.677447
464 112.641763
465 112.606054
466 112.570333
467 112.534617
468 112.498926
469 112.463281
470 112.427706
471 112.392227
472 112.356874
473 112.321678
474 112.286672
475 112.251893
476 112.217380
477 112.183175
478 112.149324
479 112.115874
480 112.082879
481 112.050394
482 112.018482
483 111.987208
484 111.956647
485 111.926880
486 111.897997
487 111.870100
488 111.843302
489 111.817736
490 111.793549
491 111.770914
492 111.750033
493 111.731141
494 111.714516
495 111.700487
496 111.689446
497 111.681861
498 111.678291
499 111.679400
500 111.685975
501 111.698932
502 111.719316
503 111.748269
504 111.786928
505 111.836196
506 111.896237
507 111.965586
508 112.039993
509 112.111977
510 112.172703
511 112.216213
512 112.242357
513 112.255327
514 112.260115
515 112.260478
516 112.258701
517 112.256028
518 112.253081
519 112.250139
520 112.247290
521 112.244519
522 112.241746
523 112.238856
524 112.235717
525 112.232181
526 112.228107
527 112.223355
528 112.217803
529 112.211343
530 112.203892
531 112.195382
532 112.185772
533 112.175035
534 112.163163
535 112.150161
536 112.136047
537 112.120848
538 112.104596
539 112.087332
540 112.069099
541 112.049945
542 112.029923
543 112.009084
544 111.987488
545 111.965194
546 111.942264
547 111.918766
548 111.894768
549 111.870342
550 111.845562
551 111.820503
552 111.795241
553 111.769849
554 111.744400
555 111.718960
556 111.693587
557 111.668331
558 111.643232
559 111.618315
560 111.593591
561 111.569058
562 111.544698
563 111.520478
564 111.496357
565 111.472280
566 111.448188
567 111.424018
568 111.399705
569 111.375189
570 111.350413
571 111.325327
572 111.299891
573 111.274073
574 111.247852
575 111.221215
576 111.194162
577 111.166698
578 111.138839
579 111.110607
580 111.082033
581 111.053150
582 111.023997
583 110.994615
584 110.965049
585 110.935341
586 110.905537
587 110.875680
588 110.845810
589 110.815967
590 110.786190
591 110.756515
592 110.726976
593 110.697606
594 110.668438
595 110.639503
596 110.610830
597 110.582449
598 110.554387
599 110.526672
600 110.499328
601 110.472378
602 110.445840
603 110.419731
604 110.394064
605 110.368847
606 110.344085
607 110.319779
608 110.295926
609 110.272520
610 110.249552
611 110.227012
612 110.204888
613 110.183168
614 110.161839
615 110.140890
616 110.120308
617 110.100085
618 110.080211
619 110.060679
620 110.041484
621 110.022622
622 110.004089
623 109.985885
624 109.968009
625 109.950462
626 109.933246
627 109.916363
628 109.899817
629 109.883610
630 109.867746
631 109.852228
632 109.837058
633 109.822240
634 109.807773
635 109.793659
636 109.779896
637 109.766480
638 109.753406
639 109.740664
640 109.728241
641 109.716116
642 109.704262
643 109.692642
644 109.681209
645 109.669896
646 109.658623
647 109.647288
648 109.635771
649 109.623941
650 109.611677
651 109.598895
652 109.585595
653 109.571904
654 109.558101
655 109.544606
656 109.531931
657 109.520632
658 109.511243
659 109.504204
660 109.499759
661 109.497930
662 109.498710
663 109.502476
664 109.510234
665 109.523271
666 109.542099
667 109.564812
668 109.585619
669 109.596005
670 109.594825
671 109.606687
672 109.651479
673 109.724460
674 109.823801
675 109.961779
676 110.159987
677 110.377607
678 110.483683
679 110.459185
680 110.384939
681 110.344182
682 110.318092
683 110.270130
684 109.800297
685 110.326906
686 109.233736
687 110.610775
688 110.600375
689 110.555617
690 110.430754
691 109.226794
692 109.154473
693 108.930685
694 109.000418
695 109.186812
696 109.639901
697 109.771208
698 109.929301
699 109.991533
700 110.037753
701 110.083652
702 110.133059
703 110.187909
704 110.249018
705 110.316929
706 110.400641
707 110.484322
708 110.467155
709 110.635271
710 110.335657
711 110.416508
712 110.832615
713 110.828240
714 110.799068
715 110.763862
716 110.697722
717 110.563910
718 110.413962
719 110.325287
720 110.262732
721 110.198943
722 110.077328
723 109.929928
724 109.865899
725 109.882033
726 109.930192
727 109.990753
728 110.051773
729 110.109349
730 110.168037
731 110.235699
732 110.319996
733 110.423920
734 110.540426
735 110.659845
736 110.777196
737 110.893810
738 111.014582
739 111.135932
740 111.251671
741 111.354606
742 111.438024
743 111.497524
744 111.531803
745 111.543261
746 111.538132
747 111.527079
748 111.518393
749 111.505901
750 111.485007
751 111.458494
752 111.429554
753 111.400253
754 111.371680
755 111.344218
756 111.317775
757 111.292100
758 111.266990
759 111.242269
760 111.217804
761 111.193453
762 111.169105
763 111.144596
764 111.119821
765 111.094557
766 111.068714
767 111.042005
768 111.014441
769 110.985880
770 110.956840
771 110.928220
772 110.902425
773 110.884825
774 110.884622
775 110.781641
776 110.186533
777 109.980563
778 109.738675
779 109.626386
780 109.548816
781 109.465274
782 109.357050
783 109.212803
784 109.040206
785 108.889602
786 108.801869
787 108.769944
788 108.773854
789 108.793128
790 108.815134
791 108.855531
792 108.992157
793 109.264673
794 108.451267
795 108.953518
796 108.655798
797 109.441426
798 109.891400
799 109.221132
800 109.141683
801 109.951822
802 109.361843
803 109.184858
804 110.084529
805 110.225485
806 110.222106
807 109.434653
808 109.291905
809 109.319277
810 109.375584
811 109.403034
812 109.621797
813 109.720771
814 110.102301
815 110.254703
816 109.441613
817 108.054622
818 108.103406
819 107.778633
820 107.718118
821 107.785225
822 107.743217
823 107.752438
824 107.743180
825 107.724797
826 107.684757
827 107.713721
828 107.841864
829 107.995141
830 108.323656
831 107.509424
832 108.767123
833 107.436162
834 108.146174
835 108.010392
836 107.927136
837 108.073411
838 108.550849
839 108.196620
840 107.702980
841 106.921135
842 106.997582
843 106.970595
844 107.049217
845 106.936216
846 107.005108
847 106.907025
848 106.949454
849 106.873786
850 106.880341
851 106.820865
852 106.793336
853 106.739310
854 106.695192
855 106.647153
856 106.605413
857 106.565929
858 106.532458
859 106.506449
860 106.494418
861 106.506869
862 106.548088
863 106.453018
864 106.383145
865 106.419704
866 106.068817
867 106.329847
868 106.430711
869 106.419009
870 106.602369
871 106.387115
872 106.405321
873 106.262725
874 106.238813
875 106.316441
876 106.198615
877 106.037949
878 106.217028
879 106.581890
880 105.267699
881 106.690151
882 106.702614
883 106.856417
884 106.969145
885 106.996542
886 107.029931
887 107.163314
888 107.276071
889 106.932611
890 104.269227
891 104.081337
892 105.305306
893 106.202709
894 105.239544
895 106.899801
896 105.614042
897 106.507175
898 105.998146
899 105.762022
900 105.187973
901 106.311846
902 106.339146
903 105.422385
904 105.493916
905 104.326911
906 105.907917
907 105.412533
908 106.024700
909 105.368237
910 105.173353
911 104.851166
912 104.809739
913 104.494786
914 105.008531
915 104.809312
916 105.581192
917 105.442850
918 105.625461
919 103.866495
920 104.479912
921 103.820621
922 103.790753
923 103.769433
924 103.761946
925 103.762850
926 103.768822
927 103.777378
928 103.787521
929 103.798370
930 103.809357
931 103.819874
932 103.829348
933 103.837180
934 103.842794
935 103.845676
936 103.845436
937 103.841870
938 103.835000
939 103.825085
940 103.812597
941 103.798158
942 103.782442
943 103.766079
944 103.749556
945 103.733165
946 103.716989
947 103.700952
948 103.684925
949 103.668834
950 103.652711
951 103.636563
952 103.619925
953 103.600862
954 103.574705
955 103.542955
956 103.750162
957 104.186373
958 104.266893
959 103.935025
960 104.076752
961 105.439990
962 106.807032
963 107.637311
964 106.766852
965 104.073553
966 104.226103
967 105.778220
968 105.844363
969 104.970590
970 106.278422
971 105.750606
972 106.365807
973 104.286162
974 107.232598
975 104.870179
976 104.910934
977 107.647986
978 106.794784
979 105.980181
980 105.844985
981 104.642430
982 105.924791
983 106.830348
984 106.348490
985 107.118305
986 106.029963
987 107.179884
988 105.269223
989 106.369806
990 107.459069
991 107.504592
992 108.392280
993 105.648110
994 106.537007
995 106.695115
996 106.708640
997 107.156379
998 108.454072
999 109.615684
1000 107.952359
1001 107.925782
1002 107.561100
1003 107.935433
1004 108.678415
1005 108.240974
1006 108.823068
1007 108.022095
1008 107.125335
1009 108.593604
1010 109.207542
1011 108.126733
1012 108.613620
1013 108.699905
1014 108.821182
1015 108.886566
1016 109.060649
1017 107.775933
1018 107.670436
1019 106.525462
1020 106.372842
1021 108.226379
1022 106.204223
1023 106.720344
1024 107.292295
1025 106.359915
1026 107.557753
1027 105.241634
1028 106.984593
1029 104.868687
1030 106.235729
1031 105.857044
1032 107.586514
1033 105.321978
1034 106.743649
1035 106.586369
1036 107.016129
1037 106.542980
1038 104.590032
1039 107.421700
1040 105.947890
1041 106.407595
1042 106.878689
1043 107.103905
1044 105.384406
1045 107.755287
1046 106.950179
1047 107.593869
1048 107.055464
1049 107.717532
1050 104.510677
1051 105.939118
1052 108.308019
1053 106.548666
1054 108.412064
1055 105.326726
1056 108.707971
1057 107.247689
1058 107.991925
1059 107.171530
1060 104.160755
1061 107.624389
1062 108.653090
1063 108.727436
1064 106.270731
1065 109.601195
1066 105.035660
1067 108.641037
1068 109.511775
1069 104.286050
1070 104.415490
1071 108.800347
1072 104.015073
1073 107.200391
1074 106.340353
1075 105.188862
1076 105.254385
1077 105.032159
1078 108.898279
1079 107.812648
1080 103.915981
1081 104.922735
1082 109.955719
1083 109.791139
1084 105.058567
1085 108.715839
1086 104.220447
1087 107.044475
1088 103.805971
1089 109.065505
1090 108.751430
1091 108.956825
1092 104.083520
1093 108.710096
1094 106.964879
1095 103.846754
1096 105.802629
1097 105.429606
1098 105.130093
1099 107.090025
1100 106.647529
1101 108.482686
1102 107.396660
1103 109.414930
1104 108.602609
1105 111.086099
1106 107.862154
1107 108.273939
1108 108.380420
1109 108.489252
1110 108.162234
1111 108.043812
1112 107.224068
1113 111.813657
1114 107.783768
1115 108.426170
1116 107.382911
1117 108.165857
1118 108.337407
1119 105.607976
1120 108.270184
1121 108.343841
1122 109.630228
1123 105.824002
1124 107.794574
1125 106.802907
1126 109.960893
1127 106.726755
1128 105.776262
1129 110.198897
1130 105.344598
1131 107.696954
1132 107.182915
1133 108.648829
1134 109.422466
1135 108.997561
1136 107.721694
1137 110.495518
1138 105.847696
1139 108.103695
1140 105.714931
1141 109.473162
1142 106.964491
1143 107.728781
1144 107.978830
1145 109.578190
1146 107.862413
1147 111.003401
1148 108.543890
1149 109.947501
1150 108.501214
1151 108.256295
1152 107.828113
1153 108.899465
1154 106.534711
1155 106.178174
1156 108.620074
1157 106.939533
1158 108.642253
1159 108.411900
1160 108.149935
1161 107.593596
1162 111.008945
1163 109.002804
1164 109.215065
1165 105.023001
1166 108.312213
1167 108.114996
1168 106.932339
1169 106.926405
1170 107.744197
1171 107.300903
1172 108.190849
1173 107.517198
1174 109.292302
1175 107.154719
1176 110.141049
1177 106.997706
1178 107.475903
1179 108.134173
1180 109.195098
1181 106.158947
1182 105.860125
1183 109.124845
1184 111.421514
1185 109.326163
1186 108.578384
1187 107.697547
1188 107.229982
1189 108.828194
1190 108.411468
1191 108.190171
1192 110.674034
1193 107.355906
1194 107.089177
1195 109.812748
1196 106.656038
1197 109.010076
1198 111.285238
1199 107.116721
1200 108.530861
1201 106.793623
1202 107.328615
1203 109.004214
1204 109.050692
1205 108.753691
1206 110.039557
1207 106.848513
1208 111.218643
1209 109.659673
1210 108.182602
1211 108.447177
1212 107.387774
1213 109.537137
1214 108.451857
1215 108.837953
1216 109.110786
1217 108.597913
1218 108.754352
1219 109.406740
1220 109.695753
1221 108.756076
1222 109.485267
1223 109.848119
1224 109.604649
1225 109.768637
1226 106.736073
1227 109.468019
1228 107.397970
1229 107.880111
1230 108.875314
1231 107.271530
1232 108.583062
1233 108.622150
1234 108.725368
1235 108.349488
1236 107.113241
1237 108.976636
1238 107.787041
1239 109.519238
1240 110.284502
1241 109.644649
1242 110.042447
1243 107.901227
1244 110.126293
1245 108.082056
1246 110.614968
1247 108.261928
1248 107.924631
1249 107.944241
1250 108.467899
1251 110.322741
1252 108.440632
1253 111.311335
1254 111.550339
1255 108.997112
1256 108.310594
1257 108.491907
1258 108.765217
1259 108.929513
1260 109.057927
1261 109.450152
1262 109.409309
1263 108.663310
1264 108.595904
1265 109.340769
1266 109.042207
1267 109.357241
1268 109.421912
1269 109.096449
1270 109.051034
1271 109.036332
1272 108.895834
1273 108.941392
1274 109.168613
1275 105.346020
1276 106.365986
1277 108.429347
1278 108.534016
1279 107.265172
1280 108.359465
1281 109.657480
1282 107.221599
1283 108.898104
1284 103.995301
1285 108.147051
1286 107.172355
1287 104.613867
1288 105.654049
1289 106.648885
1290 106.590810
1291 107.117009
1292 109.052178
1293 109.313569
1294 106.814292
1295 109.939773
1296 108.233878
1297 108.254072
1298 112.612435
1299 106.421913
1300 108.492993
1301 106.745739
1302 107.674858
1303 109.507093
1304 109.284793
1305 106.741404
1306 107.588337
1307 108.711411
1308 109.066858
1309 106.256960
1310 106.913269
1311 107.253774
1312 107.432523
1313 106.950839
1314 106.397869
1315 105.960589
1316 106.275939
1317 107.095567
1318 106.178789
1319 106.426635
1320 106.457123
1321 107.526360
1322 112.250152
1323 106.637356
1324 109.652276
1325 105.935062
1326 106.259505
1327 109.932585
1328 108.718419
1329 107.136743
1330 109.693030
1331 107.902120
1332 107.825284
1333 111.581986
1334 108.960496
1335 111.877710
1336 110.507226
1337 107.600932
1338 107.357958
1339 106.316038
1340 110.228423
1341 108.293882
1342 111.146656
1343 111.096367
1344 112.895500
1345 107.981755
1346 107.987444
1347 110.863120
1348 108.321571
1349 107.502288
1350 107.624382
1351 106.866564
1352 107.874736
1353 108.527065
1354 110.651120
1355 109.548859
1356 107.942109
1357 106.494314
1358 111.265662
1359 109.213309
1360 107.383960
1361 106.413682
1362 109.566066
1363 110.767156
1364 110.721403
1365 109.255635
1366 107.661212
1367 107.176758
1368 110.159812
1369 110.219090
1370 107.700476
1371 108.014237
1372 109.886404
1373 110.097231
1374 110.271979
1375 110.477531
1376 109.078948
1377 107.417109
1378 110.136623
1379 109.787969
1380 111.605787
1381 106.730553
1382 110.591348
1383 105.002963
1384 105.098600
1385 103.461364
1386 105.533995
1387 108.056307
1388 105.153484
1389 107.873704
1390 110.361541
1391 104.020304
1392 104.637368
1393 109.501547
1394 108.429774
1395 109.130711
1396 113.413292
1397 109.174220
1398 109.819056
1399 106.273012
1400 107.956199
1401 108.350953
1402 109.724484
1403 108.417928
1404 109.109561
1405 109.154941
1406 111.280749
1407 107.787738
1408 106.230082
1409 110.292003
1410 112.207240
1411 108.439737
1412 109.233215
1413 109.926250
1414 110.806311
1415 109.516812
1416 110.085345
1417 108.682852
1418 109.345750
1419 110.084699
1420 108.585042
1421 110.261888
1422 109.253586
1423 109.219374
1424 109.609640
1425 104.751993
1426 105.451323
1427 108.024449
1428 109.591898
1429 109.937974
1430 109.414359
1431 108.084696
1432 109.437134
1433 109.895432
1434 109.322727
1435 108.165535
1436 107.974115
1437 107.976868
1438 108.513963
1439 108.013269
1440 108.429213
1441 110.016034
1442 109.984716
1443 107.772647
1444 104.294976
1445 108.145499
1446 107.118968
1447 106.923180
1448 109.125772
1449 106.065652
1450 108.997074
1451 109.849136
1452 111.493701
1453 108.412414
1454 108.889483
1455 104.591873
1456 111.465636
1457 108.988969
1458 110.479760
1459 108.174486
1460 109.334797
1461 110.079856
1462 110.608734
1463 110.546560
1464 109.389236
1465 109.116841
1466 110.412141
1467 109.183351
1468 108.351042
1469 111.569439
1470 109.342209
1471 109.002073
1472 108.110529
1473 109.406233
1474 109.122299
1475 109.998124
1476 109.148857
1477 109.093639
1478 113.391499
1479 111.214608
1480 108.071574
1481 110.386928
1482 107.925250
1483 110.185518
1484 109.969106
1485 108.410124
1486 109.984311
1487 107.833578
1488 109.314840
1489 103.956584
1490 109.464772
1491 107.696287
1492 106.674601
1493 108.637846
1494 104.462468
1495 105.360714
1496 108.650939
1497 110.607779
1498 109.296093
1499 109.248977
1500 108.000706
1501 106.557946
1502 107.964883
1503 109.687799
1504 109.542922
1505 107.727780
1506 111.741349
1507 104.921289
1508 109.855430
1509 109.746771
1510 110.657878
1511 111.322465
1512 109.727372
1513 108.730156
1514 106.286348
1515 111.222867
1516 108.895646
1517 107.840153
1518 108.340917
1519 108.533964
1520 108.451876
1521 108.510807
1522 104.561548
1523 106.437225
1524 104.448018
1525 107.721469
1526 109.786389
1527 110.828527
1528 110.279229
1529 110.488955
1530 110.948599
1531 105.350622
1532 106.213211
1533 110.592633
1534 111.745354
1535 108.097180
1536 107.607877
1537 104.778989
1538 106.837048
1539 107.000984
1540 107.524328
1541 108.265519
1542 105.458618
1543 109.086201
1544 109.681283
1545 110.039596
1546 107.467226
1547 105.120148
1548 106.841836
1549 106.530998
1550 108.472256
1551 107.486679
1552 106.412430
1553 110.450454
1554 105.166237
1555 106.447819
1556 106.070976
1557 113.271128
1558 106.388413
1559 109.072970
1560 109.128362
1561 109.668240
1562 108.868169
1563 109.361221
1564 109.388652
1565 110.833200
1566 104.579596
1567 110.248856
1568 109.042192
1569 105.740647
1570 106.288844
1571 104.341618
1572 106.316685
1573 108.118077
1574 104.562571
1575 104.897141
1576 104.795384
1577 107.880049
1578 108.700417
1579 105.662275
1580 106.013063
1581 106.516068
1582 104.195606
1583 111.519838
1584 105.651913
1585 108.401099
1586 107.164194
1587 105.256205
1588 106.353191
1589 105.589411
1590 109.008960
1591 109.018356
1592 109.297478
1593 111.983038
1594 108.664845
1595 106.143790
1596 105.267733
1597 107.505228
1598 107.515188
1599 103.029148
1600 105.999955
1601 108.286661
1602 108.503542
1603 107.417743
1604 107.367483
1605 103.896109
1606 110.870224
1607 106.168621
1608 109.804036
1609 106.803235
1610 102.557886
1611 106.621456
1612 106.607783
1613 106.676587
1614 105.201626
1615 106.239236
1616 102.485548
1617 110.991852
1618 106.833671
1619 105.519989
1620 108.600481
1621 108.704884
1622 105.999947
1623 107.305575
1624 106.347904
1625 103.695336
1626 106.173293
1627 106.437864
1628 105.419650
1629 103.483738
1630 103.102106
1631 102.808988
1632 105.934991
1633 109.212587
1634 102.362143
1635 105.589012
1636 105.449036
1637 106.331004
1638 105.839046
1639 108.010823
1640 105.522780
1641 106.327535
1642 103.192348
1643 106.029555
1644 108.247054
1645 108.003330
1646 104.436620
1647 103.455794
1648 106.787759
1649 106.543291
1650 110.117094
1651 106.718285
1652 107.529420
1653 108.369274
1654 105.695418
1655 105.526323
1656 108.154126
1657 106.947562
1658 107.142007
1659 110.464672
1660 105.793577
1661 104.915489
1662 107.081570
1663 106.589268
1664 107.332324
1665 105.836033
1666 105.905270
1667 105.677363
1668 106.867469
1669 103.608612
1670 107.633277
1671 105.126269
1672 105.753634
1673 103.988923
1674 104.950269
1675 104.659299
1676 106.985946
1677 105.149518
1678 104.892897
1679 109.275676
1680 103.998970
1681 105.807557
1682 105.296624
1683 106.903565
1684 107.804435
1685 105.917419
1686 106.347852
1687 105.913200
1688 107.799246
1689 107.038864
1690 105.293388
1691 106.623942
1692 104.030564
1693 104.366188
1694 107.516873
1695 106.947285
1696 105.954150
1697 107.096982
1698 106.817988
1699 107.163288
1700 103.495504
1701 107.753763
1702 101.527427
1703 108.576815
1704 107.829708
1705 105.909666
1706 106.427353
1707 106.429965
1708 106.041388
1709 106.779131
1710 104.912779
1711 106.387820
1712 106.217538
1713 105.538411
1714 106.481197
1715 107.295457
1716 106.969681
1717 103.046364
1718 107.716509
1719 104.802119
1720 105.192933
1721 107.180402
1722 108.097493
1723 106.873166
1724 104.552758
1725 105.996840
1726 106.350156
1727 104.876125
1728 102.909531
1729 106.059680
1730 107.108010
1731 103.169697
1732 106.693089
1733 107.392344
1734 105.787200
1735 105.926425
1736 104.994997
1737 105.337652
1738 109.428270
1739 106.681568
1740 103.419441
1741 109.111641
1742 104.729450
1743 103.252494
1744 106.533893
1745 106.831788
1746 106.596291
1747 104.703737
1748 107.391193
1749 105.108661
1750 107.822757
1751 106.577430
1752 106.988789
1753 104.826333
1754 107.212336
1755 107.651363
1756 105.635585
1757 107.139159
1758 102.175648
1759 109.095997
1760 107.549105
1761 107.583057
1762 105.040045
1763 108.556998
1764 105.488600
1765 105.226735
1766 101.897455
1767 106.941267
1768 104.091388
1769 104.149420
1770 103.372927
1771 105.514874
1772 106.569168
1773 106.413834
1774 103.341097
1775 108.174878
1776 107.092410
1777 108.158329
1778 102.419992
1779 104.214399
1780 103.633970
1781 106.359178
1782 106.980825
1783 107.744376
1784 105.562250
1785 106.237442
1786 103.549874
1787 105.883527
1788 105.939741
1789 106.307217
1790 106.934929
1791 103.448303
1792 105.411764
1793 106.684545
1794 109.318514
1795 103.524647
1796 105.324955
1797 104.923587
1798 107.769176
1799 106.699624
1800 103.708006
1801 105.263527
1802 105.930419
1803 108.165705
1804 106.139156
1805 102.482464
1806 104.147769
1807 106.960539
1808 100.794264
1809 106.197509
1810 108.268874
1811 102.721550
1812 108.073734
1813 105.103743
1814 104.594253
1815 104.790570
1816 108.231453
1817 104.630767
1818 107.706179
1819 105.795783
1820 106.263518
1821 105.439362
1822 103.442779
1823 107.280888
1824 106.470500
1825 106.261341
1826 103.409582
1827 104.570668
1828 107.332343
1829 105.680449
1830 106.035100
1831 107.274490
1832 106.407753
1833 106.531361
1834 104.793592
1835 103.314555
1836 106.825388
1837 103.486171
1838 105.202925
1839 107.783940
1840 106.050817
1841 107.387939
1842 105.554468
1843 106.341947
1844 107.566495
1845 102.006389
1846 102.203879
1847 104.722395
1848 106.334983
1849 102.138934
1850 105.831305
1851 101.107575
1852 106.716094
1853 105.809362
1854 105.356295
1855 103.017438
1856 107.352155
1857 107.128389
1858 105.927884
1859 106.820345
1860 104.253065
1861 102.529568
1862 105.624438
1863 108.818088
1864 104.165426
1865 105.969878
1866 107.008359
1867 101.365176
1868 105.599935
1869 103.624628
1870 103.009240
1871 104.164172
1872 102.794541
1873 102.358403
1874 103.536983
1875 104.280852
1876 102.958901
1877 101.090875
1878 107.402643
1879 105.702622
1880 108.244462
1881 103.877143
1882 105.805296
1883 105.986914
1884 106.157143
1885 107.405872
1886 105.823812
1887 105.878686
1888 106.067024
1889 109.488610
1890 109.101289
1891 107.701775
1892 106.744787
1893 102.371374
1894 105.321442
1895 103.529208
1896 102.088915
1897 101.441971
1898 103.081404
1899 105.197086
1900 104.257668
1901 104.546349
1902 100.165829
1903 104.200002
1904 105.165743
1905 103.065709
1906 104.043711
1907 104.365853
1908 104.149545
1909 102.529108
1910 106.225213
1911 103.576977
1912 102.649919
1913 107.613447
1914 101.774340
1915 103.469677
1916 105.220334
1917 105.381264
1918 103.730589
1919 106.008384
1920 105.964697
1921 103.196923
1922 105.104864
1923 101.023594
1924 108.876666
1925 103.550563
1926 101.067280
1927 103.088519
1928 105.392481
1929 105.325155
1930 101.469987
1931 107.116578
1932 106.293644
1933 101.802437
1934 106.022251
1935 103.273075
1936 106.444458
1937 102.212911
1938 107.631885
1939 102.638597
1940 100.746673
1941 102.424800
1942 103.444799
1943 98.546693
1944 105.170125
1945 106.139939
1946 104.155292
1947 103.019250
1948 103.279586
1949 104.878400
1950 105.084181
1951 105.846135
1952 107.632788
1953 106.466236
1954 103.881370
1955 104.757222
1956 104.972598
1957 107.101259
1958 105.394475
1959 106.403318
1960 105.955198
1961 109.234511
1962 109.427784
1963 105.575160
1964 106.854138
1965 107.804620
1966 108.575815
1967 109.938212
1968 107.134032
1969 104.595753
1970 106.312008
1971 108.977752
1972 109.943817
1973 112.039981
1974 108.145809
1975 106.021509
1976 109.041993
1977 105.896829
1978 109.056660
1979 105.456679
1980 108.341059
1981 106.221687
1982 104.987727
1983 109.285415
1984 103.815234
1985 106.595745
1986 105.514619
1987 106.939654
1988 108.261796
1989 103.555636
1990 106.467413
1991 106.800980
1992 106.827579
1993 105.868141
1994 107.569694
1995 107.328122
1996 105.377756
1997 102.761445
1998 108.167342
1999 109.586696
2000 108.175039
2001 100.894251
2002 105.723775
2003 103.123644
2004 99.949472
2005 104.633459
2006 107.817471
2007 106.351622
2008 105.336453
2009 107.048431
2010 107.676748
2011 107.890751
2012 107.513242
2013 104.984754
2014 109.958913
2015 107.345101
2016 105.098278
2017 108.982170
2018 107.232441
2019 111.447627
2020 105.776955
2021 105.342030
2022 107.507081
2023 107.344584
2024 109.099384
2025 106.099701
2026 106.642004
2027 105.664370
2028 111.320713
2029 102.965425
2030 103.817273
2031 108.855948
2032 107.397459
2033 108.201653
2034 105.260883
2035 106.105095
2036 103.556765
2037 107.755460
2038 109.434772
2039 103.701293
2040 109.215648
2041 108.745146
2042 108.211050
2043 106.186399
2044 103.772325
2045 104.649179
2046 107.279677
2047 106.366695
2048 103.988762
2049 109.358262
2050 104.069382
2051 109.125848
2052 106.425453
2053 107.150956
2054 110.051736
2055 107.871204
2056 107.259835
2057 103.371232
2058 104.571568
2059 105.740082
2060 104.122892
2061 105.551989
2062 104.310583
2063 102.157456
2064 105.531711
2065 110.919246
2066 108.394237
2067 107.795811
2068 105.058585
2069 105.124831
2070 107.609795
2071 107.328588
2072 105.182794
2073 106.601345
2074 108.610903
2075 107.245032
2076 107.754321
2077 108.607986
2078 106.053186
2079 103.815513
2080 107.961255
2081 109.730766
2082 108.819060
2083 108.379505
2084 106.112200
2085 104.765084
2086 105.449238
2087 108.675499
2088 106.959497
2089 109.350478
2090 108.625817
2091 108.716199
2092 101.140405
2093 106.687509
2094 108.007572
2095 108.174140
2096 107.152449
2097 109.955247
2098 104.858698
2099 107.386266
2100 107.746712
2101 108.391208
2102 108.519871
2103 106.218812
2104 107.670336
2105 107.594003
2106 106.062132
2107 105.068254
2108 104.402611
2109 105.931454
2110 103.982087
2111 106.288157
2112 105.850502
2113 101.151218
2114 109.105934
2115 110.181312
2116 108.588486
2117 105.777964
2118 105.958134
2119 104.709463
2120 108.567571
2121 104.851894
2122 106.651607
2123 105.885310
2124 103.767262
2125 104.448108
2126 105.988347
2127 104.643635
2128 103.992302
2129 104.578434
2130 105.252806
2131 106.230477
2132 105.497721
2133 108.044059
2134 101.516410
2135 106.741245
2136 105.312248
2137 103.901488
2138 103.012018
2139 107.772028
2140 104.268245
2141 108.482798
2142 108.139679
2143 106.895651
2144 108.275331
2145 103.132160
2146 101.886688
2147 104.061767
2148 102.370351
2149 102.647690
2150 103.511737
2151 103.746782
2152 107.203608
2153 104.315251
2154 101.672033
2155 104.234683
2156 105.872218
2157 104.042321
2158 105.606912
2159 105.702441
2160 104.510040
2161 100.882130
2162 105.079784
2163 104.358222
2164 100.776689
2165 102.882570
2166 103.605640
2167 101.657913
2168 108.255804
2169 101.151774
2170 102.563307
2171 104.754899
2172 104.397120
2173 105.396555
2174 106.460504
2175 105.927361
2176 108.033592
2177 103.852398
2178 101.900393
2179 108.374112
2180 104.278189
2181 103.714989
2182 102.733185
2183 105.518413
2184 102.265543
2185 101.307058
2186 104.477432
2187 100.332410
2188 99.781044
2189 101.994766
2190 106.078821
2191 102.800811
2192 106.218598
2193 102.882645
2194 99.890272
2195 104.447174
2196 100.970320
2197 103.093127
2198 106.652464
2199 105.934463
2200 108.788584
2201 105.253820
2202 102.624705
2203 105.214141
2204 102.017367
2205 103.138693
2206 100.043242
2207 101.681799
2208 104.630649
2209 104.319808
2210 101.246334
2211 106.102336
2212 102.955440
2213 100.860709
2214 109.565666
2215 108.898380
2216 103.825224
2217 104.228459
2218 101.344638
2219 104.249130
2220 103.212191
2221 101.904175
2222 104.638888
2223 101.874593
2224 102.562644
2225 106.898307
2226 102.156508
2227 102.800361
2228 104.575417
2229 98.745967
2230 108.151091
2231 106.143600
2232 108.367755
2233 104.996367
2234 102.056413
2235 103.687913
2236 107.593054
2237 106.108166
2238 106.974063
2239 105.967850
2240 101.080913
2241 101.826300
2242 107.436551
2243 101.118478
2244 101.997073
2245 102.858134
2246 102.237222
2247 103.950329
2248 104.058579
2249 102.743973
2250 108.740735
2251 106.688211
2252 105.008417
2253 103.146597
2254 105.256669
2255 106.130608
2256 102.768887
2257 104.434330
2258 102.970958
2259 109.020750
2260 107.945205
2261 108.234843
2262 103.200625
2263 101.768863
2264 107.955530
2265 102.565732
2266 100.725829
2267 106.407330
2268 107.618789
2269 103.485173
2270 106.942254
2271 99.407121
2272 102.717886
2273 101.639809
2274 99.688622
2275 100.009381
2276 103.279695
2277 103.922475
2278 103.156366
2279 102.612409
2280 101.420084
2281 102.312252
2282 103.596607
2283 103.010197
2284 105.167475
2285 104.931505
2286 102.382228
2287 106.811632
2288 108.539191
2289 104.479214
2290 100.970897
2291 109.486992
2292 105.103378
2293 101.210975
2294 102.330098
2295 102.789144
2296 104.903559
2297 102.808005
2298 104.134700
2299 106.784716
2300 101.817070
2301 111.023267
2302 108.096840
2303 107.458062
2304 102.680599
2305 106.966772
2306 103.006459
2307 101.290810
2308 103.842160
2309 103.001469
2310 105.201682
2311 107.254995
2312 108.439229
2313 105.040266
2314 102.473850
2315 102.555713
2316 100.137037
2317 105.097131
2318 102.771435
2319 105.928674
2320 104.723488
2321 101.797389
2322 103.086297
2323 99.763394
2324 103.616628
2325 102.122735
2326 109.399007
2327 105.328351
2328 107.775013
2329 100.572537
2330 108.979129
2331 102.540136
2332 109.122424
2333 107.804636
2334 108.444183
2335 107.442078
2336 104.047937
2337 102.228008
2338 107.320323
2339 103.435389
2340 105.618676
2341 105.408053
2342 107.608761
2343 106.906985
2344 109.175555
2345 107.888209
2346 105.064140
2347 103.754202
2348 103.516875
2349 101.285893
2350 102.321393
2351 99.153604
2352 103.557440
2353 106.638539
2354 107.059236
2355 101.781904
2356 104.451826
2357 99.991295
2358 99.451519
2359 106.445176
2360 106.022560
2361 104.072195
2362 108.886090
2363 105.659563
2364 107.267150
2365 102.960830
2366 102.813824
2367 108.377596
2368 104.418579
2369 104.408571
2370 105.373600
2371 103.169446
2372 106.944633
2373 101.328726
2374 102.510250
2375 100.850642
2376 103.879892
2377 106.522440
2378 102.330322
2379 104.440605
2380 107.817261
2381 103.391354
2382 101.958084
2383 104.907464
2384 106.102833
2385 105.416484
2386 101.500643
2387 100.597386
2388 101.066639
2389 103.157225
2390 101.199066
2391 104.599443
2392 106.158841
2393 104.380054
2394 102.389510
2395 110.010938
2396 100.723574
2397 103.048448
2398 105.346431
2399 102.473365
2400 110.218889
2401 104.656076
2402 104.042766
2403 104.118487
2404 105.127993
2405 108.419507
2406 104.927956
2407 105.242984
2408 106.667210
2409 104.981294
2410 107.402625
2411 104.974879
2412 103.538706
2413 109.120589
2414 104.372770
2415 103.222885
2416 103.422784
2417 102.354248
2418 103.544352
2419 107.268632
2420 99.749013
2421 102.969991
2422 105.664174
2423 103.318566
2424 105.567028
2425 107.785011
2426 104.576475
2427 108.173913
2428 103.730211
2429 105.681689
2430 102.503253
2431 100.091801
2432 109.040700
2433 100.679639
2434 106.233726
2435 100.408726
2436 104.482604
2437 101.421620
2438 103.430435
2439 99.404303
2440 101.387842
2441 102.671552
2442 103.232163
2443 106.469014
2444 102.643424
2445 101.340603
2446 103.160241
2447 97.729002
2448 98.047629
2449 102.689157
2450 104.563897
2451 102.962885
2452 103.430721
2453 96.077101
2454 107.187367
2455 102.516424
2456 106.231260
2457 103.326294
2458 99.431601
2459 99.429032
2460 109.565437
2461 108.697790
2462 104.772326
2463 105.603345
2464 101.996735
2465 105.047544
2466 100.889147
2467 106.380790
2468 100.378260
2469 102.736808
2470 103.214160
2471 99.456833
2472 104.920024
2473 106.533266
2474 101.311590
2475 108.402498
2476 96.067418
2477 104.652735
2478 104.343065
2479 102.221856
2480 103.285981
2481 104.305998
2482 104.043567
2483 99.649923
2484 102.883940
2485 103.179820
2486 103.915088
2487 103.600470
2488 100.669775
2489 106.047822
2490 100.568440
2491 103.154409
2492 105.135707
2493 99.369287
2494 100.848509
2495 103.438381
2496 107.809233
2497 107.627309
2498 106.455208
2499 105.500787
2500 102.647858
2501 103.014947
2502 104.506290
2503 107.935807
2504 103.848354
2505 107.565282
2506 106.159640
2507 99.512774
2508 102.839864
2509 100.474370
2510 100.628773
2511 106.266022
2512 102.062124
2513 103.119421
2514 98.530343
2515 98.358932
2516 104.016733
2517 105.209077
2518 99.445999
2519 101.540641
2520 99.410203
2521 100.535932
2522 97.971183
2523 104.904224
2524 101.121220
2525 102.152378
2526 101.295058
2527 106.660533
2528 104.154155
2529 108.313178
2530 102.584033
2531 103.007256
2532 106.879820
2533 106.831855
2534 96.680737
2535 100.799631
2536 108.273683
2537 100.022525
2538 103.335994
2539 101.767845
2540 98.276021
2541 101.592455
2542 101.746231
2543 105.690249
2544 108.667919
2545 105.594318
2546 100.015854
2547 99.152780
2548 97.898221
2549 102.531912
2550 103.769867
2551 101.687266
2552 104.723352
2553 104.872375
2554 97.336503
2555 102.670673
2556 101.693171
2557 99.652287
2558 103.573119
2559 98.842653
2560 99.602342
2561 102.801158
2562 101.881506
2563 96.962083
2564 98.594653
2565 103.950474
2566 102.138326
2567 101.869999
2568 104.093031
2569 102.489012
2570 101.480922
2571 105.121195
2572 102.547417
2573 98.212512
2574 105.744260
2575 102.338820
2576 101.149192
2577 101.421496
2578 100.537301
2579 104.133492
2580 108.250347
2581 100.587049
2582 105.583281
2583 102.863968
2584 101.436775
2585 101.102428
2586 102.610640
2587 103.441861
2588 102.754283
2589 99.007000
2590 101.356844
2591 103.753168
2592 98.996185
2593 101.769584
2594 102.306564
2595 105.098353
2596 106.866391
2597 99.360425
2598 104.804351
2599 99.911790
2600 102.742490
2601 102.849830
2602 101.548363
2603 103.889362
2604 96.383013
2605 98.594006
2606 99.041526
2607 103.440362
2608 98.115458
2609 99.696001
2610 103.248845
2611 99.795950
2612 101.776314
2613 100.675064
2614 95.978914
2615 101.160099
2616 102.472820
2617 109.070429
2618 104.076165
2619 103.338436
2620 102.350152
2621 101.390645
2622 99.814244
2623 100.087753
2624 109.485500
2625 101.759676
2626 99.056728
2627 103.706119
2628 101.507508
2629 107.980463
2630 98.234084
2631 102.598774
2632 100.155830
2633 102.155682
2634 103.667257
2635 99.468098
2636 105.968720
2637 102.341890
2638 104.100267
2639 100.584319
2640 106.365157
2641 104.401092
2642 100.684460
2643 104.537206
2644 100.831582
2645 102.778233
2646 98.740985
2647 102.687760
2648 101.702177
2649 102.990805
2650 105.473316
2651 107.203532
2652 110.407988
2653 103.385518
2654 107.791746
2655 109.608559
2656 105.339866
2657 102.492091
2658 103.672498
2659 106.902803
2660 108.234179
2661 106.780811
2662 105.988434
2663 106.039366
2664 105.370290
2665 99.466364
2666 102.908992
2667 97.380644
2668 98.924943
2669 100.435202
2670 102.754401
2671 104.609779
2672 98.517466
2673 98.914909
2674 106.067201
2675 99.710037
2676 104.762752
2677 104.140290
2678 101.332294
2679 105.850056
2680 97.970530
2681 105.133984
2682 101.839403
2683 101.577937
2684 101.510499
2685 104.087198
2686 99.770267
2687 103.423587
2688 105.653756
2689 109.240723
2690 102.901721
2691 101.835432
2692 98.520238
2693 101.258220
2694 100.868087
2695 102.198926
2696 101.291669
2697 97.524378
2698 104.287742
2699 98.448259
2700 102.091910
2701 104.911920
2702 104.813306
2703 105.741822
2704 102.361221
2705 106.307700
2706 104.232820
2707 102.557775
2708 108.341813
2709 107.499057
2710 101.370932
2711 108.656624
2712 101.666265
2713 97.995359
2714 103.948685
2715 98.800020
2716 98.190665
2717 104.194964
2718 102.246696
2719 104.435446
2720 99.066100
2721 102.418970
2722 101.362355
2723 103.628381
2724 99.753702
2725 101.671185
2726 100.775114
2727 100.325137
2728 106.517682
2729 102.066165
2730 107.019550
2731 108.277651
2732 104.713232
2733 99.808358
2734 109.448168
2735 99.968929
2736 96.463072
2737 98.625435
2738 106.860461
2739 104.449448
2740 102.999136
2741 104.509492
2742 98.038925
2743 104.877302
2744 103.534276
2745 100.214698
2746 102.716155
2747 102.186044
2748 104.603402
2749 109.014332
2750 101.913326
2751 101.661264
2752 108.951111
2753 102.759535
2754 108.277036
2755 112.237942
2756 109.465963
2757 99.649970
2758 105.024569
2759 101.490891
2760 101.978996
2761 106.086708
2762 101.987805
2763 102.707739
2764 104.714230
2765 100.485016
2766 102.321358
2767 106.203342
2768 104.638936
2769 100.247467
2770 99.848042
2771 99.957989
2772 107.556290
2773 106.594949
2774 98.837576
2775 100.184968
2776 107.276532
2777 112.163273
2778 103.569890
2779 106.237138
2780 101.837284
2781 114.992900
2782 100.980589
2783 102.270128
2784 107.671400
2785 110.197655
2786 108.357378
2787 104.265933
2788 100.546143
2789 108.220052
2790 105.498216
2791 99.413490
2792 105.989278
2793 102.458912
2794 106.160114
2795 104.547255
2796 101.423924
2797 104.424794
2798 103.787883
2799 100.565561
2800 101.605984
2801 109.056249
2802 107.982326
2803 104.174255
2804 99.686937
2805 99.064223
2806 101.497688
2807 106.992661
2808 101.810292
2809 96.824311
2810 102.993945
2811 98.758915
2812 100.901053
2813 103.847343
2814 98.829120
2815 103.716903
2816 103.792214
2817 99.548467
2818 103.512097
2819 95.310296
2820 104.104925
2821 101.066982
2822 101.813932
2823 105.475064
2824 104.422422
2825 107.235273
2826 102.660787
2827 100.919524
2828 99.986869
2829 101.976099
2830 101.144122
2831 98.655068
2832 104.012351
2833 98.734099
2834 103.034980
2835 96.566456
2836 102.637269
2837 100.948655
2838 104.953743
2839 104.473963
2840 98.261648
2841 110.523597
2842 104.047479
2843 98.975378
2844 101.158999
2845 103.176669
2846 104.591428
2847 101.476917
2848 98.469394
2849 107.620639
2850 101.910154
2851 105.140835
2852 101.784823
2853 102.229617
2854 102.295151
2855 104.687052
2856 99.231553
2857 101.220311
2858 103.125655
2859 100.329270
2860 99.567207
2861 102.240902
2862 100.345594
2863 102.355533
2864 102.388832
2865 104.823331
2866 103.260268
2867 99.748450
2868 103.896198
2869 104.547507
2870 104.565380
2871 100.593327
2872 100.933019
2873 98.783438
2874 101.920945
2875 101.166854
2876 109.732183
2877 100.066626
2878 97.800210
2879 100.319817
2880 104.320427
2881 99.371087
2882 101.585902
2883 103.370597
2884 106.171072
2885 103.060521
2886 103.516223
2887 104.666369
2888 101.672729
2889 101.401440
2890 101.386887
2891 99.592475
2892 101.613786
2893 99.761069
2894 101.568372
2895 101.178686
2896 100.739305
2897 97.824885
2898 102.763681
2899 108.501257
2900 100.691299
2901 101.556433
2902 100.926527
2903 105.083791
2904 102.448808
2905 102.779475
2906 100.816240
2907 103.859881
2908 106.093492
2909 98.811298
2910 101.445191
2911 107.210246
2912 98.547310
2913 99.463025
2914 100.354767
2915 101.262559
2916 104.137566
2917 103.996115
2918 103.621634
2919 102.822328
2920 101.513625
2921 103.245598
2922 95.905679
2923 106.961801
2924 104.673366
2925 103.724961
2926 98.249291
2927 103.321320
2928 98.473501
2929 100.912518
2930 101.115276
2931 104.899281
2932 101.359866
2933 101.523592
2934 102.353191
2935 98.393401
2936 102.429218
2937 105.644315
2938 101.188028
2939 98.675764
2940 104.124078
2941 100.949310
2942 99.995982
2943 98.059860
2944 100.888282
2945 100.094592
2946 98.621328
2947 104.559691
2948 101.127368
2949 107.904632
2950 104.932923
2951 99.143079
2952 101.773109
2953 101.308077
2954 102.741969
2955 101.777452
2956 100.480469
2957 96.021636
2958 97.731277
2959 98.754488
2960 97.959066
2961 100.030644
2962 98.751621
2963 108.246227
2964 114.022420
2965 104.776734
2966 100.717282
2967 98.087428
2968 98.839888
2969 97.453843
2970 99.894974
2971 97.350811
2972 102.711265
2973 100.983367
2974 102.842414
2975 97.114274
2976 104.463848
2977 96.780819
2978 100.211282
2979 102.649073
2980 97.215996
2981 99.692978
2982 103.308211
2983 101.896238
2984 101.669474
2985 99.453411
2986 102.065769
2987 101.095458
2988 102.791850
2989 102.789252
2990 99.668913
2991 100.379224
2992 103.307239
2993 99.205758
2994 99.490203
2995 99.479407
2996 101.874128
2997 105.384915
2998 109.178876
2999 99.037671
3000 100.117989
3001 103.150372
3002 102.671327
3003 103.022408
3004 105.726876
3005 102.366449
3006 101.468581
3007 98.811999
3008 100.760143
3009 107.170617
3010 102.161953
3011 98.057686
3012 101.506534
3013 97.072563
3014 100.433193
3015 99.463840
3016 102.390253
3017 103.646709
3018 98.996425
3019 106.641456
3020 106.364720
3021 97.183453
3022 106.708548
3023 99.358141
3024 99.591703
3025 109.300175
3026 103.033586
3027 106.247038
3028 106.524886
3029 99.622462
3030 102.686243
3031 99.708391
3032 103.337028
3033 101.693799
3034 100.845920
3035 102.881721
3036 107.766312
3037 106.520562
3038 107.561326
3039 101.895587
3040 106.477647
3041 101.446810
3042 101.281965
3043 95.905460
3044 101.538741
3045 99.333800
3046 107.323455
3047 105.888760
3048 117.397046
3049 103.838557
3050 102.539495
3051 108.716230
3052 103.189698
3053 108.779830
3054 100.120646
3055 99.897404
3056 107.182820
3057 100.624139
3058 99.907737
3059 102.570694
3060 104.793052
3061 102.605909
3062 99.987319
3063 107.331753
3064 102.914465
3065 101.465873
3066 103.879680
3067 107.086975
3068 110.865273
3069 102.045126
3070 93.679976
3071 103.748492
3072 103.592749
3073 104.507106
3074 102.079311
3075 103.368779
3076 110.581536
3077 99.815867
3078 102.999153
3079 102.422262
3080 103.386616
3081 104.851094
3082 97.108417
3083 102.969736
3084 102.786726
3085 104.240914
3086 106.056775
3087 103.721712
3088 106.722788
3089 104.348899
3090 111.014200
3091 106.234913
3092 112.273584
3093 106.583148
3094 99.856814
3095 99.156234
3096 103.408381
3097 106.128610
3098 98.579336
3099 102.815760
3100 101.967610
3101 104.450850
3102 101.720751
3103 103.798013
3104 106.097298
3105 97.874094
3106 106.689516
3107 103.727623
3108 101.672896
3109 101.609689
3110 99.231024
3111 102.042739
3112 99.442298
3113 101.921814
3114 96.821668
3115 105.945635
3116 105.256444
3117 111.389093
3118 101.388268
3119 99.196731
3120 99.999986
3121 98.494070
3122 100.715689
3123 108.290287
3124 102.270674
3125 101.698019
3126 106.268450
3127 111.453805
3128 102.988910
3129 100.769920
3130 104.676022
3131 100.199375
3132 105.921608
3133 111.086175
3134 95.848425
3135 103.401244
3136 99.454023
3137 106.381458
3138 102.129114
3139 105.511048
3140 99.698275
3141 100.536065
3142 104.081709
3143 107.494646
3144 101.860915
3145 105.120049
3146 107.876762
3147 103.300132
3148 102.599539
3149 117.226990
3150 105.417551
3151 103.663300
3152 100.955903
3153 106.284673
3154 103.511738
3155 96.935278
3156 102.886507
3157 104.881112
3158 101.144069
3159 99.787712
3160 102.726978
3161 101.945603
3162 106.546872
3163 97.623370
3164 103.547086
3165 103.635266
3166 105.359307
3167 100.273786
3168 102.978787
3169 101.000567
3170 97.470327
3171 104.346531
3172 100.086169
3173 106.269039
3174 101.283397
3175 112.676398
3176 105.866543
3177 100.176019
3178 107.739412
3179 101.166168
3180 108.715534
3181 101.401406
3182 100.737460
3183 98.553550
3184 106.264081
3185 98.180518
3186 106.423552
3187 105.373277
3188 97.714110
3189 113.086033
3190 104.609063
3191 105.345101
3192 99.262023
3193 98.937146
3194 102.582444
3195 98.695002
3196 104.939605
3197 96.243906
3198 95.665965
3199 103.734839
3200 94.747249
3201 107.540860
3202 102.931345
3203 108.092470
3204 106.199222
3205 101.188399
3206 96.741898
3207 103.676234
3208 99.220288
3209 98.529558
3210 97.985237
3211 103.382664
3212 98.016487
3213 103.244531
3214 93.034280
3215 98.592546
3216 102.705817
3217 102.518258
3218 106.855360
3219 103.658852
3220 100.039968
3221 110.705787
3222 104.845731
3223 105.966455
3224 102.304597
3225 99.380988
3226 106.078905
3227 102.328174
3228 101.629338
3229 103.718371
3230 104.785456
3231 102.490199
3232 102.256029
3233 101.821812
3234 100.832078
3235 105.453448
3236 101.351434
3237 104.879848
3238 98.629570
3239 106.302697
3240 100.772731
3241 100.221865
3242 95.212842
3243 103.069168
3244 99.598061
3245 109.437623
3246 97.353546
3247 100.524728
3248 104.285484
3249 99.660220
3250 99.807055
3251 97.693047
3252 97.342853
3253 102.741724
3254 103.059449
3255 104.202168
3256 99.165463
3257 100.738275
3258 102.158581
3259 104.767511
3260 104.129207
3261 101.416877
3262 99.889000
3263 106.301035
3264 108.826434
3265 109.284227
3266 101.250189
3267 97.452898
3268 103.726877
3269 105.960620
3270 111.146558
3271 105.334386
3272 105.126289
3273 95.179127
3274 103.259223
3275 110.799771
3276 102.229653
3277 102.280344
3278 103.336851
3279 102.102229
3280 109.156225
3281 103.197088
3282 106.695402
3283 113.791400
3284 108.180901
3285 103.592821
3286 98.179379
3287 101.462670
3288 100.348585
3289 107.116086
3290 104.190019
3291 103.557870
3292 99.263549
3293 104.433268
3294 100.577513
3295 109.746699
3296 105.392833
3297 104.902843
3298 105.517692
3299 107.321113
3300 98.964001
3301 99.742373
3302 105.519639
3303 106.258905
3304 103.425330
3305 104.000011
3306 102.174191
3307 107.217435
3308 104.875376
3309 95.336631
3310 107.786398
3311 104.884202
3312 101.319433
3313 102.210363
3314 100.170992
3315 100.274759
3316 104.272369
3317 106.082111
3318 101.567284
3319 105.857532
3320 99.273622
3321 109.999949
3322 102.778439
3323 104.115676
3324 101.817309
3325 103.880009
3326 96.761609
3327 97.579095
3328 112.809631
3329 102.591219
3330 104.695235
3331 105.389683
3332 106.151036
3333 100.979403
3334 95.943026
3335 98.063922
3336 102.015451
3337 98.676249
3338 102.041215
3339 102.833277
3340 103.201265
3341 98.999629
3342 97.574504
3343 99.948521
3344 99.434333
3345 97.370770
3346 102.430060
3347 98.689350
3348 98.366828
3349 100.516068
3350 103.296210
3351 102.715772
3352 103.928194
3353 97.227495
3354 103.746717
3355 98.615775
3356 108.097273
3357 104.897597
3358 108.641410
3359 102.621932
3360 99.701828
3361 103.498976
3362 101.277727
3363 106.642185
3364 97.443296
3365 97.635463
3366 108.865030
3367 105.692000
3368 97.184452
3369 96.146702
3370 97.918823
3371 102.512639
3372 101.465874
3373 97.425027
3374 100.162167
3375 106.853177
3376 103.753142
3377 112.430170
3378 102.600665
3379 105.883682
3380 99.326085
3381 101.247393
3382 98.632223
3383 100.500723
3384 101.016115
3385 106.514861
3386 104.487117
3387 103.149235
3388 103.926089
3389 101.437250
3390 99.753286
3391 102.677058
3392 95.727298
3393 105.022393
3394 103.901422
3395 108.896962
3396 103.750303
3397 100.227302
3398 98.121221
3399 107.074533
3400 100.572064
3401 97.550984
3402 102.557054
3403 100.330746
3404 100.845487
3405 108.271201
3406 104.208093
3407 101.365121
3408 96.190852
3409 107.346516
3410 105.328303
3411 95.006996
3412 101.612563
3413 99.948791
3414 103.846507
3415 102.496732
3416 100.508139
3417 107.135435
3418 106.092260
3419 96.147502
3420 104.217268
3421 100.833089
3422 98.850447
3423 108.544617
3424 99.087662
3425 111.899850
3426 101.916871
3427 105.151484
3428 106.219568
3429 113.134155
3430 105.430351
3431 108.446634
3432 102.940265
3433 96.935086
3434 101.607068
3435 103.750712
3436 106.743617
3437 99.984179
3438 102.528855
3439 102.082825
3440 104.036128
3441 103.212954
3442 99.822985
3443 97.473912
3444 100.774432
3445 96.143939
3446 100.423257
3447 102.386271
3448 99.557518
3449 98.177088
3450 102.836492
3451 106.130830
3452 111.647919
3453 102.470924
3454 103.866739
3455 110.289855
3456 102.574128
3457 102.075664
3458 101.106849
3459 109.390819
3460 104.811816
3461 104.843974
3462 113.454984
3463 102.080819
3464 101.610382
3465 104.141600
3466 104.112509
3467 105.762280
3468 101.580407
3469 99.762524
3470 102.627961
3471 102.603535
3472 109.128391
3473 104.820112
3474 102.977865
3475 106.154322
3476 99.649121
3477 98.698850
3478 103.104984
3479 97.492571
3480 102.831030
3481 108.196712
3482 102.111194
3483 98.619943
3484 97.003776
3485 95.409860
3486 107.789242
3487 107.913995
3488 102.119727
3489 112.555580
3490 101.454313
3491 95.489080
3492 99.062236
3493 106.795316
3494 98.337046
3495 115.691187
3496 103.561412
3497 105.772986
3498 99.587734
3499 108.294853
3500 104.537186
3501 101.016888
3502 107.672344
3503 104.490331
3504 101.869604
3505 99.789333
3506 106.212425
3507 102.213484
3508 99.672573
3509 100.167257
3510 100.296673
3511 99.254994
3512 101.855912
3513 109.471557
3514 100.663951
3515 94.285921
3516 97.847941
3517 100.144750
3518 98.409369
3519 108.071173
3520 101.996921
3521 101.076008
3522 101.048014
3523 111.277207
3524 97.156597
3525 101.622033
3526 99.903973
3527 103.164549
3528 94.646543
3529 100.091803
3530 97.090765
3531 106.163836
3532 100.057763
3533 104.637858
3534 102.569663
3535 104.054361
3536 108.825034
3537 105.024975
3538 111.048402
3539 109.941341
3540 100.251527
3541 107.886370
3542 99.358820
3543 101.912590
3544 101.578967
3545 97.563627
3546 98.185719
3547 99.448456
3548 99.634145
3549 101.242203
3550 100.323037
3551 108.112783
3552 100.010046
3553 99.875715
3554 105.320409
3555 108.650623
3556 107.150804
3557 106.328767
3558 99.069541
3559 106.487187
3560 100.217098
3561 108.481950
3562 105.216178
3563 103.953149
3564 96.876105
3565 97.071475
3566 99.469148
3567 107.355624
3568 98.103784
3569 100.409090
3570 102.831170
3571 106.624592
3572 103.951737
3573 101.012218
3574 101.063305
3575 105.982620
3576 101.987159
3577 109.843769
3578 109.447891
3579 97.570118
3580 96.869244
3581 98.644913
3582 94.748221
3583 99.510779
3584 101.590521
3585 102.323688
3586 96.716646
3587 96.755446
3588 101.829139
3589 100.534831
3590 100.298619
3591 101.496520
3592 103.742982
3593 103.008923
3594 104.936151
3595 103.368461
3596 113.743120
3597 99.490909
3598 105.410142
3599 99.784035
3600 101.402319
3601 98.644100
3602 103.749712
3603 98.917750
3604 103.506690
3605 107.677827
3606 106.323428
3607 103.119398
3608 106.393465
3609 108.103210
3610 99.210720
3611 107.088293
3612 105.253618
3613 95.927981
3614 99.861791
3615 100.487323
3616 106.084011
3617 95.069252
3618 102.141346
3619 106.093082
3620 97.211042
3621 101.866184
3622 99.792226
3623 109.810373
3624 104.593838
3625 101.491885
3626 99.670219
3627 98.826750
3628 97.258210
3629 101.107655
3630 101.976262
3631 106.628594
3632 95.883176
3633 101.493455
3634 105.396610
3635 97.194817
3636 104.082837
3637 98.647656
3638 99.213177
3639 102.409192
3640 102.023964
3641 95.389367
3642 106.720039
3643 100.417165
3644 99.714660
3645 103.596317
3646 108.611856
3647 97.444855
3648 108.365266
3649 100.943003
3650 98.784489
3651 100.478651
3652 101.863049
3653 103.986803
3654 104.561745
3655 106.536012
3656 96.079925
3657 96.978642
3658 101.216090
3659 98.469514
3660 98.475785
3661 103.043628
3662 101.171833
3663 102.198911
3664 101.584613
3665 96.821929
3666 106.186648
3667 98.778137
3668 106.653172
3669 105.641747
3670 103.832226
3671 101.474441
3672 97.207170
3673 96.148861
3674 101.046167
3675 98.796913
3676 105.821786
3677 103.103830
3678 101.524859
3679 106.187112
3680 105.730937
3681 100.114652
3682 102.381114
3683 100.975270
3684 98.427045
3685 101.842653
3686 100.552174
3687 104.958729
3688 102.362026
3689 96.491840
3690 102.990918
3691 98.950092
3692 104.750292
3693 104.000292
3694 108.715787
3695 99.577706
3696 103.354239
3697 105.516048
3698 99.927999
3699 100.847359
3700 102.482926
3701 110.022782
3702 102.775134
3703 100.394750
3704 104.265381
3705 98.760282
3706 101.892344
3707 106.176187
3708 97.884690
3709 104.928902
3710 101.385188
3711 101.806114
3712 100.048869
3713 109.357680
3714 100.774279
3715 96.166437
3716 104.043764
3717 96.850237
3718 99.034197
3719 99.872591
3720 108.758046
3721 100.772253
3722 103.076980
3723 103.336327
3724 103.242802
3725 95.612786
3726 105.619803
3727 97.856767
3728 101.560558
3729 107.989203
3730 104.489434
3731 102.804823
3732 98.313142
3733 98.511711
3734 100.233069
3735 99.632693
3736 93.548582
3737 96.915436
3738 99.988408
3739 103.706097
3740 107.398451
3741 99.655159
3742 111.232679
3743 102.695220
3744 107.700657
3745 103.532655
3746 101.693824
3747 102.336995
3748 96.504607
3749 103.075551
3750 103.216203
3751 110.056208
3752 101.401402
3753 103.416911
3754 101.794841
3755 101.068692
3756 100.069542
3757 100.229429
3758 98.742786
3759 100.260701
3760 99.155257
3761 103.328108
3762 99.251613
3763 100.464032
3764 99.999005
3765 95.326834
3766 104.836280
3767 97.169408
3768 106.604891
3769 100.639267
3770 101.893498
3771 96.294626
3772 94.840646
3773 102.437898
3774 97.999107
3775 102.242788
3776 103.930774
3777 109.774894
3778 100.143931
3779 101.102706
3780 99.692340
3781 99.064972
3782 105.354805
3783 99.396307
3784 97.629354
3785 96.863455
3786 97.665718
3787 98.682930
3788 102.805877
3789 98.612749
3790 103.189852
3791 107.996658
3792 104.284684
3793 96.512016
3794 104.168623
3795 100.697025
3796 94.645880
3797 111.308695
3798 101.511733
3799 104.130470
3800 105.895159
3801 96.341886
3802 105.393379
3803 109.190604
3804 102.204323
3805 113.286576
3806 106.410405
3807 95.716936
3808 108.754787
3809 94.797162
3810 100.904470
3811 93.074763
3812 94.392281
3813 96.871195
3814 103.416836
3815 102.700647
3816 103.055634
3817 102.544674
3818 103.129605
3819 101.068260
3820 95.753327
3821 99.965252
3822 102.771056
3823 104.988867
3824 106.774866
3825 102.865450
3826 103.396898
3827 102.247967
3828 104.739082
3829 100.897085
3830 103.000722
3831 99.747967
3832 95.373214
3833 99.018120
3834 104.397588
3835 103.408456
3836 98.591400
3837 101.480252
3838 98.889965
3839 97.624669
3840 107.043619
3841 108.539944
3842 98.623682
3843 103.521045
3844 102.194803
3845 102.848671
3846 105.126787
3847 101.115460
3848 96.673013
3849 101.867461
3850 100.526296
3851 98.763901
3852 104.840914
3853 106.534857
3854 98.226765
3855 105.986528
3856 103.167217
3857 108.763684
3858 109.127514
3859 99.433263
3860 100.485562
3861 95.533682
3862 100.870893
3863 104.633432
3864 109.424192
3865 98.329675
3866 106.356939
3867 101.434366
3868 103.461755
3869 96.686239
3870 106.003544
3871 100.497913
3872 96.818840
3873 97.196832
3874 105.327429
3875 96.106119
3876 108.722116
3877 102.986344
3878 101.130867
3879 111.127653
3880 93.879531
3881 108.087582
3882 105.220243
3883 96.910343
3884 98.311136
3885 107.453864
3886 100.580169
3887 99.715009
3888 97.416203
3889 102.751961
3890 95.642507
3891 100.036077
3892 106.409331
3893 103.252885
3894 95.771945
3895 104.288552
3896 105.740193
3897 100.527636
3898 102.531698
3899 101.943349
3900 103.931041
3901 103.874285
3902 107.282317
3903 104.599873
3904 102.525147
3905 98.301894
3906 100.226413
3907 103.380426
3908 106.477505
3909 99.931242
3910 99.206059
3911 105.216776
3912 105.897747
3913 100.612330
3914 101.757940
3915 104.668518
3916 98.987817
3917 101.663391
3918 97.319245
3919 110.187679
3920 96.793620
3921 98.091583
3922 105.300590
3923 105.593843
3924 98.822956
3925 103.409952
3926 101.154502
3927 100.264880
3928 95.770098
3929 102.363955
3930 96.359555
3931 105.160178
3932 112.117814
3933 105.589179
3934 96.875966
3935 104.016856
3936 100.781422
3937 104.938477
3938 104.359408
3939 103.289344
3940 102.866407
3941 105.861056
3942 102.851501
3943 100.136742
3944 103.895357
3945 107.219589
3946 98.137776
3947 109.664185
3948 102.960489
3949 98.368126
3950 101.227373
3951 98.512361
3952 97.030582
3953 100.772770
3954 99.299474
3955 100.997817
3956 99.923843
3957 105.642401
3958 100.516164
3959 103.235354
3960 98.028197
3961 107.326752
3962 103.739380
3963 101.025273
3964 104.970911
3965 101.453973
3966 105.348419
3967 99.898480
3968 102.926763
3969 98.807589
3970 99.547484
3971 102.499155
3972 101.283568
3973 100.550947
3974 102.263887
3975 99.710341
3976 112.853536
3977 94.204115
3978 97.599945
3979 102.770854
3980 100.219101
3981 102.635263
3982 102.596849
3983 103.529223
3984 100.549302
3985 108.373772
3986 99.772445
3987 99.593448
3988 93.176103
3989 99.758527
3990 95.218282
3991 98.916104
3992 100.430786
3993 100.288802
3994 107.712354
3995 98.472270
3996 97.629891
3997 101.922214
3998 101.236298
3999 102.745869
4000 103.824289
4001 98.378700
4002 106.889911
4003 95.485828
4004 97.956363
4005 102.884778
4006 109.891745
4007 111.466544
4008 101.372442
4009 105.837249
4010 98.597275
4011 96.873616
4012 104.121723
4013 109.104859
4014 95.146632
4015 97.693382
4016 107.074544
4017 100.136536
4018 106.257948
4019 107.684708
4020 97.410786
4021 97.823300
4022 99.117490
4023 105.226743
4024 103.963983
4025 98.504770
4026 97.212656
4027 104.531260
4028 100.711437
4029 96.462055
4030 102.679828
4031 108.300067
4032 104.259549
4033 96.774438
4034 98.859273
4035 107.315916
4036 100.188778
4037 98.975434
4038 100.027211
4039 98.200844
4040 107.364589
4041 108.678281
4042 100.755459
4043 101.010669
4044 97.564605
4045 111.593426
4046 97.532865
4047 111.496686
4048 100.033701
4049 103.117846
4050 100.436701
4051 100.296817
4052 105.652084
4053 96.988995
4054 100.619384
4055 99.170313
4056 108.009664
4057 99.342804
4058 103.263216
4059 99.772741
4060 102.552366
4061 92.535847
4062 108.219370
4063 98.429149
4064 106.588142
4065 105.275359
4066 102.029934
4067 101.781176
4068 98.145166
4069 102.467709
4070 98.207781
4071 97.235656
4072 103.498261
4073 101.048822
4074 100.452344
4075 97.908681
4076 95.674993
4077 103.394731
4078 100.552517
4079 101.523103
4080 101.680513
4081 104.740835
4082 100.929026
4083 101.851606
4084 106.144072
4085 113.900473
4086 101.273567
4087 95.863222
4088 112.344785
4089 110.273888
4090 111.504984
4091 103.216057
4092 104.134055
4093 96.731030
4094 97.751736
4095 96.599526
4096 107.557578
4097 107.024287
4098 101.270575
4099 99.742297
4100 104.192164
4101 97.187874
4102 98.807755
4103 102.040240
4104 96.341349
4105 113.116214
4106 98.637980
4107 97.768038
4108 99.165187
4109 100.122398
4110 99.563912
4111 101.586047
4112 95.500297
4113 101.286249
4114 105.259222
4115 100.101129
4116 100.426436
4117 102.586120
4118 106.092054
4119 101.933197
4120 99.669456
4121 100.009075
4122 95.244261
4123 105.014032
4124 100.230145
4125 97.738634
4126 96.137470
4127 104.778784
4128 111.693559
4129 98.064005
4130 101.727329
4131 94.670172
4132 100.913090
4133 100.060570
4134 100.899273
4135 101.870174
4136 102.062616
4137 103.624435
4138 96.422314
4139 103.418030
4140 102.206986
4141 104.142362
4142 102.420517
4143 95.333258
4144 104.926778
4145 100.848866
4146 107.684407
4147 94.758185
4148 93.500946
4149 104.990248
4150 102.082995
4151 103.871033
4152 95.087674
4153 104.933684
4154 98.566471
4155 103.775352
4156 104.309825
4157 101.709376
4158 102.681086
4159 99.197372
4160 103.554654
4161 94.700887
4162 106.492224
4163 99.763653
4164 106.319114
4165 101.626877
4166 98.138511
4167 102.088668
4168 114.405965
4169 107.400872
4170 94.625614
4171 110.249621
4172 104.148451
4173 109.005121
4174 101.731467
4175 88.210072
4176 108.854370
4177 100.895874
4178 94.586054
4179 97.755300
4180 99.470996
4181 104.554253
4182 102.867705
4183 99.506636
4184 95.535994
4185 103.010150
4186 96.715999
4187 104.868937
4188 94.406426
4189 103.039133
4190 101.036929
4191 106.663633
4192 106.943322
4193 108.127074
4194 98.670865
4195 116.242782
4196 103.857553
4197 106.211104
4198 97.721057
4199 91.020387
4200 96.036006
4201 101.145642
4202 111.135413
4203 100.775089
4204 104.698997
4205 95.123119
4206 99.239387
4207 106.318736
4208 102.014855
4209 101.583242
4210 100.218133
4211 106.900203
4212 98.442617
4213 103.922951
4214 95.546348
4215 107.613631
4216 99.533491
4217 102.140230
4218 96.078861
4219 103.682516
4220 102.895943
4221 99.989015
4222 95.254325
4223 101.245770
4224 101.990369
4225 99.019594
4226 103.804479
4227 104.496371
4228 105.196423
4229 106.071028
4230 100.426987
4231 99.760609
4232 100.054827
4233 101.294841
4234 98.281365
4235 105.498747
4236 100.649886
4237 98.076289
4238 103.048619
4239 94.740178
4240 100.246032
4241 94.586742
4242 96.745711
4243 99.754791
4244 92.067432
4245 97.299485
4246 104.320037
4247 99.376291
4248 100.136805
4249 96.935445
4250 95.744088
4251 96.870930
4252 98.220036
4253 104.649244
4254 98.344042
4255 101.885160
4256 99.316642
4257 98.381107
4258 100.071590
4259 94.079696
4260 93.671215
4261 95.935292
4262 92.202946
4263 102.868909
4264 98.593399
4265 110.482486
4266 104.842017
4267 105.153205
4268 95.570055
4269 96.650387
4270 101.289879
4271 93.514293
4272 101.500701
4273 102.520059
4274 100.812261
4275 106.094351
4276 101.559455
4277 94.264989
4278 97.352227
4279 104.489399
4280 100.067084
4281 98.143102
4282 104.713089
4283 104.910891
4284 95.477969
4285 99.723375
4286 106.678005
4287 104.928832
4288 99.949346
4289 97.609586
4290 99.411298
4291 110.932854
4292 110.629975
4293 100.750063
4294 113.830539
4295 107.697892
4296 103.404484
4297 99.931874
4298 98.425804
4299 104.329299
4300 100.678758
4301 109.214609
4302 102.540372
4303 97.329739
4304 102.622089
4305 99.705456
4306 101.570695
4307 98.089278
4308 102.498724
4309 102.983349
4310 102.082250
4311 104.309486
4312 103.872847
4313 96.362755
4314 93.925215
4315 105.198653
4316 98.758460
4317 102.147713
4318 102.207265
4319 111.521504
4320 98.394579
4321 95.054087
4322 103.774481
4323 113.319635
4324 97.966293
4325 104.495392
4326 107.587609
4327 95.522627
4328 107.716234
4329 97.054181
4330 100.379047
4331 96.421565
4332 100.734809
4333 100.325696
4334 96.602218
4335 98.295963
4336 99.874748
4337 111.499265
4338 93.808898
4339 99.965835
4340 100.218089
4341 101.280368
4342 98.419343
4343 94.135070
4344 96.261244
4345 105.394877
4346 110.016907
4347 103.026809
4348 96.154427
4349 100.947031
4350 105.434230
4351 101.995883
4352 97.452312
4353 100.264837
4354 105.814330
4355 95.568302
4356 102.498579
4357 98.767588
4358 88.541546
4359 93.969599
4360 103.070849
4361 95.118952
4362 100.315093
4363 95.849601
4364 104.496115
4365 107.489248
4366 106.511797
4367 107.428235
4368 98.535427
4369 99.576799
4370 106.586025
4371 99.853716
4372 95.267811
4373 99.327103
4374 95.987476
4375 98.877580
4376 105.325599
4377 104.167173
4378 99.863990
4379 105.804437
4380 103.715619
4381 100.694525
4382 99.752544
4383 102.349205
4384 106.201896
4385 100.225410
4386 104.087454
4387 104.527395
4388 116.428633
4389 100.408888
4390 107.853639
4391 91.900517
4392 106.002314
4393 101.418757
4394 103.397092
4395 102.412510
4396 102.217813
4397 107.731597
4398 96.443281
4399 98.595498
4400 100.562191
4401 99.148314
4402 97.197157
4403 108.214488
4404 93.168707
4405 103.642693
4406 98.162472
4407 100.484232
4408 95.348501
4409 101.578310
4410 109.636591
4411 93.027544
4412 101.727782
4413 95.399109
4414 106.479952
4415 104.313533
4416 100.204413
4417 91.922799
4418 100.741617
4419 102.231038
4420 95.212738
4421 107.490167
4422 100.348233
4423 104.202692
4424 102.212027
4425 103.231350
4426 99.667301
4427 103.139639
4428 96.248445
4429 92.908470
4430 97.688636
4431 104.487894
4432 99.768757
4433 100.526680
4434 109.948894
4435 99.711489
4436 100.752444
4437 100.722124
4438 94.621058
4439 106.533715
4440 98.701532
4441 105.424609
4442 98.146848
4443 100.417306
4444 98.179624
4445 99.304993
4446 97.994735
4447 101.392597
4448 93.250056
4449 101.109916
4450 97.741244
4451 98.936829
4452 98.782470
4453 96.141914
4454 98.311131
4455 104.627284
4456 109.437432
4457 95.350888
4458 96.013997
4459 90.591585
4460 96.603959
4461 102.456262
4462 100.106488
4463 101.231148
4464 98.223949
4465 111.399386
4466 99.191068
4467 100.627705
4468 107.589261
4469 106.759989
4470 100.681300
4471 98.045260
4472 91.444331
4473 106.451818
4474 101.159007
4475 106.198952
4476 94.089538
4477 95.547690
4478 98.726326
4479 97.481076
4480 111.669979
4481 93.058339
4482 102.712182
4483 102.043643
4484 108.767512
4485 102.131057
4486 99.833289
4487 106.602858
4488 100.364596
4489 102.974848
4490 94.454662
4491 100.473149
4492 94.282025
4493 102.663838
4494 97.519935
4495 101.965266
4496 104.145116
4497 95.252687
4498 110.346191
4499 101.760265
4500 99.648079
4501 100.655830
4502 104.804093
4503 106.638295
4504 105.797116
4505 102.491513
4506 105.988831
4507 98.956282
4508 107.951798
4509 98.773072
4510 97.209655
4511 95.456452
4512 105.121515
4513 103.754276
4514 98.645191
4515 97.249048
4516 99.878111
4517 102.493005
4518 99.485168
4519 101.970701
4520 99.343680
4521 101.434867
4522 103.352720
4523 98.189379
4524 100.154860
4525 98.730700
4526 95.646374
4527 104.201794
4528 100.092046
4529 99.909872
4530 96.188098
4531 102.282857
4532 97.504810
4533 97.201261
4534 111.249439
4535 103.308077
4536 105.043315
4537 95.017242
4538 100.288562
4539 99.148957
4540 102.144660
4541 103.190693
4542 103.686699
4543 106.387269
4544 107.029759
4545 98.826738
4546 102.092528
4547 107.245926
4548 92.758157
4549 99.307363
4550 92.608996
4551 104.837672
4552 102.621147
4553 100.510686
4554 98.734257
4555 106.392458
4556 98.683840
4557 90.112693
4558 102.935451
4559 104.152917
4560 109.514586
4561 102.161138
4562 103.820875
4563 103.363946
4564 94.020619
4565 95.953908
4566 109.134606
4567 101.997807
4568 103.218524
4569 103.341650
4570 93.136211
4571 96.622027
4572 105.634757
4573 96.278511
4574 99.753707
4575 97.455325
4576 97.494295
4577 104.969991
4578 103.417691
4579 100.016088
4580 98.702976
4581 102.446708
4582 105.267022
4583 104.064543
4584 97.727327
4585 99.960690
4586 94.391359
4587 103.803208
4588 107.673968
4589 95.355649
4590 102.450988
4591 95.565035
4592 106.964927
4593 97.651014
4594 102.176083
4595 100.842899
4596 98.350714
4597 107.724138
4598 98.488085
4599 102.821021
4600 106.166610
4601 103.207112
4602 105.710946
4603 96.362496
4604 105.396360
4605 107.002249
4606 109.984964
4607 102.294933
4608 95.585371
4609 98.321667
4610 114.183104
4611 89.830931
4612 102.050430
4613 102.664142
4614 96.190392
4615 102.436877
4616 97.890509
4617 99.655194
4618 101.346958
4619 98.970706
4620 102.538921
4621 106.417444
4622 98.082652
4623 116.435344
4624 95.762751
4625 95.715060
4626 110.181294
4627 108.781690
4628 99.940708
4629 99.798902
4630 99.611703
4631 100.361665
4632 102.852783
4633 92.583220
4634 102.174255
4635 96.447663
4636 100.833433
4637 104.818703
4638 103.330035
4639 99.268194
4640 101.963209
4641 108.487565
4642 98.108135
4643 114.589569
4644 100.492915
4645 96.544339
4646 109.654271
4647 104.195732
4648 93.886981
4649 93.408381
4650 101.675440
4651 104.357418
4652 90.120481
4653 99.330778
4654 99.102270
4655 98.025211
4656 98.383966
4657 98.289439
4658 98.636791
4659 100.475519
4660 104.106884
4661 111.306656
4662 99.892364
4663 97.361882
4664 104.919598
4665 97.092363
4666 98.991233
4667 96.801693
4668 97.693038
4669 105.334699
4670 106.558287
4671 96.741914
4672 92.828647
4673 105.025379
4674 104.080713
4675 94.929648
4676 102.404127
4677 104.027053
4678 97.448647
4679 103.959982
4680 99.370949
4681 113.365142
4682 102.618004
4683 95.833389
4684 100.345193
4685 104.818411
4686 107.519430
4687 96.083406
4688 96.962523
4689 101.271516
4690 101.241646
4691 103.035692
4692 96.483714
4693 93.606055
4694 102.269460
4695 96.398322
4696 115.110496
4697 102.215106
4698 97.537771
4699 103.188509
4700 96.929284
4701 96.411542
4702 109.743437
4703 93.452292
4704 97.362830
4705 104.858277
4706 100.128334
4707 98.355566
4708 94.073511
4709 106.898138
4710 99.637693
4711 106.689272
4712 98.987237
4713 118.638942
4714 94.076912
4715 95.928039
4716 100.539744
4717 103.598318
4718 110.536597
4719 105.532213
4720 98.147809
4721 106.202219
4722 102.716616
4723 95.353478
4724 99.831663
4725 108.486106
4726 106.097755
4727 103.258796
4728 104.161100
4729 102.498545
4730 101.049642
4731 101.195800
4732 102.496623
4733 106.659710
4734 97.289734
4735 97.382084
4736 95.715230
4737 98.959442
4738 100.145422
4739 97.847637
4740 93.717712
4741 98.253543
4742 105.528855
4743 94.100912
4744 96.378861
4745 92.750489
4746 108.204658
4747 100.335481
4748 102.899912
4749 99.212778
4750 93.110909
4751 101.594421
4752 104.074840
4753 94.016428
4754 99.399424
4755 99.587619
4756 109.916531
4757 94.864982
4758 90.226737
4759 101.276147
4760 105.367439
4761 94.420703
4762 100.225096
4763 94.640385
4764 97.563988
4765 99.131031
4766 99.240506
4767 94.439231
4768 96.995473
4769 95.613002
4770 104.337669
4771 92.198575
4772 95.487437
4773 108.355771
4774 102.028914
4775 110.378416
4776 99.276633
4777 96.234459
4778 95.604798
4779 100.860224
4780 104.403239
4781 96.872237
4782 90.283608
4783 95.543944
4784 106.838365
4785 105.654024
4786 104.123117
4787 109.328199
4788 96.858572
4789 99.488159
4790 92.905044
4791 94.710521
4792 99.246110
4793 103.174452
4794 96.609266
4795 96.499639
4796 103.673033
4797 94.944965
4798 112.628333
4799 99.039700
4800 102.555169
4801 106.178027
4802 99.131497
4803 103.056513
4804 101.919570
4805 98.336277
4806 100.479477
4807 98.838588
4808 101.249923
4809 95.098431
4810 94.660684
4811 99.401802
4812 103.017135
4813 99.489431
4814 99.816044
4815 103.689231
4816 103.252467
4817 106.790253
4818 98.680896
4819 95.562885
4820 93.893006
4821 98.424138
4822 99.985391
4823 102.804863
4824 103.597083
4825 104.577960
4826 95.528008
4827 95.508779
4828 102.127727
4829 103.839953
4830 102.864951
4831 125.526307
4832 104.082613
4833 95.462689
4834 98.134022
4835 100.515673
4836 101.032717
4837 91.965048
4838 94.954636
4839 97.675008
4840 100.325062
4841 95.590784
4842 97.126321
4843 91.437753
4844 94.037586
4845 109.935553
4846 101.120648
4847 92.558454
4848 104.620460
4849 100.331060
4850 102.496533
4851 98.078846
4852 102.594812
4853 97.608178
4854 104.821211
4855 100.239385
4856 104.923110
4857 97.884733
4858 100.284856
4859 94.782280
4860 97.015072
4861 101.447468
4862 97.278635
4863 98.078341
4864 91.129596
4865 98.463855
4866 114.557103
4867 108.829205
4868 103.045970
4869 107.823293
4870 114.773224
4871 111.950166
4872 98.786170
4873 111.370327
4874 102.484036
4875 97.640754
4876 103.385399
4877 104.817945
4878 108.134902
4879 98.901445
4880 105.588131
4881 104.791329
4882 91.991436
4883 101.873406
4884 101.232829
4885 93.685726
4886 104.101373
4887 110.689417
4888 99.689226
4889 103.770489
4890 102.184370
4891 93.460373
4892 91.904290
4893 97.198330
4894 112.632475
4895 95.797096
4896 107.223262
4897 107.028541
4898 96.739063
4899 102.079025
4900 101.720454
4901 101.608301
4902 96.410740
4903 106.884650
4904 94.666072
4905 99.513374
4906 101.893548
4907 99.251790
4908 102.516262
4909 98.422680
4910 92.288652
4911 101.598970
4912 101.262443
4913 102.171086
4914 105.856752
4915 97.633638
4916 103.837482
4917 93.721771
4918 97.502749
4919 106.213919
4920 97.636773
4921 94.218229
4922 95.876638
4923 95.962344
4924 106.303870
4925 100.921201
4926 96.453365
4927 97.427644
4928 96.260621
4929 97.402240
4930 96.930362
4931 105.589867
4932 102.682183
4933 108.782937
4934 97.544795
4935 99.459260
4936 104.784705
4937 100.979894
4938 101.287934
4939 94.793438
4940 104.806644
4941 98.079453
4942 103.492448
4943 100.564272
4944 100.279041
4945 98.873908
4946 111.073932
4947 116.549379
4948 99.710711
4949 97.321418
4950 90.375947
4951 98.987461
4952 100.955987
4953 108.530934
4954 98.222022
4955 102.973734
4956 98.692001
4957 94.077373
4958 109.381217
4959 109.931984
4960 101.894892
4961 102.464083
4962 100.756196
4963 109.379334
4964 101.123586
4965 96.632051
4966 92.499965
4967 101.174485
4968 103.887757
4969 96.892928
4970 101.929660
4971 99.260246
4972 110.401860
4973 94.552608
4974 98.560362
4975 104.712481
4976 102.785548
4977 92.136298
4978 101.034161
4979 106.215314
4980 92.860680
4981 99.290798
4982 91.585859
4983 93.284493
4984 96.301440
4985 98.012553
4986 102.153070
4987 107.496608
4988 103.283712
4989 92.857219
4990 99.299778
4991 99.962404
4992 101.674599
4993 94.049752
4994 107.911996
4995 105.756346
4996 98.335164
4997 97.817907
4998 100.053730
4999 104.762283
