0 17.259514
1 17.005877
2 11.219706
3 7.206138
4 4.799709
5 3.376943
6 2.504357
7 1.934483
8 1.541192
9 1.258937
10 1.050404
11 0.892587
12 0.770568
13 0.674367
14 0.597162
15 0.534199
16 0.482104
17 0.438439
18 0.401415
19 0.369695
20 0.342265
21 0.318346
22 0.297331
23 0.278740
24 0.262193
25 0.247381
26 0.234054
27 0.222006
28 0.211067
29 0.201096
30 0.191973
31 0.183597
32 0.175883
33 0.168758
34 0.162157
35 0.156028
36 0.150322
37 0.144998
38 0.140019
39 0.135355
40 0.130977
41 0.126859
42 0.122981
43 0.119322
44 0.115864
45 0.112592
46 0.109491
47 0.106549
48 0.103754
49 0.101096
50 0.098564
51 0.096150
52 0.093847
53 0.091647
54 0.089543
55 0.087530
56 0.085601
57 0.083752
58 0.081978
59 0.080275
60 0.078638
61 0.077063
62 0.075548
63 0.074089
64 0.072683
65 0.071327
66 0.070019
67 0.068756
68 0.067536
69 0.066357
70 0.065217
71 0.064114
72 0.063046
73 0.062012
74 0.061010
75 0.060038
76 0.059096
77 0.058182
78 0.057294
79 0.056432
80 0.055595
81 0.054782
82 0.053991
83 0.053221
84 0.052473
85 0.051744
86 0.051035
87 0.050344
88 0.049671
89 0.049015
90 0.048375
91 0.047752
92 0.047144
93 0.046550
94 0.045971
95 0.045405
96 0.044853
97 0.044313
98 0.043786
99 0.043271
100 0.042767
101 0.042275
102 0.041793
103 0.041322
104 0.040861
105 0.040410
106 0.039968
107 0.039536
108 0.039112
109 0.038697
110 0.038291
111 0.037893
112 0.037502
113 0.037120
114 0.036745
115 0.036377
116 0.036016
117 0.035662
118 0.035314
119 0.034973
120 0.034639
121 0.034310
122 0.033988
123 0.033671
124 0.033360
125 0.033055
126 0.032755
127 0.032460
128 0.032170
129 0.031885
130 0.031605
131 0.031330
132 0.031059
133 0.030793
134 0.030531
135 0.030273
136 0.030020
137 0.029770
138 0.029525
139 0.029284
140 0.029046
141 0.028812
142 0.028582
143 0.028355
144 0.028131
145 0.027911
146 0.027695
147 0.027481
148 0.027271
149 0.027064
150 0.026860
151 0.026659
152 0.026460
153 0.026265
154 0.026072
155 0.025882
156 0.025695
157 0.025510
158 0.025328
159 0.025148
160 0.024971
161 0.024796
162 0.024624
163 0.024454
164 0.024286
165 0.024120
166 0.023957
167 0.023796
168 0.023636
169 0.023479
170 0.023324
171 0.023171
172 0.023020
173 0.022870
174 0.022723
175 0.022577
176 0.022433
177 0.022291
178 0.022151
179 0.022012
180 0.021875
181 0.021740
182 0.021606
183 0.021474
184 0.021344
185 0.021215
186 0.021087
187 0.020961
188 0.020837
189 0.020713
190 0.020592
191 0.020471
192 0.020352
193 0.020235
194 0.020118
195 0.020003
196 0.019889
197 0.019777
198 0.019665
199 0.019555
200 0.019446
201 0.019339
202 0.019232
203 0.019127
204 0.019022
205 0.018919
206 0.018817
207 0.018716
208 0.018616
209 0.018517
210 0.018419
211 0.018322
212 0.018226
213 0.018131
214 0.018037
215 0.017943
216 0.017851
217 0.017760
218 0.017670
219 0.017580
220 0.017491
221 0.017404
222 0.017317
223 0.017231
224 0.017145
225 0.017061
226 0.016977
227 0.016895
228 0.016813
229 0.016731
230 0.016651
231 0.016571
232 0.016492
233 0.016414
234 0.016336
235 0.016259
236 0.016183
237 0.016108
238 0.016033
239 0.015959
240 0.015885
241 0.015812
242 0.015740
243 0.015669
244 0.015598
245 0.015528
246 0.015458
247 0.015389
248 0.015320
249 0.015253
250 0.015185
251 0.015119
252 0.015053
253 0.014987
254 0.014922
255 0.014857
256 0.014793
257 0.014730
258 0.014667
259 0.014605
260 0.014543
261 0.014482
262 0.014421
263 0.014360
264 0.014301
265 0.014241
266 0.014182
267 0.014124
268 0.014066
269 0.014009
270 0.013951
271 0.013895
272 0.013839
273 0.013783
274 0.013728
275 0.013673
276 0.013619
277 0.013565
278 0.013511
279 0.013458
280 0.013405
281 0.013353
282 0.013301
283 0.013249
284 0.013198
285 0.013147
286 0.013097
287 0.013047
288 0.012997
289 0.012948
290 0.012899
291 0.012850
292 0.012802
293 0.012754
294 0.012707
295 0.012659
296 0.012613
297 0.012566
298 0.012520
299 0.012474
300 0.012428
301 0.012383
302 0.012338
303 0.012294
304 0.012250
305 0.012206
306 0.012162
307 0.012119
308 0.012076
309 0.012033
310 0.011990
311 0.011948
312 0.011906
313 0.011865
314 0.011824
315 0.011783
316 0.011742
317 0.011701
318 0.011661
319 0.011621
320 0.011582
321 0.011542
322 0.011503
323 0.011464
324 0.011425
325 0.011387
326 0.011349
327 0.011311
328 0.011273
329 0.011236
330 0.011199
331 0.011162
332 0.011125
333 0.011089
334 0.011053
335 0.011017
336 0.010981
337 0.010945
338 0.010910
339 0.010875
340 0.010840
341 0.010806
342 0.010771
343 0.010737
344 0.010703
345 0.010669
346 0.010636
347 0.010602
348 0.010569
349 0.010536
350 0.010503
351 0.010471
352 0.010438
353 0.010406
354 0.010374
355 0.010342
356 0.010311
357 0.010279
358 0.010248
359 0.010217
360 0.010186
361 0.010155
362 0.010125
363 0.010094
364 0.010064
365 0.010034
366 0.010005
367 0.009975
368 0.009945
369 0.009916
370 0.009887
371 0.009858
372 0.009829
373 0.009801
374 0.009772
375 0.009744
376 0.009716
377 0.009688
378 0.009660
379 0.009632
380 0.009605
381 0.009577
382 0.009550
383 0.009523
384 0.009496
385 0.009469
386 0.009443
387 0.009416
388 0.009390
389 0.009364
390 0.009338
391 0.009312
392 0.009286
393 0.009260
394 0.009235
395 0.009209
396 0.009184
397 0.009159
398 0.009134
399 0.009109
400 0.009085
401 0.009060
402 0.009036
403 0.009011
404 0.008987
405 0.008963
406 0.008939
407 0.008915
408 0.008892
409 0.008868
410 0.008845
411 0.008822
412 0.008798
413 0.008775
414 0.008752
415 0.008729
416 0.008707
417 0.008684
418 0.008662
419 0.008639
420 0.008617
421 0.008595
422 0.008573
423 0.008551
424 0.008529
425 0.008507
426 0.008486
427 0.008464
428 0.008443
429 0.008422
430 0.008400
431 0.008379
432 0.008358
433 0.008337
434 0.008317
435 0.008296
436 0.008275
437 0.008255
438 0.008235
439 0.008214
440 0.008194
441 0.008174
442 0.008154
443 0.008134
444 0.008114
445 0.008095
446 0.008075
447 0.008055
448 0.008036
449 0.008017
450 0.007997
451 0.007978
452 0.007959
453 0.007940
454 0.007921
455 0.007903
456 0.007884
457 0.007865
458 0.007847
459 0.007828
460 0.007810
461 0.007792
462 0.007773
463 0.007755
464 0.007737
465 0.007719
466 0.007701
467 0.007684
468 0.007666
469 0.007648
470 0.007631
471 0.007613
472 0.007596
473 0.007578
474 0.007561
475 0.007544
476 0.007527
477 0.007510
478 0.007493
479 0.007476
480 0.007459
481 0.007443
482 0.007426
483 0.007409
484 0.007393
485 0.007376
486 0.007360
487 0.007344
488 0.007328
489 0.007311
490 0.007295
491 0.007279
492 0.007263
493 0.007247
494 0.007232
495 0.007216
496 0.007200
497 0.007185
498 0.007169
499 0.007154
500 0.007138
501 0.007123
502 0.007108
503 0.007092
504 0.007077
505 0.007062
506 0.007047
507 0.007032
508 0.007017
509 0.007002
510 0.006988
511 0.006973
512 0.006958
513 0.006944
514 0.006929
515 0.006915
516 0.006900
517 0.006886
518 0.006872
519 0.006857
520 0.006843
521 0.006829
522 0.006815
523 0.006801
524 0.006787
525 0.006773
526 0.006759
527 0.006745
528 0.006732
529 0.006718
530 0.006704
531 0.006691
532 0.006677
533 0.006664
534 0.006650
535 0.006637
536 0.006624
537 0.006610
538 0.006597
539 0.006584
540 0.006571
541 0.006558
542 0.006545
543 0.006532
544 0.006519
545 0.006506
546 0.006493
547 0.006481
548 0.006468
549 0.006455
550 0.006443
551 0.006430
552 0.006417
553 0.006405
554 0.006393
555 0.006380
556 0.006368
557 0.006356
558 0.006343
559 0.006331
560 0.006319
561 0.006307
562 0.006295
563 0.006283
564 0.006271
565 0.006259
566 0.006247
567 0.006235
568 0.006224
569 0.006212
570 0.006200
571 0.006188
572 0.006177
573 0.006165
574 0.006154
575 0.006142
576 0.006131
577 0.006119
578 0.006108
579 0.006097
580 0.006085
581 0.006074
582 0.006063
583 0.006052
584 0.006041
585 0.006030
586 0.006019
587 0.006008
588 0.005997
589 0.005986
590 0.005975
591 0.005964
592 0.005953
593 0.005942
594 0.005932
595 0.005921
596 0.005910
597 0.005900
598 0.005889
599 0.005879
600 0.005868
601 0.005858
602 0.005847
603 0.005837
604 0.005826
605 0.005816
606 0.005806
607 0.005796
608 0.005785
609 0.005775
610 0.005765
611 0.005755
612 0.005745
613 0.005735
614 0.005725
615 0.005715
616 0.005705
617 0.005695
618 0.005685
619 0.005675
620 0.005666
621 0.005656
622 0.005646
623 0.005636
624 0.005627
625 0.005617
626 0.005607
627 0.005598
628 0.005588
629 0.005579
630 0.005569
631 0.005560
632 0.005550
633 0.005541
634 0.005532
635 0.005522
636 0.005513
637 0.005504
638 0.005495
639 0.005485
640 0.005476
641 0.005467
642 0.005458
643 0.005449
644 0.005440
645 0.005431
646 0.005422
647 0.005413
648 0.005404
649 0.005395
650 0.005386
651 0.005377
652 0.005368
653 0.005360
654 0.005351
655 0.005342
656 0.005333
657 0.005325
658 0.005316
659 0.005307
660 0.005299
661 0.005290
662 0.005282
663 0.005273
664 0.005265
665 0.005256
666 0.005248
667 0.005239
668 0.005231
669 0.005223
670 0.005214
671 0.005206
672 0.005198
673 0.005189
674 0.005181
675 0.005173
676 0.005165
677 0.005157
678 0.005148
679 0.005140
680 0.005132
681 0.005124
682 0.005116
683 0.005108
684 0.005100
685 0.005092
686 0.005084
687 0.005076
688 0.005069
689 0.005061
690 0.005053
691 0.005045
692 0.005037
693 0.005029
694 0.005022
695 0.005014
696 0.005006
697 0.004999
698 0.004991
699 0.004983
700 0.004976
701 0.004968
702 0.004961
703 0.004953
704 0.004946
705 0.004938
706 0.004931
707 0.004923
708 0.004916
709 0.004908
710 0.004901
711 0.004894
712 0.004886
713 0.004879
714 0.004872
715 0.004864
716 0.004857
717 0.004850
718 0.004843
719 0.004835
720 0.004828
721 0.004821
722 0.004814
723 0.004807
724 0.004800
725 0.004793
726 0.004786
727 0.004779
728 0.004772
729 0.004765
730 0.004758
731 0.004751
732 0.004744
733 0.004737
734 0.004730
735 0.004723
736 0.004716
737 0.004709
738 0.004703
739 0.004696
740 0.004689
741 0.004682
742 0.004676
743 0.004669
744 0.004662
745 0.004656
746 0.004649
747 0.004642
748 0.004636
749 0.004629
750 0.004622
751 0.004616
752 0.004609
753 0.004603
754 0.004596
755 0.004590
756 0.004583
757 0.004577
758 0.004570
759 0.004564
760 0.004558
761 0.004551
762 0.004545
763 0.004539
764 0.004532
765 0.004526
766 0.004520
767 0.004513
768 0.004507
769 0.004501
770 0.004495
771 0.004488
772 0.004482
773 0.004476
774 0.004470
775 0.004464
776 0.004457
777 0.004451
778 0.004445
779 0.004439
780 0.004433
781 0.004427
782 0.004421
783 0.004415
784 0.004409
785 0.004403
786 0.004397
787 0.004391
788 0.004385
789 0.004379
790 0.004373
791 0.004367
792 0.004362
793 0.004356
794 0.004350
795 0.004344
796 0.004338
797 0.004332
798 0.004327
799 0.004321
800 0.004315
801 0.004309
802 0.004304
803 0.004298
804 0.004292
805 0.004287
806 0.004281
807 0.004275
808 0.004270
809 0.004264
810 0.004258
811 0.004253
812 0.004247
813 0.004242
814 0.004236
815 0.004231
816 0.004225
817 0.004220
818 0.004214
819 0.004209
820 0.004203
821 0.004198
822 0.004192
823 0.004187
824 0.004181
825 0.004176
826 0.004171
827 0.004165
828 0.004160
829 0.004155
830 0.004149
831 0.004144
832 0.004139
833 0.004133
834 0.004128
835 0.004123
836 0.004118
837 0.004112
838 0.004107
839 0.004102
840 0.004097
841 0.004092
842 0.004086
843 0.004081
844 0.004076
845 0.004071
846 0.004066
847 0.004061
848 0.004056
849 0.004051
850 0.004045
851 0.004040
852 0.004035
853 0.004030
854 0.004025
855 0.004020
856 0.004015
857 0.004010
858 0.004005
859 0.004000
860 0.003995
861 0.003991
862 0.003986
863 0.003981
864 0.003976
865 0.003971
866 0.003966
867 0.003961
868 0.003956
869 0.003951
870 0.003947
871 0.003942
872 0.003937
873 0.003932
874 0.003927
875 0.003923
876 0.003918
877 0.003913
878 0.003908
879 0.003904
880 0.003899
881 0.003894
882 0.003890
883 0.003885
884 0.003880
885 0.003876
886 0.003871
887 0.003866
888 0.003862
889 0.003857
890 0.003852
891 0.003848
892 0.003843
893 0.003839
894 0.003834
895 0.003830
896 0.003825
897 0.003820
898 0.003816
899 0.003811
900 0.003807
901 0.003802
902 0.003798
903 0.003793
904 0.003789
905 0.003785
906 0.003780
907 0.003776
908 0.003771
909 0.003767
910 0.003762
911 0.003758
912 0.003754
913 0.003749
914 0.003745
915 0.003741
916 0.003736
917 0.003732
918 0.003728
919 0.003723
920 0.003719
921 0.003715
922 0.003710
923 0.003706
924 0.003702
925 0.003698
926 0.003693
927 0.003689
928 0.003685
929 0.003681
930 0.003677
931 0.003672
932 0.003668
933 0.003664
934 0.003660
935 0.003656
936 0.003652
937 0.003647
938 0.003643
939 0.003639
940 0.003635
941 0.003631
942 0.003627
943 0.003623
944 0.003619
945 0.003615
946 0.003611
947 0.003607
948 0.003603
949 0.003598
950 0.003594
951 0.003590
952 0.003586
953 0.003582
954 0.003578
955 0.003574
956 0.003571
957 0.003567
958 0.003563
959 0.003559
960 0.003555
961 0.003551
962 0.003547
963 0.003543
964 0.003539
965 0.003535
966 0.003531
967 0.003527
968 0.003524
969 0.003520
970 0.003516
971 0.003512
972 0.003508
973 0.003504
974 0.003501
975 0.003497
976 0.003493
977 0.003489
978 0.003485
979 0.003482
980 0.003478
981 0.003474
982 0.003470
983 0.003467
984 0.003463
985 0.003459
986 0.003455
987 0.003452
988 0.003448
989 0.003444
990 0.003441
991 0.003437
992 0.003433
993 0.003430
994 0.003426
995 0.003422
996 0.003419
997 0.003415
998 0.003411
999 0.003408
1000 0.003404
1001 0.003400
1002 0.003397
1003 0.003393
1004 0.003390
1005 0.003386
1006 0.003383
1007 0.003379
1008 0.003375
1009 0.003372
1010 0.003368
1011 0.003365
1012 0.003361
1013 0.003358
1014 0.003354
1015 0.003351
1016 0.003347
1017 0.003344
1018 0.003340
1019 0.003337
1020 0.003333
1021 0.003330
1022 0.003326
1023 0.003323
1024 0.003320
1025 0.003316
1026 0.003313
1027 0.003309
1028 0.003306
1029 0.003302
1030 0.003299
1031 0.003296
1032 0.003292
1033 0.003289
1034 0.003286
1035 0.003282
1036 0.003279
1037 0.003275
1038 0.003272
1039 0.003269
1040 0.003265
1041 0.003262
1042 0.003259
1043 0.003255
1044 0.003252
1045 0.003249
1046 0.003246
1047 0.003242
1048 0.003239
1049 0.003236
1050 0.003232
1051 0.003229
1052 0.003226
1053 0.003223
1054 0.003219
1055 0.003216
1056 0.003213
1057 0.003210
1058 0.003207
1059 0.003203
1060 0.003200
1061 0.003197
1062 0.003194
1063 0.003191
1064 0.003187
1065 0.003184
1066 0.003181
1067 0.003178
1068 0.003175
1069 0.003172
1070 0.003168
1071 0.003165
1072 0.003162
1073 0.003159
1074 0.003156
1075 0.003153
1076 0.003150
1077 0.003147
1078 0.003144
1079 0.003141
1080 0.003137
1081 0.003134
1082 0.003131
1083 0.003128
1084 0.003125
1085 0.003122
1086 0.003119
1087 0.003116
1088 0.003113
1089 0.003110
1090 0.003107
1091 0.003104
1092 0.003101
1093 0.003098
1094 0.003095
1095 0.003092
1096 0.003089
1097 0.003086
1098 0.003083
1099 0.003080
1100 0.003077
1101 0.003074
1102 0.003071
1103 0.003068
1104 0.003065
1105 0.003062
1106 0.003059
1107 0.003056
1108 0.003054
1109 0.003051
1110 0.003048
1111 0.003045
1112 0.003042
1113 0.003039
1114 0.003036
1115 0.003033
1116 0.003030
1117 0.003028
1118 0.003025
1119 0.003022
1120 0.003019
1121 0.003016
1122 0.003013
1123 0.003010
1124 0.003008
1125 0.003005
1126 0.003002
1127 0.002999
1128 0.002996
1129 0.002993
1130 0.002991
1131 0.002988
1132 0.002985
1133 0.002982
1134 0.002979
1135 0.002977
1136 0.002974
1137 0.002971
1138 0.002968
1139 0.002966
1140 0.002963
1141 0.002960
1142 0.002957
1143 0.002955
1144 0.002952
1145 0.002949
1146 0.002946
1147 0.002944
1148 0.002941
1149 0.002938
1150 0.002936
1151 0.002933
1152 0.002930
1153 0.002928
1154 0.002925
1155 0.002922
1156 0.002920
1157 0.002917
1158 0.002914
1159 0.002912
1160 0.002909
1161 0.002906
1162 0.002904
1163 0.002901
1164 0.002898
1165 0.002896
1166 0.002893
1167 0.002890
1168 0.002888
1169 0.002885
1170 0.002883
1171 0.002880
1172 0.002877
1173 0.002875
1174 0.002872
1175 0.002870
1176 0.002867
1177 0.002864
1178 0.002862
1179 0.002859
1180 0.002857
1181 0.002854
1182 0.002852
1183 0.002849
1184 0.002847
1185 0.002844
1186 0.002841
1187 0.002839
1188 0.002836
1189 0.002834
1190 0.002831
1191 0.002829
1192 0.002826
1193 0.002824
1194 0.002821
1195 0.002819
1196 0.002816
1197 0.002814
1198 0.002811
1199 0.002809
1200 0.002806
1201 0.002804
1202 0.002802
1203 0.002799
1204 0.002797
1205 0.002794
1206 0.002792
1207 0.002789
1208 0.002787
1209 0.002784
1210 0.002782
1211 0.002780
1212 0.002777
1213 0.002775
1214 0.002772
1215 0.002770
1216 0.002767
1217 0.002765
1218 0.002763
1219 0.002760
1220 0.002758
1221 0.002755
1222 0.002753
1223 0.002751
1224 0.002748
1225 0.002746
1226 0.002744
1227 0.002741
1228 0.002739
1229 0.002737
1230 0.002734
1231 0.002732
1232 0.002729
1233 0.002727
1234 0.002725
1235 0.002722
1236 0.002720
1237 0.002718
1238 0.002715
1239 0.002713
1240 0.002711
1241 0.002709
1242 0.002706
1243 0.002704
1244 0.002702
1245 0.002699
1246 0.002697
1247 0.002695
1248 0.002693
1249 0.002690
1250 0.002688
1251 0.002686
1252 0.002683
1253 0.002681
1254 0.002679
1255 0.002677
1256 0.002674
1257 0.002672
1258 0.002670
1259 0.002668
1260 0.002665
1261 0.002663
1262 0.002661
1263 0.002659
1264 0.002657
1265 0.002654
1266 0.002652
1267 0.002650
1268 0.002648
1269 0.002645
1270 0.002643
1271 0.002641
1272 0.002639
1273 0.002637
1274 0.002634
1275 0.002632
1276 0.002630
1277 0.002628
1278 0.002626
1279 0.002624
1280 0.002621
1281 0.002619
1282 0.002617
1283 0.002615
1284 0.002613
1285 0.002611
1286 0.002609
1287 0.002606
1288 0.002604
1289 0.002602
1290 0.002600
1291 0.002598
1292 0.002596
1293 0.002594
1294 0.002592
1295 0.002589
1296 0.002587
1297 0.002585
1298 0.002583
1299 0.002581
1300 0.002579
1301 0.002577
1302 0.002575
1303 0.002573
1304 0.002571
1305 0.002568
1306 0.002566
1307 0.002564
1308 0.002562
1309 0.002560
1310 0.002558
1311 0.002556
1312 0.002554
1313 0.002552
1314 0.002550
1315 0.002548
1316 0.002546
1317 0.002544
1318 0.002542
1319 0.002540
1320 0.002538
1321 0.002536
1322 0.002534
1323 0.002532
1324 0.002530
1325 0.002528
1326 0.002526
1327 0.002524
1328 0.002522
1329 0.002520
1330 0.002518
1331 0.002516
1332 0.002514
1333 0.002512
1334 0.002510
1335 0.002508
1336 0.002506
1337 0.002504
1338 0.002502
1339 0.002500
1340 0.002498
1341 0.002496
1342 0.002494
1343 0.002492
1344 0.002490
1345 0.002488
1346 0.002486
1347 0.002484
1348 0.002482
1349 0.002480
1350 0.002478
1351 0.002476
1352 0.002474
1353 0.002472
1354 0.002470
1355 0.002469
1356 0.002467
1357 0.002465
1358 0.002463
1359 0.002461
1360 0.002459
1361 0.002457
1362 0.002455
1363 0.002453
1364 0.002451
1365 0.002449
1366 0.002448
1367 0.002446
1368 0.002444
1369 0.002442
1370 0.002440
1371 0.002438
1372 0.002436
1373 0.002434
1374 0.002433
1375 0.002431
1376 0.002429
1377 0.002427
1378 0.002425
1379 0.002423
1380 0.002421
1381 0.002420
1382 0.002418
1383 0.002416
1384 0.002414
1385 0.002412
1386 0.002410
1387 0.002409
1388 0.002407
1389 0.002405
1390 0.002403
1391 0.002401
1392 0.002399
1393 0.002398
1394 0.002396
1395 0.002394
1396 0.002392
1397 0.002390
1398 0.002389
1399 0.002387
1400 0.002385
1401 0.002383
1402 0.002381
1403 0.002380
1404 0.002378
1405 0.002376
1406 0.002374
1407 0.002372
1408 0.002371
1409 0.002369
1410 0.002367
1411 0.002365
1412 0.002364
1413 0.002362
1414 0.002360
1415 0.002358
1416 0.002357
1417 0.002355
1418 0.002353
1419 0.002351
1420 0.002350
1421 0.002348
1422 0.002346
1423 0.002344
1424 0.002343
1425 0.002341
1426 0.002339
1427 0.002337
1428 0.002336
1429 0.002334
1430 0.002332
1431 0.002330
1432 0.002329
1433 0.002327
1434 0.002325
1435 0.002324
1436 0.002322
1437 0.002320
1438 0.002319
1439 0.002317
1440 0.002315
1441 0.002313
1442 0.002312
1443 0.002310
1444 0.002308
1445 0.002307
1446 0.002305
1447 0.002303
1448 0.002302
1449 0.002300
1450 0.002298
1451 0.002297
1452 0.002295
1453 0.002293
1454 0.002292
1455 0.002290
1456 0.002288
1457 0.002287
1458 0.002285
1459 0.002283
1460 0.002282
1461 0.002280
1462 0.002278
1463 0.002277
1464 0.002275
1465 0.002274
1466 0.002272
1467 0.002270
1468 0.002269
1469 0.002267
1470 0.002265
1471 0.002264
1472 0.002262
1473 0.002261
1474 0.002259
1475 0.002257
1476 0.002256
1477 0.002254
1478 0.002252
1479 0.002251
1480 0.002249
1481 0.002248
1482 0.002246
1483 0.002244
1484 0.002243
1485 0.002241
1486 0.002240
1487 0.002238
1488 0.002236
1489 0.002235
1490 0.002233
1491 0.002232
1492 0.002230
1493 0.002229
1494 0.002227
1495 0.002225
1496 0.002224
1497 0.002222
1498 0.002221
1499 0.002219
1500 0.002218
1501 0.002216
1502 0.002215
1503 0.002213
1504 0.002211
1505 0.002210
1506 0.002208
1507 0.002207
1508 0.002205
1509 0.002204
1510 0.002202
1511 0.002201
1512 0.002199
1513 0.002198
1514 0.002196
1515 0.002195
1516 0.002193
1517 0.002191
1518 0.002190
1519 0.002188
1520 0.002187
1521 0.002185
1522 0.002184
1523 0.002182
1524 0.002181
1525 0.002179
1526 0.002178
1527 0.002176
1528 0.002175
1529 0.002173
1530 0.002172
1531 0.002170
1532 0.002169
1533 0.002167
1534 0.002166
1535 0.002164
1536 0.002163
1537 0.002161
1538 0.002160
1539 0.002159
1540 0.002157
1541 0.002156
1542 0.002154
1543 0.002153
1544 0.002151
1545 0.002150
1546 0.002148
1547 0.002147
1548 0.002145
1549 0.002144
1550 0.002142
1551 0.002141
1552 0.002139
1553 0.002138
1554 0.002137
1555 0.002135
1556 0.002134
1557 0.002132
1558 0.002131
1559 0.002129
1560 0.002128
1561 0.002126
1562 0.002125
1563 0.002124
1564 0.002122
1565 0.002121
1566 0.002119
1567 0.002118
1568 0.002116
1569 0.002115
1570 0.002114
1571 0.002112
1572 0.002111
1573 0.002109
1574 0.002108
1575 0.002107
1576 0.002105
1577 0.002104
1578 0.002102
1579 0.002101
1580 0.002100
1581 0.002098
1582 0.002097
1583 0.002095
1584 0.002094
1585 0.002093
1586 0.002091
1587 0.002090
1588 0.002088
1589 0.002087
1590 0.002086
1591 0.002084
1592 0.002083
1593 0.002082
1594 0.002080
1595 0.002079
1596 0.002077
1597 0.002076
1598 0.002075
1599 0.002073
1600 0.002072
1601 0.002071
1602 0.002069
1603 0.002068
1604 0.002067
1605 0.002065
1606 0.002064
1607 0.002062
1608 0.002061
1609 0.002060
1610 0.002058
1611 0.002057
1612 0.002056
1613 0.002054
1614 0.002053
1615 0.002052
1616 0.002050
1617 0.002049
1618 0.002048
1619 0.002046
1620 0.002045
1621 0.002044
1622 0.002042
1623 0.002041
1624 0.002040
1625 0.002038
1626 0.002037
1627 0.002036
1628 0.002034
1629 0.002033
1630 0.002032
1631 0.002031
1632 0.002029
1633 0.002028
1634 0.002027
1635 0.002025
1636 0.002024
1637 0.002023
1638 0.002021
1639 0.002020
1640 0.002019
1641 0.002018
1642 0.002016
1643 0.002015
1644 0.002014
1645 0.002012
1646 0.002011
1647 0.002010
1648 0.002009
1649 0.002007
1650 0.002006
1651 0.002005
1652 0.002003
1653 0.002002
1654 0.002001
1655 0.002000
1656 0.001998
1657 0.001997
1658 0.001996
1659 0.001995
1660 0.001993
1661 0.001992
1662 0.001991
1663 0.001989
1664 0.001988
1665 0.001987
1666 0.001986
1667 0.001984
1668 0.001983
1669 0.001982
1670 0.001981
1671 0.001979
1672 0.001978
1673 0.001977
1674 0.001976
1675 0.001974
1676 0.001973
1677 0.001972
1678 0.001971
1679 0.001970
1680 0.001968
1681 0.001967
1682 0.001966
1683 0.001965
1684 0.001963
1685 0.001962
1686 0.001961
1687 0.001960
1688 0.001958
1689 0.001957
1690 0.001956
1691 0.001955
1692 0.001954
1693 0.001952
1694 0.001951
1695 0.001950
1696 0.001949
1697 0.001948
1698 0.001946
1699 0.001945
1700 0.001944
1701 0.001943
1702 0.001942
1703 0.001940
1704 0.001939
1705 0.001938
1706 0.001937
1707 0.001936
1708 0.001934
1709 0.001933
1710 0.001932
1711 0.001931
1712 0.001930
1713 0.001928
1714 0.001927
1715 0.001926
1716 0.001925
1717 0.001924
1718 0.001923
1719 0.001921
1720 0.001920
1721 0.001919
1722 0.001918
1723 0.001917
1724 0.001916
1725 0.001914
1726 0.001913
1727 0.001912
1728 0.001911
1729 0.001910
1730 0.001909
1731 0.001907
1732 0.001906
1733 0.001905
1734 0.001904
1735 0.001903
1736 0.001902
1737 0.001900
1738 0.001899
1739 0.001898
1740 0.001897
1741 0.001896
1742 0.001895
1743 0.001894
1744 0.001892
1745 0.001891
1746 0.001890
1747 0.001889
1748 0.001888
1749 0.001887
1750 0.001886
1751 0.001884
1752 0.001883
1753 0.001882
1754 0.001881
1755 0.001880
1756 0.001879
1757 0.001878
1758 0.001877
1759 0.001875
1760 0.001874
1761 0.001873
1762 0.001872
1763 0.001871
1764 0.001870
1765 0.001869
1766 0.001868
1767 0.001867
1768 0.001865
1769 0.001864
1770 0.001863
1771 0.001862
1772 0.001861
1773 0.001860
1774 0.001859
1775 0.001858
1776 0.001857
1777 0.001856
1778 0.001854
1779 0.001853
1780 0.001852
1781 0.001851
1782 0.001850
1783 0.001849
1784 0.001848
1785 0.001847
1786 0.001846
1787 0.001845
1788 0.001844
1789 0.001842
1790 0.001841
1791 0.001840
1792 0.001839
1793 0.001838
1794 0.001837
1795 0.001836
1796 0.001835
1797 0.001834
1798 0.001833
1799 0.001832
1800 0.001831
1801 0.001830
1802 0.001828
1803 0.001827
1804 0.001826
1805 0.001825
1806 0.001824
1807 0.001823
1808 0.001822
1809 0.001821
1810 0.001820
1811 0.001819
1812 0.001818
1813 0.001817
1814 0.001816
1815 0.001815
1816 0.001814
1817 0.001813
1818 0.001812
1819 0.001811
1820 0.001809
1821 0.001808
1822 0.001807
1823 0.001806
1824 0.001805
1825 0.001804
1826 0.001803
1827 0.001802
1828 0.001801
1829 0.001800
1830 0.001799
1831 0.001798
1832 0.001797
1833 0.001796
1834 0.001795
1835 0.001794
1836 0.001793
1837 0.001792
1838 0.001791
1839 0.001790
1840 0.001789
1841 0.001788
1842 0.001787
1843 0.001786
1844 0.001785
1845 0.001784
1846 0.001783
1847 0.001782
1848 0.001781
1849 0.001780
1850 0.001779
1851 0.001778
1852 0.001777
1853 0.001776
1854 0.001775
1855 0.001774
1856 0.001773
1857 0.001772
1858 0.001771
1859 0.001770
1860 0.001769
1861 0.001768
1862 0.001767
1863 0.001766
1864 0.001765
1865 0.001764
1866 0.001763
1867 0.001762
1868 0.001761
1869 0.001760
1870 0.001759
1871 0.001758
1872 0.001757
1873 0.001756
1874 0.001755
1875 0.001754
1876 0.001753
1877 0.001752
1878 0.001751
1879 0.001750
1880 0.001749
1881 0.001748
1882 0.001747
1883 0.001746
1884 0.001745
1885 0.001744
1886 0.001743
1887 0.001742
1888 0.001741
1889 0.001740
1890 0.001739
1891 0.001738
1892 0.001737
1893 0.001736
1894 0.001735
1895 0.001734
1896 0.001733
1897 0.001732
1898 0.001731
1899 0.001731
1900 0.001730
1901 0.001729
1902 0.001728
1903 0.001727
1904 0.001726
1905 0.001725
1906 0.001724
1907 0.001723
1908 0.001722
1909 0.001721
1910 0.001720
1911 0.001719
1912 0.001718
1913 0.001717
1914 0.001716
1915 0.001715
1916 0.001714
1917 0.001713
1918 0.001713
1919 0.001712
1920 0.001711
1921 0.001710
1922 0.001709
1923 0.001708
1924 0.001707
1925 0.001706
1926 0.001705
1927 0.001704
1928 0.001703
1929 0.001702
1930 0.001701
1931 0.001700
1932 0.001699
1933 0.001699
1934 0.001698
1935 0.001697
1936 0.001696
1937 0.001695
1938 0.001694
1939 0.001693
1940 0.001692
1941 0.001691
1942 0.001690
1943 0.001689
1944 0.001688
1945 0.001688
1946 0.001687
1947 0.001686
1948 0.001685
1949 0.001684
1950 0.001683
1951 0.001682
1952 0.001681
1953 0.001680
1954 0.001679
1955 0.001679
1956 0.001678
1957 0.001677
1958 0.001676
1959 0.001675
1960 0.001674
1961 0.001673
1962 0.001672
1963 0.001671
1964 0.001670
1965 0.001670
1966 0.001669
1967 0.001668
1968 0.001667
1969 0.001666
1970 0.001665
1971 0.001664
1972 0.001663
1973 0.001662
1974 0.001662
1975 0.001661
1976 0.001660
1977 0.001659
1978 0.001658
1979 0.001657
1980 0.001656
1981 0.001655
1982 0.001655
1983 0.001654
1984 0.001653
1985 0.001652
1986 0.001651
1987 0.001650
1988 0.001649
1989 0.001648
1990 0.001648
1991 0.001647
1992 0.001646
1993 0.001645
1994 0.001644
1995 0.001643
1996 0.001642
1997 0.001641
1998 0.001641
1999 0.001640
2000 0.001639
2001 0.001638
2002 0.001637
2003 0.001636
2004 0.001635
2005 0.001635
2006 0.001634
2007 0.001633
2008 0.001632
2009 0.001631
2010 0.001630
2011 0.001629
2012 0.001629
2013 0.001628
2014 0.001627
2015 0.001626
2016 0.001625
2017 0.001624
2018 0.001624
2019 0.001623
2020 0.001622
2021 0.001621
2022 0.001620
2023 0.001619
2024 0.001619
2025 0.001618
2026 0.001617
2027 0.001616
2028 0.001615
2029 0.001614
2030 0.001613
2031 0.001613
2032 0.001612
2033 0.001611
2034 0.001610
2035 0.001609
2036 0.001609
2037 0.001608
2038 0.001607
2039 0.001606
2040 0.001605
2041 0.001604
2042 0.001604
2043 0.001603
2044 0.001602
2045 0.001601
2046 0.001600
2047 0.001599
2048 0.001599
2049 0.001598
2050 0.001597
2051 0.001596
2052 0.001595
2053 0.001595
2054 0.001594
2055 0.001593
2056 0.001592
2057 0.001591
2058 0.001590
2059 0.001590
2060 0.001589
2061 0.001588
2062 0.001587
2063 0.001586
2064 0.001586
2065 0.001585
2066 0.001584
2067 0.001583
2068 0.001582
2069 0.001582
2070 0.001581
2071 0.001580
2072 0.001579
2073 0.001578
2074 0.001578
2075 0.001577
2076 0.001576
2077 0.001575
2078 0.001574
2079 0.001574
2080 0.001573
2081 0.001572
2082 0.001571
2083 0.001570
2084 0.001570
2085 0.001569
2086 0.001568
2087 0.001567
2088 0.001567
2089 0.001566
2090 0.001565
2091 0.001564
2092 0.001563
2093 0.001563
2094 0.001562
2095 0.001561
2096 0.001560
2097 0.001559
2098 0.001559
2099 0.001558
2100 0.001557
2101 0.001556
2102 0.001556
2103 0.001555
2104 0.001554
2105 0.001553
2106 0.001552
2107 0.001552
2108 0.001551
2109 0.001550
2110 0.001549
2111 0.001549
2112 0.001548
2113 0.001547
2114 0.001546
2115 0.001546
2116 0.001545
2117 0.001544
2118 0.001543
2119 0.001543
2120 0.001542
2121 0.001541
2122 0.001540
2123 0.001539
2124 0.001539
2125 0.001538
2126 0.001537
2127 0.001536
2128 0.001536
2129 0.001535
2130 0.001534
2131 0.001533
2132 0.001533
2133 0.001532
2134 0.001531
2135 0.001530
2136 0.001530
2137 0.001529
2138 0.001528
2139 0.001527
2140 0.001527
2141 0.001526
2142 0.001525
2143 0.001524
2144 0.001524
2145 0.001523
2146 0.001522
2147 0.001521
2148 0.001521
2149 0.001520
2150 0.001519
2151 0.001518
2152 0.001518
2153 0.001517
2154 0.001516
2155 0.001516
2156 0.001515
2157 0.001514
2158 0.001513
2159 0.001513
2160 0.001512
2161 0.001511
2162 0.001510
2163 0.001510
2164 0.001509
2165 0.001508
2166 0.001507
2167 0.001507
2168 0.001506
2169 0.001505
2170 0.001505
2171 0.001504
2172 0.001503
2173 0.001502
2174 0.001502
2175 0.001501
2176 0.001500
2177 0.001499
2178 0.001499
2179 0.001498
2180 0.001497
2181 0.001497
2182 0.001496
2183 0.001495
2184 0.001494
2185 0.001494
2186 0.001493
2187 0.001492
2188 0.001492
2189 0.001491
2190 0.001490
2191 0.001489
2192 0.001489
2193 0.001488
2194 0.001487
2195 0.001487
2196 0.001486
2197 0.001485
2198 0.001484
2199 0.001484
2200 0.001483
2201 0.001482
2202 0.001482
2203 0.001481
2204 0.001480
2205 0.001480
2206 0.001479
2207 0.001478
2208 0.001477
2209 0.001477
2210 0.001476
2211 0.001475
2212 0.001475
2213 0.001474
2214 0.001473
2215 0.001473
2216 0.001472
2217 0.001471
2218 0.001470
2219 0.001470
2220 0.001469
2221 0.001468
2222 0.001468
2223 0.001467
2224 0.001466
2225 0.001466
2226 0.001465
2227 0.001464
2228 0.001464
2229 0.001463
2230 0.001462
2231 0.001461
2232 0.001461
2233 0.001460
2234 0.001459
2235 0.001459
2236 0.001458
2237 0.001457
2238 0.001457
2239 0.001456
2240 0.001455
2241 0.001455
2242 0.001454
2243 0.001453
2244 0.001453
2245 0.001452
2246 0.001451
2247 0.001451
2248 0.001450
2249 0.001449
2250 0.001449
2251 0.001448
2252 0.001447
2253 0.001447
2254 0.001446
2255 0.001445
2256 0.001444
2257 0.001444
2258 0.001443
2259 0.001442
2260 0.001442
2261 0.001441
2262 0.001440
2263 0.001440
2264 0.001439
2265 0.001438
2266 0.001438
2267 0.001437
2268 0.001436
2269 0.001436
2270 0.001435
2271 0.001434
2272 0.001434
2273 0.001433
2274 0.001433
2275 0.001432
2276 0.001431
2277 0.001431
2278 0.001430
2279 0.001429
2280 0.001429
2281 0.001428
2282 0.001427
2283 0.001427
2284 0.001426
2285 0.001425
2286 0.001425
2287 0.001424
2288 0.001423
2289 0.001423
2290 0.001422
2291 0.001421
2292 0.001421
2293 0.001420
2294 0.001419
2295 0.001419
2296 0.001418
2297 0.001417
2298 0.001417
2299 0.001416
2300 0.001416
2301 0.001415
2302 0.001414
2303 0.001414
2304 0.001413
2305 0.001412
2306 0.001412
2307 0.001411
2308 0.001410
2309 0.001410
2310 0.001409
2311 0.001409
2312 0.001408
2313 0.001407
2314 0.001407
2315 0.001406
2316 0.001405
2317 0.001405
2318 0.001404
2319 0.001403
2320 0.001403
2321 0.001402
2322 0.001402
2323 0.001401
2324 0.001400
2325 0.001400
2326 0.001399
2327 0.001398
2328 0.001398
2329 0.001397
2330 0.001396
2331 0.001396
2332 0.001395
2333 0.001395
2334 0.001394
2335 0.001393
2336 0.001393
2337 0.001392
2338 0.001391
2339 0.001391
2340 0.001390
2341 0.001390
2342 0.001389
2343 0.001388
2344 0.001388
2345 0.001387
2346 0.001387
2347 0.001386
2348 0.001385
2349 0.001385
2350 0.001384
2351 0.001383
2352 0.001383
2353 0.001382
2354 0.001382
2355 0.001381
2356 0.001380
2357 0.001380
2358 0.001379
2359 0.001379
2360 0.001378
2361 0.001377
2362 0.001377
2363 0.001376
2364 0.001375
2365 0.001375
2366 0.001374
2367 0.001374
2368 0.001373
2369 0.001372
2370 0.001372
2371 0.001371
2372 0.001371
2373 0.001370
2374 0.001369
2375 0.001369
2376 0.001368
2377 0.001368
2378 0.001367
2379 0.001366
2380 0.001366
2381 0.001365
2382 0.001365
2383 0.001364
2384 0.001363
2385 0.001363
2386 0.001362
2387 0.001362
2388 0.001361
2389 0.001360
2390 0.001360
2391 0.001359
2392 0.001359
2393 0.001358
2394 0.001357
2395 0.001357
2396 0.001356
2397 0.001356
2398 0.001355
2399 0.001354
2400 0.001354
2401 0.001353
2402 0.001353
2403 0.001352
2404 0.001352
2405 0.001351
2406 0.001350
2407 0.001350
2408 0.001349
2409 0.001349
2410 0.001348
2411 0.001347
2412 0.001347
2413 0.001346
2414 0.001346
2415 0.001345
2416 0.001344
2417 0.001344
2418 0.001343
2419 0.001343
2420 0.001342
2421 0.001342
2422 0.001341
2423 0.001340
2424 0.001340
2425 0.001339
2426 0.001339
2427 0.001338
2428 0.001338
2429 0.001337
2430 0.001336
2431 0.001336
2432 0.001335
2433 0.001335
2434 0.001334
2435 0.001333
2436 0.001333
2437 0.001332
2438 0.001332
2439 0.001331
2440 0.001331
2441 0.001330
2442 0.001329
2443 0.001329
2444 0.001328
2445 0.001328
2446 0.001327
2447 0.001327
2448 0.001326
2449 0.001326
2450 0.001325
2451 0.001324
2452 0.001324
2453 0.001323
2454 0.001323
2455 0.001322
2456 0.001322
2457 0.001321
2458 0.001320
2459 0.001320
2460 0.001319
2461 0.001319
2462 0.001318
2463 0.001318
2464 0.001317
2465 0.001317
2466 0.001316
2467 0.001315
2468 0.001315
2469 0.001314
2470 0.001314
2471 0.001313
2472 0.001313
2473 0.001312
2474 0.001312
2475 0.001311
2476 0.001310
2477 0.001310
2478 0.001309
2479 0.001309
2480 0.001308
2481 0.001308
2482 0.001307
2483 0.001307
2484 0.001306
2485 0.001305
2486 0.001305
2487 0.001304
2488 0.001304
2489 0.001303
2490 0.001303
2491 0.001302
2492 0.001302
2493 0.001301
2494 0.001301
2495 0.001300
2496 0.001299
2497 0.001299
2498 0.001298
2499 0.001298
2500 0.001297
2501 0.001297
2502 0.001296
2503 0.001296
2504 0.001295
2505 0.001295
2506 0.001294
2507 0.001293
2508 0.001293
2509 0.001292
2510 0.001292
2511 0.001291
2512 0.001291
2513 0.001290
2514 0.001290
2515 0.001289
2516 0.001289
2517 0.001288
2518 0.001288
2519 0.001287
2520 0.001286
2521 0.001286
2522 0.001285
2523 0.001285
2524 0.001284
2525 0.001284
2526 0.001283
2527 0.001283
2528 0.001282
2529 0.001282
2530 0.001281
2531 0.001281
2532 0.001280
2533 0.001280
2534 0.001279
2535 0.001279
2536 0.001278
2537 0.001277
2538 0.001277
2539 0.001276
2540 0.001276
2541 0.001275
2542 0.001275
2543 0.001274
2544 0.001274
2545 0.001273
2546 0.001273
2547 0.001272
2548 0.001272
2549 0.001271
2550 0.001271
2551 0.001270
2552 0.001270
2553 0.001269
2554 0.001269
2555 0.001268
2556 0.001268
2557 0.001267
2558 0.001266
2559 0.001266
2560 0.001265
2561 0.001265
2562 0.001264
2563 0.001264
2564 0.001263
2565 0.001263
2566 0.001262
2567 0.001262
2568 0.001261
2569 0.001261
2570 0.001260
2571 0.001260
2572 0.001259
2573 0.001259
2574 0.001258
2575 0.001258
2576 0.001257
2577 0.001257
2578 0.001256
2579 0.001256
2580 0.001255
2581 0.001255
2582 0.001254
2583 0.001254
2584 0.001253
2585 0.001253
2586 0.001252
2587 0.001252
2588 0.001251
2589 0.001251
2590 0.001250
2591 0.001250
2592 0.001249
2593 0.001249
2594 0.001248
2595 0.001248
2596 0.001247
2597 0.001247
2598 0.001246
2599 0.001246
2600 0.001245
2601 0.001245
2602 0.001244
2603 0.001244
2604 0.001243
2605 0.001243
2606 0.001242
2607 0.001242
2608 0.001241
2609 0.001241
2610 0.001240
2611 0.001240
2612 0.001239
2613 0.001239
2614 0.001238
2615 0.001238
2616 0.001237
2617 0.001237
2618 0.001236
2619 0.001236
2620 0.001235
2621 0.001235
2622 0.001234
2623 0.001234
2624 0.001233
2625 0.001233
2626 0.001232
2627 0.001232
2628 0.001231
2629 0.001231
2630 0.001230
2631 0.001230
2632 0.001229
2633 0.001229
2634 0.001228
2635 0.001228
2636 0.001227
2637 0.001227
2638 0.001226
2639 0.001226
2640 0.001225
2641 0.001225
2642 0.001224
2643 0.001224
2644 0.001223
2645 0.001223
2646 0.001222
2647 0.001222
2648 0.001222
2649 0.001221
2650 0.001221
2651 0.001220
2652 0.001220
2653 0.001219
2654 0.001219
2655 0.001218
2656 0.001218
2657 0.001217
2658 0.001217
2659 0.001216
2660 0.001216
2661 0.001215
2662 0.001215
2663 0.001214
2664 0.001214
2665 0.001213
2666 0.001213
2667 0.001212
2668 0.001212
2669 0.001211
2670 0.001211
2671 0.001211
2672 0.001210
2673 0.001210
2674 0.001209
2675 0.001209
2676 0.001208
2677 0.001208
2678 0.001207
2679 0.001207
2680 0.001206
2681 0.001206
2682 0.001205
2683 0.001205
2684 0.001204
2685 0.001204
2686 0.001203
2687 0.001203
2688 0.001203
2689 0.001202
2690 0.001202
2691 0.001201
2692 0.001201
2693 0.001200
2694 0.001200
2695 0.001199
2696 0.001199
2697 0.001198
2698 0.001198
2699 0.001197
2700 0.001197
2701 0.001196
2702 0.001196
2703 0.001196
2704 0.001195
2705 0.001195
2706 0.001194
2707 0.001194
2708 0.001193
2709 0.001193
2710 0.001192
2711 0.001192
2712 0.001191
2713 0.001191
2714 0.001190
2715 0.001190
2716 0.001190
2717 0.001189
2718 0.001189
2719 0.001188
2720 0.001188
2721 0.001187
2722 0.001187
2723 0.001186
2724 0.001186
2725 0.001185
2726 0.001185
2727 0.001185
2728 0.001184
2729 0.001184
2730 0.001183
2731 0.001183
2732 0.001182
2733 0.001182
2734 0.001181
2735 0.001181
2736 0.001180
2737 0.001180
2738 0.001180
2739 0.001179
2740 0.001179
2741 0.001178
2742 0.001178
2743 0.001177
2744 0.001177
2745 0.001176
2746 0.001176
2747 0.001176
2748 0.001175
2749 0.001175
2750 0.001174
2751 0.001174
2752 0.001173
2753 0.001173
2754 0.001172
2755 0.001172
2756 0.001172
2757 0.001171
2758 0.001171
2759 0.001170
2760 0.001170
2761 0.001169
2762 0.001169
2763 0.001168
2764 0.001168
2765 0.001168
2766 0.001167
2767 0.001167
2768 0.001166
2769 0.001166
2770 0.001165
2771 0.001165
2772 0.001164
2773 0.001164
2774 0.001164
2775 0.001163
2776 0.001163
2777 0.001162
2778 0.001162
2779 0.001161
2780 0.001161
2781 0.001161
2782 0.001160
2783 0.001160
2784 0.001159
2785 0.001159
2786 0.001158
2787 0.001158
2788 0.001157
2789 0.001157
2790 0.001157
2791 0.001156
2792 0.001156
2793 0.001155
2794 0.001155
2795 0.001154
2796 0.001154
2797 0.001154
2798 0.001153
2799 0.001153
2800 0.001152
2801 0.001152
2802 0.001151
2803 0.001151
2804 0.001151
2805 0.001150
2806 0.001150
2807 0.001149
2808 0.001149
2809 0.001148
2810 0.001148
2811 0.001148
2812 0.001147
2813 0.001147
2814 0.001146
2815 0.001146
2816 0.001145
2817 0.001145
2818 0.001145
2819 0.001144
2820 0.001144
2821 0.001143
2822 0.001143
2823 0.001142
2824 0.001142
2825 0.001142
2826 0.001141
2827 0.001141
2828 0.001140
2829 0.001140
2830 0.001140
2831 0.001139
2832 0.001139
2833 0.001138
2834 0.001138
2835 0.001137
2836 0.001137
2837 0.001137
2838 0.001136
2839 0.001136
2840 0.001135
2841 0.001135
2842 0.001135
2843 0.001134
2844 0.001134
2845 0.001133
2846 0.001133
2847 0.001132
2848 0.001132
2849 0.001132
2850 0.001131
2851 0.001131
2852 0.001130
2853 0.001130
2854 0.001130
2855 0.001129
2856 0.001129
2857 0.001128
2858 0.001128
2859 0.001127
2860 0.001127
2861 0.001127
2862 0.001126
2863 0.001126
2864 0.001125
2865 0.001125
2866 0.001125
2867 0.001124
2868 0.001124
2869 0.001123
2870 0.001123
2871 0.001123
2872 0.001122
2873 0.001122
2874 0.001121
2875 0.001121
2876 0.001120
2877 0.001120
2878 0.001120
2879 0.001119
2880 0.001119
2881 0.001118
2882 0.001118
2883 0.001118
2884 0.001117
2885 0.001117
2886 0.001116
2887 0.001116
2888 0.001116
2889 0.001115
2890 0.001115
2891 0.001114
2892 0.001114
2893 0.001114
2894 0.001113
2895 0.001113
2896 0.001112
2897 0.001112
2898 0.001112
2899 0.001111
2900 0.001111
2901 0.001110
2902 0.001110
2903 0.001110
2904 0.001109
2905 0.001109
2906 0.001108
2907 0.001108
2908 0.001108
2909 0.001107
2910 0.001107
2911 0.001106
2912 0.001106
2913 0.001106
2914 0.001105
2915 0.001105
2916 0.001104
2917 0.001104
2918 0.001104
2919 0.001103
2920 0.001103
2921 0.001102
2922 0.001102
2923 0.001102
2924 0.001101
2925 0.001101
2926 0.001101
2927 0.001100
2928 0.001100
2929 0.001099
2930 0.001099
2931 0.001099
2932 0.001098
2933 0.001098
2934 0.001097
2935 0.001097
2936 0.001097
2937 0.001096
2938 0.001096
2939 0.001095
2940 0.001095
2941 0.001095
2942 0.001094
2943 0.001094
2944 0.001093
2945 0.001093
2946 0.001093
2947 0.001092
2948 0.001092
2949 0.001092
2950 0.001091
2951 0.001091
2952 0.001090
2953 0.001090
2954 0.001090
2955 0.001089
2956 0.001089
2957 0.001088
2958 0.001088
2959 0.001088
2960 0.001087
2961 0.001087
2962 0.001087
2963 0.001086
2964 0.001086
2965 0.001085
2966 0.001085
2967 0.001085
2968 0.001084
2969 0.001084
2970 0.001083
2971 0.001083
2972 0.001083
2973 0.001082
2974 0.001082
2975 0.001082
2976 0.001081
2977 0.001081
2978 0.001080
2979 0.001080
2980 0.001080
2981 0.001079
2982 0.001079
2983 0.001079
2984 0.001078
2985 0.001078
2986 0.001077
2987 0.001077
2988 0.001077
2989 0.001076
2990 0.001076
2991 0.001076
2992 0.001075
2993 0.001075
2994 0.001074
2995 0.001074
2996 0.001074
2997 0.001073
2998 0.001073
2999 0.001073
3000 0.001072
3001 0.001072
3002 0.001071
3003 0.001071
3004 0.001071
3005 0.001070
3006 0.001070
3007 0.001070
3008 0.001069
3009 0.001069
3010 0.001068
3011 0.001068
3012 0.001068
3013 0.001067
3014 0.001067
3015 0.001067
3016 0.001066
3017 0.001066
3018 0.001065
3019 0.001065
3020 0.001065
3021 0.001064
3022 0.001064
3023 0.001064
3024 0.001063
3025 0.001063
3026 0.001063
3027 0.001062
3028 0.001062
3029 0.001061
3030 0.001061
3031 0.001061
3032 0.001060
3033 0.001060
3034 0.001060
3035 0.001059
3036 0.001059
3037 0.001059
3038 0.001058
3039 0.001058
3040 0.001057
3041 0.001057
3042 0.001057
3043 0.001056
3044 0.001056
3045 0.001056
3046 0.001055
3047 0.001055
3048 0.001055
3049 0.001054
3050 0.001054
3051 0.001053
3052 0.001053
3053 0.001053
3054 0.001052
3055 0.001052
3056 0.001052
3057 0.001051
3058 0.001051
3059 0.001051
3060 0.001050
3061 0.001050
3062 0.001050
3063 0.001049
3064 0.001049
3065 0.001048
3066 0.001048
3067 0.001048
3068 0.001047
3069 0.001047
3070 0.001047
3071 0.001046
3072 0.001046
3073 0.001046
3074 0.001045
3075 0.001045
3076 0.001045
3077 0.001044
3078 0.001044
3079 0.001043
3080 0.001043
3081 0.001043
3082 0.001042
3083 0.001042
3084 0.001042
3085 0.001041
3086 0.001041
3087 0.001041
3088 0.001040
3089 0.001040
3090 0.001040
3091 0.001039
3092 0.001039
3093 0.001039
3094 0.001038
3095 0.001038
3096 0.001037
3097 0.001037
3098 0.001037
3099 0.001036
3100 0.001036
3101 0.001036
3102 0.001035
3103 0.001035
3104 0.001035
3105 0.001034
3106 0.001034
3107 0.001034
3108 0.001033
3109 0.001033
3110 0.001033
3111 0.001032
3112 0.001032
3113 0.001032
3114 0.001031
3115 0.001031
3116 0.001031
3117 0.001030
3118 0.001030
3119 0.001030
3120 0.001029
3121 0.001029
3122 0.001028
3123 0.001028
3124 0.001028
3125 0.001027
3126 0.001027
3127 0.001027
3128 0.001026
3129 0.001026
3130 0.001026
3131 0.001025
3132 0.001025
3133 0.001025
3134 0.001024
3135 0.001024
3136 0.001024
3137 0.001023
3138 0.001023
3139 0.001023
3140 0.001022
3141 0.001022
3142 0.001022
3143 0.001021
3144 0.001021
3145 0.001021
3146 0.001020
3147 0.001020
3148 0.001020
3149 0.001019
3150 0.001019
3151 0.001019
3152 0.001018
3153 0.001018
3154 0.001018
3155 0.001017
3156 0.001017
3157 0.001017
3158 0.001016
3159 0.001016
3160 0.001016
3161 0.001015
3162 0.001015
3163 0.001015
3164 0.001014
3165 0.001014
3166 0.001014
3167 0.001013
3168 0.001013
3169 0.001013
3170 0.001012
3171 0.001012
3172 0.001012
3173 0.001011
3174 0.001011
3175 0.001011
3176 0.001010
3177 0.001010
3178 0.001010
3179 0.001009
3180 0.001009
3181 0.001009
3182 0.001008
3183 0.001008
3184 0.001008
3185 0.001007
3186 0.001007
3187 0.001007
3188 0.001006
3189 0.001006
3190 0.001006
3191 0.001005
3192 0.001005
3193 0.001005
3194 0.001004
3195 0.001004
3196 0.001004
3197 0.001003
3198 0.001003
3199 0.001003
3200 0.001002
3201 0.001002
3202 0.001002
3203 0.001001
3204 0.001001
3205 0.001001
3206 0.001000
3207 0.001000
3208 0.001000
3209 0.000999
3210 0.000999
3211 0.000999
3212 0.000998
3213 0.000998
3214 0.000998
3215 0.000997
3216 0.000997
3217 0.000997
3218 0.000996
3219 0.000996
3220 0.000996
3221 0.000996
3222 0.000995
3223 0.000995
3224 0.000995
3225 0.000994
3226 0.000994
3227 0.000994
3228 0.000993
3229 0.000993
3230 0.000993
3231 0.000992
3232 0.000992
3233 0.000992
3234 0.000991
3235 0.000991
3236 0.000991
3237 0.000990
3238 0.000990
3239 0.000990
3240 0.000989
3241 0.000989
3242 0.000989
3243 0.000988
3244 0.000988
3245 0.000988
3246 0.000988
3247 0.000987
3248 0.000987
3249 0.000987
3250 0.000986
3251 0.000986
3252 0.000986
3253 0.000985
3254 0.000985
3255 0.000985
3256 0.000984
3257 0.000984
3258 0.000984
3259 0.000983
3260 0.000983
3261 0.000983
3262 0.000982
3263 0.000982
3264 0.000982
3265 0.000982
3266 0.000981
3267 0.000981
3268 0.000981
3269 0.000980
3270 0.000980
3271 0.000980
3272 0.000979
3273 0.000979
3274 0.000979
3275 0.000978
3276 0.000978
3277 0.000978
3278 0.000977
3279 0.000977
3280 0.000977
3281 0.000977
3282 0.000976
3283 0.000976
3284 0.000976
3285 0.000975
3286 0.000975
3287 0.000975
3288 0.000974
3289 0.000974
3290 0.000974
3291 0.000973
3292 0.000973
3293 0.000973
3294 0.000973
3295 0.000972
3296 0.000972
3297 0.000972
3298 0.000971
3299 0.000971
3300 0.000971
3301 0.000970
3302 0.000970
3303 0.000970
3304 0.000969
3305 0.000969
3306 0.000969
3307 0.000969
3308 0.000968
3309 0.000968
3310 0.000968
3311 0.000967
3312 0.000967
3313 0.000967
3314 0.000966
3315 0.000966
3316 0.000966
3317 0.000965
3318 0.000965
3319 0.000965
3320 0.000965
3321 0.000964
3322 0.000964
3323 0.000964
3324 0.000963
3325 0.000963
3326 0.000963
3327 0.000962
3328 0.000962
3329 0.000962
3330 0.000962
3331 0.000961
3332 0.000961
3333 0.000961
3334 0.000960
3335 0.000960
3336 0.000960
3337 0.000959
3338 0.000959
3339 0.000959
3340 0.000959
3341 0.000958
3342 0.000958
3343 0.000958
3344 0.000957
3345 0.000957
3346 0.000957
3347 0.000956
3348 0.000956
3349 0.000956
3350 0.000956
3351 0.000955
3352 0.000955
3353 0.000955
3354 0.000954
3355 0.000954
3356 0.000954
3357 0.000953
3358 0.000953
3359 0.000953
3360 0.000953
3361 0.000952
3362 0.000952
3363 0.000952
3364 0.000951
3365 0.000951
3366 0.000951
3367 0.000951
3368 0.000950
3369 0.000950
3370 0.000950
3371 0.000949
3372 0.000949
3373 0.000949
3374 0.000948
3375 0.000948
3376 0.000948
3377 0.000948
3378 0.000947
3379 0.000947
3380 0.000947
3381 0.000946
3382 0.000946
3383 0.000946
3384 0.000946
3385 0.000945
3386 0.000945
3387 0.000945
3388 0.000944
3389 0.000944
3390 0.000944
3391 0.000944
3392 0.000943
3393 0.000943
3394 0.000943
3395 0.000942
3396 0.000942
3397 0.000942
3398 0.000941
3399 0.000941
3400 0.000941
3401 0.000941
3402 0.000940
3403 0.000940
3404 0.000940
3405 0.000939
3406 0.000939
3407 0.000939
3408 0.000939
3409 0.000938
3410 0.000938
3411 0.000938
3412 0.000937
3413 0.000937
3414 0.000937
3415 0.000937
3416 0.000936
3417 0.000936
3418 0.000936
3419 0.000935
3420 0.000935
3421 0.000935
3422 0.000935
3423 0.000934
3424 0.000934
3425 0.000934
3426 0.000933
3427 0.000933
3428 0.000933
3429 0.000933
3430 0.000932
3431 0.000932
3432 0.000932
3433 0.000931
3434 0.000931
3435 0.000931
3436 0.000931
3437 0.000930
3438 0.000930
3439 0.000930
3440 0.000930
3441 0.000929
3442 0.000929
3443 0.000929
3444 0.000928
3445 0.000928
3446 0.000928
3447 0.000928
3448 0.000927
3449 0.000927
3450 0.000927
3451 0.000926
3452 0.000926
3453 0.000926
3454 0.000926
3455 0.000925
3456 0.000925
3457 0.000925
3458 0.000924
3459 0.000924
3460 0.000924
3461 0.000924
3462 0.000923
3463 0.000923
3464 0.000923
3465 0.000923
3466 0.000922
3467 0.000922
3468 0.000922
3469 0.000921
3470 0.000921
3471 0.000921
3472 0.000921
3473 0.000920
3474 0.000920
3475 0.000920
3476 0.000919
3477 0.000919
3478 0.000919
3479 0.000919
3480 0.000918
3481 0.000918
3482 0.000918
3483 0.000918
3484 0.000917
3485 0.000917
3486 0.000917
3487 0.000916
3488 0.000916
3489 0.000916
3490 0.000916
3491 0.000915
3492 0.000915
3493 0.000915
3494 0.000915
3495 0.000914
3496 0.000914
3497 0.000914
3498 0.000913
3499 0.000913
3500 0.000913
3501 0.000913
3502 0.000912
3503 0.000912
3504 0.000912
3505 0.000912
3506 0.000911
3507 0.000911
3508 0.000911
3509 0.000910
3510 0.000910
3511 0.000910
3512 0.000910
3513 0.000909
3514 0.000909
3515 0.000909
3516 0.000909
3517 0.000908
3518 0.000908
3519 0.000908
3520 0.000907
3521 0.000907
3522 0.000907
3523 0.000907
3524 0.000906
3525 0.000906
3526 0.000906
3527 0.000906
3528 0.000905
3529 0.000905
3530 0.000905
3531 0.000905
3532 0.000904
3533 0.000904
3534 0.000904
3535 0.000903
3536 0.000903
3537 0.000903
3538 0.000903
3539 0.000902
3540 0.000902
3541 0.000902
3542 0.000902
3543 0.000901
3544 0.000901
3545 0.000901
3546 0.000901
3547 0.000900
3548 0.000900
3549 0.000900
3550 0.000900
3551 0.000899
3552 0.000899
3553 0.000899
3554 0.000898
3555 0.000898
3556 0.000898
3557 0.000898
3558 0.000897
3559 0.000897
3560 0.000897
3561 0.000897
3562 0.000896
3563 0.000896
3564 0.000896
3565 0.000896
3566 0.000895
3567 0.000895
3568 0.000895
3569 0.000895
3570 0.000894
3571 0.000894
3572 0.000894
3573 0.000893
3574 0.000893
3575 0.000893
3576 0.000893
3577 0.000892
3578 0.000892
3579 0.000892
3580 0.000892
3581 0.000891
3582 0.000891
3583 0.000891
3584 0.000891
3585 0.000890
3586 0.000890
3587 0.000890
3588 0.000890
3589 0.000889
3590 0.000889
3591 0.000889
3592 0.000889
3593 0.000888
3594 0.000888
3595 0.000888
3596 0.000888
3597 0.000887
3598 0.000887
3599 0.000887
3600 0.000886
3601 0.000886
3602 0.000886
3603 0.000886
3604 0.000885
3605 0.000885
3606 0.000885
3607 0.000885
3608 0.000884
3609 0.000884
3610 0.000884
3611 0.000884
3612 0.000883
3613 0.000883
3614 0.000883
3615 0.000883
3616 0.000882
3617 0.000882
3618 0.000882
3619 0.000882
3620 0.000881
3621 0.000881
3622 0.000881
3623 0.000881
3624 0.000880
3625 0.000880
3626 0.000880
3627 0.000880
3628 0.000879
3629 0.000879
3630 0.000879
3631 0.000879
3632 0.000878
3633 0.000878
3634 0.000878
3635 0.000878
3636 0.000877
3637 0.000877
3638 0.000877
3639 0.000877
3640 0.000876
3641 0.000876
3642 0.000876
3643 0.000876
3644 0.000875
3645 0.000875
3646 0.000875
3647 0.000875
3648 0.000874
3649 0.000874
3650 0.000874
3651 0.000874
3652 0.000873
3653 0.000873
3654 0.000873
3655 0.000873
3656 0.000872
3657 0.000872
3658 0.000872
3659 0.000872
3660 0.000871
3661 0.000871
3662 0.000871
3663 0.000871
3664 0.000870
3665 0.000870
3666 0.000870
3667 0.000870
3668 0.000869
3669 0.000869
3670 0.000869
3671 0.000869
3672 0.000868
3673 0.000868
3674 0.000868
3675 0.000868
3676 0.000867
3677 0.000867
3678 0.000867
3679 0.000867
3680 0.000866
3681 0.000866
3682 0.000866
3683 0.000866
3684 0.000865
3685 0.000865
3686 0.000865
3687 0.000865
3688 0.000864
3689 0.000864
3690 0.000864
3691 0.000864
3692 0.000863
3693 0.000863
3694 0.000863
3695 0.000863
3696 0.000863
3697 0.000862
3698 0.000862
3699 0.000862
3700 0.000862
3701 0.000861
3702 0.000861
3703 0.000861
3704 0.000861
3705 0.000860
3706 0.000860
3707 0.000860
3708 0.000860
3709 0.000859
3710 0.000859
3711 0.000859
3712 0.000859
3713 0.000858
3714 0.000858
3715 0.000858
3716 0.000858
3717 0.000857
3718 0.000857
3719 0.000857
3720 0.000857
3721 0.000856
3722 0.000856
3723 0.000856
3724 0.000856
3725 0.000856
3726 0.000855
3727 0.000855
3728 0.000855
3729 0.000855
3730 0.000854
3731 0.000854
3732 0.000854
3733 0.000854
3734 0.000853
3735 0.000853
3736 0.000853
3737 0.000853
3738 0.000852
3739 0.000852
3740 0.000852
3741 0.000852
3742 0.000851
3743 0.000851
3744 0.000851
3745 0.000851
3746 0.000851
3747 0.000850
3748 0.000850
3749 0.000850
3750 0.000850
3751 0.000849
3752 0.000849
3753 0.000849
3754 0.000849
3755 0.000848
3756 0.000848
3757 0.000848
3758 0.000848
3759 0.000847
3760 0.000847
3761 0.000847
3762 0.000847
3763 0.000847
3764 0.000846
3765 0.000846
3766 0.000846
3767 0.000846
3768 0.000845
3769 0.000845
3770 0.000845
3771 0.000845
3772 0.000844
3773 0.000844
3774 0.000844
3775 0.000844
3776 0.000843
3777 0.000843
3778 0.000843
3779 0.000843
3780 0.000843
3781 0.000842
3782 0.000842
3783 0.000842
3784 0.000842
3785 0.000841
3786 0.000841
3787 0.000841
3788 0.000841
3789 0.000840
3790 0.000840
3791 0.000840
3792 0.000840
3793 0.000840
3794 0.000839
3795 0.000839
3796 0.000839
3797 0.000839
3798 0.000838
3799 0.000838
3800 0.000838
3801 0.000838
3802 0.000837
3803 0.000837
3804 0.000837
3805 0.000837
3806 0.000837
3807 0.000836
3808 0.000836
3809 0.000836
3810 0.000836
3811 0.000835
3812 0.000835
3813 0.000835
3814 0.000835
3815 0.000835
3816 0.000834
3817 0.000834
3818 0.000834
3819 0.000834
3820 0.000833
3821 0.000833
3822 0.000833
3823 0.000833
3824 0.000832
3825 0.000832
3826 0.000832
3827 0.000832
3828 0.000832
3829 0.000831
3830 0.000831
3831 0.000831
3832 0.000831
3833 0.000830
3834 0.000830
3835 0.000830
3836 0.000830
3837 0.000830
3838 0.000829
3839 0.000829
3840 0.000829
3841 0.000829
3842 0.000828
3843 0.000828
3844 0.000828
3845 0.000828
3846 0.000828
3847 0.000827
3848 0.000827
3849 0.000827
3850 0.000827
3851 0.000826
3852 0.000826
3853 0.000826
3854 0.000826
3855 0.000825
3856 0.000825
3857 0.000825
3858 0.000825
3859 0.000825
3860 0.000824
3861 0.000824
3862 0.000824
3863 0.000824
3864 0.000823
3865 0.000823
3866 0.000823
3867 0.000823
3868 0.000823
3869 0.000822
3870 0.000822
3871 0.000822
3872 0.000822
3873 0.000821
3874 0.000821
3875 0.000821
3876 0.000821
3877 0.000821
3878 0.000820
3879 0.000820
3880 0.000820
3881 0.000820
3882 0.000820
3883 0.000819
3884 0.000819
3885 0.000819
3886 0.000819
3887 0.000818
3888 0.000818
3889 0.000818
3890 0.000818
3891 0.000818
3892 0.000817
3893 0.000817
3894 0.000817
3895 0.000817
3896 0.000816
3897 0.000816
3898 0.000816
3899 0.000816
3900 0.000816
3901 0.000815
3902 0.000815
3903 0.000815
3904 0.000815
3905 0.000814
3906 0.000814
3907 0.000814
3908 0.000814
3909 0.000814
3910 0.000813
3911 0.000813
3912 0.000813
3913 0.000813
3914 0.000813
3915 0.000812
3916 0.000812
3917 0.000812
3918 0.000812
3919 0.000811
3920 0.000811
3921 0.000811
3922 0.000811
3923 0.000811
3924 0.000810
3925 0.000810
3926 0.000810
3927 0.000810
3928 0.000810
3929 0.000809
3930 0.000809
3931 0.000809
3932 0.000809
3933 0.000808
3934 0.000808
3935 0.000808
3936 0.000808
3937 0.000808
3938 0.000807
3939 0.000807
3940 0.000807
3941 0.000807
3942 0.000807
3943 0.000806
3944 0.000806
3945 0.000806
3946 0.000806
3947 0.000805
3948 0.000805
3949 0.000805
3950 0.000805
3951 0.000805
3952 0.000804
3953 0.000804
3954 0.000804
3955 0.000804
3956 0.000804
3957 0.000803
3958 0.000803
3959 0.000803
3960 0.000803
3961 0.000803
3962 0.000802
3963 0.000802
3964 0.000802
3965 0.000802
3966 0.000801
3967 0.000801
3968 0.000801
3969 0.000801
3970 0.000801
3971 0.000800
3972 0.000800
3973 0.000800
3974 0.000800
3975 0.000800
3976 0.000799
3977 0.000799
3978 0.000799
3979 0.000799
3980 0.000799
3981 0.000798
3982 0.000798
3983 0.000798
3984 0.000798
3985 0.000797
3986 0.000797
3987 0.000797
3988 0.000797
3989 0.000797
3990 0.000796
3991 0.000796
3992 0.000796
3993 0.000796
3994 0.000796
3995 0.000795
3996 0.000795
3997 0.000795
3998 0.000795
3999 0.000795
4000 0.000794
4001 0.000794
4002 0.000794
4003 0.000794
4004 0.000794
4005 0.000793
4006 0.000793
4007 0.000793
4008 0.000793
4009 0.000793
4010 0.000792
4011 0.000792
4012 0.000792
4013 0.000792
4014 0.000791
4015 0.000791
4016 0.000791
4017 0.000791
4018 0.000791
4019 0.000790
4020 0.000790
4021 0.000790
4022 0.000790
4023 0.000790
4024 0.000789
4025 0.000789
4026 0.000789
4027 0.000789
4028 0.000789
4029 0.000788
4030 0.000788
4031 0.000788
4032 0.000788
4033 0.000788
4034 0.000787
4035 0.000787
4036 0.000787
4037 0.000787
4038 0.000787
4039 0.000786
4040 0.000786
4041 0.000786
4042 0.000786
4043 0.000786
4044 0.000785
4045 0.000785
4046 0.000785
4047 0.000785
4048 0.000785
4049 0.000784
4050 0.000784
4051 0.000784
4052 0.000784
4053 0.000784
4054 0.000783
4055 0.000783
4056 0.000783
4057 0.000783
4058 0.000783
4059 0.000782
4060 0.000782
4061 0.000782
4062 0.000782
4063 0.000782
4064 0.000781
4065 0.000781
4066 0.000781
4067 0.000781
4068 0.000781
4069 0.000780
4070 0.000780
4071 0.000780
4072 0.000780
4073 0.000780
4074 0.000779
4075 0.000779
4076 0.000779
4077 0.000779
4078 0.000779
4079 0.000778
4080 0.000778
4081 0.000778
4082 0.000778
4083 0.000778
4084 0.000777
4085 0.000777
4086 0.000777
4087 0.000777
4088 0.000777
4089 0.000776
4090 0.000776
4091 0.000776
4092 0.000776
4093 0.000776
4094 0.000775
4095 0.000775
4096 0.000775
4097 0.000775
4098 0.000775
4099 0.000774
4100 0.000774
4101 0.000774
4102 0.000774
4103 0.000774
4104 0.000773
4105 0.000773
4106 0.000773
4107 0.000773
4108 0.000773
4109 0.000772
4110 0.000772
4111 0.000772
4112 0.000772
4113 0.000772
4114 0.000771
4115 0.000771
4116 0.000771
4117 0.000771
4118 0.000771
4119 0.000770
4120 0.000770
4121 0.000770
4122 0.000770
4123 0.000770
4124 0.000770
4125 0.000769
4126 0.000769
4127 0.000769
4128 0.000769
4129 0.000769
4130 0.000768
4131 0.000768
4132 0.000768
4133 0.000768
4134 0.000768
4135 0.000767
4136 0.000767
4137 0.000767
4138 0.000767
4139 0.000767
4140 0.000766
4141 0.000766
4142 0.000766
4143 0.000766
4144 0.000766
4145 0.000765
4146 0.000765
4147 0.000765
4148 0.000765
4149 0.000765
4150 0.000764
4151 0.000764
4152 0.000764
4153 0.000764
4154 0.000764
4155 0.000764
4156 0.000763
4157 0.000763
4158 0.000763
4159 0.000763
4160 0.000763
4161 0.000762
4162 0.000762
4163 0.000762
4164 0.000762
4165 0.000762
4166 0.000761
4167 0.000761
4168 0.000761
4169 0.000761
4170 0.000761
4171 0.000760
4172 0.000760
4173 0.000760
4174 0.000760
4175 0.000760
4176 0.000760
4177 0.000759
4178 0.000759
4179 0.000759
4180 0.000759
4181 0.000759
4182 0.000758
4183 0.000758
4184 0.000758
4185 0.000758
4186 0.000758
4187 0.000757
4188 0.000757
4189 0.000757
4190 0.000757
4191 0.000757
4192 0.000757
4193 0.000756
4194 0.000756
4195 0.000756
4196 0.000756
4197 0.000756
4198 0.000755
4199 0.000755
4200 0.000755
4201 0.000755
4202 0.000755
4203 0.000754
4204 0.000754
4205 0.000754
4206 0.000754
4207 0.000754
4208 0.000754
4209 0.000753
4210 0.000753
4211 0.000753
4212 0.000753
4213 0.000753
4214 0.000752
4215 0.000752
4216 0.000752
4217 0.000752
4218 0.000752
4219 0.000751
4220 0.000751
4221 0.000751
4222 0.000751
4223 0.000751
4224 0.000751
4225 0.000750
4226 0.000750
4227 0.000750
4228 0.000750
4229 0.000750
4230 0.000749
4231 0.000749
4232 0.000749
4233 0.000749
4234 0.000749
4235 0.000749
4236 0.000748
4237 0.000748
4238 0.000748
4239 0.000748
4240 0.000748
4241 0.000747
4242 0.000747
4243 0.000747
4244 0.000747
4245 0.000747
4246 0.000747
4247 0.000746
4248 0.000746
4249 0.000746
4250 0.000746
4251 0.000746
4252 0.000745
4253 0.000745
4254 0.000745
4255 0.000745
4256 0.000745
4257 0.000745
4258 0.000744
4259 0.000744
4260 0.000744
4261 0.000744
4262 0.000744
4263 0.000743
4264 0.000743
4265 0.000743
4266 0.000743
4267 0.000743
4268 0.000743
4269 0.000742
4270 0.000742
4271 0.000742
4272 0.000742
4273 0.000742
4274 0.000741
4275 0.000741
4276 0.000741
4277 0.000741
4278 0.000741
4279 0.000741
4280 0.000740
4281 0.000740
4282 0.000740
4283 0.000740
4284 0.000740
4285 0.000739
4286 0.000739
4287 0.000739
4288 0.000739
4289 0.000739
4290 0.000739
4291 0.000738
4292 0.000738
4293 0.000738
4294 0.000738
4295 0.000738
4296 0.000737
4297 0.000737
4298 0.000737
4299 0.000737
4300 0.000737
4301 0.000737
4302 0.000736
4303 0.000736
4304 0.000736
4305 0.000736
4306 0.000736
4307 0.000736
4308 0.000735
4309 0.000735
4310 0.000735
4311 0.000735
4312 0.000735
4313 0.000734
4314 0.000734
4315 0.000734
4316 0.000734
4317 0.000734
4318 0.000734
4319 0.000733
4320 0.000733
4321 0.000733
4322 0.000733
4323 0.000733
4324 0.000733
4325 0.000732
4326 0.000732
4327 0.000732
4328 0.000732
4329 0.000732
4330 0.000731
4331 0.000731
4332 0.000731
4333 0.000731
4334 0.000731
4335 0.000731
4336 0.000730
4337 0.000730
4338 0.000730
4339 0.000730
4340 0.000730
4341 0.000730
4342 0.000729
4343 0.000729
4344 0.000729
4345 0.000729
4346 0.000729
4347 0.000728
4348 0.000728
4349 0.000728
4350 0.000728
4351 0.000728
4352 0.000728
4353 0.000727
4354 0.000727
4355 0.000727
4356 0.000727
4357 0.000727
4358 0.000727
4359 0.000726
4360 0.000726
4361 0.000726
4362 0.000726
4363 0.000726
4364 0.000726
4365 0.000725
4366 0.000725
4367 0.000725
4368 0.000725
4369 0.000725
4370 0.000725
4371 0.000724
4372 0.000724
4373 0.000724
4374 0.000724
4375 0.000724
4376 0.000723
4377 0.000723
4378 0.000723
4379 0.000723
4380 0.000723
4381 0.000723
4382 0.000722
4383 0.000722
4384 0.000722
4385 0.000722
4386 0.000722
4387 0.000722
4388 0.000721
4389 0.000721
4390 0.000721
4391 0.000721
4392 0.000721
4393 0.000721
4394 0.000720
4395 0.000720
4396 0.000720
4397 0.000720
4398 0.000720
4399 0.000720
4400 0.000719
4401 0.000719
4402 0.000719
4403 0.000719
4404 0.000719
4405 0.000719
4406 0.000718
4407 0.000718
4408 0.000718
4409 0.000718
4410 0.000718
4411 0.000717
4412 0.000717
4413 0.000717
4414 0.000717
4415 0.000717
4416 0.000717
4417 0.000716
4418 0.000716
4419 0.000716
4420 0.000716
4421 0.000716
4422 0.000716
4423 0.000715
4424 0.000715
4425 0.000715
4426 0.000715
4427 0.000715
4428 0.000715
4429 0.000714
4430 0.000714
4431 0.000714
4432 0.000714
4433 0.000714
4434 0.000714
4435 0.000713
4436 0.000713
4437 0.000713
4438 0.000713
4439 0.000713
4440 0.000713
4441 0.000712
4442 0.000712
4443 0.000712
4444 0.000712
4445 0.000712
4446 0.000712
4447 0.000711
4448 0.000711
4449 0.000711
4450 0.000711
4451 0.000711
4452 0.000711
4453 0.000710
4454 0.000710
4455 0.000710
4456 0.000710
4457 0.000710
4458 0.000710
4459 0.000709
4460 0.000709
4461 0.000709
4462 0.000709
4463 0.000709
4464 0.000709
4465 0.000708
4466 0.000708
4467 0.000708
4468 0.000708
4469 0.000708
4470 0.000708
4471 0.000707
4472 0.000707
4473 0.000707
4474 0.000707
4475 0.000707
4476 0.000707
4477 0.000707
4478 0.000706
4479 0.000706
4480 0.000706
4481 0.000706
4482 0.000706
4483 0.000706
4484 0.000705
4485 0.000705
4486 0.000705
4487 0.000705
4488 0.000705
4489 0.000705
4490 0.000704
4491 0.000704
4492 0.000704
4493 0.000704
4494 0.000704
4495 0.000704
4496 0.000703
4497 0.000703
4498 0.000703
4499 0.000703
4500 0.000703
4501 0.000703
4502 0.000702
4503 0.000702
4504 0.000702
4505 0.000702
4506 0.000702
4507 0.000702
4508 0.000701
4509 0.000701
4510 0.000701
4511 0.000701
4512 0.000701
4513 0.000701
4514 0.000700
4515 0.000700
4516 0.000700
4517 0.000700
4518 0.000700
4519 0.000700
4520 0.000700
4521 0.000699
4522 0.000699
4523 0.000699
4524 0.000699
4525 0.000699
4526 0.000699
4527 0.000698
4528 0.000698
4529 0.000698
4530 0.000698
4531 0.000698
4532 0.000698
4533 0.000697
4534 0.000697
4535 0.000697
4536 0.000697
4537 0.000697
4538 0.000697
4539 0.000696
4540 0.000696
4541 0.000696
4542 0.000696
4543 0.000696
4544 0.000696
4545 0.000696
4546 0.000695
4547 0.000695
4548 0.000695
4549 0.000695
4550 0.000695
4551 0.000695
4552 0.000694
4553 0.000694
4554 0.000694
4555 0.000694
4556 0.000694
4557 0.000694
4558 0.000693
4559 0.000693
4560 0.000693
4561 0.000693
4562 0.000693
4563 0.000693
4564 0.000693
4565 0.000692
4566 0.000692
4567 0.000692
4568 0.000692
4569 0.000692
4570 0.000692
4571 0.000691
4572 0.000691
4573 0.000691
4574 0.000691
4575 0.000691
4576 0.000691
4577 0.000690
4578 0.000690
4579 0.000690
4580 0.000690
4581 0.000690
4582 0.000690
4583 0.000690
4584 0.000689
4585 0.000689
4586 0.000689
4587 0.000689
4588 0.000689
4589 0.000689
4590 0.000688
4591 0.000688
4592 0.000688
4593 0.000688
4594 0.000688
4595 0.000688
4596 0.000687
4597 0.000687
4598 0.000687
4599 0.000687
4600 0.000687
4601 0.000687
4602 0.000687
4603 0.000686
4604 0.000686
4605 0.000686
4606 0.000686
4607 0.000686
4608 0.000686
4609 0.000685
4610 0.000685
4611 0.000685
4612 0.000685
4613 0.000685
4614 0.000685
4615 0.000685
4616 0.000684
4617 0.000684
4618 0.000684
4619 0.000684
4620 0.000684
4621 0.000684
4622 0.000683
4623 0.000683
4624 0.000683
4625 0.000683
4626 0.000683
4627 0.000683
4628 0.000683
4629 0.000682
4630 0.000682
4631 0.000682
4632 0.000682
4633 0.000682
4634 0.000682
4635 0.000681
4636 0.000681
4637 0.000681
4638 0.000681
4639 0.000681
4640 0.000681
4641 0.000681
4642 0.000680
4643 0.000680
4644 0.000680
4645 0.000680
4646 0.000680
4647 0.000680
4648 0.000679
4649 0.000679
4650 0.000679
4651 0.000679
4652 0.000679
4653 0.000679
4654 0.000679
4655 0.000678
4656 0.000678
4657 0.000678
4658 0.000678
4659 0.000678
4660 0.000678
4661 0.000678
4662 0.000677
4663 0.000677
4664 0.000677
4665 0.000677
4666 0.000677
4667 0.000677
4668 0.000676
4669 0.000676
4670 0.000676
4671 0.000676
4672 0.000676
4673 0.000676
4674 0.000676
4675 0.000675
4676 0.000675
4677 0.000675
4678 0.000675
4679 0.000675
4680 0.000675
4681 0.000675
4682 0.000674
4683 0.000674
4684 0.000674
4685 0.000674
4686 0.000674
4687 0.000674
4688 0.000673
4689 0.000673
4690 0.000673
4691 0.000673
4692 0.000673
4693 0.000673
4694 0.000673
4695 0.000672
4696 0.000672
4697 0.000672
4698 0.000672
4699 0.000672
4700 0.000672
4701 0.000672
4702 0.000671
4703 0.000671
4704 0.000671
4705 0.000671
4706 0.000671
4707 0.000671
4708 0.000670
4709 0.000670
4710 0.000670
4711 0.000670
4712 0.000670
4713 0.000670
4714 0.000670
4715 0.000669
4716 0.000669
4717 0.000669
4718 0.000669
4719 0.000669
4720 0.000669
4721 0.000669
4722 0.000668
4723 0.000668
4724 0.000668
4725 0.000668
4726 0.000668
4727 0.000668
4728 0.000668
4729 0.000667
4730 0.000667
4731 0.000667
4732 0.000667
4733 0.000667
4734 0.000667
4735 0.000667
4736 0.000666
4737 0.000666
4738 0.000666
4739 0.000666
4740 0.000666
4741 0.000666
4742 0.000666
4743 0.000665
4744 0.000665
4745 0.000665
4746 0.000665
4747 0.000665
4748 0.000665
4749 0.000664
4750 0.000664
4751 0.000664
4752 0.000664
4753 0.000664
4754 0.000664
4755 0.000664
4756 0.000663
4757 0.000663
4758 0.000663
4759 0.000663
4760 0.000663
4761 0.000663
4762 0.000663
4763 0.000662
4764 0.000662
4765 0.000662
4766 0.000662
4767 0.000662
4768 0.000662
4769 0.000662
4770 0.000661
4771 0.000661
4772 0.000661
4773 0.000661
4774 0.000661
4775 0.000661
4776 0.000661
4777 0.000660
4778 0.000660
4779 0.000660
4780 0.000660
4781 0.000660
4782 0.000660
4783 0.000660
4784 0.000659
4785 0.000659
4786 0.000659
4787 0.000659
4788 0.000659
4789 0.000659
4790 0.000659
4791 0.000658
4792 0.000658
4793 0.000658
4794 0.000658
4795 0.000658
4796 0.000658
4797 0.000658
4798 0.000657
4799 0.000657
4800 0.000657
4801 0.000657
4802 0.000657
4803 0.000657
4804 0.000657
4805 0.000656
4806 0.000656
4807 0.000656
4808 0.000656
4809 0.000656
4810 0.000656
4811 0.000656
4812 0.000655
4813 0.000655
4814 0.000655
4815 0.000655
4816 0.000655
4817 0.000655
4818 0.000655
4819 0.000654
4820 0.000654
4821 0.000654
4822 0.000654
4823 0.000654
4824 0.000654
4825 0.000654
4826 0.000653
4827 0.000653
4828 0.000653
4829 0.000653
4830 0.000653
4831 0.000653
4832 0.000653
4833 0.000652
4834 0.000652
4835 0.000652
4836 0.000652
4837 0.000652
4838 0.000652
4839 0.000652
4840 0.000652
4841 0.000651
4842 0.000651
4843 0.000651
4844 0.000651
4845 0.000651
4846 0.000651
4847 0.000651
4848 0.000650
4849 0.000650
4850 0.000650
4851 0.000650
4852 0.000650
4853 0.000650
4854 0.000650
4855 0.000649
4856 0.000649
4857 0.000649
4858 0.000649
4859 0.000649
4860 0.000649
4861 0.000649
4862 0.000648
4863 0.000648
4864 0.000648
4865 0.000648
4866 0.000648
4867 0.000648
4868 0.000648
4869 0.000647
4870 0.000647
4871 0.000647
4872 0.000647
4873 0.000647
4874 0.000647
4875 0.000647
4876 0.000647
4877 0.000646
4878 0.000646
4879 0.000646
4880 0.000646
4881 0.000646
4882 0.000646
4883 0.000646
4884 0.000645
4885 0.000645
4886 0.000645
4887 0.000645
4888 0.000645
4889 0.000645
4890 0.000645
4891 0.000644
4892 0.000644
4893 0.000644
4894 0.000644
4895 0.000644
4896 0.000644
4897 0.000644
4898 0.000643
4899 0.000643
4900 0.000643
4901 0.000643
4902 0.000643
4903 0.000643
4904 0.000643
4905 0.000643
4906 0.000642
4907 0.000642
4908 0.000642
4909 0.000642
4910 0.000642
4911 0.000642
4912 0.000642
4913 0.000641
4914 0.000641
4915 0.000641
4916 0.000641
4917 0.000641
4918 0.000641
4919 0.000641
4920 0.000641
4921 0.000640
4922 0.000640
4923 0.000640
4924 0.000640
4925 0.000640
4926 0.000640
4927 0.000640
4928 0.000639
4929 0.000639
4930 0.000639
4931 0.000639
4932 0.000639
4933 0.000639
4934 0.000639
4935 0.000638
4936 0.000638
4937 0.000638
4938 0.000638
4939 0.000638
4940 0.000638
4941 0.000638
4942 0.000638
4943 0.000637
4944 0.000637
4945 0.000637
4946 0.000637
4947 0.000637
4948 0.000637
4949 0.000637
4950 0.000636
4951 0.000636
4952 0.000636
4953 0.000636
4954 0.000636
4955 0.000636
4956 0.000636
4957 0.000636
4958 0.000635
4959 0.000635
4960 0.000635
4961 0.000635
4962 0.000635
4963 0.000635
4964 0.000635
4965 0.000634
4966 0.000634
4967 0.000634
4968 0.000634
4969 0.000634
4970 0.000634
4971 0.000634
4972 0.000634
4973 0.000633
4974 0.000633
4975 0.000633
4976 0.000633
4977 0.000633
4978 0.000633
4979 0.000633
4980 0.000632
4981 0.000632
4982 0.000632
4983 0.000632
4984 0.000632
4985 0.000632
4986 0.000632
4987 0.000632
4988 0.000631
4989 0.000631
4990 0.000631
4991 0.000631
4992 0.000631
4993 0.000631
4994 0.000631
4995 0.000631
4996 0.000630
4997 0.000630
4998 0.000630
4999 0.000630
5000 0.000630
5001 0.000630
5002 0.000630
5003 0.000629
5004 0.000629
5005 0.000629
5006 0.000629
5007 0.000629
5008 0.000629
5009 0.000629
5010 0.000629
5011 0.000628
5012 0.000628
5013 0.000628
5014 0.000628
5015 0.000628
5016 0.000628
5017 0.000628
5018 0.000628
5019 0.000627
5020 0.000627
5021 0.000627
5022 0.000627
5023 0.000627
5024 0.000627
5025 0.000627
5026 0.000626
5027 0.000626
5028 0.000626
5029 0.000626
5030 0.000626
5031 0.000626
5032 0.000626
5033 0.000626
5034 0.000625
5035 0.000625
5036 0.000625
5037 0.000625
5038 0.000625
5039 0.000625
5040 0.000625
5041 0.000625
5042 0.000624
5043 0.000624
5044 0.000624
5045 0.000624
5046 0.000624
5047 0.000624
5048 0.000624
5049 0.000624
5050 0.000623
5051 0.000623
5052 0.000623
5053 0.000623
5054 0.000623
5055 0.000623
5056 0.000623
5057 0.000622
5058 0.000622
5059 0.000622
5060 0.000622
5061 0.000622
5062 0.000622
5063 0.000622
5064 0.000622
5065 0.000621
5066 0.000621
5067 0.000621
5068 0.000621
5069 0.000621
5070 0.000621
5071 0.000621
5072 0.000621
5073 0.000620
5074 0.000620
5075 0.000620
5076 0.000620
5077 0.000620
5078 0.000620
5079 0.000620
5080 0.000620
5081 0.000619
5082 0.000619
5083 0.000619
5084 0.000619
5085 0.000619
5086 0.000619
5087 0.000619
5088 0.000619
5089 0.000618
5090 0.000618
5091 0.000618
5092 0.000618
5093 0.000618
5094 0.000618
5095 0.000618
5096 0.000618
5097 0.000617
5098 0.000617
5099 0.000617
5100 0.000617
5101 0.000617
5102 0.000617
5103 0.000617
5104 0.000617
5105 0.000616
5106 0.000616
5107 0.000616
5108 0.000616
5109 0.000616
5110 0.000616
5111 0.000616
5112 0.000616
5113 0.000615
5114 0.000615
5115 0.000615
5116 0.000615
5117 0.000615
5118 0.000615
5119 0.000615
5120 0.000615
5121 0.000614
5122 0.000614
5123 0.000614
5124 0.000614
5125 0.000614
5126 0.000614
5127 0.000614
5128 0.000614
5129 0.000613
5130 0.000613
5131 0.000613
5132 0.000613
5133 0.000613
5134 0.000613
5135 0.000613
5136 0.000613
5137 0.000612
5138 0.000612
5139 0.000612
5140 0.000612
5141 0.000612
5142 0.000612
5143 0.000612
5144 0.000612
5145 0.000611
5146 0.000611
5147 0.000611
5148 0.000611
5149 0.000611
5150 0.000611
5151 0.000611
5152 0.000611
5153 0.000610
5154 0.000610
5155 0.000610
5156 0.000610
5157 0.000610
5158 0.000610
5159 0.000610
5160 0.000610
5161 0.000609
5162 0.000609
5163 0.000609
5164 0.000609
5165 0.000609
5166 0.000609
5167 0.000609
5168 0.000609
5169 0.000608
5170 0.000608
5171 0.000608
5172 0.000608
5173 0.000608
5174 0.000608
5175 0.000608
5176 0.000608
5177 0.000608
5178 0.000607
5179 0.000607
5180 0.000607
5181 0.000607
5182 0.000607
5183 0.000607
5184 0.000607
5185 0.000607
5186 0.000606
5187 0.000606
5188 0.000606
5189 0.000606
5190 0.000606
5191 0.000606
5192 0.000606
5193 0.000606
5194 0.000605
5195 0.000605
5196 0.000605
5197 0.000605
5198 0.000605
5199 0.000605
5200 0.000605
5201 0.000605
5202 0.000604
5203 0.000604
5204 0.000604
5205 0.000604
5206 0.000604
5207 0.000604
5208 0.000604
5209 0.000604
5210 0.000604
5211 0.000603
5212 0.000603
5213 0.000603
5214 0.000603
5215 0.000603
5216 0.000603
5217 0.000603
5218 0.000603
5219 0.000602
5220 0.000602
5221 0.000602
5222 0.000602
5223 0.000602
5224 0.000602
5225 0.000602
5226 0.000602
5227 0.000601
5228 0.000601
5229 0.000601
5230 0.000601
5231 0.000601
5232 0.000601
5233 0.000601
5234 0.000601
5235 0.000601
5236 0.000600
5237 0.000600
5238 0.000600
5239 0.000600
5240 0.000600
5241 0.000600
5242 0.000600
5243 0.000600
5244 0.000599
5245 0.000599
5246 0.000599
5247 0.000599
5248 0.000599
5249 0.000599
5250 0.000599
5251 0.000599
5252 0.000599
5253 0.000598
5254 0.000598
5255 0.000598
5256 0.000598
5257 0.000598
5258 0.000598
5259 0.000598
5260 0.000598
5261 0.000597
5262 0.000597
5263 0.000597
5264 0.000597
5265 0.000597
5266 0.000597
5267 0.000597
5268 0.000597
5269 0.000596
5270 0.000596
5271 0.000596
5272 0.000596
5273 0.000596
5274 0.000596
5275 0.000596
5276 0.000596
5277 0.000596
5278 0.000595
5279 0.000595
5280 0.000595
5281 0.000595
5282 0.000595
5283 0.000595
5284 0.000595
5285 0.000595
5286 0.000595
5287 0.000594
5288 0.000594
5289 0.000594
5290 0.000594
5291 0.000594
5292 0.000594
5293 0.000594
5294 0.000594
5295 0.000593
5296 0.000593
5297 0.000593
5298 0.000593
5299 0.000593
5300 0.000593
5301 0.000593
5302 0.000593
5303 0.000593
5304 0.000592
5305 0.000592
5306 0.000592
5307 0.000592
5308 0.000592
5309 0.000592
5310 0.000592
5311 0.000592
5312 0.000591
5313 0.000591
5314 0.000591
5315 0.000591
5316 0.000591
5317 0.000591
5318 0.000591
5319 0.000591
5320 0.000591
5321 0.000590
5322 0.000590
5323 0.000590
5324 0.000590
5325 0.000590
5326 0.000590
5327 0.000590
5328 0.000590
5329 0.000590
5330 0.000589
5331 0.000589
5332 0.000589
5333 0.000589
5334 0.000589
5335 0.000589
5336 0.000589
5337 0.000589
5338 0.000588
5339 0.000588
5340 0.000588
5341 0.000588
5342 0.000588
5343 0.000588
5344 0.000588
5345 0.000588
5346 0.000588
5347 0.000587
5348 0.000587
5349 0.000587
5350 0.000587
5351 0.000587
5352 0.000587
5353 0.000587
5354 0.000587
5355 0.000587
5356 0.000586
5357 0.000586
5358 0.000586
5359 0.000586
5360 0.000586
5361 0.000586
5362 0.000586
5363 0.000586
5364 0.000586
5365 0.000585
5366 0.000585
5367 0.000585
5368 0.000585
5369 0.000585
5370 0.000585
5371 0.000585
5372 0.000585
5373 0.000585
5374 0.000584
5375 0.000584
5376 0.000584
5377 0.000584
5378 0.000584
5379 0.000584
5380 0.000584
5381 0.000584
5382 0.000583
5383 0.000583
5384 0.000583
5385 0.000583
5386 0.000583
5387 0.000583
5388 0.000583
5389 0.000583
5390 0.000583
5391 0.000582
5392 0.000582
5393 0.000582
5394 0.000582
5395 0.000582
5396 0.000582
5397 0.000582
5398 0.000582
5399 0.000582
5400 0.000581
5401 0.000581
5402 0.000581
5403 0.000581
5404 0.000581
5405 0.000581
5406 0.000581
5407 0.000581
5408 0.000581
5409 0.000580
5410 0.000580
5411 0.000580
5412 0.000580
5413 0.000580
5414 0.000580
5415 0.000580
5416 0.000580
5417 0.000580
5418 0.000579
5419 0.000579
5420 0.000579
5421 0.000579
5422 0.000579
5423 0.000579
5424 0.000579
5425 0.000579
5426 0.000579
5427 0.000578
5428 0.000578
5429 0.000578
5430 0.000578
5431 0.000578
5432 0.000578
5433 0.000578
5434 0.000578
5435 0.000578
5436 0.000577
5437 0.000577
5438 0.000577
5439 0.000577
5440 0.000577
5441 0.000577
5442 0.000577
5443 0.000577
5444 0.000577
5445 0.000576
5446 0.000576
5447 0.000576
5448 0.000576
5449 0.000576
5450 0.000576
5451 0.000576
5452 0.000576
5453 0.000576
5454 0.000576
5455 0.000575
5456 0.000575
5457 0.000575
5458 0.000575
5459 0.000575
5460 0.000575
5461 0.000575
5462 0.000575
5463 0.000575
5464 0.000574
5465 0.000574
5466 0.000574
5467 0.000574
5468 0.000574
5469 0.000574
5470 0.000574
5471 0.000574
5472 0.000574
5473 0.000573
5474 0.000573
5475 0.000573
5476 0.000573
5477 0.000573
5478 0.000573
5479 0.000573
5480 0.000573
5481 0.000573
5482 0.000572
5483 0.000572
5484 0.000572
5485 0.000572
5486 0.000572
5487 0.000572
5488 0.000572
5489 0.000572
5490 0.000572
5491 0.000571
5492 0.000571
5493 0.000571
5494 0.000571
5495 0.000571
5496 0.000571
5497 0.000571
5498 0.000571
5499 0.000571
5500 0.000571
5501 0.000570
5502 0.000570
5503 0.000570
5504 0.000570
5505 0.000570
5506 0.000570
5507 0.000570
5508 0.000570
5509 0.000570
5510 0.000569
5511 0.000569
5512 0.000569
5513 0.000569
5514 0.000569
5515 0.000569
5516 0.000569
5517 0.000569
5518 0.000569
5519 0.000568
5520 0.000568
5521 0.000568
5522 0.000568
5523 0.000568
5524 0.000568
5525 0.000568
5526 0.000568
5527 0.000568
5528 0.000568
5529 0.000567
5530 0.000567
5531 0.000567
5532 0.000567
5533 0.000567
5534 0.000567
5535 0.000567
5536 0.000567
5537 0.000567
5538 0.000566
5539 0.000566
5540 0.000566
5541 0.000566
5542 0.000566
5543 0.000566
5544 0.000566
5545 0.000566
5546 0.000566
5547 0.000565
5548 0.000565
5549 0.000565
5550 0.000565
5551 0.000565
5552 0.000565
5553 0.000565
5554 0.000565
5555 0.000565
5556 0.000565
5557 0.000564
5558 0.000564
5559 0.000564
5560 0.000564
5561 0.000564
5562 0.000564
5563 0.000564
5564 0.000564
5565 0.000564
5566 0.000563
5567 0.000563
5568 0.000563
5569 0.000563
5570 0.000563
5571 0.000563
5572 0.000563
5573 0.000563
5574 0.000563
5575 0.000563
5576 0.000562
5577 0.000562
5578 0.000562
5579 0.000562
5580 0.000562
5581 0.000562
5582 0.000562
5583 0.000562
5584 0.000562
5585 0.000562
5586 0.000561
5587 0.000561
5588 0.000561
5589 0.000561
5590 0.000561
5591 0.000561
5592 0.000561
5593 0.000561
5594 0.000561
5595 0.000560
5596 0.000560
5597 0.000560
5598 0.000560
5599 0.000560
5600 0.000560
5601 0.000560
5602 0.000560
5603 0.000560
5604 0.000560
5605 0.000559
5606 0.000559
5607 0.000559
5608 0.000559
5609 0.000559
5610 0.000559
5611 0.000559
5612 0.000559
5613 0.000559
5614 0.000558
5615 0.000558
5616 0.000558
5617 0.000558
5618 0.000558
5619 0.000558
5620 0.000558
5621 0.000558
5622 0.000558
5623 0.000558
5624 0.000557
5625 0.000557
5626 0.000557
5627 0.000557
5628 0.000557
5629 0.000557
5630 0.000557
5631 0.000557
5632 0.000557
5633 0.000557
5634 0.000556
5635 0.000556
5636 0.000556
5637 0.000556
5638 0.000556
5639 0.000556
5640 0.000556
5641 0.000556
5642 0.000556
5643 0.000556
5644 0.000555
5645 0.000555
5646 0.000555
5647 0.000555
5648 0.000555
5649 0.000555
5650 0.000555
5651 0.000555
5652 0.000555
5653 0.000554
5654 0.000554
5655 0.000554
5656 0.000554
5657 0.000554
5658 0.000554
5659 0.000554
5660 0.000554
5661 0.000554
5662 0.000554
5663 0.000553
5664 0.000553
5665 0.000553
5666 0.000553
5667 0.000553
5668 0.000553
5669 0.000553
5670 0.000553
5671 0.000553
5672 0.000553
5673 0.000552
5674 0.000552
5675 0.000552
5676 0.000552
5677 0.000552
5678 0.000552
5679 0.000552
5680 0.000552
5681 0.000552
5682 0.000552
5683 0.000551
5684 0.000551
5685 0.000551
5686 0.000551
5687 0.000551
5688 0.000551
5689 0.000551
5690 0.000551
5691 0.000551
5692 0.000551
5693 0.000550
5694 0.000550
5695 0.000550
5696 0.000550
5697 0.000550
5698 0.000550
5699 0.000550
5700 0.000550
5701 0.000550
5702 0.000550
5703 0.000549
5704 0.000549
5705 0.000549
5706 0.000549
5707 0.000549
5708 0.000549
5709 0.000549
5710 0.000549
5711 0.000549
5712 0.000549
5713 0.000548
5714 0.000548
5715 0.000548
5716 0.000548
5717 0.000548
5718 0.000548
5719 0.000548
5720 0.000548
5721 0.000548
5722 0.000548
5723 0.000547
5724 0.000547
5725 0.000547
5726 0.000547
5727 0.000547
5728 0.000547
5729 0.000547
5730 0.000547
5731 0.000547
5732 0.000547
5733 0.000546
5734 0.000546
5735 0.000546
5736 0.000546
5737 0.000546
5738 0.000546
5739 0.000546
5740 0.000546
5741 0.000546
5742 0.000546
5743 0.000545
5744 0.000545
5745 0.000545
5746 0.000545
5747 0.000545
5748 0.000545
5749 0.000545
5750 0.000545
5751 0.000545
5752 0.000545
5753 0.000544
5754 0.000544
5755 0.000544
5756 0.000544
5757 0.000544
5758 0.000544
5759 0.000544
5760 0.000544
5761 0.000544
5762 0.000544
5763 0.000544
5764 0.000543
5765 0.000543
5766 0.000543
5767 0.000543
5768 0.000543
5769 0.000543
5770 0.000543
5771 0.000543
5772 0.000543
5773 0.000543
5774 0.000542
5775 0.000542
5776 0.000542
5777 0.000542
5778 0.000542
5779 0.000542
5780 0.000542
5781 0.000542
5782 0.000542
5783 0.000542
5784 0.000541
5785 0.000541
5786 0.000541
5787 0.000541
5788 0.000541
5789 0.000541
5790 0.000541
5791 0.000541
5792 0.000541
5793 0.000541
5794 0.000540
5795 0.000540
5796 0.000540
5797 0.000540
5798 0.000540
5799 0.000540
5800 0.000540
5801 0.000540
5802 0.000540
5803 0.000540
5804 0.000540
5805 0.000539
5806 0.000539
5807 0.000539
5808 0.000539
5809 0.000539
5810 0.000539
5811 0.000539
5812 0.000539
5813 0.000539
5814 0.000539
5815 0.000538
5816 0.000538
5817 0.000538
5818 0.000538
5819 0.000538
5820 0.000538
5821 0.000538
5822 0.000538
5823 0.000538
5824 0.000538
5825 0.000538
5826 0.000537
5827 0.000537
5828 0.000537
5829 0.000537
5830 0.000537
5831 0.000537
5832 0.000537
5833 0.000537
5834 0.000537
5835 0.000537
5836 0.000536
5837 0.000536
5838 0.000536
5839 0.000536
5840 0.000536
5841 0.000536
5842 0.000536
5843 0.000536
5844 0.000536
5845 0.000536
5846 0.000536
5847 0.000535
5848 0.000535
5849 0.000535
5850 0.000535
5851 0.000535
5852 0.000535
5853 0.000535
5854 0.000535
5855 0.000535
5856 0.000535
5857 0.000534
5858 0.000534
5859 0.000534
5860 0.000534
5861 0.000534
5862 0.000534
5863 0.000534
5864 0.000534
5865 0.000534
5866 0.000534
5867 0.000534
5868 0.000533
5869 0.000533
5870 0.000533
5871 0.000533
5872 0.000533
5873 0.000533
5874 0.000533
5875 0.000533
5876 0.000533
5877 0.000533
5878 0.000532
5879 0.000532
5880 0.000532
5881 0.000532
5882 0.000532
5883 0.000532
5884 0.000532
5885 0.000532
5886 0.000532
5887 0.000532
5888 0.000532
5889 0.000531
5890 0.000531
5891 0.000531
5892 0.000531
5893 0.000531
5894 0.000531
5895 0.000531
5896 0.000531
5897 0.000531
5898 0.000531
5899 0.000531
5900 0.000530
5901 0.000530
5902 0.000530
5903 0.000530
5904 0.000530
5905 0.000530
5906 0.000530
5907 0.000530
5908 0.000530
5909 0.000530
5910 0.000529
5911 0.000529
5912 0.000529
5913 0.000529
5914 0.000529
5915 0.000529
5916 0.000529
5917 0.000529
5918 0.000529
5919 0.000529
5920 0.000529
5921 0.000528
5922 0.000528
5923 0.000528
5924 0.000528
5925 0.000528
5926 0.000528
5927 0.000528
5928 0.000528
5929 0.000528
5930 0.000528
5931 0.000528
5932 0.000527
5933 0.000527
5934 0.000527
5935 0.000527
5936 0.000527
5937 0.000527
5938 0.000527
5939 0.000527
5940 0.000527
5941 0.000527
5942 0.000527
5943 0.000526
5944 0.000526
5945 0.000526
5946 0.000526
5947 0.000526
5948 0.000526
5949 0.000526
5950 0.000526
5951 0.000526
5952 0.000526
5953 0.000526
5954 0.000525
5955 0.000525
5956 0.000525
5957 0.000525
5958 0.000525
5959 0.000525
5960 0.000525
5961 0.000525
5962 0.000525
5963 0.000525
5964 0.000525
5965 0.000524
5966 0.000524
5967 0.000524
5968 0.000524
5969 0.000524
5970 0.000524
5971 0.000524
5972 0.000524
5973 0.000524
5974 0.000524
5975 0.000524
5976 0.000523
5977 0.000523
5978 0.000523
5979 0.000523
5980 0.000523
5981 0.000523
5982 0.000523
5983 0.000523
5984 0.000523
5985 0.000523
5986 0.000523
5987 0.000522
5988 0.000522
5989 0.000522
5990 0.000522
5991 0.000522
5992 0.000522
5993 0.000522
5994 0.000522
5995 0.000522
5996 0.000522
5997 0.000522
5998 0.000521
5999 0.000521
6000 0.000521
6001 0.000521
6002 0.000521
6003 0.000521
6004 0.000521
6005 0.000521
6006 0.000521
6007 0.000521
6008 0.000521
6009 0.000520
6010 0.000520
6011 0.000520
6012 0.000520
6013 0.000520
6014 0.000520
6015 0.000520
6016 0.000520
6017 0.000520
6018 0.000520
6019 0.000520
6020 0.000519
6021 0.000519
6022 0.000519
6023 0.000519
6024 0.000519
6025 0.000519
6026 0.000519
6027 0.000519
6028 0.000519
6029 0.000519
6030 0.000519
6031 0.000518
6032 0.000518
6033 0.000518
6034 0.000518
6035 0.000518
6036 0.000518
6037 0.000518
6038 0.000518
6039 0.000518
6040 0.000518
6041 0.000518
6042 0.000518
6043 0.000517
6044 0.000517
6045 0.000517
6046 0.000517
6047 0.000517
6048 0.000517
6049 0.000517
6050 0.000517
6051 0.000517
6052 0.000517
6053 0.000517
6054 0.000516
6055 0.000516
6056 0.000516
6057 0.000516
6058 0.000516
6059 0.000516
6060 0.000516
6061 0.000516
6062 0.000516
6063 0.000516
6064 0.000516
6065 0.000515
6066 0.000515
6067 0.000515
6068 0.000515
6069 0.000515
6070 0.000515
6071 0.000515
6072 0.000515
6073 0.000515
6074 0.000515
6075 0.000515
6076 0.000515
6077 0.000514
6078 0.000514
6079 0.000514
6080 0.000514
6081 0.000514
6082 0.000514
6083 0.000514
6084 0.000514
6085 0.000514
6086 0.000514
6087 0.000514
6088 0.000513
6089 0.000513
6090 0.000513
6091 0.000513
6092 0.000513
6093 0.000513
6094 0.000513
6095 0.000513
6096 0.000513
6097 0.000513
6098 0.000513
6099 0.000512
6100 0.000512
6101 0.000512
6102 0.000512
6103 0.000512
6104 0.000512
6105 0.000512
6106 0.000512
6107 0.000512
6108 0.000512
6109 0.000512
6110 0.000512
6111 0.000511
6112 0.000511
6113 0.000511
6114 0.000511
6115 0.000511
6116 0.000511
6117 0.000511
6118 0.000511
6119 0.000511
6120 0.000511
6121 0.000511
6122 0.000510
6123 0.000510
6124 0.000510
6125 0.000510
6126 0.000510
6127 0.000510
6128 0.000510
6129 0.000510
6130 0.000510
6131 0.000510
6132 0.000510
6133 0.000510
6134 0.000509
6135 0.000509
6136 0.000509
6137 0.000509
6138 0.000509
6139 0.000509
6140 0.000509
6141 0.000509
6142 0.000509
6143 0.000509
6144 0.000509
6145 0.000509
6146 0.000508
6147 0.000508
6148 0.000508
6149 0.000508
6150 0.000508
6151 0.000508
6152 0.000508
6153 0.000508
6154 0.000508
6155 0.000508
6156 0.000508
6157 0.000507
6158 0.000507
6159 0.000507
6160 0.000507
6161 0.000507
6162 0.000507
6163 0.000507
6164 0.000507
6165 0.000507
6166 0.000507
6167 0.000507
6168 0.000507
6169 0.000506
6170 0.000506
6171 0.000506
6172 0.000506
6173 0.000506
6174 0.000506
6175 0.000506
6176 0.000506
6177 0.000506
6178 0.000506
6179 0.000506
6180 0.000506
6181 0.000505
6182 0.000505
6183 0.000505
6184 0.000505
6185 0.000505
6186 0.000505
6187 0.000505
6188 0.000505
6189 0.000505
6190 0.000505
6191 0.000505
6192 0.000505
6193 0.000504
6194 0.000504
6195 0.000504
6196 0.000504
6197 0.000504
6198 0.000504
6199 0.000504
6200 0.000504
6201 0.000504
6202 0.000504
6203 0.000504
6204 0.000503
6205 0.000503
6206 0.000503
6207 0.000503
6208 0.000503
6209 0.000503
6210 0.000503
6211 0.000503
6212 0.000503
6213 0.000503
6214 0.000503
6215 0.000503
6216 0.000502
6217 0.000502
6218 0.000502
6219 0.000502
6220 0.000502
6221 0.000502
6222 0.000502
6223 0.000502
6224 0.000502
6225 0.000502
6226 0.000502
6227 0.000502
6228 0.000501
6229 0.000501
6230 0.000501
6231 0.000501
6232 0.000501
6233 0.000501
6234 0.000501
6235 0.000501
6236 0.000501
6237 0.000501
6238 0.000501
6239 0.000501
6240 0.000500
6241 0.000500
6242 0.000500
6243 0.000500
6244 0.000500
6245 0.000500
