0 15.989269
1 14.577334
2 11.825922
3 8.810033
4 6.384034
5 4.646633
6 3.464349
7 2.666521
8 2.114998
9 1.720562
10 1.429843
11 1.210138
12 1.040469
13 0.906886
14 0.799865
15 0.712761
16 0.640854
17 0.580730
18 0.529878
19 0.486422
20 0.448941
21 0.416341
22 0.387771
23 0.362561
24 0.340176
25 0.320187
26 0.302242
27 0.286057
28 0.271394
29 0.258055
30 0.245877
31 0.234718
32 0.224460
33 0.215002
34 0.206258
35 0.198151
36 0.190617
37 0.183599
38 0.177047
39 0.170919
40 0.165174
41 0.159780
42 0.154706
43 0.149926
44 0.145414
45 0.141151
46 0.137116
47 0.133292
48 0.129664
49 0.126216
50 0.122938
51 0.119815
52 0.116839
53 0.113999
54 0.111286
55 0.108693
56 0.106211
57 0.103834
58 0.101555
59 0.099369
60 0.097270
61 0.095253
62 0.093314
63 0.091449
64 0.089652
65 0.087921
66 0.086253
67 0.084643
68 0.083090
69 0.081589
70 0.080139
71 0.078737
72 0.077381
73 0.076069
74 0.074798
75 0.073567
76 0.072374
77 0.071217
78 0.070095
79 0.069005
80 0.067948
81 0.066921
82 0.065923
83 0.064953
84 0.064010
85 0.063092
86 0.062200
87 0.061331
88 0.060484
89 0.059660
90 0.058857
91 0.058074
92 0.057311
93 0.056567
94 0.055841
95 0.055132
96 0.054441
97 0.053766
98 0.053106
99 0.052462
100 0.051833
101 0.051218
102 0.050616
103 0.050028
104 0.049453
105 0.048891
106 0.048340
107 0.047802
108 0.047274
109 0.046758
110 0.046252
111 0.045757
112 0.045271
113 0.044796
114 0.044330
115 0.043873
116 0.043425
117 0.042986
118 0.042555
119 0.042132
120 0.041717
121 0.041310
122 0.040911
123 0.040519
124 0.040134
125 0.039756
126 0.039384
127 0.039020
128 0.038661
129 0.038309
130 0.037963
131 0.037623
132 0.037289
133 0.036961
134 0.036638
135 0.036320
136 0.036008
137 0.035700
138 0.035398
139 0.035100
140 0.034808
141 0.034520
142 0.034236
143 0.033957
144 0.033682
145 0.033412
146 0.033145
147 0.032883
148 0.032625
149 0.032370
150 0.032119
151 0.031872
152 0.031629
153 0.031389
154 0.031153
155 0.030920
156 0.030690
157 0.030464
158 0.030241
159 0.030020
160 0.029803
161 0.029589
162 0.029378
163 0.029170
164 0.028965
165 0.028762
166 0.028562
167 0.028365
168 0.028170
169 0.027978
170 0.027788
171 0.027601
172 0.027416
173 0.027234
174 0.027054
175 0.026876
176 0.026701
177 0.026527
178 0.026356
179 0.026187
180 0.026020
181 0.025855
182 0.025692
183 0.025531
184 0.025372
185 0.025215
186 0.025059
187 0.024906
188 0.024754
189 0.024604
190 0.024456
191 0.024309
192 0.024165
193 0.024022
194 0.023880
195 0.023740
196 0.023602
197 0.023465
198 0.023330
199 0.023196
200 0.023064
201 0.022933
202 0.022803
203 0.022675
204 0.022549
205 0.022423
206 0.022299
207 0.022177
208 0.022055
209 0.021935
210 0.021816
211 0.021699
212 0.021582
213 0.021467
214 0.021353
215 0.021240
216 0.021129
217 0.021018
218 0.020908
219 0.020800
220 0.020693
221 0.020587
222 0.020481
223 0.020377
224 0.020274
225 0.020172
226 0.020071
227 0.019971
228 0.019871
229 0.019773
230 0.019676
231 0.019579
232 0.019484
233 0.019389
234 0.019296
235 0.019203
236 0.019111
237 0.019020
238 0.018929
239 0.018840
240 0.018751
241 0.018663
242 0.018576
243 0.018490
244 0.018404
245 0.018320
246 0.018236
247 0.018152
248 0.018070
249 0.017988
250 0.017907
251 0.017826
252 0.017747
253 0.017668
254 0.017589
255 0.017512
256 0.017435
257 0.017358
258 0.017283
259 0.017208
260 0.017133
261 0.017059
262 0.016986
263 0.016913
264 0.016841
265 0.016770
266 0.016699
267 0.016629
268 0.016559
269 0.016490
270 0.016421
271 0.016353
272 0.016286
273 0.016219
274 0.016152
275 0.016087
276 0.016021
277 0.015956
278 0.015892
279 0.015828
280 0.015765
281 0.015702
282 0.015639
283 0.015578
284 0.015516
285 0.015455
286 0.015395
287 0.015335
288 0.015275
289 0.015216
290 0.015157
291 0.015099
292 0.015041
293 0.014983
294 0.014926
295 0.014870
296 0.014814
297 0.014758
298 0.014703
299 0.014648
300 0.014593
301 0.014539
302 0.014485
303 0.014432
304 0.014379
305 0.014326
306 0.014274
307 0.014222
308 0.014170
309 0.014119
310 0.014068
311 0.014018
312 0.013968
313 0.013918
314 0.013869
315 0.013819
316 0.013771
317 0.013722
318 0.013674
319 0.013626
320 0.013579
321 0.013532
322 0.013485
323 0.013439
324 0.013392
325 0.013346
326 0.013301
327 0.013256
328 0.013211
329 0.013166
330 0.013121
331 0.013077
332 0.013034
333 0.012990
334 0.012947
335 0.012904
336 0.012861
337 0.012819
338 0.012777
339 0.012735
340 0.012693
341 0.012652
342 0.012611
343 0.012570
344 0.012529
345 0.012489
346 0.012449
347 0.012409
348 0.012369
349 0.012330
350 0.012291
351 0.012252
352 0.012213
353 0.012175
354 0.012137
355 0.012099
356 0.012061
357 0.012024
358 0.011986
359 0.011949
360 0.011913
361 0.011876
362 0.011840
363 0.011803
364 0.011768
365 0.011732
366 0.011696
367 0.011661
368 0.011626
369 0.011591
370 0.011556
371 0.011522
372 0.011487
373 0.011453
374 0.011419
375 0.011386
376 0.011352
377 0.011319
378 0.011286
379 0.011253
380 0.011220
381 0.011188
382 0.011155
383 0.011123
384 0.011091
385 0.011059
386 0.011027
387 0.010996
388 0.010965
389 0.010933
390 0.010902
391 0.010872
392 0.010841
393 0.010810
394 0.010780
395 0.010750
396 0.010720
397 0.010690
398 0.010661
399 0.010631
400 0.010602
401 0.010572
402 0.010543
403 0.010515
404 0.010486
405 0.010457
406 0.010429
407 0.010401
408 0.010372
409 0.010344
410 0.010317
411 0.010289
412 0.010261
413 0.010234
414 0.010207
415 0.010180
416 0.010153
417 0.010126
418 0.010099
419 0.010073
420 0.010046
421 0.010020
422 0.009994
423 0.009968
424 0.009942
425 0.009916
426 0.009890
427 0.009865
428 0.009839
429 0.009814
430 0.009789
431 0.009764
432 0.009739
433 0.009714
434 0.009690
435 0.009665
436 0.009641
437 0.009617
438 0.009592
439 0.009568
440 0.009544
441 0.009521
442 0.009497
443 0.009473
444 0.009450
445 0.009427
446 0.009403
447 0.009380
448 0.009357
449 0.009334
450 0.009311
451 0.009289
452 0.009266
453 0.009244
454 0.009221
455 0.009199
456 0.009177
457 0.009155
458 0.009133
459 0.009111
460 0.009089
461 0.009068
462 0.009046
463 0.009025
464 0.009003
465 0.008982
466 0.008961
467 0.008940
468 0.008919
469 0.008898
470 0.008877
471 0.008856
472 0.008836
473 0.008815
474 0.008795
475 0.008775
476 0.008754
477 0.008734
478 0.008714
479 0.008694
480 0.008674
481 0.008655
482 0.008635
483 0.008615
484 0.008596
485 0.008576
486 0.008557
487 0.008538
488 0.008519
489 0.008499
490 0.008480
491 0.008461
492 0.008443
493 0.008424
494 0.008405
495 0.008387
496 0.008368
497 0.008350
498 0.008331
499 0.008313
500 0.008295
501 0.008277
502 0.008259
503 0.008241
504 0.008223
505 0.008205
506 0.008187
507 0.008169
508 0.008152
509 0.008134
510 0.008117
511 0.008099
512 0.008082
513 0.008065
514 0.008048
515 0.008031
516 0.008014
517 0.007997
518 0.007980
519 0.007963
520 0.007946
521 0.007930
522 0.007913
523 0.007896
524 0.007880
525 0.007863
526 0.007847
527 0.007831
528 0.007815
529 0.007798
530 0.007782
531 0.007766
532 0.007750
533 0.007735
534 0.007719
535 0.007703
536 0.007687
537 0.007672
538 0.007656
539 0.007640
540 0.007625
541 0.007610
542 0.007594
543 0.007579
544 0.007564
545 0.007549
546 0.007534
547 0.007518
548 0.007504
549 0.007489
550 0.007474
551 0.007459
552 0.007444
553 0.007429
554 0.007415
555 0.007400
556 0.007386
557 0.007371
558 0.007357
559 0.007342
560 0.007328
561 0.007314
562 0.007300
563 0.007286
564 0.007271
565 0.007257
566 0.007243
567 0.007230
568 0.007216
569 0.007202
570 0.007188
571 0.007174
572 0.007161
573 0.007147
574 0.007133
575 0.007120
576 0.007106
577 0.007093
578 0.007080
579 0.007066
580 0.007053
581 0.007040
582 0.007027
583 0.007013
584 0.007000
585 0.006987
586 0.006974
587 0.006961
588 0.006948
589 0.006936
590 0.006923
591 0.006910
592 0.006897
593 0.006885
594 0.006872
595 0.006859
596 0.006847
597 0.006834
598 0.006822
599 0.006810
600 0.006797
601 0.006785
602 0.006773
603 0.006760
604 0.006748
605 0.006736
606 0.006724
607 0.006712
608 0.006700
609 0.006688
610 0.006676
611 0.006664
612 0.006652
613 0.006641
614 0.006629
615 0.006617
616 0.006605
617 0.006594
618 0.006582
619 0.006571
620 0.006559
621 0.006547
622 0.006536
623 0.006525
624 0.006513
625 0.006502
626 0.006491
627 0.006479
628 0.006468
629 0.006457
630 0.006446
631 0.006435
632 0.006424
633 0.006413
634 0.006402
635 0.006391
636 0.006380
637 0.006369
638 0.006358
639 0.006347
640 0.006336
641 0.006326
642 0.006315
643 0.006304
644 0.006294
645 0.006283
646 0.006273
647 0.006262
648 0.006251
649 0.006241
650 0.006231
651 0.006220
652 0.006210
653 0.006200
654 0.006189
655 0.006179
656 0.006169
657 0.006159
658 0.006148
659 0.006138
660 0.006128
661 0.006118
662 0.006108
663 0.006098
664 0.006088
665 0.006078
666 0.006068
667 0.006058
668 0.006049
669 0.006039
670 0.006029
671 0.006019
672 0.006009
673 0.006000
674 0.005990
675 0.005980
676 0.005971
677 0.005961
678 0.005952
679 0.005942
680 0.005933
681 0.005923
682 0.005914
683 0.005905
684 0.005895
685 0.005886
686 0.005877
687 0.005867
688 0.005858
689 0.005849
690 0.005840
691 0.005830
692 0.005821
693 0.005812
694 0.005803
695 0.005794
696 0.005785
697 0.005776
698 0.005767
699 0.005758
700 0.005749
701 0.005740
702 0.005731
703 0.005723
704 0.005714
705 0.005705
706 0.005696
707 0.005688
708 0.005679
709 0.005670
710 0.005662
711 0.005653
712 0.005644
713 0.005636
714 0.005627
715 0.005619
716 0.005610
717 0.005602
718 0.005593
719 0.005585
720 0.005576
721 0.005568
722 0.005560
723 0.005551
724 0.005543
725 0.005535
726 0.005527
727 0.005518
728 0.005510
729 0.005502
730 0.005494
731 0.005486
732 0.005477
733 0.005469
734 0.005461
735 0.005453
736 0.005445
737 0.005437
738 0.005429
739 0.005421
740 0.005413
741 0.005406
742 0.005398
743 0.005390
744 0.005382
745 0.005374
746 0.005366
747 0.005359
748 0.005351
749 0.005343
750 0.005335
751 0.005328
752 0.005320
753 0.005312
754 0.005305
755 0.005297
756 0.005290
757 0.005282
758 0.005274
759 0.005267
760 0.005259
761 0.005252
762 0.005245
763 0.005237
764 0.005230
765 0.005222
766 0.005215
767 0.005208
768 0.005200
769 0.005193
770 0.005186
771 0.005178
772 0.005171
773 0.005164
774 0.005157
775 0.005150
776 0.005142
777 0.005135
778 0.005128
779 0.005121
780 0.005114
781 0.005107
782 0.005100
783 0.005093
784 0.005086
785 0.005079
786 0.005072
787 0.005065
788 0.005058
789 0.005051
790 0.005044
791 0.005037
792 0.005030
793 0.005023
794 0.005017
795 0.005010
796 0.005003
797 0.004996
798 0.004989
799 0.004983
800 0.004976
801 0.004969
802 0.004962
803 0.004956
804 0.004949
805 0.004943
806 0.004936
807 0.004929
808 0.004923
809 0.004916
810 0.004910
811 0.004903
812 0.004897
813 0.004890
814 0.004884
815 0.004877
816 0.004871
817 0.004864
818 0.004858
819 0.004851
820 0.004845
821 0.004839
822 0.004832
823 0.004826
824 0.004820
825 0.004813
826 0.004807
827 0.004801
828 0.004795
829 0.004788
830 0.004782
831 0.004776
832 0.004770
833 0.004763
834 0.004757
835 0.004751
836 0.004745
837 0.004739
838 0.004733
839 0.004727
840 0.004721
841 0.004715
842 0.004709
843 0.004703
844 0.004697
845 0.004691
846 0.004685
847 0.004679
848 0.004673
849 0.004667
850 0.004661
851 0.004655
852 0.004649
853 0.004643
854 0.004637
855 0.004631
856 0.004626
857 0.004620
858 0.004614
859 0.004608
860 0.004602
861 0.004597
862 0.004591
863 0.004585
864 0.004579
865 0.004574
866 0.004568
867 0.004562
868 0.004557
869 0.004551
870 0.004545
871 0.004540
872 0.004534
873 0.004529
874 0.004523
875 0.004517
876 0.004512
877 0.004506
878 0.004501
879 0.004495
880 0.004490
881 0.004484
882 0.004479
883 0.004473
884 0.004468
885 0.004463
886 0.004457
887 0.004452
888 0.004446
889 0.004441
890 0.004436
891 0.004430
892 0.004425
893 0.004419
894 0.004414
895 0.004409
896 0.004404
897 0.004398
898 0.004393
899 0.004388
900 0.004382
901 0.004377
902 0.004372
903 0.004367
904 0.004362
905 0.004356
906 0.004351
907 0.004346
908 0.004341
909 0.004336
910 0.004331
911 0.004326
912 0.004320
913 0.004315
914 0.004310
915 0.004305
916 0.004300
917 0.004295
918 0.004290
919 0.004285
920 0.004280
921 0.004275
922 0.004270
923 0.004265
924 0.004260
925 0.004255
926 0.004250
927 0.004245
928 0.004240
929 0.004235
930 0.004231
931 0.004226
932 0.004221
933 0.004216
934 0.004211
935 0.004206
936 0.004201
937 0.004197
938 0.004192
939 0.004187
940 0.004182
941 0.004177
942 0.004173
943 0.004168
944 0.004163
945 0.004158
946 0.004154
947 0.004149
948 0.004144
949 0.004140
950 0.004135
951 0.004130
952 0.004125
953 0.004121
954 0.004116
955 0.004112
956 0.004107
957 0.004102
958 0.004098
959 0.004093
960 0.004089
961 0.004084
962 0.004079
963 0.004075
964 0.004070
965 0.004066
966 0.004061
967 0.004057
968 0.004052
969 0.004048
970 0.004043
971 0.004039
972 0.004034
973 0.004030
974 0.004025
975 0.004021
976 0.004017
977 0.004012
978 0.004008
979 0.004003
980 0.003999
981 0.003995
982 0.003990
983 0.003986
984 0.003981
985 0.003977
986 0.003973
987 0.003968
988 0.003964
989 0.003960
990 0.003956
991 0.003951
992 0.003947
993 0.003943
994 0.003938
995 0.003934
996 0.003930
997 0.003926
998 0.003922
999 0.003917
1000 0.003913
1001 0.003909
1002 0.003905
1003 0.003901
1004 0.003896
1005 0.003892
1006 0.003888
1007 0.003884
1008 0.003880
1009 0.003876
1010 0.003872
1011 0.003867
1012 0.003863
1013 0.003859
1014 0.003855
1015 0.003851
1016 0.003847
1017 0.003843
1018 0.003839
1019 0.003835
1020 0.003831
1021 0.003827
1022 0.003823
1023 0.003819
1024 0.003815
1025 0.003811
1026 0.003807
1027 0.003803
1028 0.003799
1029 0.003795
1030 0.003791
1031 0.003787
1032 0.003783
1033 0.003779
1034 0.003775
1035 0.003771
1036 0.003767
1037 0.003763
1038 0.003760
1039 0.003756
1040 0.003752
1041 0.003748
1042 0.003744
1043 0.003740
1044 0.003736
1045 0.003733
1046 0.003729
1047 0.003725
1048 0.003721
1049 0.003717
1050 0.003714
1051 0.003710
1052 0.003706
1053 0.003702
1054 0.003698
1055 0.003695
1056 0.003691
1057 0.003687
1058 0.003683
1059 0.003680
1060 0.003676
1061 0.003672
1062 0.003669
1063 0.003665
1064 0.003661
1065 0.003657
1066 0.003654
1067 0.003650
1068 0.003646
1069 0.003643
1070 0.003639
1071 0.003635
1072 0.003632
1073 0.003628
1074 0.003625
1075 0.003621
1076 0.003617
1077 0.003614
1078 0.003610
1079 0.003607
1080 0.003603
1081 0.003599
1082 0.003596
1083 0.003592
1084 0.003589
1085 0.003585
1086 0.003582
1087 0.003578
1088 0.003575
1089 0.003571
1090 0.003568
1091 0.003564
1092 0.003561
1093 0.003557
1094 0.003554
1095 0.003550
1096 0.003547
1097 0.003543
1098 0.003540
1099 0.003536
1100 0.003533
1101 0.003529
1102 0.003526
1103 0.003523
1104 0.003519
1105 0.003516
1106 0.003512
1107 0.003509
1108 0.003506
1109 0.003502
1110 0.003499
1111 0.003495
1112 0.003492
1113 0.003489
1114 0.003485
1115 0.003482
1116 0.003479
1117 0.003475
1118 0.003472
1119 0.003469
1120 0.003465
1121 0.003462
1122 0.003459
1123 0.003455
1124 0.003452
1125 0.003449
1126 0.003446
1127 0.003442
1128 0.003439
1129 0.003436
1130 0.003433
1131 0.003429
1132 0.003426
1133 0.003423
1134 0.003420
1135 0.003416
1136 0.003413
1137 0.003410
1138 0.003407
1139 0.003403
1140 0.003400
1141 0.003397
1142 0.003394
1143 0.003391
1144 0.003388
1145 0.003384
1146 0.003381
1147 0.003378
1148 0.003375
1149 0.003372
1150 0.003369
1151 0.003366
1152 0.003362
1153 0.003359
1154 0.003356
1155 0.003353
1156 0.003350
1157 0.003347
1158 0.003344
1159 0.003341
1160 0.003338
1161 0.003334
1162 0.003331
1163 0.003328
1164 0.003325
1165 0.003322
1166 0.003319
1167 0.003316
1168 0.003313
1169 0.003310
1170 0.003307
1171 0.003304
1172 0.003301
1173 0.003298
1174 0.003295
1175 0.003292
1176 0.003289
1177 0.003286
1178 0.003283
1179 0.003280
1180 0.003277
1181 0.003274
1182 0.003271
1183 0.003268
1184 0.003265
1185 0.003262
1186 0.003259
1187 0.003256
1188 0.003253
1189 0.003251
1190 0.003248
1191 0.003245
1192 0.003242
1193 0.003239
1194 0.003236
1195 0.003233
1196 0.003230
1197 0.003227
1198 0.003224
1199 0.003222
1200 0.003219
1201 0.003216
1202 0.003213
1203 0.003210
1204 0.003207
1205 0.003204
1206 0.003202
1207 0.003199
1208 0.003196
1209 0.003193
1210 0.003190
1211 0.003187
1212 0.003185
1213 0.003182
1214 0.003179
1215 0.003176
1216 0.003173
1217 0.003171
1218 0.003168
1219 0.003165
1220 0.003162
1221 0.003160
1222 0.003157
1223 0.003154
1224 0.003151
1225 0.003149
1226 0.003146
1227 0.003143
1228 0.003140
1229 0.003138
1230 0.003135
1231 0.003132
1232 0.003129
1233 0.003127
1234 0.003124
1235 0.003121
1236 0.003119
1237 0.003116
1238 0.003113
1239 0.003111
1240 0.003108
1241 0.003105
1242 0.003103
1243 0.003100
1244 0.003097
1245 0.003095
1246 0.003092
1247 0.003089
1248 0.003087
1249 0.003084
1250 0.003081
1251 0.003079
1252 0.003076
1253 0.003073
1254 0.003071
1255 0.003068
1256 0.003066
1257 0.003063
1258 0.003060
1259 0.003058
1260 0.003055
1261 0.003053
1262 0.003050
1263 0.003047
1264 0.003045
1265 0.003042
1266 0.003040
1267 0.003037
1268 0.003035
1269 0.003032
1270 0.003029
1271 0.003027
1272 0.003024
1273 0.003022
1274 0.003019
1275 0.003017
1276 0.003014
1277 0.003012
1278 0.003009
1279 0.003007
1280 0.003004
1281 0.003002
1282 0.002999
1283 0.002997
1284 0.002994
1285 0.002992
1286 0.002989
1287 0.002987
1288 0.002984
1289 0.002982
1290 0.002979
1291 0.002977
1292 0.002974
1293 0.002972
1294 0.002970
1295 0.002967
1296 0.002965
1297 0.002962
1298 0.002960
1299 0.002957
1300 0.002955
1301 0.002952
1302 0.002950
1303 0.002948
1304 0.002945
1305 0.002943
1306 0.002940
1307 0.002938
1308 0.002936
1309 0.002933
1310 0.002931
1311 0.002928
1312 0.002926
1313 0.002924
1314 0.002921
1315 0.002919
1316 0.002917
1317 0.002914
1318 0.002912
1319 0.002910
1320 0.002907
1321 0.002905
1322 0.002902
1323 0.002900
1324 0.002898
1325 0.002895
1326 0.002893
1327 0.002891
1328 0.002888
1329 0.002886
1330 0.002884
1331 0.002882
1332 0.002879
1333 0.002877
1334 0.002875
1335 0.002872
1336 0.002870
1337 0.002868
1338 0.002865
1339 0.002863
1340 0.002861
1341 0.002859
1342 0.002856
1343 0.002854
1344 0.002852
1345 0.002850
1346 0.002847
1347 0.002845
1348 0.002843
1349 0.002841
1350 0.002838
1351 0.002836
1352 0.002834
1353 0.002832
1354 0.002829
1355 0.002827
1356 0.002825
1357 0.002823
1358 0.002820
1359 0.002818
1360 0.002816
1361 0.002814
1362 0.002812
1363 0.002809
1364 0.002807
1365 0.002805
1366 0.002803
1367 0.002801
1368 0.002798
1369 0.002796
1370 0.002794
1371 0.002792
1372 0.002790
1373 0.002788
1374 0.002785
1375 0.002783
1376 0.002781
1377 0.002779
1378 0.002777
1379 0.002775
1380 0.002773
1381 0.002770
1382 0.002768
1383 0.002766
1384 0.002764
1385 0.002762
1386 0.002760
1387 0.002758
1388 0.002756
1389 0.002753
1390 0.002751
1391 0.002749
1392 0.002747
1393 0.002745
1394 0.002743
1395 0.002741
1396 0.002739
1397 0.002737
1398 0.002735
1399 0.002732
1400 0.002730
1401 0.002728
1402 0.002726
1403 0.002724
1404 0.002722
1405 0.002720
1406 0.002718
1407 0.002716
1408 0.002714
1409 0.002712
1410 0.002710
1411 0.002708
1412 0.002706
1413 0.002704
1414 0.002702
1415 0.002700
1416 0.002697
1417 0.002695
1418 0.002693
1419 0.002691
1420 0.002689
1421 0.002687
1422 0.002685
1423 0.002683
1424 0.002681
1425 0.002679
1426 0.002677
1427 0.002675
1428 0.002673
1429 0.002671
1430 0.002669
1431 0.002667
1432 0.002665
1433 0.002663
1434 0.002661
1435 0.002659
1436 0.002657
1437 0.002656
1438 0.002654
1439 0.002652
1440 0.002650
1441 0.002648
1442 0.002646
1443 0.002644
1444 0.002642
1445 0.002640
1446 0.002638
1447 0.002636
1448 0.002634
1449 0.002632
1450 0.002630
1451 0.002628
1452 0.002626
1453 0.002624
1454 0.002622
1455 0.002621
1456 0.002619
1457 0.002617
1458 0.002615
1459 0.002613
1460 0.002611
1461 0.002609
1462 0.002607
1463 0.002605
1464 0.002603
1465 0.002601
1466 0.002600
1467 0.002598
1468 0.002596
1469 0.002594
1470 0.002592
1471 0.002590
1472 0.002588
1473 0.002586
1474 0.002585
1475 0.002583
1476 0.002581
1477 0.002579
1478 0.002577
1479 0.002575
1480 0.002573
1481 0.002572
1482 0.002570
1483 0.002568
1484 0.002566
1485 0.002564
1486 0.002562
1487 0.002561
1488 0.002559
1489 0.002557
1490 0.002555
1491 0.002553
1492 0.002551
1493 0.002550
1494 0.002548
1495 0.002546
1496 0.002544
1497 0.002542
1498 0.002541
1499 0.002539
1500 0.002537
1501 0.002535
1502 0.002533
1503 0.002532
1504 0.002530
1505 0.002528
1506 0.002526
1507 0.002524
1508 0.002523
1509 0.002521
1510 0.002519
1511 0.002517
1512 0.002516
1513 0.002514
1514 0.002512
1515 0.002510
1516 0.002508
1517 0.002507
1518 0.002505
1519 0.002503
1520 0.002501
1521 0.002500
1522 0.002498
1523 0.002496
1524 0.002494
1525 0.002493
1526 0.002491
1527 0.002489
1528 0.002487
1529 0.002486
1530 0.002484
1531 0.002482
1532 0.002481
1533 0.002479
1534 0.002477
1535 0.002475
1536 0.002474
1537 0.002472
1538 0.002470
1539 0.002469
1540 0.002467
1541 0.002465
1542 0.002463
1543 0.002462
1544 0.002460
1545 0.002458
1546 0.002457
1547 0.002455
1548 0.002453
1549 0.002452
1550 0.002450
1551 0.002448
1552 0.002447
1553 0.002445
1554 0.002443
1555 0.002442
1556 0.002440
1557 0.002438
1558 0.002437
1559 0.002435
1560 0.002433
1561 0.002432
1562 0.002430
1563 0.002428
1564 0.002427
1565 0.002425
1566 0.002423
1567 0.002422
1568 0.002420
1569 0.002418
1570 0.002417
1571 0.002415
1572 0.002414
1573 0.002412
1574 0.002410
1575 0.002409
1576 0.002407
1577 0.002405
1578 0.002404
1579 0.002402
1580 0.002401
1581 0.002399
1582 0.002397
1583 0.002396
1584 0.002394
1585 0.002392
1586 0.002391
1587 0.002389
1588 0.002388
1589 0.002386
1590 0.002384
1591 0.002383
1592 0.002381
1593 0.002380
1594 0.002378
1595 0.002377
1596 0.002375
1597 0.002373
1598 0.002372
1599 0.002370
1600 0.002369
1601 0.002367
1602 0.002365
1603 0.002364
1604 0.002362
1605 0.002361
1606 0.002359
1607 0.002358
1608 0.002356
1609 0.002355
1610 0.002353
1611 0.002351
1612 0.002350
1613 0.002348
1614 0.002347
1615 0.002345
1616 0.002344
1617 0.002342
1618 0.002341
1619 0.002339
1620 0.002338
1621 0.002336
1622 0.002334
1623 0.002333
1624 0.002331
1625 0.002330
1626 0.002328
1627 0.002327
1628 0.002325
1629 0.002324
1630 0.002322
1631 0.002321
1632 0.002319
1633 0.002318
1634 0.002316
1635 0.002315
1636 0.002313
1637 0.002312
1638 0.002310
1639 0.002309
1640 0.002307
1641 0.002306
1642 0.002304
1643 0.002303
1644 0.002301
1645 0.002300
1646 0.002298
1647 0.002297
1648 0.002295
1649 0.002294
1650 0.002292
1651 0.002291
1652 0.002289
1653 0.002288
1654 0.002287
1655 0.002285
1656 0.002284
1657 0.002282
1658 0.002281
1659 0.002279
1660 0.002278
1661 0.002276
1662 0.002275
1663 0.002273
1664 0.002272
1665 0.002270
1666 0.002269
1667 0.002268
1668 0.002266
1669 0.002265
1670 0.002263
1671 0.002262
1672 0.002260
1673 0.002259
1674 0.002258
1675 0.002256
1676 0.002255
1677 0.002253
1678 0.002252
1679 0.002250
1680 0.002249
1681 0.002248
1682 0.002246
1683 0.002245
1684 0.002243
1685 0.002242
1686 0.002240
1687 0.002239
1688 0.002238
1689 0.002236
1690 0.002235
1691 0.002233
1692 0.002232
1693 0.002231
1694 0.002229
1695 0.002228
1696 0.002226
1697 0.002225
1698 0.002224
1699 0.002222
1700 0.002221
1701 0.002220
1702 0.002218
1703 0.002217
1704 0.002215
1705 0.002214
1706 0.002213
1707 0.002211
1708 0.002210
1709 0.002208
1710 0.002207
1711 0.002206
1712 0.002204
1713 0.002203
1714 0.002202
1715 0.002200
1716 0.002199
1717 0.002198
1718 0.002196
1719 0.002195
1720 0.002193
1721 0.002192
1722 0.002191
1723 0.002189
1724 0.002188
1725 0.002187
1726 0.002185
1727 0.002184
1728 0.002183
1729 0.002181
1730 0.002180
1731 0.002179
1732 0.002177
1733 0.002176
1734 0.002175
1735 0.002173
1736 0.002172
1737 0.002171
1738 0.002169
1739 0.002168
1740 0.002167
1741 0.002165
1742 0.002164
1743 0.002163
1744 0.002161
1745 0.002160
1746 0.002159
1747 0.002158
1748 0.002156
1749 0.002155
1750 0.002154
1751 0.002152
1752 0.002151
1753 0.002150
1754 0.002148
1755 0.002147
1756 0.002146
1757 0.002144
1758 0.002143
1759 0.002142
1760 0.002141
1761 0.002139
1762 0.002138
1763 0.002137
1764 0.002135
1765 0.002134
1766 0.002133
1767 0.002132
1768 0.002130
1769 0.002129
1770 0.002128
1771 0.002127
1772 0.002125
1773 0.002124
1774 0.002123
1775 0.002121
1776 0.002120
1777 0.002119
1778 0.002118
1779 0.002116
1780 0.002115
1781 0.002114
1782 0.002113
1783 0.002111
1784 0.002110
1785 0.002109
1786 0.002108
1787 0.002106
1788 0.002105
1789 0.002104
1790 0.002103
1791 0.002101
1792 0.002100
1793 0.002099
1794 0.002098
1795 0.002096
1796 0.002095
1797 0.002094
1798 0.002093
1799 0.002091
1800 0.002090
1801 0.002089
1802 0.002088
1803 0.002087
1804 0.002085
1805 0.002084
1806 0.002083
1807 0.002082
1808 0.002080
1809 0.002079
1810 0.002078
1811 0.002077
1812 0.002076
1813 0.002074
1814 0.002073
1815 0.002072
1816 0.002071
1817 0.002069
1818 0.002068
1819 0.002067
1820 0.002066
1821 0.002065
1822 0.002063
1823 0.002062
1824 0.002061
1825 0.002060
1826 0.002059
1827 0.002057
1828 0.002056
1829 0.002055
1830 0.002054
1831 0.002053
1832 0.002052
1833 0.002050
1834 0.002049
1835 0.002048
1836 0.002047
1837 0.002046
1838 0.002044
1839 0.002043
1840 0.002042
1841 0.002041
1842 0.002040
1843 0.002039
1844 0.002037
1845 0.002036
1846 0.002035
1847 0.002034
1848 0.002033
1849 0.002032
1850 0.002030
1851 0.002029
1852 0.002028
1853 0.002027
1854 0.002026
1855 0.002025
1856 0.002023
1857 0.002022
1858 0.002021
1859 0.002020
1860 0.002019
1861 0.002018
1862 0.002016
1863 0.002015
1864 0.002014
1865 0.002013
1866 0.002012
1867 0.002011
1868 0.002010
1869 0.002008
1870 0.002007
1871 0.002006
1872 0.002005
1873 0.002004
1874 0.002003
1875 0.002002
1876 0.002001
1877 0.001999
1878 0.001998
1879 0.001997
1880 0.001996
1881 0.001995
1882 0.001994
1883 0.001993
1884 0.001992
1885 0.001990
1886 0.001989
1887 0.001988
1888 0.001987
1889 0.001986
1890 0.001985
1891 0.001984
1892 0.001983
1893 0.001982
1894 0.001980
1895 0.001979
1896 0.001978
1897 0.001977
1898 0.001976
1899 0.001975
1900 0.001974
1901 0.001973
1902 0.001972
1903 0.001970
1904 0.001969
1905 0.001968
1906 0.001967
1907 0.001966
1908 0.001965
1909 0.001964
1910 0.001963
1911 0.001962
1912 0.001961
1913 0.001960
1914 0.001958
1915 0.001957
1916 0.001956
1917 0.001955
1918 0.001954
1919 0.001953
1920 0.001952
1921 0.001951
1922 0.001950
1923 0.001949
1924 0.001948
1925 0.001947
1926 0.001946
1927 0.001944
1928 0.001943
1929 0.001942
1930 0.001941
1931 0.001940
1932 0.001939
1933 0.001938
1934 0.001937
1935 0.001936
1936 0.001935
1937 0.001934
1938 0.001933
1939 0.001932
1940 0.001931
1941 0.001930
1942 0.001929
1943 0.001928
1944 0.001926
1945 0.001925
1946 0.001924
1947 0.001923
1948 0.001922
1949 0.001921
1950 0.001920
1951 0.001919
1952 0.001918
1953 0.001917
1954 0.001916
1955 0.001915
1956 0.001914
1957 0.001913
1958 0.001912
1959 0.001911
1960 0.001910
1961 0.001909
1962 0.001908
1963 0.001907
1964 0.001906
1965 0.001905
1966 0.001904
1967 0.001903
1968 0.001902
1969 0.001901
1970 0.001900
1971 0.001899
1972 0.001898
1973 0.001897
1974 0.001895
1975 0.001894
1976 0.001893
1977 0.001892
1978 0.001891
1979 0.001890
1980 0.001889
1981 0.001888
1982 0.001887
1983 0.001886
1984 0.001885
1985 0.001884
1986 0.001883
1987 0.001882
1988 0.001881
1989 0.001880
1990 0.001879
1991 0.001878
1992 0.001877
1993 0.001876
1994 0.001875
1995 0.001874
1996 0.001873
1997 0.001872
1998 0.001871
1999 0.001870
2000 0.001869
2001 0.001868
2002 0.001867
2003 0.001866
2004 0.001865
2005 0.001864
2006 0.001863
2007 0.001863
2008 0.001862
2009 0.001861
2010 0.001860
2011 0.001859
2012 0.001858
2013 0.001857
2014 0.001856
2015 0.001855
2016 0.001854
2017 0.001853
2018 0.001852
2019 0.001851
2020 0.001850
2021 0.001849
2022 0.001848
2023 0.001847
2024 0.001846
2025 0.001845
2026 0.001844
2027 0.001843
2028 0.001842
2029 0.001841
2030 0.001840
2031 0.001839
2032 0.001838
2033 0.001837
2034 0.001836
2035 0.001835
2036 0.001834
2037 0.001833
2038 0.001833
2039 0.001832
2040 0.001831
2041 0.001830
2042 0.001829
2043 0.001828
2044 0.001827
2045 0.001826
2046 0.001825
2047 0.001824
2048 0.001823
2049 0.001822
2050 0.001821
2051 0.001820
2052 0.001819
2053 0.001818
2054 0.001817
2055 0.001817
2056 0.001816
2057 0.001815
2058 0.001814
2059 0.001813
2060 0.001812
2061 0.001811
2062 0.001810
2063 0.001809
2064 0.001808
2065 0.001807
2066 0.001806
2067 0.001805
2068 0.001804
2069 0.001804
2070 0.001803
2071 0.001802
2072 0.001801
2073 0.001800
2074 0.001799
2075 0.001798
2076 0.001797
2077 0.001796
2078 0.001795
2079 0.001794
2080 0.001793
2081 0.001793
2082 0.001792
2083 0.001791
2084 0.001790
2085 0.001789
2086 0.001788
2087 0.001787
2088 0.001786
2089 0.001785
2090 0.001784
2091 0.001783
2092 0.001783
2093 0.001782
2094 0.001781
2095 0.001780
2096 0.001779
2097 0.001778
2098 0.001777
2099 0.001776
2100 0.001775
2101 0.001774
2102 0.001774
2103 0.001773
2104 0.001772
2105 0.001771
2106 0.001770
2107 0.001769
2108 0.001768
2109 0.001767
2110 0.001766
2111 0.001766
2112 0.001765
2113 0.001764
2114 0.001763
2115 0.001762
2116 0.001761
2117 0.001760
2118 0.001759
2119 0.001759
2120 0.001758
2121 0.001757
2122 0.001756
2123 0.001755
2124 0.001754
2125 0.001753
2126 0.001752
2127 0.001752
2128 0.001751
2129 0.001750
2130 0.001749
2131 0.001748
2132 0.001747
2133 0.001746
2134 0.001745
2135 0.001745
2136 0.001744
2137 0.001743
2138 0.001742
2139 0.001741
2140 0.001740
2141 0.001739
2142 0.001739
2143 0.001738
2144 0.001737
2145 0.001736
2146 0.001735
2147 0.001734
2148 0.001733
2149 0.001733
2150 0.001732
2151 0.001731
2152 0.001730
2153 0.001729
2154 0.001728
2155 0.001727
2156 0.001727
2157 0.001726
2158 0.001725
2159 0.001724
2160 0.001723
2161 0.001722
2162 0.001722
2163 0.001721
2164 0.001720
2165 0.001719
2166 0.001718
2167 0.001717
2168 0.001717
2169 0.001716
2170 0.001715
2171 0.001714
2172 0.001713
2173 0.001712
2174 0.001712
2175 0.001711
2176 0.001710
2177 0.001709
2178 0.001708
2179 0.001707
2180 0.001707
2181 0.001706
2182 0.001705
2183 0.001704
2184 0.001703
2185 0.001702
2186 0.001702
2187 0.001701
2188 0.001700
2189 0.001699
2190 0.001698
2191 0.001697
2192 0.001697
2193 0.001696
2194 0.001695
2195 0.001694
2196 0.001693
2197 0.001693
2198 0.001692
2199 0.001691
2200 0.001690
2201 0.001689
2202 0.001689
2203 0.001688
2204 0.001687
2205 0.001686
2206 0.001685
2207 0.001684
2208 0.001684
2209 0.001683
2210 0.001682
2211 0.001681
2212 0.001680
2213 0.001680
2214 0.001679
2215 0.001678
2216 0.001677
2217 0.001676
2218 0.001676
2219 0.001675
2220 0.001674
2221 0.001673
2222 0.001672
2223 0.001672
2224 0.001671
2225 0.001670
2226 0.001669
2227 0.001669
2228 0.001668
2229 0.001667
2230 0.001666
2231 0.001665
2232 0.001665
2233 0.001664
2234 0.001663
2235 0.001662
2236 0.001661
2237 0.001661
2238 0.001660
2239 0.001659
2240 0.001658
2241 0.001658
2242 0.001657
2243 0.001656
2244 0.001655
2245 0.001654
2246 0.001654
2247 0.001653
2248 0.001652
2249 0.001651
2250 0.001650
2251 0.001650
2252 0.001649
2253 0.001648
2254 0.001647
2255 0.001647
2256 0.001646
2257 0.001645
2258 0.001644
2259 0.001644
2260 0.001643
2261 0.001642
2262 0.001641
2263 0.001640
2264 0.001640
2265 0.001639
2266 0.001638
2267 0.001637
2268 0.001637
2269 0.001636
2270 0.001635
2271 0.001634
2272 0.001634
2273 0.001633
2274 0.001632
2275 0.001631
2276 0.001631
2277 0.001630
2278 0.001629
2279 0.001628
2280 0.001628
2281 0.001627
2282 0.001626
2283 0.001625
2284 0.001625
2285 0.001624
2286 0.001623
2287 0.001622
2288 0.001622
2289 0.001621
2290 0.001620
2291 0.001619
2292 0.001619
2293 0.001618
2294 0.001617
2295 0.001616
2296 0.001616
2297 0.001615
2298 0.001614
2299 0.001613
2300 0.001613
2301 0.001612
2302 0.001611
2303 0.001610
2304 0.001610
2305 0.001609
2306 0.001608
2307 0.001607
2308 0.001607
2309 0.001606
2310 0.001605
2311 0.001605
2312 0.001604
2313 0.001603
2314 0.001602
2315 0.001602
2316 0.001601
2317 0.001600
2318 0.001599
2319 0.001599
2320 0.001598
2321 0.001597
2322 0.001596
2323 0.001596
2324 0.001595
2325 0.001594
2326 0.001594
2327 0.001593
2328 0.001592
2329 0.001591
2330 0.001591
2331 0.001590
2332 0.001589
2333 0.001589
2334 0.001588
2335 0.001587
2336 0.001586
2337 0.001586
2338 0.001585
2339 0.001584
2340 0.001584
2341 0.001583
2342 0.001582
2343 0.001581
2344 0.001581
2345 0.001580
2346 0.001579
2347 0.001579
2348 0.001578
2349 0.001577
2350 0.001576
2351 0.001576
2352 0.001575
2353 0.001574
2354 0.001574
2355 0.001573
2356 0.001572
2357 0.001571
2358 0.001571
2359 0.001570
2360 0.001569
2361 0.001569
2362 0.001568
2363 0.001567
2364 0.001567
2365 0.001566
2366 0.001565
2367 0.001564
2368 0.001564
2369 0.001563
2370 0.001562
2371 0.001562
2372 0.001561
2373 0.001560
2374 0.001560
2375 0.001559
2376 0.001558
2377 0.001558
2378 0.001557
2379 0.001556
2380 0.001555
2381 0.001555
2382 0.001554
2383 0.001553
2384 0.001553
2385 0.001552
2386 0.001551
2387 0.001551
2388 0.001550
2389 0.001549
2390 0.001549
2391 0.001548
2392 0.001547
2393 0.001547
2394 0.001546
2395 0.001545
2396 0.001544
2397 0.001544
2398 0.001543
2399 0.001542
2400 0.001542
2401 0.001541
2402 0.001540
2403 0.001540
2404 0.001539
2405 0.001538
2406 0.001538
2407 0.001537
2408 0.001536
2409 0.001536
2410 0.001535
2411 0.001534
2412 0.001534
2413 0.001533
2414 0.001532
2415 0.001532
2416 0.001531
2417 0.001530
2418 0.001530
2419 0.001529
2420 0.001528
2421 0.001528
2422 0.001527
2423 0.001526
2424 0.001526
2425 0.001525
2426 0.001524
2427 0.001524
2428 0.001523
2429 0.001522
2430 0.001522
2431 0.001521
2432 0.001520
2433 0.001520
2434 0.001519
2435 0.001518
2436 0.001518
2437 0.001517
2438 0.001516
2439 0.001516
2440 0.001515
2441 0.001514
2442 0.001514
2443 0.001513
2444 0.001513
2445 0.001512
2446 0.001511
2447 0.001511
2448 0.001510
2449 0.001509
2450 0.001509
2451 0.001508
2452 0.001507
2453 0.001507
2454 0.001506
2455 0.001505
2456 0.001505
2457 0.001504
2458 0.001503
2459 0.001503
2460 0.001502
2461 0.001501
2462 0.001501
2463 0.001500
2464 0.001500
2465 0.001499
2466 0.001498
2467 0.001498
2468 0.001497
2469 0.001496
2470 0.001496
2471 0.001495
2472 0.001494
2473 0.001494
2474 0.001493
2475 0.001493
2476 0.001492
2477 0.001491
2478 0.001491
2479 0.001490
2480 0.001489
2481 0.001489
2482 0.001488
2483 0.001487
2484 0.001487
2485 0.001486
2486 0.001486
2487 0.001485
2488 0.001484
2489 0.001484
2490 0.001483
2491 0.001482
2492 0.001482
2493 0.001481
2494 0.001481
2495 0.001480
2496 0.001479
2497 0.001479
2498 0.001478
2499 0.001477
2500 0.001477
2501 0.001476
2502 0.001476
2503 0.001475
2504 0.001474
2505 0.001474
2506 0.001473
2507 0.001472
2508 0.001472
2509 0.001471
2510 0.001471
2511 0.001470
2512 0.001469
2513 0.001469
2514 0.001468
2515 0.001468
2516 0.001467
2517 0.001466
2518 0.001466
2519 0.001465
2520 0.001464
2521 0.001464
2522 0.001463
2523 0.001463
2524 0.001462
2525 0.001461
2526 0.001461
2527 0.001460
2528 0.001460
2529 0.001459
2530 0.001458
2531 0.001458
2532 0.001457
2533 0.001457
2534 0.001456
2535 0.001455
2536 0.001455
2537 0.001454
2538 0.001453
2539 0.001453
2540 0.001452
2541 0.001452
2542 0.001451
2543 0.001450
2544 0.001450
2545 0.001449
2546 0.001449
2547 0.001448
2548 0.001447
2549 0.001447
2550 0.001446
2551 0.001446
2552 0.001445
2553 0.001444
2554 0.001444
2555 0.001443
2556 0.001443
2557 0.001442
2558 0.001442
2559 0.001441
2560 0.001440
2561 0.001440
2562 0.001439
2563 0.001439
2564 0.001438
2565 0.001437
2566 0.001437
2567 0.001436
2568 0.001436
2569 0.001435
2570 0.001434
2571 0.001434
2572 0.001433
2573 0.001433
2574 0.001432
2575 0.001431
2576 0.001431
2577 0.001430
2578 0.001430
2579 0.001429
2580 0.001429
2581 0.001428
2582 0.001427
2583 0.001427
2584 0.001426
2585 0.001426
2586 0.001425
2587 0.001424
2588 0.001424
2589 0.001423
2590 0.001423
2591 0.001422
2592 0.001422
2593 0.001421
2594 0.001420
2595 0.001420
2596 0.001419
2597 0.001419
2598 0.001418
2599 0.001418
2600 0.001417
2601 0.001416
2602 0.001416
2603 0.001415
2604 0.001415
2605 0.001414
2606 0.001414
2607 0.001413
2608 0.001412
2609 0.001412
2610 0.001411
2611 0.001411
2612 0.001410
2613 0.001410
2614 0.001409
2615 0.001408
2616 0.001408
2617 0.001407
2618 0.001407
2619 0.001406
2620 0.001406
2621 0.001405
2622 0.001404
2623 0.001404
2624 0.001403
2625 0.001403
2626 0.001402
2627 0.001402
2628 0.001401
2629 0.001401
2630 0.001400
2631 0.001399
2632 0.001399
2633 0.001398
2634 0.001398
2635 0.001397
2636 0.001397
2637 0.001396
2638 0.001395
2639 0.001395
2640 0.001394
2641 0.001394
2642 0.001393
2643 0.001393
2644 0.001392
2645 0.001392
2646 0.001391
2647 0.001390
2648 0.001390
2649 0.001389
2650 0.001389
2651 0.001388
2652 0.001388
2653 0.001387
2654 0.001387
2655 0.001386
2656 0.001386
2657 0.001385
2658 0.001384
2659 0.001384
2660 0.001383
2661 0.001383
2662 0.001382
2663 0.001382
2664 0.001381
2665 0.001381
2666 0.001380
2667 0.001379
2668 0.001379
2669 0.001378
2670 0.001378
2671 0.001377
2672 0.001377
2673 0.001376
2674 0.001376
2675 0.001375
2676 0.001375
2677 0.001374
2678 0.001374
2679 0.001373
2680 0.001372
2681 0.001372
2682 0.001371
2683 0.001371
2684 0.001370
2685 0.001370
2686 0.001369
2687 0.001369
2688 0.001368
2689 0.001368
2690 0.001367
2691 0.001367
2692 0.001366
2693 0.001365
2694 0.001365
2695 0.001364
2696 0.001364
2697 0.001363
2698 0.001363
2699 0.001362
2700 0.001362
2701 0.001361
2702 0.001361
2703 0.001360
2704 0.001360
2705 0.001359
2706 0.001359
2707 0.001358
2708 0.001358
2709 0.001357
2710 0.001356
2711 0.001356
2712 0.001355
2713 0.001355
2714 0.001354
2715 0.001354
2716 0.001353
2717 0.001353
2718 0.001352
2719 0.001352
2720 0.001351
2721 0.001351
2722 0.001350
2723 0.001350
2724 0.001349
2725 0.001349
2726 0.001348
2727 0.001348
2728 0.001347
2729 0.001347
2730 0.001346
2731 0.001345
2732 0.001345
2733 0.001344
2734 0.001344
2735 0.001343
2736 0.001343
2737 0.001342
2738 0.001342
2739 0.001341
2740 0.001341
2741 0.001340
2742 0.001340
2743 0.001339
2744 0.001339
2745 0.001338
2746 0.001338
2747 0.001337
2748 0.001337
2749 0.001336
2750 0.001336
2751 0.001335
2752 0.001335
2753 0.001334
2754 0.001334
2755 0.001333
2756 0.001333
2757 0.001332
2758 0.001332
2759 0.001331
2760 0.001331
2761 0.001330
2762 0.001330
2763 0.001329
2764 0.001329
2765 0.001328
2766 0.001328
2767 0.001327
2768 0.001327
2769 0.001326
2770 0.001326
2771 0.001325
2772 0.001325
2773 0.001324
2774 0.001324
2775 0.001323
2776 0.001323
2777 0.001322
2778 0.001322
2779 0.001321
2780 0.001321
2781 0.001320
2782 0.001320
2783 0.001319
2784 0.001319
2785 0.001318
2786 0.001318
2787 0.001317
2788 0.001317
2789 0.001316
2790 0.001316
2791 0.001315
2792 0.001315
2793 0.001314
2794 0.001314
2795 0.001313
2796 0.001313
2797 0.001312
2798 0.001312
2799 0.001311
2800 0.001311
2801 0.001310
2802 0.001310
2803 0.001309
2804 0.001309
2805 0.001308
2806 0.001308
2807 0.001307
2808 0.001307
2809 0.001306
2810 0.001306
2811 0.001305
2812 0.001305
2813 0.001304
2814 0.001304
2815 0.001303
2816 0.001303
2817 0.001302
2818 0.001302
2819 0.001301
2820 0.001301
2821 0.001300
2822 0.001300
2823 0.001299
2824 0.001299
2825 0.001298
2826 0.001298
2827 0.001297
2828 0.001297
2829 0.001296
2830 0.001296
2831 0.001295
2832 0.001295
2833 0.001295
2834 0.001294
2835 0.001294
2836 0.001293
2837 0.001293
2838 0.001292
2839 0.001292
2840 0.001291
2841 0.001291
2842 0.001290
2843 0.001290
2844 0.001289
2845 0.001289
2846 0.001288
2847 0.001288
2848 0.001287
2849 0.001287
2850 0.001286
2851 0.001286
2852 0.001285
2853 0.001285
2854 0.001284
2855 0.001284
2856 0.001284
2857 0.001283
2858 0.001283
2859 0.001282
2860 0.001282
2861 0.001281
2862 0.001281
2863 0.001280
2864 0.001280
2865 0.001279
2866 0.001279
2867 0.001278
2868 0.001278
2869 0.001277
2870 0.001277
2871 0.001276
2872 0.001276
2873 0.001276
2874 0.001275
2875 0.001275
2876 0.001274
2877 0.001274
2878 0.001273
2879 0.001273
2880 0.001272
2881 0.001272
2882 0.001271
2883 0.001271
2884 0.001270
2885 0.001270
2886 0.001270
2887 0.001269
2888 0.001269
2889 0.001268
2890 0.001268
2891 0.001267
2892 0.001267
2893 0.001266
2894 0.001266
2895 0.001265
2896 0.001265
2897 0.001264
2898 0.001264
2899 0.001264
2900 0.001263
2901 0.001263
2902 0.001262
2903 0.001262
2904 0.001261
2905 0.001261
2906 0.001260
2907 0.001260
2908 0.001259
2909 0.001259
2910 0.001258
2911 0.001258
2912 0.001258
2913 0.001257
2914 0.001257
2915 0.001256
2916 0.001256
2917 0.001255
2918 0.001255
2919 0.001254
2920 0.001254
2921 0.001254
2922 0.001253
2923 0.001253
2924 0.001252
2925 0.001252
2926 0.001251
2927 0.001251
2928 0.001250
2929 0.001250
2930 0.001249
2931 0.001249
2932 0.001249
2933 0.001248
2934 0.001248
2935 0.001247
2936 0.001247
2937 0.001246
2938 0.001246
2939 0.001245
2940 0.001245
2941 0.001245
2942 0.001244
2943 0.001244
2944 0.001243
2945 0.001243
2946 0.001242
2947 0.001242
2948 0.001241
2949 0.001241
2950 0.001241
2951 0.001240
2952 0.001240
2953 0.001239
2954 0.001239
2955 0.001238
2956 0.001238
2957 0.001237
2958 0.001237
2959 0.001237
2960 0.001236
2961 0.001236
2962 0.001235
2963 0.001235
2964 0.001234
2965 0.001234
2966 0.001234
2967 0.001233
2968 0.001233
2969 0.001232
2970 0.001232
2971 0.001231
2972 0.001231
2973 0.001230
2974 0.001230
2975 0.001230
2976 0.001229
2977 0.001229
2978 0.001228
2979 0.001228
2980 0.001227
2981 0.001227
2982 0.001227
2983 0.001226
2984 0.001226
2985 0.001225
2986 0.001225
2987 0.001224
2988 0.001224
2989 0.001224
2990 0.001223
2991 0.001223
2992 0.001222
2993 0.001222
2994 0.001221
2995 0.001221
2996 0.001221
2997 0.001220
2998 0.001220
2999 0.001219
3000 0.001219
3001 0.001218
3002 0.001218
3003 0.001218
3004 0.001217
3005 0.001217
3006 0.001216
3007 0.001216
3008 0.001215
3009 0.001215
3010 0.001215
3011 0.001214
3012 0.001214
3013 0.001213
3014 0.001213
3015 0.001212
3016 0.001212
3017 0.001212
3018 0.001211
3019 0.001211
3020 0.001210
3021 0.001210
3022 0.001209
3023 0.001209
3024 0.001209
3025 0.001208
3026 0.001208
3027 0.001207
3028 0.001207
3029 0.001207
3030 0.001206
3031 0.001206
3032 0.001205
3033 0.001205
3034 0.001204
3035 0.001204
3036 0.001204
3037 0.001203
3038 0.001203
3039 0.001202
3040 0.001202
3041 0.001202
3042 0.001201
3043 0.001201
3044 0.001200
3045 0.001200
3046 0.001199
3047 0.001199
3048 0.001199
3049 0.001198
3050 0.001198
3051 0.001197
3052 0.001197
3053 0.001197
3054 0.001196
3055 0.001196
3056 0.001195
3057 0.001195
3058 0.001195
3059 0.001194
3060 0.001194
3061 0.001193
3062 0.001193
3063 0.001192
3064 0.001192
3065 0.001192
3066 0.001191
3067 0.001191
3068 0.001190
3069 0.001190
3070 0.001190
3071 0.001189
3072 0.001189
3073 0.001188
3074 0.001188
3075 0.001188
3076 0.001187
3077 0.001187
3078 0.001186
3079 0.001186
3080 0.001186
3081 0.001185
3082 0.001185
3083 0.001184
3084 0.001184
3085 0.001184
3086 0.001183
3087 0.001183
3088 0.001182
3089 0.001182
3090 0.001182
3091 0.001181
3092 0.001181
3093 0.001180
3094 0.001180
3095 0.001180
3096 0.001179
3097 0.001179
3098 0.001178
3099 0.001178
3100 0.001178
3101 0.001177
3102 0.001177
3103 0.001176
3104 0.001176
3105 0.001176
3106 0.001175
3107 0.001175
3108 0.001174
3109 0.001174
3110 0.001174
3111 0.001173
3112 0.001173
3113 0.001172
3114 0.001172
3115 0.001172
3116 0.001171
3117 0.001171
3118 0.001170
3119 0.001170
3120 0.001170
3121 0.001169
3122 0.001169
3123 0.001168
3124 0.001168
3125 0.001168
3126 0.001167
3127 0.001167
3128 0.001166
3129 0.001166
3130 0.001166
3131 0.001165
3132 0.001165
3133 0.001164
3134 0.001164
3135 0.001164
3136 0.001163
3137 0.001163
3138 0.001163
3139 0.001162
3140 0.001162
3141 0.001161
3142 0.001161
3143 0.001161
3144 0.001160
3145 0.001160
3146 0.001159
3147 0.001159
3148 0.001159
3149 0.001158
3150 0.001158
3151 0.001157
3152 0.001157
3153 0.001157
3154 0.001156
3155 0.001156
3156 0.001156
3157 0.001155
3158 0.001155
3159 0.001154
3160 0.001154
3161 0.001154
3162 0.001153
3163 0.001153
3164 0.001152
3165 0.001152
3166 0.001152
3167 0.001151
3168 0.001151
3169 0.001151
3170 0.001150
3171 0.001150
3172 0.001149
3173 0.001149
3174 0.001149
3175 0.001148
3176 0.001148
3177 0.001148
3178 0.001147
3179 0.001147
3180 0.001146
3181 0.001146
3182 0.001146
3183 0.001145
3184 0.001145
3185 0.001145
3186 0.001144
3187 0.001144
3188 0.001143
3189 0.001143
3190 0.001143
3191 0.001142
3192 0.001142
3193 0.001142
3194 0.001141
3195 0.001141
3196 0.001140
3197 0.001140
3198 0.001140
3199 0.001139
3200 0.001139
3201 0.001139
3202 0.001138
3203 0.001138
3204 0.001137
3205 0.001137
3206 0.001137
3207 0.001136
3208 0.001136
3209 0.001136
3210 0.001135
3211 0.001135
3212 0.001134
3213 0.001134
3214 0.001134
3215 0.001133
3216 0.001133
3217 0.001133
3218 0.001132
3219 0.001132
3220 0.001131
3221 0.001131
3222 0.001131
3223 0.001130
3224 0.001130
3225 0.001130
3226 0.001129
3227 0.001129
3228 0.001129
3229 0.001128
3230 0.001128
3231 0.001127
3232 0.001127
3233 0.001127
3234 0.001126
3235 0.001126
3236 0.001126
3237 0.001125
3238 0.001125
3239 0.001124
3240 0.001124
3241 0.001124
3242 0.001123
3243 0.001123
3244 0.001123
3245 0.001122
3246 0.001122
3247 0.001122
3248 0.001121
3249 0.001121
3250 0.001120
3251 0.001120
3252 0.001120
3253 0.001119
3254 0.001119
3255 0.001119
3256 0.001118
3257 0.001118
3258 0.001118
3259 0.001117
3260 0.001117
3261 0.001117
3262 0.001116
3263 0.001116
3264 0.001115
3265 0.001115
3266 0.001115
3267 0.001114
3268 0.001114
3269 0.001114
3270 0.001113
3271 0.001113
3272 0.001113
3273 0.001112
3274 0.001112
3275 0.001111
3276 0.001111
3277 0.001111
3278 0.001110
3279 0.001110
3280 0.001110
3281 0.001109
3282 0.001109
3283 0.001109
3284 0.001108
3285 0.001108
3286 0.001108
3287 0.001107
3288 0.001107
3289 0.001107
3290 0.001106
3291 0.001106
3292 0.001105
3293 0.001105
3294 0.001105
3295 0.001104
3296 0.001104
3297 0.001104
3298 0.001103
3299 0.001103
3300 0.001103
3301 0.001102
3302 0.001102
3303 0.001102
3304 0.001101
3305 0.001101
3306 0.001101
3307 0.001100
3308 0.001100
3309 0.001100
3310 0.001099
3311 0.001099
3312 0.001098
3313 0.001098
3314 0.001098
3315 0.001097
3316 0.001097
3317 0.001097
3318 0.001096
3319 0.001096
3320 0.001096
3321 0.001095
3322 0.001095
3323 0.001095
3324 0.001094
3325 0.001094
3326 0.001094
3327 0.001093
3328 0.001093
3329 0.001093
3330 0.001092
3331 0.001092
3332 0.001092
3333 0.001091
3334 0.001091
3335 0.001091
3336 0.001090
3337 0.001090
3338 0.001089
3339 0.001089
3340 0.001089
3341 0.001088
3342 0.001088
3343 0.001088
3344 0.001087
3345 0.001087
3346 0.001087
3347 0.001086
3348 0.001086
3349 0.001086
3350 0.001085
3351 0.001085
3352 0.001085
3353 0.001084
3354 0.001084
3355 0.001084
3356 0.001083
3357 0.001083
3358 0.001083
3359 0.001082
3360 0.001082
3361 0.001082
3362 0.001081
3363 0.001081
3364 0.001081
3365 0.001080
3366 0.001080
3367 0.001080
3368 0.001079
3369 0.001079
3370 0.001079
3371 0.001078
3372 0.001078
3373 0.001078
3374 0.001077
3375 0.001077
3376 0.001077
3377 0.001076
3378 0.001076
3379 0.001076
3380 0.001075
3381 0.001075
3382 0.001075
3383 0.001074
3384 0.001074
3385 0.001074
3386 0.001073
3387 0.001073
3388 0.001073
3389 0.001072
3390 0.001072
3391 0.001072
3392 0.001071
3393 0.001071
3394 0.001071
3395 0.001070
3396 0.001070
3397 0.001070
3398 0.001069
3399 0.001069
3400 0.001069
3401 0.001068
3402 0.001068
3403 0.001068
3404 0.001067
3405 0.001067
3406 0.001067
3407 0.001066
3408 0.001066
3409 0.001066
3410 0.001065
3411 0.001065
3412 0.001065
3413 0.001064
3414 0.001064
3415 0.001064
3416 0.001063
3417 0.001063
3418 0.001063
3419 0.001062
3420 0.001062
3421 0.001062
3422 0.001061
3423 0.001061
3424 0.001061
3425 0.001060
3426 0.001060
3427 0.001060
3428 0.001059
3429 0.001059
3430 0.001059
3431 0.001059
3432 0.001058
3433 0.001058
3434 0.001058
3435 0.001057
3436 0.001057
3437 0.001057
3438 0.001056
3439 0.001056
3440 0.001056
3441 0.001055
3442 0.001055
3443 0.001055
3444 0.001054
3445 0.001054
3446 0.001054
3447 0.001053
3448 0.001053
3449 0.001053
3450 0.001052
3451 0.001052
3452 0.001052
3453 0.001051
3454 0.001051
3455 0.001051
3456 0.001050
3457 0.001050
3458 0.001050
3459 0.001050
3460 0.001049
3461 0.001049
3462 0.001049
3463 0.001048
3464 0.001048
3465 0.001048
3466 0.001047
3467 0.001047
3468 0.001047
3469 0.001046
3470 0.001046
3471 0.001046
3472 0.001045
3473 0.001045
3474 0.001045
3475 0.001044
3476 0.001044
3477 0.001044
3478 0.001043
3479 0.001043
3480 0.001043
3481 0.001043
3482 0.001042
3483 0.001042
3484 0.001042
3485 0.001041
3486 0.001041
3487 0.001041
3488 0.001040
3489 0.001040
3490 0.001040
3491 0.001039
3492 0.001039
3493 0.001039
3494 0.001038
3495 0.001038
3496 0.001038
3497 0.001038
3498 0.001037
3499 0.001037
3500 0.001037
3501 0.001036
3502 0.001036
3503 0.001036
3504 0.001035
3505 0.001035
3506 0.001035
3507 0.001034
3508 0.001034
3509 0.001034
3510 0.001034
3511 0.001033
3512 0.001033
3513 0.001033
3514 0.001032
3515 0.001032
3516 0.001032
3517 0.001031
3518 0.001031
3519 0.001031
3520 0.001030
3521 0.001030
3522 0.001030
3523 0.001030
3524 0.001029
3525 0.001029
3526 0.001029
3527 0.001028
3528 0.001028
3529 0.001028
3530 0.001027
3531 0.001027
3532 0.001027
3533 0.001026
3534 0.001026
3535 0.001026
3536 0.001026
3537 0.001025
3538 0.001025
3539 0.001025
3540 0.001024
3541 0.001024
3542 0.001024
3543 0.001023
3544 0.001023
3545 0.001023
3546 0.001023
3547 0.001022
3548 0.001022
3549 0.001022
3550 0.001021
3551 0.001021
3552 0.001021
3553 0.001020
3554 0.001020
3555 0.001020
3556 0.001019
3557 0.001019
3558 0.001019
3559 0.001019
3560 0.001018
3561 0.001018
3562 0.001018
3563 0.001017
3564 0.001017
3565 0.001017
3566 0.001016
3567 0.001016
3568 0.001016
3569 0.001016
3570 0.001015
3571 0.001015
3572 0.001015
3573 0.001014
3574 0.001014
3575 0.001014
3576 0.001014
3577 0.001013
3578 0.001013
3579 0.001013
3580 0.001012
3581 0.001012
3582 0.001012
3583 0.001011
3584 0.001011
3585 0.001011
3586 0.001011
3587 0.001010
3588 0.001010
3589 0.001010
3590 0.001009
3591 0.001009
3592 0.001009
3593 0.001008
3594 0.001008
3595 0.001008
3596 0.001008
3597 0.001007
3598 0.001007
3599 0.001007
3600 0.001006
3601 0.001006
3602 0.001006
3603 0.001006
3604 0.001005
3605 0.001005
3606 0.001005
3607 0.001004
3608 0.001004
3609 0.001004
3610 0.001004
3611 0.001003
3612 0.001003
3613 0.001003
3614 0.001002
3615 0.001002
3616 0.001002
3617 0.001001
3618 0.001001
3619 0.001001
3620 0.001001
3621 0.001000
3622 0.001000
3623 0.001000
3624 0.000999
3625 0.000999
3626 0.000999
3627 0.000999
3628 0.000998
3629 0.000998
3630 0.000998
3631 0.000997
3632 0.000997
3633 0.000997
3634 0.000997
3635 0.000996
3636 0.000996
3637 0.000996
3638 0.000995
3639 0.000995
3640 0.000995
3641 0.000995
3642 0.000994
3643 0.000994
3644 0.000994
3645 0.000993
3646 0.000993
3647 0.000993
3648 0.000993
3649 0.000992
3650 0.000992
3651 0.000992
3652 0.000991
3653 0.000991
3654 0.000991
3655 0.000991
3656 0.000990
3657 0.000990
3658 0.000990
3659 0.000989
3660 0.000989
3661 0.000989
3662 0.000989
3663 0.000988
3664 0.000988
3665 0.000988
3666 0.000987
3667 0.000987
3668 0.000987
3669 0.000987
3670 0.000986
3671 0.000986
3672 0.000986
3673 0.000985
3674 0.000985
3675 0.000985
3676 0.000985
3677 0.000984
3678 0.000984
3679 0.000984
3680 0.000983
3681 0.000983
3682 0.000983
3683 0.000983
3684 0.000982
3685 0.000982
3686 0.000982
3687 0.000982
3688 0.000981
3689 0.000981
3690 0.000981
3691 0.000980
3692 0.000980
3693 0.000980
3694 0.000980
3695 0.000979
3696 0.000979
3697 0.000979
3698 0.000978
3699 0.000978
3700 0.000978
3701 0.000978
3702 0.000977
3703 0.000977
3704 0.000977
3705 0.000977
3706 0.000976
3707 0.000976
3708 0.000976
3709 0.000975
3710 0.000975
3711 0.000975
3712 0.000975
3713 0.000974
3714 0.000974
3715 0.000974
3716 0.000974
3717 0.000973
3718 0.000973
3719 0.000973
3720 0.000972
3721 0.000972
3722 0.000972
3723 0.000972
3724 0.000971
3725 0.000971
3726 0.000971
3727 0.000970
3728 0.000970
3729 0.000970
3730 0.000970
3731 0.000969
3732 0.000969
3733 0.000969
3734 0.000969
3735 0.000968
3736 0.000968
3737 0.000968
3738 0.000968
3739 0.000967
3740 0.000967
3741 0.000967
3742 0.000966
3743 0.000966
3744 0.000966
3745 0.000966
3746 0.000965
3747 0.000965
3748 0.000965
3749 0.000965
3750 0.000964
3751 0.000964
3752 0.000964
3753 0.000963
3754 0.000963
3755 0.000963
3756 0.000963
3757 0.000962
3758 0.000962
3759 0.000962
3760 0.000962
3761 0.000961
3762 0.000961
3763 0.000961
3764 0.000960
3765 0.000960
3766 0.000960
3767 0.000960
3768 0.000959
3769 0.000959
3770 0.000959
3771 0.000959
3772 0.000958
3773 0.000958
3774 0.000958
3775 0.000958
3776 0.000957
3777 0.000957
3778 0.000957
3779 0.000957
3780 0.000956
3781 0.000956
3782 0.000956
3783 0.000955
3784 0.000955
3785 0.000955
3786 0.000955
3787 0.000954
3788 0.000954
3789 0.000954
3790 0.000954
3791 0.000953
3792 0.000953
3793 0.000953
3794 0.000953
3795 0.000952
3796 0.000952
3797 0.000952
3798 0.000951
3799 0.000951
3800 0.000951
3801 0.000951
3802 0.000950
3803 0.000950
3804 0.000950
3805 0.000950
3806 0.000949
3807 0.000949
3808 0.000949
3809 0.000949
3810 0.000948
3811 0.000948
3812 0.000948
3813 0.000948
3814 0.000947
3815 0.000947
3816 0.000947
3817 0.000947
3818 0.000946
3819 0.000946
3820 0.000946
3821 0.000945
3822 0.000945
3823 0.000945
3824 0.000945
3825 0.000944
3826 0.000944
3827 0.000944
3828 0.000944
3829 0.000943
3830 0.000943
3831 0.000943
3832 0.000943
3833 0.000942
3834 0.000942
3835 0.000942
3836 0.000942
3837 0.000941
3838 0.000941
3839 0.000941
3840 0.000941
3841 0.000940
3842 0.000940
3843 0.000940
3844 0.000940
3845 0.000939
3846 0.000939
3847 0.000939
3848 0.000939
3849 0.000938
3850 0.000938
3851 0.000938
3852 0.000938
3853 0.000937
3854 0.000937
3855 0.000937
3856 0.000936
3857 0.000936
3858 0.000936
3859 0.000936
3860 0.000935
3861 0.000935
3862 0.000935
3863 0.000935
3864 0.000934
3865 0.000934
3866 0.000934
3867 0.000934
3868 0.000933
3869 0.000933
3870 0.000933
3871 0.000933
3872 0.000932
3873 0.000932
3874 0.000932
3875 0.000932
3876 0.000931
3877 0.000931
3878 0.000931
3879 0.000931
3880 0.000930
3881 0.000930
3882 0.000930
3883 0.000930
3884 0.000929
3885 0.000929
3886 0.000929
3887 0.000929
3888 0.000928
3889 0.000928
3890 0.000928
3891 0.000928
3892 0.000927
3893 0.000927
3894 0.000927
3895 0.000927
3896 0.000926
3897 0.000926
3898 0.000926
3899 0.000926
3900 0.000925
3901 0.000925
3902 0.000925
3903 0.000925
3904 0.000924
3905 0.000924
3906 0.000924
3907 0.000924
3908 0.000923
3909 0.000923
3910 0.000923
3911 0.000923
3912 0.000922
3913 0.000922
3914 0.000922
3915 0.000922
3916 0.000921
3917 0.000921
3918 0.000921
3919 0.000921
3920 0.000920
3921 0.000920
3922 0.000920
3923 0.000920
3924 0.000920
3925 0.000919
3926 0.000919
3927 0.000919
3928 0.000919
3929 0.000918
3930 0.000918
3931 0.000918
3932 0.000918
3933 0.000917
3934 0.000917
3935 0.000917
3936 0.000917
3937 0.000916
3938 0.000916
3939 0.000916
3940 0.000916
3941 0.000915
3942 0.000915
3943 0.000915
3944 0.000915
3945 0.000914
3946 0.000914
3947 0.000914
3948 0.000914
3949 0.000913
3950 0.000913
3951 0.000913
3952 0.000913
3953 0.000912
3954 0.000912
3955 0.000912
3956 0.000912
3957 0.000911
3958 0.000911
3959 0.000911
3960 0.000911
3961 0.000911
3962 0.000910
3963 0.000910
3964 0.000910
3965 0.000910
3966 0.000909
3967 0.000909
3968 0.000909
3969 0.000909
3970 0.000908
3971 0.000908
3972 0.000908
3973 0.000908
3974 0.000907
3975 0.000907
3976 0.000907
3977 0.000907
3978 0.000906
3979 0.000906
3980 0.000906
3981 0.000906
3982 0.000905
3983 0.000905
3984 0.000905
3985 0.000905
3986 0.000905
3987 0.000904
3988 0.000904
3989 0.000904
3990 0.000904
3991 0.000903
3992 0.000903
3993 0.000903
3994 0.000903
3995 0.000902
3996 0.000902
3997 0.000902
3998 0.000902
3999 0.000901
4000 0.000901
4001 0.000901
4002 0.000901
4003 0.000901
4004 0.000900
4005 0.000900
4006 0.000900
4007 0.000900
4008 0.000899
4009 0.000899
4010 0.000899
4011 0.000899
4012 0.000898
4013 0.000898
4014 0.000898
4015 0.000898
4016 0.000897
4017 0.000897
4018 0.000897
4019 0.000897
4020 0.000897
4021 0.000896
4022 0.000896
4023 0.000896
4024 0.000896
4025 0.000895
4026 0.000895
4027 0.000895
4028 0.000895
4029 0.000894
4030 0.000894
4031 0.000894
4032 0.000894
4033 0.000893
4034 0.000893
4035 0.000893
4036 0.000893
4037 0.000893
4038 0.000892
4039 0.000892
4040 0.000892
4041 0.000892
4042 0.000891
4043 0.000891
4044 0.000891
4045 0.000891
4046 0.000890
4047 0.000890
4048 0.000890
4049 0.000890
4050 0.000890
4051 0.000889
4052 0.000889
4053 0.000889
4054 0.000889
4055 0.000888
4056 0.000888
4057 0.000888
4058 0.000888
4059 0.000887
4060 0.000887
4061 0.000887
4062 0.000887
4063 0.000887
4064 0.000886
4065 0.000886
4066 0.000886
4067 0.000886
4068 0.000885
4069 0.000885
4070 0.000885
4071 0.000885
4072 0.000885
4073 0.000884
4074 0.000884
4075 0.000884
4076 0.000884
4077 0.000883
4078 0.000883
4079 0.000883
4080 0.000883
4081 0.000882
4082 0.000882
4083 0.000882
4084 0.000882
4085 0.000882
4086 0.000881
4087 0.000881
4088 0.000881
4089 0.000881
4090 0.000880
4091 0.000880
4092 0.000880
4093 0.000880
4094 0.000880
4095 0.000879
4096 0.000879
4097 0.000879
4098 0.000879
4099 0.000878
4100 0.000878
4101 0.000878
4102 0.000878
4103 0.000878
4104 0.000877
4105 0.000877
4106 0.000877
4107 0.000877
4108 0.000876
4109 0.000876
4110 0.000876
4111 0.000876
4112 0.000876
4113 0.000875
4114 0.000875
4115 0.000875
4116 0.000875
4117 0.000874
4118 0.000874
4119 0.000874
4120 0.000874
4121 0.000874
4122 0.000873
4123 0.000873
4124 0.000873
4125 0.000873
4126 0.000872
4127 0.000872
4128 0.000872
4129 0.000872
4130 0.000872
4131 0.000871
4132 0.000871
4133 0.000871
4134 0.000871
4135 0.000870
4136 0.000870
4137 0.000870
4138 0.000870
4139 0.000870
4140 0.000869
4141 0.000869
4142 0.000869
4143 0.000869
4144 0.000868
4145 0.000868
4146 0.000868
4147 0.000868
4148 0.000868
4149 0.000867
4150 0.000867
4151 0.000867
4152 0.000867
4153 0.000866
4154 0.000866
4155 0.000866
4156 0.000866
4157 0.000866
4158 0.000865
4159 0.000865
4160 0.000865
4161 0.000865
4162 0.000865
4163 0.000864
4164 0.000864
4165 0.000864
4166 0.000864
4167 0.000863
4168 0.000863
4169 0.000863
4170 0.000863
4171 0.000863
4172 0.000862
4173 0.000862
4174 0.000862
4175 0.000862
4176 0.000861
4177 0.000861
4178 0.000861
4179 0.000861
4180 0.000861
4181 0.000860
4182 0.000860
4183 0.000860
4184 0.000860
4185 0.000860
4186 0.000859
4187 0.000859
4188 0.000859
4189 0.000859
4190 0.000858
4191 0.000858
4192 0.000858
4193 0.000858
4194 0.000858
4195 0.000857
4196 0.000857
4197 0.000857
4198 0.000857
4199 0.000857
4200 0.000856
4201 0.000856
4202 0.000856
4203 0.000856
4204 0.000855
4205 0.000855
4206 0.000855
4207 0.000855
4208 0.000855
4209 0.000854
4210 0.000854
4211 0.000854
4212 0.000854
4213 0.000854
4214 0.000853
4215 0.000853
4216 0.000853
4217 0.000853
4218 0.000853
4219 0.000852
4220 0.000852
4221 0.000852
4222 0.000852
4223 0.000851
4224 0.000851
4225 0.000851
4226 0.000851
4227 0.000851
4228 0.000850
4229 0.000850
4230 0.000850
4231 0.000850
4232 0.000850
4233 0.000849
4234 0.000849
4235 0.000849
4236 0.000849
4237 0.000849
4238 0.000848
4239 0.000848
4240 0.000848
4241 0.000848
4242 0.000847
4243 0.000847
4244 0.000847
4245 0.000847
4246 0.000847
4247 0.000846
4248 0.000846
4249 0.000846
4250 0.000846
4251 0.000846
4252 0.000845
4253 0.000845
4254 0.000845
4255 0.000845
4256 0.000845
4257 0.000844
4258 0.000844
4259 0.000844
4260 0.000844
4261 0.000844
4262 0.000843
4263 0.000843
4264 0.000843
4265 0.000843
4266 0.000842
4267 0.000842
4268 0.000842
4269 0.000842
4270 0.000842
4271 0.000841
4272 0.000841
4273 0.000841
4274 0.000841
4275 0.000841
4276 0.000840
4277 0.000840
4278 0.000840
4279 0.000840
4280 0.000840
4281 0.000839
4282 0.000839
4283 0.000839
4284 0.000839
4285 0.000839
4286 0.000838
4287 0.000838
4288 0.000838
4289 0.000838
4290 0.000838
4291 0.000837
4292 0.000837
4293 0.000837
4294 0.000837
4295 0.000837
4296 0.000836
4297 0.000836
4298 0.000836
4299 0.000836
4300 0.000836
4301 0.000835
4302 0.000835
4303 0.000835
4304 0.000835
4305 0.000834
4306 0.000834
4307 0.000834
4308 0.000834
4309 0.000834
4310 0.000833
4311 0.000833
4312 0.000833
4313 0.000833
4314 0.000833
4315 0.000832
4316 0.000832
4317 0.000832
4318 0.000832
4319 0.000832
4320 0.000831
4321 0.000831
4322 0.000831
4323 0.000831
4324 0.000831
4325 0.000830
4326 0.000830
4327 0.000830
4328 0.000830
4329 0.000830
4330 0.000829
4331 0.000829
4332 0.000829
4333 0.000829
4334 0.000829
4335 0.000828
4336 0.000828
4337 0.000828
4338 0.000828
4339 0.000828
4340 0.000827
4341 0.000827
4342 0.000827
4343 0.000827
4344 0.000827
4345 0.000826
4346 0.000826
4347 0.000826
4348 0.000826
4349 0.000826
4350 0.000825
4351 0.000825
4352 0.000825
4353 0.000825
4354 0.000825
4355 0.000824
4356 0.000824
4357 0.000824
4358 0.000824
4359 0.000824
4360 0.000823
4361 0.000823
4362 0.000823
4363 0.000823
4364 0.000823
4365 0.000822
4366 0.000822
4367 0.000822
4368 0.000822
4369 0.000822
4370 0.000822
4371 0.000821
4372 0.000821
4373 0.000821
4374 0.000821
4375 0.000821
4376 0.000820
4377 0.000820
4378 0.000820
4379 0.000820
4380 0.000820
4381 0.000819
4382 0.000819
4383 0.000819
4384 0.000819
4385 0.000819
4386 0.000818
4387 0.000818
4388 0.000818
4389 0.000818
4390 0.000818
4391 0.000817
4392 0.000817
4393 0.000817
4394 0.000817
4395 0.000817
4396 0.000816
4397 0.000816
4398 0.000816
4399 0.000816
4400 0.000816
4401 0.000815
4402 0.000815
4403 0.000815
4404 0.000815
4405 0.000815
4406 0.000814
4407 0.000814
4408 0.000814
4409 0.000814
4410 0.000814
4411 0.000814
4412 0.000813
4413 0.000813
4414 0.000813
4415 0.000813
4416 0.000813
4417 0.000812
4418 0.000812
4419 0.000812
4420 0.000812
4421 0.000812
4422 0.000811
4423 0.000811
4424 0.000811
4425 0.000811
4426 0.000811
4427 0.000810
4428 0.000810
4429 0.000810
4430 0.000810
4431 0.000810
4432 0.000809
4433 0.000809
4434 0.000809
4435 0.000809
4436 0.000809
4437 0.000809
4438 0.000808
4439 0.000808
4440 0.000808
4441 0.000808
4442 0.000808
4443 0.000807
4444 0.000807
4445 0.000807
4446 0.000807
4447 0.000807
4448 0.000806
4449 0.000806
4450 0.000806
4451 0.000806
4452 0.000806
4453 0.000805
4454 0.000805
4455 0.000805
4456 0.000805
4457 0.000805
4458 0.000805
4459 0.000804
4460 0.000804
4461 0.000804
4462 0.000804
4463 0.000804
4464 0.000803
4465 0.000803
4466 0.000803
4467 0.000803
4468 0.000803
4469 0.000802
4470 0.000802
4471 0.000802
4472 0.000802
4473 0.000802
4474 0.000802
4475 0.000801
4476 0.000801
4477 0.000801
4478 0.000801
4479 0.000801
4480 0.000800
4481 0.000800
4482 0.000800
4483 0.000800
4484 0.000800
4485 0.000799
4486 0.000799
4487 0.000799
4488 0.000799
4489 0.000799
4490 0.000799
4491 0.000798
4492 0.000798
4493 0.000798
4494 0.000798
4495 0.000798
4496 0.000797
4497 0.000797
4498 0.000797
4499 0.000797
4500 0.000797
4501 0.000797
4502 0.000796
4503 0.000796
4504 0.000796
4505 0.000796
4506 0.000796
4507 0.000795
4508 0.000795
4509 0.000795
4510 0.000795
4511 0.000795
4512 0.000794
4513 0.000794
4514 0.000794
4515 0.000794
4516 0.000794
4517 0.000794
4518 0.000793
4519 0.000793
4520 0.000793
4521 0.000793
4522 0.000793
4523 0.000792
4524 0.000792
4525 0.000792
4526 0.000792
4527 0.000792
4528 0.000792
4529 0.000791
4530 0.000791
4531 0.000791
4532 0.000791
4533 0.000791
4534 0.000790
4535 0.000790
4536 0.000790
4537 0.000790
4538 0.000790
4539 0.000790
4540 0.000789
4541 0.000789
4542 0.000789
4543 0.000789
4544 0.000789
4545 0.000788
4546 0.000788
4547 0.000788
4548 0.000788
4549 0.000788
4550 0.000788
4551 0.000787
4552 0.000787
4553 0.000787
4554 0.000787
4555 0.000787
4556 0.000786
4557 0.000786
4558 0.000786
4559 0.000786
4560 0.000786
4561 0.000786
4562 0.000785
4563 0.000785
4564 0.000785
4565 0.000785
4566 0.000785
4567 0.000784
4568 0.000784
4569 0.000784
4570 0.000784
4571 0.000784
4572 0.000784
4573 0.000783
4574 0.000783
4575 0.000783
4576 0.000783
4577 0.000783
4578 0.000783
4579 0.000782
4580 0.000782
4581 0.000782
4582 0.000782
4583 0.000782
4584 0.000781
4585 0.000781
4586 0.000781
4587 0.000781
4588 0.000781
4589 0.000781
4590 0.000780
4591 0.000780
4592 0.000780
4593 0.000780
4594 0.000780
4595 0.000779
4596 0.000779
4597 0.000779
4598 0.000779
4599 0.000779
4600 0.000779
4601 0.000778
4602 0.000778
4603 0.000778
4604 0.000778
4605 0.000778
4606 0.000778
4607 0.000777
4608 0.000777
4609 0.000777
4610 0.000777
4611 0.000777
4612 0.000776
4613 0.000776
4614 0.000776
4615 0.000776
4616 0.000776
4617 0.000776
4618 0.000775
4619 0.000775
4620 0.000775
4621 0.000775
4622 0.000775
4623 0.000775
4624 0.000774
4625 0.000774
4626 0.000774
4627 0.000774
4628 0.000774
4629 0.000774
4630 0.000773
4631 0.000773
4632 0.000773
4633 0.000773
4634 0.000773
4635 0.000772
4636 0.000772
4637 0.000772
4638 0.000772
4639 0.000772
4640 0.000772
4641 0.000771
4642 0.000771
4643 0.000771
4644 0.000771
4645 0.000771
4646 0.000771
4647 0.000770
4648 0.000770
4649 0.000770
4650 0.000770
4651 0.000770
4652 0.000770
4653 0.000769
4654 0.000769
4655 0.000769
4656 0.000769
4657 0.000769
4658 0.000768
4659 0.000768
4660 0.000768
4661 0.000768
4662 0.000768
4663 0.000768
4664 0.000767
4665 0.000767
4666 0.000767
4667 0.000767
4668 0.000767
4669 0.000767
4670 0.000766
4671 0.000766
4672 0.000766
4673 0.000766
4674 0.000766
4675 0.000766
4676 0.000765
4677 0.000765
4678 0.000765
4679 0.000765
4680 0.000765
4681 0.000765
4682 0.000764
4683 0.000764
4684 0.000764
4685 0.000764
4686 0.000764
4687 0.000763
4688 0.000763
4689 0.000763
4690 0.000763
4691 0.000763
4692 0.000763
4693 0.000762
4694 0.000762
4695 0.000762
4696 0.000762
4697 0.000762
4698 0.000762
4699 0.000761
4700 0.000761
4701 0.000761
4702 0.000761
4703 0.000761
4704 0.000761
4705 0.000760
4706 0.000760
4707 0.000760
4708 0.000760
4709 0.000760
4710 0.000760
4711 0.000759
4712 0.000759
4713 0.000759
4714 0.000759
4715 0.000759
4716 0.000759
4717 0.000758
4718 0.000758
4719 0.000758
4720 0.000758
4721 0.000758
4722 0.000758
4723 0.000757
4724 0.000757
4725 0.000757
4726 0.000757
4727 0.000757
4728 0.000757
4729 0.000756
4730 0.000756
4731 0.000756
4732 0.000756
4733 0.000756
4734 0.000756
4735 0.000755
4736 0.000755
4737 0.000755
4738 0.000755
4739 0.000755
4740 0.000755
4741 0.000754
4742 0.000754
4743 0.000754
4744 0.000754
4745 0.000754
4746 0.000754
4747 0.000753
4748 0.000753
4749 0.000753
4750 0.000753
4751 0.000753
4752 0.000753
4753 0.000752
4754 0.000752
4755 0.000752
4756 0.000752
4757 0.000752
4758 0.000752
4759 0.000751
4760 0.000751
4761 0.000751
4762 0.000751
4763 0.000751
4764 0.000751
4765 0.000750
4766 0.000750
4767 0.000750
4768 0.000750
4769 0.000750
4770 0.000750
4771 0.000749
4772 0.000749
4773 0.000749
4774 0.000749
4775 0.000749
4776 0.000749
4777 0.000748
4778 0.000748
4779 0.000748
4780 0.000748
4781 0.000748
4782 0.000748
4783 0.000747
4784 0.000747
4785 0.000747
4786 0.000747
4787 0.000747
4788 0.000747
4789 0.000747
4790 0.000746
4791 0.000746
4792 0.000746
4793 0.000746
4794 0.000746
4795 0.000746
4796 0.000745
4797 0.000745
4798 0.000745
4799 0.000745
4800 0.000745
4801 0.000745
4802 0.000744
4803 0.000744
4804 0.000744
4805 0.000744
4806 0.000744
4807 0.000744
4808 0.000743
4809 0.000743
4810 0.000743
4811 0.000743
4812 0.000743
4813 0.000743
4814 0.000742
4815 0.000742
4816 0.000742
4817 0.000742
4818 0.000742
4819 0.000742
4820 0.000741
4821 0.000741
4822 0.000741
4823 0.000741
4824 0.000741
4825 0.000741
4826 0.000741
4827 0.000740
4828 0.000740
4829 0.000740
4830 0.000740
4831 0.000740
4832 0.000740
4833 0.000739
4834 0.000739
4835 0.000739
4836 0.000739
4837 0.000739
4838 0.000739
4839 0.000738
4840 0.000738
4841 0.000738
4842 0.000738
4843 0.000738
4844 0.000738
4845 0.000738
4846 0.000737
4847 0.000737
4848 0.000737
4849 0.000737
4850 0.000737
4851 0.000737
4852 0.000736
4853 0.000736
4854 0.000736
4855 0.000736
4856 0.000736
4857 0.000736
4858 0.000735
4859 0.000735
4860 0.000735
4861 0.000735
4862 0.000735
4863 0.000735
4864 0.000734
4865 0.000734
4866 0.000734
4867 0.000734
4868 0.000734
4869 0.000734
4870 0.000734
4871 0.000733
4872 0.000733
4873 0.000733
4874 0.000733
4875 0.000733
4876 0.000733
4877 0.000732
4878 0.000732
4879 0.000732
4880 0.000732
4881 0.000732
4882 0.000732
4883 0.000732
4884 0.000731
4885 0.000731
4886 0.000731
4887 0.000731
4888 0.000731
4889 0.000731
4890 0.000730
4891 0.000730
4892 0.000730
4893 0.000730
4894 0.000730
4895 0.000730
4896 0.000729
4897 0.000729
4898 0.000729
4899 0.000729
4900 0.000729
4901 0.000729
4902 0.000729
4903 0.000728
4904 0.000728
4905 0.000728
4906 0.000728
4907 0.000728
4908 0.000728
4909 0.000727
4910 0.000727
4911 0.000727
4912 0.000727
4913 0.000727
4914 0.000727
4915 0.000727
4916 0.000726
4917 0.000726
4918 0.000726
4919 0.000726
4920 0.000726
4921 0.000726
4922 0.000725
4923 0.000725
4924 0.000725
4925 0.000725
4926 0.000725
4927 0.000725
4928 0.000725
4929 0.000724
4930 0.000724
4931 0.000724
4932 0.000724
4933 0.000724
4934 0.000724
4935 0.000723
4936 0.000723
4937 0.000723
4938 0.000723
4939 0.000723
4940 0.000723
4941 0.000723
4942 0.000722
4943 0.000722
4944 0.000722
4945 0.000722
4946 0.000722
4947 0.000722
4948 0.000721
4949 0.000721
4950 0.000721
4951 0.000721
4952 0.000721
4953 0.000721
4954 0.000721
4955 0.000720
4956 0.000720
4957 0.000720
4958 0.000720
4959 0.000720
4960 0.000720
4961 0.000719
4962 0.000719
4963 0.000719
4964 0.000719
4965 0.000719
4966 0.000719
4967 0.000719
4968 0.000718
4969 0.000718
4970 0.000718
4971 0.000718
4972 0.000718
4973 0.000718
4974 0.000718
4975 0.000717
4976 0.000717
4977 0.000717
4978 0.000717
4979 0.000717
4980 0.000717
4981 0.000716
4982 0.000716
4983 0.000716
4984 0.000716
4985 0.000716
4986 0.000716
4987 0.000716
4988 0.000715
4989 0.000715
4990 0.000715
4991 0.000715
4992 0.000715
4993 0.000715
4994 0.000715
4995 0.000714
4996 0.000714
4997 0.000714
4998 0.000714
4999 0.000714
5000 0.000714
5001 0.000713
5002 0.000713
5003 0.000713
5004 0.000713
5005 0.000713
5006 0.000713
5007 0.000713
5008 0.000712
5009 0.000712
5010 0.000712
5011 0.000712
5012 0.000712
5013 0.000712
5014 0.000712
5015 0.000711
5016 0.000711
5017 0.000711
5018 0.000711
5019 0.000711
5020 0.000711
5021 0.000711
5022 0.000710
5023 0.000710
5024 0.000710
5025 0.000710
5026 0.000710
5027 0.000710
5028 0.000709
5029 0.000709
5030 0.000709
5031 0.000709
5032 0.000709
5033 0.000709
5034 0.000709
5035 0.000708
5036 0.000708
5037 0.000708
5038 0.000708
5039 0.000708
5040 0.000708
5041 0.000708
5042 0.000707
5043 0.000707
5044 0.000707
5045 0.000707
5046 0.000707
5047 0.000707
5048 0.000707
5049 0.000706
5050 0.000706
5051 0.000706
5052 0.000706
5053 0.000706
5054 0.000706
5055 0.000706
5056 0.000705
5057 0.000705
5058 0.000705
5059 0.000705
5060 0.000705
5061 0.000705
5062 0.000705
5063 0.000704
5064 0.000704
5065 0.000704
5066 0.000704
5067 0.000704
5068 0.000704
5069 0.000703
5070 0.000703
5071 0.000703
5072 0.000703
5073 0.000703
5074 0.000703
5075 0.000703
5076 0.000702
5077 0.000702
5078 0.000702
5079 0.000702
5080 0.000702
5081 0.000702
5082 0.000702
5083 0.000701
5084 0.000701
5085 0.000701
5086 0.000701
5087 0.000701
5088 0.000701
5089 0.000701
5090 0.000700
5091 0.000700
5092 0.000700
5093 0.000700
5094 0.000700
5095 0.000700
5096 0.000700
5097 0.000699
5098 0.000699
5099 0.000699
5100 0.000699
5101 0.000699
5102 0.000699
5103 0.000699
5104 0.000698
5105 0.000698
5106 0.000698
5107 0.000698
5108 0.000698
5109 0.000698
5110 0.000698
5111 0.000697
5112 0.000697
5113 0.000697
5114 0.000697
5115 0.000697
5116 0.000697
5117 0.000697
5118 0.000696
5119 0.000696
5120 0.000696
5121 0.000696
5122 0.000696
5123 0.000696
5124 0.000696
5125 0.000695
5126 0.000695
5127 0.000695
5128 0.000695
5129 0.000695
5130 0.000695
5131 0.000695
5132 0.000694
5133 0.000694
5134 0.000694
5135 0.000694
5136 0.000694
5137 0.000694
5138 0.000694
5139 0.000693
5140 0.000693
5141 0.000693
5142 0.000693
5143 0.000693
5144 0.000693
5145 0.000693
5146 0.000693
5147 0.000692
5148 0.000692
5149 0.000692
5150 0.000692
5151 0.000692
5152 0.000692
5153 0.000692
5154 0.000691
5155 0.000691
5156 0.000691
5157 0.000691
5158 0.000691
5159 0.000691
5160 0.000691
5161 0.000690
5162 0.000690
5163 0.000690
5164 0.000690
5165 0.000690
5166 0.000690
5167 0.000690
5168 0.000689
5169 0.000689
5170 0.000689
5171 0.000689
5172 0.000689
5173 0.000689
5174 0.000689
5175 0.000688
5176 0.000688
5177 0.000688
5178 0.000688
5179 0.000688
5180 0.000688
5181 0.000688
5182 0.000687
5183 0.000687
5184 0.000687
5185 0.000687
5186 0.000687
5187 0.000687
5188 0.000687
5189 0.000687
5190 0.000686
5191 0.000686
5192 0.000686
5193 0.000686
5194 0.000686
5195 0.000686
5196 0.000686
5197 0.000685
5198 0.000685
5199 0.000685
5200 0.000685
5201 0.000685
5202 0.000685
5203 0.000685
5204 0.000684
5205 0.000684
5206 0.000684
5207 0.000684
5208 0.000684
5209 0.000684
5210 0.000684
5211 0.000683
5212 0.000683
5213 0.000683
5214 0.000683
5215 0.000683
5216 0.000683
5217 0.000683
5218 0.000683
5219 0.000682
5220 0.000682
5221 0.000682
5222 0.000682
5223 0.000682
5224 0.000682
5225 0.000682
5226 0.000681
5227 0.000681
5228 0.000681
5229 0.000681
5230 0.000681
5231 0.000681
5232 0.000681
5233 0.000680
5234 0.000680
5235 0.000680
5236 0.000680
5237 0.000680
5238 0.000680
5239 0.000680
5240 0.000680
5241 0.000679
5242 0.000679
5243 0.000679
5244 0.000679
5245 0.000679
5246 0.000679
5247 0.000679
5248 0.000678
5249 0.000678
5250 0.000678
5251 0.000678
5252 0.000678
5253 0.000678
5254 0.000678
5255 0.000678
5256 0.000677
5257 0.000677
5258 0.000677
5259 0.000677
5260 0.000677
5261 0.000677
5262 0.000677
5263 0.000676
5264 0.000676
5265 0.000676
5266 0.000676
5267 0.000676
5268 0.000676
5269 0.000676
5270 0.000676
5271 0.000675
5272 0.000675
5273 0.000675
5274 0.000675
5275 0.000675
5276 0.000675
5277 0.000675
5278 0.000674
5279 0.000674
5280 0.000674
5281 0.000674
5282 0.000674
5283 0.000674
5284 0.000674
5285 0.000674
5286 0.000673
5287 0.000673
5288 0.000673
5289 0.000673
5290 0.000673
5291 0.000673
5292 0.000673
5293 0.000672
5294 0.000672
5295 0.000672
5296 0.000672
5297 0.000672
5298 0.000672
5299 0.000672
5300 0.000672
5301 0.000671
5302 0.000671
5303 0.000671
5304 0.000671
5305 0.000671
5306 0.000671
5307 0.000671
5308 0.000670
5309 0.000670
5310 0.000670
5311 0.000670
5312 0.000670
5313 0.000670
5314 0.000670
5315 0.000670
5316 0.000669
5317 0.000669
5318 0.000669
5319 0.000669
5320 0.000669
5321 0.000669
5322 0.000669
5323 0.000668
5324 0.000668
5325 0.000668
5326 0.000668
5327 0.000668
5328 0.000668
5329 0.000668
5330 0.000668
5331 0.000667
5332 0.000667
5333 0.000667
5334 0.000667
5335 0.000667
5336 0.000667
5337 0.000667
5338 0.000667
5339 0.000666
5340 0.000666
5341 0.000666
5342 0.000666
5343 0.000666
5344 0.000666
5345 0.000666
5346 0.000665
5347 0.000665
5348 0.000665
5349 0.000665
5350 0.000665
5351 0.000665
5352 0.000665
5353 0.000665
5354 0.000664
5355 0.000664
5356 0.000664
5357 0.000664
5358 0.000664
5359 0.000664
5360 0.000664
5361 0.000664
5362 0.000663
5363 0.000663
5364 0.000663
5365 0.000663
5366 0.000663
5367 0.000663
5368 0.000663
5369 0.000663
5370 0.000662
5371 0.000662
5372 0.000662
5373 0.000662
5374 0.000662
5375 0.000662
5376 0.000662
5377 0.000661
5378 0.000661
5379 0.000661
5380 0.000661
5381 0.000661
5382 0.000661
5383 0.000661
5384 0.000661
5385 0.000660
5386 0.000660
5387 0.000660
5388 0.000660
5389 0.000660
5390 0.000660
5391 0.000660
5392 0.000660
5393 0.000659
5394 0.000659
5395 0.000659
5396 0.000659
5397 0.000659
5398 0.000659
5399 0.000659
5400 0.000659
5401 0.000658
5402 0.000658
5403 0.000658
5404 0.000658
5405 0.000658
5406 0.000658
5407 0.000658
5408 0.000658
5409 0.000657
5410 0.000657
5411 0.000657
5412 0.000657
5413 0.000657
5414 0.000657
5415 0.000657
5416 0.000657
5417 0.000656
5418 0.000656
5419 0.000656
5420 0.000656
5421 0.000656
5422 0.000656
5423 0.000656
5424 0.000656
5425 0.000655
5426 0.000655
5427 0.000655
5428 0.000655
5429 0.000655
5430 0.000655
5431 0.000655
5432 0.000655
5433 0.000654
5434 0.000654
5435 0.000654
5436 0.000654
5437 0.000654
5438 0.000654
5439 0.000654
5440 0.000653
5441 0.000653
5442 0.000653
5443 0.000653
5444 0.000653
5445 0.000653
5446 0.000653
5447 0.000653
5448 0.000652
5449 0.000652
5450 0.000652
5451 0.000652
5452 0.000652
5453 0.000652
5454 0.000652
5455 0.000652
5456 0.000651
5457 0.000651
5458 0.000651
5459 0.000651
5460 0.000651
5461 0.000651
5462 0.000651
5463 0.000651
5464 0.000651
5465 0.000650
5466 0.000650
5467 0.000650
5468 0.000650
5469 0.000650
5470 0.000650
5471 0.000650
5472 0.000650
5473 0.000649
5474 0.000649
5475 0.000649
5476 0.000649
5477 0.000649
5478 0.000649
5479 0.000649
5480 0.000649
5481 0.000648
5482 0.000648
5483 0.000648
5484 0.000648
5485 0.000648
5486 0.000648
5487 0.000648
5488 0.000648
5489 0.000647
5490 0.000647
5491 0.000647
5492 0.000647
5493 0.000647
5494 0.000647
5495 0.000647
5496 0.000647
5497 0.000646
5498 0.000646
5499 0.000646
5500 0.000646
5501 0.000646
5502 0.000646
5503 0.000646
5504 0.000646
5505 0.000645
5506 0.000645
5507 0.000645
5508 0.000645
5509 0.000645
5510 0.000645
5511 0.000645
5512 0.000645
5513 0.000644
5514 0.000644
5515 0.000644
5516 0.000644
5517 0.000644
5518 0.000644
5519 0.000644
5520 0.000644
5521 0.000643
5522 0.000643
5523 0.000643
5524 0.000643
5525 0.000643
5526 0.000643
5527 0.000643
5528 0.000643
5529 0.000643
5530 0.000642
5531 0.000642
5532 0.000642
5533 0.000642
5534 0.000642
5535 0.000642
5536 0.000642
5537 0.000642
5538 0.000641
5539 0.000641
5540 0.000641
5541 0.000641
5542 0.000641
5543 0.000641
5544 0.000641
5545 0.000641
5546 0.000640
5547 0.000640
5548 0.000640
5549 0.000640
5550 0.000640
5551 0.000640
5552 0.000640
5553 0.000640
5554 0.000640
5555 0.000639
5556 0.000639
5557 0.000639
5558 0.000639
5559 0.000639
5560 0.000639
5561 0.000639
5562 0.000639
5563 0.000638
5564 0.000638
5565 0.000638
5566 0.000638
5567 0.000638
5568 0.000638
5569 0.000638
5570 0.000638
5571 0.000637
5572 0.000637
5573 0.000637
5574 0.000637
5575 0.000637
5576 0.000637
5577 0.000637
5578 0.000637
5579 0.000637
5580 0.000636
5581 0.000636
5582 0.000636
5583 0.000636
5584 0.000636
5585 0.000636
5586 0.000636
5587 0.000636
5588 0.000635
5589 0.000635
5590 0.000635
5591 0.000635
5592 0.000635
5593 0.000635
5594 0.000635
5595 0.000635
5596 0.000635
5597 0.000634
5598 0.000634
5599 0.000634
5600 0.000634
5601 0.000634
5602 0.000634
5603 0.000634
5604 0.000634
5605 0.000633
5606 0.000633
5607 0.000633
5608 0.000633
5609 0.000633
5610 0.000633
5611 0.000633
5612 0.000633
5613 0.000633
5614 0.000632
5615 0.000632
5616 0.000632
5617 0.000632
5618 0.000632
5619 0.000632
5620 0.000632
5621 0.000632
5622 0.000631
5623 0.000631
5624 0.000631
5625 0.000631
5626 0.000631
5627 0.000631
5628 0.000631
5629 0.000631
5630 0.000631
5631 0.000630
5632 0.000630
5633 0.000630
5634 0.000630
5635 0.000630
5636 0.000630
5637 0.000630
5638 0.000630
5639 0.000629
5640 0.000629
5641 0.000629
5642 0.000629
5643 0.000629
5644 0.000629
5645 0.000629
5646 0.000629
5647 0.000629
5648 0.000628
5649 0.000628
5650 0.000628
5651 0.000628
5652 0.000628
5653 0.000628
5654 0.000628
5655 0.000628
5656 0.000627
5657 0.000627
5658 0.000627
5659 0.000627
5660 0.000627
5661 0.000627
5662 0.000627
5663 0.000627
5664 0.000627
5665 0.000626
5666 0.000626
5667 0.000626
5668 0.000626
5669 0.000626
5670 0.000626
5671 0.000626
5672 0.000626
5673 0.000626
5674 0.000625
5675 0.000625
5676 0.000625
5677 0.000625
5678 0.000625
5679 0.000625
5680 0.000625
5681 0.000625
5682 0.000624
5683 0.000624
5684 0.000624
5685 0.000624
5686 0.000624
5687 0.000624
5688 0.000624
5689 0.000624
5690 0.000624
5691 0.000623
5692 0.000623
5693 0.000623
5694 0.000623
5695 0.000623
5696 0.000623
5697 0.000623
5698 0.000623
5699 0.000623
5700 0.000622
5701 0.000622
5702 0.000622
5703 0.000622
5704 0.000622
5705 0.000622
5706 0.000622
5707 0.000622
5708 0.000622
5709 0.000621
5710 0.000621
5711 0.000621
5712 0.000621
5713 0.000621
5714 0.000621
5715 0.000621
5716 0.000621
5717 0.000621
5718 0.000620
5719 0.000620
5720 0.000620
5721 0.000620
5722 0.000620
5723 0.000620
5724 0.000620
5725 0.000620
5726 0.000619
5727 0.000619
5728 0.000619
5729 0.000619
5730 0.000619
5731 0.000619
5732 0.000619
5733 0.000619
5734 0.000619
5735 0.000618
5736 0.000618
5737 0.000618
5738 0.000618
5739 0.000618
5740 0.000618
5741 0.000618
5742 0.000618
5743 0.000618
5744 0.000617
5745 0.000617
5746 0.000617
5747 0.000617
5748 0.000617
5749 0.000617
5750 0.000617
5751 0.000617
5752 0.000617
5753 0.000616
5754 0.000616
5755 0.000616
5756 0.000616
5757 0.000616
5758 0.000616
5759 0.000616
5760 0.000616
5761 0.000616
5762 0.000615
5763 0.000615
5764 0.000615
5765 0.000615
5766 0.000615
5767 0.000615
5768 0.000615
5769 0.000615
5770 0.000615
5771 0.000614
5772 0.000614
5773 0.000614
5774 0.000614
5775 0.000614
5776 0.000614
5777 0.000614
5778 0.000614
5779 0.000614
5780 0.000613
5781 0.000613
5782 0.000613
5783 0.000613
5784 0.000613
5785 0.000613
5786 0.000613
5787 0.000613
5788 0.000613
5789 0.000612
5790 0.000612
5791 0.000612
5792 0.000612
5793 0.000612
5794 0.000612
5795 0.000612
5796 0.000612
5797 0.000612
5798 0.000611
5799 0.000611
5800 0.000611
5801 0.000611
5802 0.000611
5803 0.000611
5804 0.000611
5805 0.000611
5806 0.000611
5807 0.000610
5808 0.000610
5809 0.000610
5810 0.000610
5811 0.000610
5812 0.000610
5813 0.000610
5814 0.000610
5815 0.000610
5816 0.000610
5817 0.000609
5818 0.000609
5819 0.000609
5820 0.000609
5821 0.000609
5822 0.000609
5823 0.000609
5824 0.000609
5825 0.000609
5826 0.000608
5827 0.000608
5828 0.000608
5829 0.000608
5830 0.000608
5831 0.000608
5832 0.000608
5833 0.000608
5834 0.000608
5835 0.000607
5836 0.000607
5837 0.000607
5838 0.000607
5839 0.000607
5840 0.000607
5841 0.000607
5842 0.000607
5843 0.000607
5844 0.000606
5845 0.000606
5846 0.000606
5847 0.000606
5848 0.000606
5849 0.000606
5850 0.000606
5851 0.000606
5852 0.000606
5853 0.000605
5854 0.000605
5855 0.000605
5856 0.000605
5857 0.000605
5858 0.000605
5859 0.000605
5860 0.000605
5861 0.000605
5862 0.000605
5863 0.000604
5864 0.000604
5865 0.000604
5866 0.000604
5867 0.000604
5868 0.000604
5869 0.000604
5870 0.000604
5871 0.000604
5872 0.000603
5873 0.000603
5874 0.000603
5875 0.000603
5876 0.000603
5877 0.000603
5878 0.000603
5879 0.000603
5880 0.000603
5881 0.000602
5882 0.000602
5883 0.000602
5884 0.000602
5885 0.000602
5886 0.000602
5887 0.000602
5888 0.000602
5889 0.000602
5890 0.000602
5891 0.000601
5892 0.000601
5893 0.000601
5894 0.000601
5895 0.000601
5896 0.000601
5897 0.000601
5898 0.000601
5899 0.000601
5900 0.000600
5901 0.000600
5902 0.000600
5903 0.000600
5904 0.000600
5905 0.000600
5906 0.000600
5907 0.000600
5908 0.000600
5909 0.000600
5910 0.000599
5911 0.000599
5912 0.000599
5913 0.000599
5914 0.000599
5915 0.000599
5916 0.000599
5917 0.000599
5918 0.000599
5919 0.000598
5920 0.000598
5921 0.000598
5922 0.000598
5923 0.000598
5924 0.000598
5925 0.000598
5926 0.000598
5927 0.000598
5928 0.000598
5929 0.000597
5930 0.000597
5931 0.000597
5932 0.000597
5933 0.000597
5934 0.000597
5935 0.000597
5936 0.000597
5937 0.000597
5938 0.000596
5939 0.000596
5940 0.000596
5941 0.000596
5942 0.000596
5943 0.000596
5944 0.000596
5945 0.000596
5946 0.000596
5947 0.000596
5948 0.000595
5949 0.000595
5950 0.000595
5951 0.000595
5952 0.000595
5953 0.000595
5954 0.000595
5955 0.000595
5956 0.000595
5957 0.000594
5958 0.000594
5959 0.000594
5960 0.000594
5961 0.000594
5962 0.000594
5963 0.000594
5964 0.000594
5965 0.000594
5966 0.000594
5967 0.000593
5968 0.000593
5969 0.000593
5970 0.000593
5971 0.000593
5972 0.000593
5973 0.000593
5974 0.000593
5975 0.000593
5976 0.000593
5977 0.000592
5978 0.000592
5979 0.000592
5980 0.000592
5981 0.000592
5982 0.000592
5983 0.000592
5984 0.000592
5985 0.000592
5986 0.000591
5987 0.000591
5988 0.000591
5989 0.000591
5990 0.000591
5991 0.000591
5992 0.000591
5993 0.000591
5994 0.000591
5995 0.000591
5996 0.000590
5997 0.000590
5998 0.000590
5999 0.000590
6000 0.000590
6001 0.000590
6002 0.000590
6003 0.000590
6004 0.000590
6005 0.000590
6006 0.000589
6007 0.000589
6008 0.000589
6009 0.000589
6010 0.000589
6011 0.000589
6012 0.000589
6013 0.000589
6014 0.000589
6015 0.000588
6016 0.000588
6017 0.000588
6018 0.000588
6019 0.000588
6020 0.000588
6021 0.000588
6022 0.000588
6023 0.000588
6024 0.000588
6025 0.000587
6026 0.000587
6027 0.000587
6028 0.000587
6029 0.000587
6030 0.000587
6031 0.000587
6032 0.000587
6033 0.000587
6034 0.000587
6035 0.000586
6036 0.000586
6037 0.000586
6038 0.000586
6039 0.000586
6040 0.000586
6041 0.000586
6042 0.000586
6043 0.000586
6044 0.000586
6045 0.000585
6046 0.000585
6047 0.000585
6048 0.000585
6049 0.000585
6050 0.000585
6051 0.000585
6052 0.000585
6053 0.000585
6054 0.000585
6055 0.000584
6056 0.000584
6057 0.000584
6058 0.000584
6059 0.000584
6060 0.000584
6061 0.000584
6062 0.000584
6063 0.000584
6064 0.000584
6065 0.000583
6066 0.000583
6067 0.000583
6068 0.000583
6069 0.000583
6070 0.000583
6071 0.000583
6072 0.000583
6073 0.000583
6074 0.000583
6075 0.000582
6076 0.000582
6077 0.000582
6078 0.000582
6079 0.000582
6080 0.000582
6081 0.000582
6082 0.000582
6083 0.000582
6084 0.000582
6085 0.000581
6086 0.000581
6087 0.000581
6088 0.000581
6089 0.000581
6090 0.000581
6091 0.000581
6092 0.000581
6093 0.000581
6094 0.000581
6095 0.000580
6096 0.000580
6097 0.000580
6098 0.000580
6099 0.000580
6100 0.000580
6101 0.000580
6102 0.000580
6103 0.000580
6104 0.000580
6105 0.000579
6106 0.000579
6107 0.000579
6108 0.000579
6109 0.000579
6110 0.000579
6111 0.000579
6112 0.000579
6113 0.000579
6114 0.000579
6115 0.000578
6116 0.000578
6117 0.000578
6118 0.000578
6119 0.000578
6120 0.000578
6121 0.000578
6122 0.000578
6123 0.000578
6124 0.000578
6125 0.000577
6126 0.000577
6127 0.000577
6128 0.000577
6129 0.000577
6130 0.000577
6131 0.000577
6132 0.000577
6133 0.000577
6134 0.000577
6135 0.000577
6136 0.000576
6137 0.000576
6138 0.000576
6139 0.000576
6140 0.000576
6141 0.000576
6142 0.000576
6143 0.000576
6144 0.000576
6145 0.000576
6146 0.000575
6147 0.000575
6148 0.000575
6149 0.000575
6150 0.000575
6151 0.000575
6152 0.000575
6153 0.000575
6154 0.000575
6155 0.000575
6156 0.000574
6157 0.000574
6158 0.000574
6159 0.000574
6160 0.000574
6161 0.000574
6162 0.000574
6163 0.000574
6164 0.000574
6165 0.000574
6166 0.000573
6167 0.000573
6168 0.000573
6169 0.000573
6170 0.000573
6171 0.000573
6172 0.000573
6173 0.000573
6174 0.000573
6175 0.000573
6176 0.000573
6177 0.000572
6178 0.000572
6179 0.000572
6180 0.000572
6181 0.000572
6182 0.000572
6183 0.000572
6184 0.000572
6185 0.000572
6186 0.000572
6187 0.000571
6188 0.000571
6189 0.000571
6190 0.000571
6191 0.000571
6192 0.000571
6193 0.000571
6194 0.000571
6195 0.000571
6196 0.000571
6197 0.000571
6198 0.000570
6199 0.000570
6200 0.000570
6201 0.000570
6202 0.000570
6203 0.000570
6204 0.000570
6205 0.000570
6206 0.000570
6207 0.000570
6208 0.000569
6209 0.000569
6210 0.000569
6211 0.000569
6212 0.000569
6213 0.000569
6214 0.000569
6215 0.000569
6216 0.000569
6217 0.000569
6218 0.000568
6219 0.000568
6220 0.000568
6221 0.000568
6222 0.000568
6223 0.000568
6224 0.000568
6225 0.000568
6226 0.000568
6227 0.000568
6228 0.000568
6229 0.000567
6230 0.000567
6231 0.000567
6232 0.000567
6233 0.000567
6234 0.000567
6235 0.000567
6236 0.000567
6237 0.000567
6238 0.000567
6239 0.000567
6240 0.000566
6241 0.000566
6242 0.000566
6243 0.000566
6244 0.000566
6245 0.000566
6246 0.000566
6247 0.000566
6248 0.000566
6249 0.000566
6250 0.000565
6251 0.000565
6252 0.000565
6253 0.000565
6254 0.000565
6255 0.000565
6256 0.000565
6257 0.000565
6258 0.000565
6259 0.000565
6260 0.000565
6261 0.000564
6262 0.000564
6263 0.000564
6264 0.000564
6265 0.000564
6266 0.000564
6267 0.000564
6268 0.000564
6269 0.000564
6270 0.000564
6271 0.000563
6272 0.000563
6273 0.000563
6274 0.000563
6275 0.000563
6276 0.000563
6277 0.000563
6278 0.000563
6279 0.000563
6280 0.000563
6281 0.000563
6282 0.000562
6283 0.000562
6284 0.000562
6285 0.000562
6286 0.000562
6287 0.000562
6288 0.000562
6289 0.000562
6290 0.000562
6291 0.000562
6292 0.000562
6293 0.000561
6294 0.000561
6295 0.000561
6296 0.000561
6297 0.000561
6298 0.000561
6299 0.000561
6300 0.000561
6301 0.000561
6302 0.000561
6303 0.000561
6304 0.000560
6305 0.000560
6306 0.000560
6307 0.000560
6308 0.000560
6309 0.000560
6310 0.000560
6311 0.000560
6312 0.000560
6313 0.000560
6314 0.000559
6315 0.000559
6316 0.000559
6317 0.000559
6318 0.000559
6319 0.000559
6320 0.000559
6321 0.000559
6322 0.000559
6323 0.000559
6324 0.000559
6325 0.000558
6326 0.000558
6327 0.000558
6328 0.000558
6329 0.000558
6330 0.000558
6331 0.000558
6332 0.000558
6333 0.000558
6334 0.000558
6335 0.000558
6336 0.000557
6337 0.000557
6338 0.000557
6339 0.000557
6340 0.000557
6341 0.000557
6342 0.000557
6343 0.000557
6344 0.000557
6345 0.000557
6346 0.000557
6347 0.000556
6348 0.000556
6349 0.000556
6350 0.000556
6351 0.000556
6352 0.000556
6353 0.000556
6354 0.000556
6355 0.000556
6356 0.000556
6357 0.000556
6358 0.000555
6359 0.000555
6360 0.000555
6361 0.000555
6362 0.000555
6363 0.000555
6364 0.000555
6365 0.000555
6366 0.000555
6367 0.000555
6368 0.000555
6369 0.000554
6370 0.000554
6371 0.000554
6372 0.000554
6373 0.000554
6374 0.000554
6375 0.000554
6376 0.000554
6377 0.000554
6378 0.000554
6379 0.000554
6380 0.000553
6381 0.000553
6382 0.000553
6383 0.000553
6384 0.000553
6385 0.000553
6386 0.000553
6387 0.000553
6388 0.000553
6389 0.000553
6390 0.000553
6391 0.000552
6392 0.000552
6393 0.000552
6394 0.000552
6395 0.000552
6396 0.000552
6397 0.000552
6398 0.000552
6399 0.000552
6400 0.000552
6401 0.000552
6402 0.000551
6403 0.000551
6404 0.000551
6405 0.000551
6406 0.000551
6407 0.000551
6408 0.000551
6409 0.000551
6410 0.000551
6411 0.000551
6412 0.000551
6413 0.000551
6414 0.000550
6415 0.000550
6416 0.000550
6417 0.000550
6418 0.000550
6419 0.000550
6420 0.000550
6421 0.000550
6422 0.000550
6423 0.000550
6424 0.000550
6425 0.000549
6426 0.000549
6427 0.000549
6428 0.000549
6429 0.000549
6430 0.000549
6431 0.000549
6432 0.000549
6433 0.000549
6434 0.000549
6435 0.000549
6436 0.000548
6437 0.000548
6438 0.000548
6439 0.000548
6440 0.000548
6441 0.000548
6442 0.000548
6443 0.000548
6444 0.000548
6445 0.000548
6446 0.000548
6447 0.000547
6448 0.000547
6449 0.000547
6450 0.000547
6451 0.000547
6452 0.000547
6453 0.000547
6454 0.000547
6455 0.000547
6456 0.000547
6457 0.000547
6458 0.000547
6459 0.000546
6460 0.000546
6461 0.000546
6462 0.000546
6463 0.000546
6464 0.000546
6465 0.000546
6466 0.000546
6467 0.000546
6468 0.000546
6469 0.000546
6470 0.000545
6471 0.000545
6472 0.000545
6473 0.000545
6474 0.000545
6475 0.000545
6476 0.000545
6477 0.000545
6478 0.000545
6479 0.000545
6480 0.000545
6481 0.000544
6482 0.000544
6483 0.000544
6484 0.000544
6485 0.000544
6486 0.000544
6487 0.000544
6488 0.000544
6489 0.000544
6490 0.000544
6491 0.000544
6492 0.000544
6493 0.000543
6494 0.000543
6495 0.000543
6496 0.000543
6497 0.000543
6498 0.000543
6499 0.000543
6500 0.000543
6501 0.000543
6502 0.000543
6503 0.000543
6504 0.000542
6505 0.000542
6506 0.000542
6507 0.000542
6508 0.000542
6509 0.000542
6510 0.000542
6511 0.000542
6512 0.000542
6513 0.000542
6514 0.000542
6515 0.000542
6516 0.000541
6517 0.000541
6518 0.000541
6519 0.000541
6520 0.000541
6521 0.000541
6522 0.000541
6523 0.000541
6524 0.000541
6525 0.000541
6526 0.000541
6527 0.000540
6528 0.000540
6529 0.000540
6530 0.000540
6531 0.000540
6532 0.000540
6533 0.000540
6534 0.000540
6535 0.000540
6536 0.000540
6537 0.000540
6538 0.000540
6539 0.000539
6540 0.000539
6541 0.000539
6542 0.000539
6543 0.000539
6544 0.000539
6545 0.000539
6546 0.000539
6547 0.000539
6548 0.000539
6549 0.000539
6550 0.000539
6551 0.000538
6552 0.000538
6553 0.000538
6554 0.000538
6555 0.000538
6556 0.000538
6557 0.000538
6558 0.000538
6559 0.000538
6560 0.000538
6561 0.000538
6562 0.000537
6563 0.000537
6564 0.000537
6565 0.000537
6566 0.000537
6567 0.000537
6568 0.000537
6569 0.000537
6570 0.000537
6571 0.000537
6572 0.000537
6573 0.000537
6574 0.000536
6575 0.000536
6576 0.000536
6577 0.000536
6578 0.000536
6579 0.000536
6580 0.000536
6581 0.000536
6582 0.000536
6583 0.000536
6584 0.000536
6585 0.000536
6586 0.000535
6587 0.000535
6588 0.000535
6589 0.000535
6590 0.000535
6591 0.000535
6592 0.000535
6593 0.000535
6594 0.000535
6595 0.000535
6596 0.000535
6597 0.000535
6598 0.000534
6599 0.000534
6600 0.000534
6601 0.000534
6602 0.000534
6603 0.000534
6604 0.000534
6605 0.000534
6606 0.000534
6607 0.000534
6608 0.000534
6609 0.000534
6610 0.000533
6611 0.000533
6612 0.000533
6613 0.000533
6614 0.000533
6615 0.000533
6616 0.000533
6617 0.000533
6618 0.000533
6619 0.000533
6620 0.000533
6621 0.000533
6622 0.000532
6623 0.000532
6624 0.000532
6625 0.000532
6626 0.000532
6627 0.000532
6628 0.000532
6629 0.000532
6630 0.000532
6631 0.000532
6632 0.000532
6633 0.000532
6634 0.000531
6635 0.000531
6636 0.000531
6637 0.000531
6638 0.000531
6639 0.000531
6640 0.000531
6641 0.000531
6642 0.000531
6643 0.000531
6644 0.000531
6645 0.000531
6646 0.000530
6647 0.000530
6648 0.000530
6649 0.000530
6650 0.000530
6651 0.000530
6652 0.000530
6653 0.000530
6654 0.000530
6655 0.000530
6656 0.000530
6657 0.000530
6658 0.000529
6659 0.000529
6660 0.000529
6661 0.000529
6662 0.000529
6663 0.000529
6664 0.000529
6665 0.000529
6666 0.000529
6667 0.000529
6668 0.000529
6669 0.000529
6670 0.000528
6671 0.000528
6672 0.000528
6673 0.000528
6674 0.000528
6675 0.000528
6676 0.000528
6677 0.000528
6678 0.000528
6679 0.000528
6680 0.000528
6681 0.000528
6682 0.000527
6683 0.000527
6684 0.000527
6685 0.000527
6686 0.000527
6687 0.000527
6688 0.000527
6689 0.000527
6690 0.000527
6691 0.000527
6692 0.000527
6693 0.000527
6694 0.000526
6695 0.000526
6696 0.000526
6697 0.000526
6698 0.000526
6699 0.000526
6700 0.000526
6701 0.000526
6702 0.000526
6703 0.000526
6704 0.000526
6705 0.000526
6706 0.000525
6707 0.000525
6708 0.000525
6709 0.000525
6710 0.000525
6711 0.000525
6712 0.000525
6713 0.000525
6714 0.000525
6715 0.000525
6716 0.000525
6717 0.000525
6718 0.000525
6719 0.000524
6720 0.000524
6721 0.000524
6722 0.000524
6723 0.000524
6724 0.000524
6725 0.000524
6726 0.000524
6727 0.000524
6728 0.000524
6729 0.000524
6730 0.000524
6731 0.000523
6732 0.000523
6733 0.000523
6734 0.000523
6735 0.000523
6736 0.000523
6737 0.000523
6738 0.000523
6739 0.000523
6740 0.000523
6741 0.000523
6742 0.000523
6743 0.000522
6744 0.000522
6745 0.000522
6746 0.000522
6747 0.000522
6748 0.000522
6749 0.000522
6750 0.000522
6751 0.000522
6752 0.000522
6753 0.000522
6754 0.000522
6755 0.000522
6756 0.000521
6757 0.000521
6758 0.000521
6759 0.000521
6760 0.000521
6761 0.000521
6762 0.000521
6763 0.000521
6764 0.000521
6765 0.000521
6766 0.000521
6767 0.000521
6768 0.000520
6769 0.000520
6770 0.000520
6771 0.000520
6772 0.000520
6773 0.000520
6774 0.000520
6775 0.000520
6776 0.000520
6777 0.000520
6778 0.000520
6779 0.000520
6780 0.000520
6781 0.000519
6782 0.000519
6783 0.000519
6784 0.000519
6785 0.000519
6786 0.000519
6787 0.000519
6788 0.000519
6789 0.000519
6790 0.000519
6791 0.000519
6792 0.000519
6793 0.000518
6794 0.000518
6795 0.000518
6796 0.000518
6797 0.000518
6798 0.000518
6799 0.000518
6800 0.000518
6801 0.000518
6802 0.000518
6803 0.000518
6804 0.000518
6805 0.000518
6806 0.000517
6807 0.000517
6808 0.000517
6809 0.000517
6810 0.000517
6811 0.000517
6812 0.000517
6813 0.000517
6814 0.000517
6815 0.000517
6816 0.000517
6817 0.000517
6818 0.000517
6819 0.000516
6820 0.000516
6821 0.000516
6822 0.000516
6823 0.000516
6824 0.000516
6825 0.000516
6826 0.000516
6827 0.000516
6828 0.000516
6829 0.000516
6830 0.000516
6831 0.000515
6832 0.000515
6833 0.000515
6834 0.000515
6835 0.000515
6836 0.000515
6837 0.000515
6838 0.000515
6839 0.000515
6840 0.000515
6841 0.000515
6842 0.000515
6843 0.000515
6844 0.000514
6845 0.000514
6846 0.000514
6847 0.000514
6848 0.000514
6849 0.000514
6850 0.000514
6851 0.000514
6852 0.000514
6853 0.000514
6854 0.000514
6855 0.000514
6856 0.000514
6857 0.000513
6858 0.000513
6859 0.000513
6860 0.000513
6861 0.000513
6862 0.000513
6863 0.000513
6864 0.000513
6865 0.000513
6866 0.000513
6867 0.000513
6868 0.000513
6869 0.000513
6870 0.000512
6871 0.000512
6872 0.000512
6873 0.000512
6874 0.000512
6875 0.000512
6876 0.000512
6877 0.000512
6878 0.000512
6879 0.000512
6880 0.000512
6881 0.000512
6882 0.000512
6883 0.000511
6884 0.000511
6885 0.000511
6886 0.000511
6887 0.000511
6888 0.000511
6889 0.000511
6890 0.000511
6891 0.000511
6892 0.000511
6893 0.000511
6894 0.000511
6895 0.000511
6896 0.000510
6897 0.000510
6898 0.000510
6899 0.000510
6900 0.000510
6901 0.000510
6902 0.000510
6903 0.000510
6904 0.000510
6905 0.000510
6906 0.000510
6907 0.000510
6908 0.000510
6909 0.000509
6910 0.000509
6911 0.000509
6912 0.000509
6913 0.000509
6914 0.000509
6915 0.000509
6916 0.000509
6917 0.000509
6918 0.000509
6919 0.000509
6920 0.000509
6921 0.000509
6922 0.000508
6923 0.000508
6924 0.000508
6925 0.000508
6926 0.000508
6927 0.000508
6928 0.000508
6929 0.000508
6930 0.000508
6931 0.000508
6932 0.000508
6933 0.000508
6934 0.000508
6935 0.000507
6936 0.000507
6937 0.000507
6938 0.000507
6939 0.000507
6940 0.000507
6941 0.000507
6942 0.000507
6943 0.000507
6944 0.000507
6945 0.000507
6946 0.000507
6947 0.000507
6948 0.000506
6949 0.000506
6950 0.000506
6951 0.000506
6952 0.000506
6953 0.000506
6954 0.000506
6955 0.000506
6956 0.000506
6957 0.000506
6958 0.000506
6959 0.000506
6960 0.000506
6961 0.000505
6962 0.000505
6963 0.000505
6964 0.000505
6965 0.000505
6966 0.000505
6967 0.000505
6968 0.000505
6969 0.000505
6970 0.000505
6971 0.000505
6972 0.000505
6973 0.000505
6974 0.000504
6975 0.000504
6976 0.000504
6977 0.000504
6978 0.000504
6979 0.000504
6980 0.000504
6981 0.000504
6982 0.000504
6983 0.000504
6984 0.000504
6985 0.000504
6986 0.000504
6987 0.000504
6988 0.000503
6989 0.000503
6990 0.000503
6991 0.000503
6992 0.000503
6993 0.000503
6994 0.000503
6995 0.000503
6996 0.000503
6997 0.000503
6998 0.000503
6999 0.000503
7000 0.000503
7001 0.000502
7002 0.000502
7003 0.000502
7004 0.000502
7005 0.000502
7006 0.000502
7007 0.000502
7008 0.000502
7009 0.000502
7010 0.000502
7011 0.000502
7012 0.000502
7013 0.000502
7014 0.000501
7015 0.000501
7016 0.000501
7017 0.000501
7018 0.000501
7019 0.000501
7020 0.000501
7021 0.000501
7022 0.000501
7023 0.000501
7024 0.000501
7025 0.000501
7026 0.000501
7027 0.000501
7028 0.000500
7029 0.000500
7030 0.000500
7031 0.000500
7032 0.000500
7033 0.000500
7034 0.000500
