0 13.408898
1 11.887971
2 8.577755
3 5.842458
4 4.090602
5 2.987476
6 2.269938
7 1.782827
8 1.439342
9 1.189406
10 1.002597
11 0.859621
12 0.747843
13 0.658775
14 0.586585
15 0.527180
16 0.477631
17 0.435802
18 0.400108
19 0.369356
20 0.342632
21 0.319226
22 0.298582
23 0.280257
24 0.263897
25 0.249213
26 0.235968
27 0.223970
28 0.213055
29 0.203088
30 0.193954
31 0.185557
32 0.177813
33 0.170652
34 0.164012
35 0.157840
36 0.152089
37 0.146719
38 0.141695
39 0.136984
40 0.132559
41 0.128397
42 0.124473
43 0.120770
44 0.117269
45 0.113956
46 0.110814
47 0.107833
48 0.104999
49 0.102304
50 0.099736
51 0.097288
52 0.094951
53 0.092718
54 0.090583
55 0.088540
56 0.086582
57 0.084705
58 0.082903
59 0.081174
60 0.079511
61 0.077912
62 0.076373
63 0.074891
64 0.073463
65 0.072086
66 0.070757
67 0.069475
68 0.068235
69 0.067038
70 0.065879
71 0.064759
72 0.063674
73 0.062623
74 0.061605
75 0.060618
76 0.059661
77 0.058733
78 0.057831
79 0.056956
80 0.056106
81 0.055279
82 0.054476
83 0.053695
84 0.052934
85 0.052195
86 0.051474
87 0.050773
88 0.050089
89 0.049423
90 0.048774
91 0.048141
92 0.047524
93 0.046921
94 0.046333
95 0.045759
96 0.045199
97 0.044651
98 0.044116
99 0.043593
100 0.043082
101 0.042583
102 0.042094
103 0.041616
104 0.041149
105 0.040691
106 0.040243
107 0.039804
108 0.039375
109 0.038954
110 0.038542
111 0.038138
112 0.037742
113 0.037354
114 0.036974
115 0.036601
116 0.036235
117 0.035876
118 0.035524
119 0.035179
120 0.034840
121 0.034507
122 0.034180
123 0.033859
124 0.033544
125 0.033235
126 0.032931
127 0.032632
128 0.032338
129 0.032050
130 0.031766
131 0.031487
132 0.031213
133 0.030943
134 0.030678
135 0.030418
136 0.030161
137 0.029909
138 0.029660
139 0.029416
140 0.029175
141 0.028938
142 0.028705
143 0.028476
144 0.028250
145 0.028027
146 0.027808
147 0.027592
148 0.027379
149 0.027170
150 0.026963
151 0.026760
152 0.026559
153 0.026361
154 0.026167
155 0.025974
156 0.025785
157 0.025598
158 0.025414
159 0.025233
160 0.025053
161 0.024877
162 0.024702
163 0.024531
164 0.024361
165 0.024193
166 0.024028
167 0.023865
168 0.023704
169 0.023546
170 0.023389
171 0.023234
172 0.023081
173 0.022930
174 0.022781
175 0.022634
176 0.022489
177 0.022345
178 0.022204
179 0.022064
180 0.021925
181 0.021789
182 0.021654
183 0.021520
184 0.021388
185 0.021258
186 0.021129
187 0.021002
188 0.020876
189 0.020752
190 0.020629
191 0.020508
192 0.020388
193 0.020269
194 0.020151
195 0.020035
196 0.019920
197 0.019807
198 0.019695
199 0.019583
200 0.019474
201 0.019365
202 0.019257
203 0.019151
204 0.019046
205 0.018941
206 0.018838
207 0.018736
208 0.018636
209 0.018536
210 0.018437
211 0.018339
212 0.018242
213 0.018146
214 0.018052
215 0.017958
216 0.017865
217 0.017773
218 0.017682
219 0.017591
220 0.017502
221 0.017414
222 0.017326
223 0.017239
224 0.017153
225 0.017068
226 0.016984
227 0.016901
228 0.016818
229 0.016736
230 0.016655
231 0.016575
232 0.016495
233 0.016416
234 0.016338
235 0.016261
236 0.016184
237 0.016108
238 0.016032
239 0.015958
240 0.015884
241 0.015811
242 0.015738
243 0.015666
244 0.015594
245 0.015524
246 0.015454
247 0.015384
248 0.015315
249 0.015247
250 0.015179
251 0.015112
252 0.015045
253 0.014979
254 0.014914
255 0.014849
256 0.014785
257 0.014721
258 0.014657
259 0.014595
260 0.014532
261 0.014471
262 0.014410
263 0.014349
264 0.014289
265 0.014229
266 0.014170
267 0.014111
268 0.014053
269 0.013995
270 0.013937
271 0.013880
272 0.013824
273 0.013768
274 0.013712
275 0.013657
276 0.013602
277 0.013548
278 0.013494
279 0.013441
280 0.013388
281 0.013335
282 0.013283
283 0.013231
284 0.013179
285 0.013128
286 0.013078
287 0.013027
288 0.012977
289 0.012928
290 0.012879
291 0.012830
292 0.012781
293 0.012733
294 0.012685
295 0.012638
296 0.012591
297 0.012544
298 0.012498
299 0.012452
300 0.012406
301 0.012360
302 0.012315
303 0.012271
304 0.012226
305 0.012182
306 0.012138
307 0.012095
308 0.012051
309 0.012008
310 0.011966
311 0.011923
312 0.011881
313 0.011840
314 0.011798
315 0.011757
316 0.011716
317 0.011675
318 0.011635
319 0.011595
320 0.011555
321 0.011515
322 0.011476
323 0.011437
324 0.011398
325 0.011360
326 0.011321
327 0.011283
328 0.011246
329 0.011208
330 0.011171
331 0.011134
332 0.011097
333 0.011060
334 0.011024
335 0.010988
336 0.010952
337 0.010916
338 0.010881
339 0.010846
340 0.010811
341 0.010776
342 0.010741
343 0.010707
344 0.010673
345 0.010639
346 0.010605
347 0.010572
348 0.010538
349 0.010505
350 0.010472
351 0.010440
352 0.010407
353 0.010375
354 0.010343
355 0.010311
356 0.010279
357 0.010248
358 0.010216
359 0.010185
360 0.010154
361 0.010123
362 0.010093
363 0.010062
364 0.010032
365 0.010002
366 0.009972
367 0.009942
368 0.009913
369 0.009883
370 0.009854
371 0.009825
372 0.009796
373 0.009767
374 0.009739
375 0.009710
376 0.009682
377 0.009654
378 0.009626
379 0.009599
380 0.009571
381 0.009543
382 0.009516
383 0.009489
384 0.009462
385 0.009435
386 0.009408
387 0.009382
388 0.009356
389 0.009329
390 0.009303
391 0.009277
392 0.009251
393 0.009226
394 0.009200
395 0.009175
396 0.009149
397 0.009124
398 0.009099
399 0.009074
400 0.009050
401 0.009025
402 0.009000
403 0.008976
404 0.008952
405 0.008928
406 0.008904
407 0.008880
408 0.008856
409 0.008833
410 0.008809
411 0.008786
412 0.008763
413 0.008739
414 0.008716
415 0.008694
416 0.008671
417 0.008648
418 0.008626
419 0.008603
420 0.008581
421 0.008559
422 0.008537
423 0.008515
424 0.008493
425 0.008471
426 0.008449
427 0.008428
428 0.008406
429 0.008385
430 0.008364
431 0.008343
432 0.008322
433 0.008301
434 0.008280
435 0.008259
436 0.008239
437 0.008218
438 0.008198
439 0.008177
440 0.008157
441 0.008137
442 0.008117
443 0.008097
444 0.008077
445 0.008058
446 0.008038
447 0.008018
448 0.007999
449 0.007980
450 0.007960
451 0.007941
452 0.007922
453 0.007903
454 0.007884
455 0.007865
456 0.007847
457 0.007828
458 0.007809
459 0.007791
460 0.007772
461 0.007754
462 0.007736
463 0.007718
464 0.007700
465 0.007682
466 0.007664
467 0.007646
468 0.007628
469 0.007611
470 0.007593
471 0.007576
472 0.007558
473 0.007541
474 0.007524
475 0.007506
476 0.007489
477 0.007472
478 0.007455
479 0.007438
480 0.007422
481 0.007405
482 0.007388
483 0.007372
484 0.007355
485 0.007339
486 0.007322
487 0.007306
488 0.007290
489 0.007274
490 0.007257
491 0.007241
492 0.007225
493 0.007210
494 0.007194
495 0.007178
496 0.007162
497 0.007147
498 0.007131
499 0.007116
500 0.007100
501 0.007085
502 0.007070
503 0.007054
504 0.007039
505 0.007024
506 0.007009
507 0.006994
508 0.006979
509 0.006964
510 0.006950
511 0.006935
512 0.006920
513 0.006906
514 0.006891
515 0.006877
516 0.006862
517 0.006848
518 0.006833
519 0.006819
520 0.006805
521 0.006791
522 0.006777
523 0.006763
524 0.006749
525 0.006735
526 0.006721
527 0.006707
528 0.006694
529 0.006680
530 0.006666
531 0.006653
532 0.006639
533 0.006626
534 0.006612
535 0.006599
536 0.006586
537 0.006572
538 0.006559
539 0.006546
540 0.006533
541 0.006520
542 0.006507
543 0.006494
544 0.006481
545 0.006468
546 0.006455
547 0.006443
548 0.006430
549 0.006417
550 0.006405
551 0.006392
552 0.006380
553 0.006367
554 0.006355
555 0.006342
556 0.006330
557 0.006318
558 0.006305
559 0.006293
560 0.006281
561 0.006269
562 0.006257
563 0.006245
564 0.006233
565 0.006221
566 0.006209
567 0.006197
568 0.006186
569 0.006174
570 0.006162
571 0.006151
572 0.006139
573 0.006127
574 0.006116
575 0.006104
576 0.006093
577 0.006082
578 0.006070
579 0.006059
580 0.006048
581 0.006036
582 0.006025
583 0.006014
584 0.006003
585 0.005992
586 0.005981
587 0.005970
588 0.005959
589 0.005948
590 0.005937
591 0.005926
592 0.005916
593 0.005905
594 0.005894
595 0.005883
596 0.005873
597 0.005862
598 0.005852
599 0.005841
600 0.005831
601 0.005820
602 0.005810
603 0.005799
604 0.005789
605 0.005779
606 0.005768
607 0.005758
608 0.005748
609 0.005738
610 0.005728
611 0.005717
612 0.005707
613 0.005697
614 0.005687
615 0.005677
616 0.005668
617 0.005658
618 0.005648
619 0.005638
620 0.005628
621 0.005618
622 0.005609
623 0.005599
624 0.005589
625 0.005580
626 0.005570
627 0.005561
628 0.005551
629 0.005541
630 0.005532
631 0.005523
632 0.005513
633 0.005504
634 0.005494
635 0.005485
636 0.005476
637 0.005467
638 0.005457
639 0.005448
640 0.005439
641 0.005430
642 0.005421
643 0.005412
644 0.005403
645 0.005394
646 0.005385
647 0.005376
648 0.005367
649 0.005358
650 0.005349
651 0.005340
652 0.005331
653 0.005323
654 0.005314
655 0.005305
656 0.005296
657 0.005288
658 0.005279
659 0.005271
660 0.005262
661 0.005253
662 0.005245
663 0.005236
664 0.005228
665 0.005219
666 0.005211
667 0.005203
668 0.005194
669 0.005186
670 0.005178
671 0.005169
672 0.005161
673 0.005153
674 0.005145
675 0.005136
676 0.005128
677 0.005120
678 0.005112
679 0.005104
680 0.005096
681 0.005088
682 0.005080
683 0.005072
684 0.005064
685 0.005056
686 0.005048
687 0.005040
688 0.005032
689 0.005024
690 0.005016
691 0.005009
692 0.005001
693 0.004993
694 0.004985
695 0.004978
696 0.004970
697 0.004962
698 0.004955
699 0.004947
700 0.004940
701 0.004932
702 0.004924
703 0.004917
704 0.004909
705 0.004902
706 0.004895
707 0.004887
708 0.004880
709 0.004872
710 0.004865
711 0.004858
712 0.004850
713 0.004843
714 0.004836
715 0.004828
716 0.004821
717 0.004814
718 0.004807
719 0.004800
720 0.004792
721 0.004785
722 0.004778
723 0.004771
724 0.004764
725 0.004757
726 0.004750
727 0.004743
728 0.004736
729 0.004729
730 0.004722
731 0.004715
732 0.004708
733 0.004701
734 0.004694
735 0.004688
736 0.004681
737 0.004674
738 0.004667
739 0.004660
740 0.004654
741 0.004647
742 0.004640
743 0.004633
744 0.004627
745 0.004620
746 0.004614
747 0.004607
748 0.004600
749 0.004594
750 0.004587
751 0.004581
752 0.004574
753 0.004568
754 0.004561
755 0.004555
756 0.004548
757 0.004542
758 0.004535
759 0.004529
760 0.004522
761 0.004516
762 0.004510
763 0.004503
764 0.004497
765 0.004491
766 0.004485
767 0.004478
768 0.004472
769 0.004466
770 0.004460
771 0.004453
772 0.004447
773 0.004441
774 0.004435
775 0.004429
776 0.004423
777 0.004417
778 0.004410
779 0.004404
780 0.004398
781 0.004392
782 0.004386
783 0.004380
784 0.004374
785 0.004368
786 0.004362
787 0.004356
788 0.004351
789 0.004345
790 0.004339
791 0.004333
792 0.004327
793 0.004321
794 0.004315
795 0.004310
796 0.004304
797 0.004298
798 0.004292
799 0.004286
800 0.004281
801 0.004275
802 0.004269
803 0.004264
804 0.004258
805 0.004252
806 0.004247
807 0.004241
808 0.004235
809 0.004230
810 0.004224
811 0.004219
812 0.004213
813 0.004208
814 0.004202
815 0.004197
816 0.004191
817 0.004186
818 0.004180
819 0.004175
820 0.004169
821 0.004164
822 0.004158
823 0.004153
824 0.004147
825 0.004142
826 0.004137
827 0.004131
828 0.004126
829 0.004121
830 0.004115
831 0.004110
832 0.004105
833 0.004100
834 0.004094
835 0.004089
836 0.004084
837 0.004079
838 0.004073
839 0.004068
840 0.004063
841 0.004058
842 0.004053
843 0.004048
844 0.004042
845 0.004037
846 0.004032
847 0.004027
848 0.004022
849 0.004017
850 0.004012
851 0.004007
852 0.004002
853 0.003997
854 0.003992
855 0.003987
856 0.003982
857 0.003977
858 0.003972
859 0.003967
860 0.003962
861 0.003957
862 0.003952
863 0.003947
864 0.003943
865 0.003938
866 0.003933
867 0.003928
868 0.003923
869 0.003918
870 0.003914
871 0.003909
872 0.003904
873 0.003899
874 0.003894
875 0.003890
876 0.003885
877 0.003880
878 0.003875
879 0.003871
880 0.003866
881 0.003861
882 0.003857
883 0.003852
884 0.003847
885 0.003843
886 0.003838
887 0.003833
888 0.003829
889 0.003824
890 0.003820
891 0.003815
892 0.003811
893 0.003806
894 0.003801
895 0.003797
896 0.003792
897 0.003788
898 0.003783
899 0.003779
900 0.003774
901 0.003770
902 0.003765
903 0.003761
904 0.003757
905 0.003752
906 0.003748
907 0.003743
908 0.003739
909 0.003734
910 0.003730
911 0.003726
912 0.003721
913 0.003717
914 0.003713
915 0.003708
916 0.003704
917 0.003700
918 0.003695
919 0.003691
920 0.003687
921 0.003683
922 0.003678
923 0.003674
924 0.003670
925 0.003666
926 0.003661
927 0.003657
928 0.003653
929 0.003649
930 0.003645
931 0.003640
932 0.003636
933 0.003632
934 0.003628
935 0.003624
936 0.003620
937 0.003616
938 0.003611
939 0.003607
940 0.003603
941 0.003599
942 0.003595
943 0.003591
944 0.003587
945 0.003583
946 0.003579
947 0.003575
948 0.003571
949 0.003567
950 0.003563
951 0.003559
952 0.003555
953 0.003551
954 0.003547
955 0.003543
956 0.003539
957 0.003535
958 0.003531
959 0.003527
960 0.003523
961 0.003519
962 0.003515
963 0.003512
964 0.003508
965 0.003504
966 0.003500
967 0.003496
968 0.003492
969 0.003488
970 0.003485
971 0.003481
972 0.003477
973 0.003473
974 0.003469
975 0.003465
976 0.003462
977 0.003458
978 0.003454
979 0.003450
980 0.003447
981 0.003443
982 0.003439
983 0.003435
984 0.003432
985 0.003428
986 0.003424
987 0.003421
988 0.003417
989 0.003413
990 0.003410
991 0.003406
992 0.003402
993 0.003399
994 0.003395
995 0.003391
996 0.003388
997 0.003384
998 0.003380
999 0.003377
1000 0.003373
1001 0.003370
1002 0.003366
1003 0.003363
1004 0.003359
1005 0.003355
1006 0.003352
1007 0.003348
1008 0.003345
1009 0.003341
1010 0.003338
1011 0.003334
1012 0.003331
1013 0.003327
1014 0.003324
1015 0.003320
1016 0.003317
1017 0.003313
1018 0.003310
1019 0.003306
1020 0.003303
1021 0.003299
1022 0.003296
1023 0.003293
1024 0.003289
1025 0.003286
1026 0.003282
1027 0.003279
1028 0.003275
1029 0.003272
1030 0.003269
1031 0.003265
1032 0.003262
1033 0.003259
1034 0.003255
1035 0.003252
1036 0.003249
1037 0.003245
1038 0.003242
1039 0.003239
1040 0.003235
1041 0.003232
1042 0.003229
1043 0.003225
1044 0.003222
1045 0.003219
1046 0.003216
1047 0.003212
1048 0.003209
1049 0.003206
1050 0.003202
1051 0.003199
1052 0.003196
1053 0.003193
1054 0.003190
1055 0.003186
1056 0.003183
1057 0.003180
1058 0.003177
1059 0.003174
1060 0.003170
1061 0.003167
1062 0.003164
1063 0.003161
1064 0.003158
1065 0.003155
1066 0.003151
1067 0.003148
1068 0.003145
1069 0.003142
1070 0.003139
1071 0.003136
1072 0.003133
1073 0.003130
1074 0.003126
1075 0.003123
1076 0.003120
1077 0.003117
1078 0.003114
1079 0.003111
1080 0.003108
1081 0.003105
1082 0.003102
1083 0.003099
1084 0.003096
1085 0.003093
1086 0.003090
1087 0.003087
1088 0.003084
1089 0.003081
1090 0.003078
1091 0.003075
1092 0.003072
1093 0.003069
1094 0.003066
1095 0.003063
1096 0.003060
1097 0.003057
1098 0.003054
1099 0.003051
1100 0.003048
1101 0.003045
1102 0.003042
1103 0.003039
1104 0.003036
1105 0.003033
1106 0.003030
1107 0.003027
1108 0.003025
1109 0.003022
1110 0.003019
1111 0.003016
1112 0.003013
1113 0.003010
1114 0.003007
1115 0.003004
1116 0.003001
1117 0.002999
1118 0.002996
1119 0.002993
1120 0.002990
1121 0.002987
1122 0.002984
1123 0.002982
1124 0.002979
1125 0.002976
1126 0.002973
1127 0.002970
1128 0.002968
1129 0.002965
1130 0.002962
1131 0.002959
1132 0.002956
1133 0.002954
1134 0.002951
1135 0.002948
1136 0.002945
1137 0.002943
1138 0.002940
1139 0.002937
1140 0.002934
1141 0.002932
1142 0.002929
1143 0.002926
1144 0.002923
1145 0.002921
1146 0.002918
1147 0.002915
1148 0.002913
1149 0.002910
1150 0.002907
1151 0.002905
1152 0.002902
1153 0.002899
1154 0.002897
1155 0.002894
1156 0.002891
1157 0.002889
1158 0.002886
1159 0.002883
1160 0.002881
1161 0.002878
1162 0.002875
1163 0.002873
1164 0.002870
1165 0.002868
1166 0.002865
1167 0.002862
1168 0.002860
1169 0.002857
1170 0.002855
1171 0.002852
1172 0.002849
1173 0.002847
1174 0.002844
1175 0.002842
1176 0.002839
1177 0.002836
1178 0.002834
1179 0.002831
1180 0.002829
1181 0.002826
1182 0.002824
1183 0.002821
1184 0.002819
1185 0.002816
1186 0.002814
1187 0.002811
1188 0.002809
1189 0.002806
1190 0.002804
1191 0.002801
1192 0.002799
1193 0.002796
1194 0.002794
1195 0.002791
1196 0.002789
1197 0.002786
1198 0.002784
1199 0.002781
1200 0.002779
1201 0.002776
1202 0.002774
1203 0.002771
1204 0.002769
1205 0.002767
1206 0.002764
1207 0.002762
1208 0.002759
1209 0.002757
1210 0.002754
1211 0.002752
1212 0.002750
1213 0.002747
1214 0.002745
1215 0.002742
1216 0.002740
1217 0.002738
1218 0.002735
1219 0.002733
1220 0.002730
1221 0.002728
1222 0.002726
1223 0.002723
1224 0.002721
1225 0.002719
1226 0.002716
1227 0.002714
1228 0.002712
1229 0.002709
1230 0.002707
1231 0.002705
1232 0.002702
1233 0.002700
1234 0.002698
1235 0.002695
1236 0.002693
1237 0.002691
1238 0.002688
1239 0.002686
1240 0.002684
1241 0.002681
1242 0.002679
1243 0.002677
1244 0.002675
1245 0.002672
1246 0.002670
1247 0.002668
1248 0.002666
1249 0.002663
1250 0.002661
1251 0.002659
1252 0.002657
1253 0.002654
1254 0.002652
1255 0.002650
1256 0.002648
1257 0.002645
1258 0.002643
1259 0.002641
1260 0.002639
1261 0.002636
1262 0.002634
1263 0.002632
1264 0.002630
1265 0.002628
1266 0.002625
1267 0.002623
1268 0.002621
1269 0.002619
1270 0.002617
1271 0.002614
1272 0.002612
1273 0.002610
1274 0.002608
1275 0.002606
1276 0.002604
1277 0.002601
1278 0.002599
1279 0.002597
1280 0.002595
1281 0.002593
1282 0.002591
1283 0.002588
1284 0.002586
1285 0.002584
1286 0.002582
1287 0.002580
1288 0.002578
1289 0.002576
1290 0.002574
1291 0.002571
1292 0.002569
1293 0.002567
1294 0.002565
1295 0.002563
1296 0.002561
1297 0.002559
1298 0.002557
1299 0.002555
1300 0.002553
1301 0.002551
1302 0.002548
1303 0.002546
1304 0.002544
1305 0.002542
1306 0.002540
1307 0.002538
1308 0.002536
1309 0.002534
1310 0.002532
1311 0.002530
1312 0.002528
1313 0.002526
1314 0.002524
1315 0.002522
1316 0.002520
1317 0.002518
1318 0.002516
1319 0.002514
1320 0.002512
1321 0.002510
1322 0.002508
1323 0.002506
1324 0.002504
1325 0.002502
1326 0.002500
1327 0.002498
1328 0.002496
1329 0.002494
1330 0.002492
1331 0.002490
1332 0.002488
1333 0.002486
1334 0.002484
1335 0.002482
1336 0.002480
1337 0.002478
1338 0.002476
1339 0.002474
1340 0.002472
1341 0.002470
1342 0.002468
1343 0.002466
1344 0.002464
1345 0.002462
1346 0.002460
1347 0.002458
1348 0.002456
1349 0.002454
1350 0.002453
1351 0.002451
1352 0.002449
1353 0.002447
1354 0.002445
1355 0.002443
1356 0.002441
1357 0.002439
1358 0.002437
1359 0.002435
1360 0.002433
1361 0.002432
1362 0.002430
1363 0.002428
1364 0.002426
1365 0.002424
1366 0.002422
1367 0.002420
1368 0.002418
1369 0.002417
1370 0.002415
1371 0.002413
1372 0.002411
1373 0.002409
1374 0.002407
1375 0.002405
1376 0.002404
1377 0.002402
1378 0.002400
1379 0.002398
1380 0.002396
1381 0.002394
1382 0.002392
1383 0.002391
1384 0.002389
1385 0.002387
1386 0.002385
1387 0.002383
1388 0.002382
1389 0.002380
1390 0.002378
1391 0.002376
1392 0.002374
1393 0.002372
1394 0.002371
1395 0.002369
1396 0.002367
1397 0.002365
1398 0.002363
1399 0.002362
1400 0.002360
1401 0.002358
1402 0.002356
1403 0.002355
1404 0.002353
1405 0.002351
1406 0.002349
1407 0.002347
1408 0.002346
1409 0.002344
1410 0.002342
1411 0.002340
1412 0.002339
1413 0.002337
1414 0.002335
1415 0.002333
1416 0.002332
1417 0.002330
1418 0.002328
1419 0.002326
1420 0.002325
1421 0.002323
1422 0.002321
1423 0.002320
1424 0.002318
1425 0.002316
1426 0.002314
1427 0.002313
1428 0.002311
1429 0.002309
1430 0.002308
1431 0.002306
1432 0.002304
1433 0.002302
1434 0.002301
1435 0.002299
1436 0.002297
1437 0.002296
1438 0.002294
1439 0.002292
1440 0.002291
1441 0.002289
1442 0.002287
1443 0.002286
1444 0.002284
1445 0.002282
1446 0.002281
1447 0.002279
1448 0.002277
1449 0.002276
1450 0.002274
1451 0.002272
1452 0.002271
1453 0.002269
1454 0.002267
1455 0.002266
1456 0.002264
1457 0.002262
1458 0.002261
1459 0.002259
1460 0.002257
1461 0.002256
1462 0.002254
1463 0.002253
1464 0.002251
1465 0.002249
1466 0.002248
1467 0.002246
1468 0.002244
1469 0.002243
1470 0.002241
1471 0.002240
1472 0.002238
1473 0.002236
1474 0.002235
1475 0.002233
1476 0.002232
1477 0.002230
1478 0.002228
1479 0.002227
1480 0.002225
1481 0.002224
1482 0.002222
1483 0.002220
1484 0.002219
1485 0.002217
1486 0.002216
1487 0.002214
1488 0.002213
1489 0.002211
1490 0.002209
1491 0.002208
1492 0.002206
1493 0.002205
1494 0.002203
1495 0.002202
1496 0.002200
1497 0.002198
1498 0.002197
1499 0.002195
1500 0.002194
1501 0.002192
1502 0.002191
1503 0.002189
1504 0.002188
1505 0.002186
1506 0.002185
1507 0.002183
1508 0.002182
1509 0.002180
1510 0.002178
1511 0.002177
1512 0.002175
1513 0.002174
1514 0.002172
1515 0.002171
1516 0.002169
1517 0.002168
1518 0.002166
1519 0.002165
1520 0.002163
1521 0.002162
1522 0.002160
1523 0.002159
1524 0.002157
1525 0.002156
1526 0.002154
1527 0.002153
1528 0.002151
1529 0.002150
1530 0.002148
1531 0.002147
1532 0.002145
1533 0.002144
1534 0.002142
1535 0.002141
1536 0.002140
1537 0.002138
1538 0.002137
1539 0.002135
1540 0.002134
1541 0.002132
1542 0.002131
1543 0.002129
1544 0.002128
1545 0.002126
1546 0.002125
1547 0.002123
1548 0.002122
1549 0.002121
1550 0.002119
1551 0.002118
1552 0.002116
1553 0.002115
1554 0.002113
1555 0.002112
1556 0.002110
1557 0.002109
1558 0.002108
1559 0.002106
1560 0.002105
1561 0.002103
1562 0.002102
1563 0.002100
1564 0.002099
1565 0.002098
1566 0.002096
1567 0.002095
1568 0.002093
1569 0.002092
1570 0.002091
1571 0.002089
1572 0.002088
1573 0.002086
1574 0.002085
1575 0.002084
1576 0.002082
1577 0.002081
1578 0.002079
1579 0.002078
1580 0.002077
1581 0.002075
1582 0.002074
1583 0.002072
1584 0.002071
1585 0.002070
1586 0.002068
1587 0.002067
1588 0.002066
1589 0.002064
1590 0.002063
1591 0.002061
1592 0.002060
1593 0.002059
1594 0.002057
1595 0.002056
1596 0.002055
1597 0.002053
1598 0.002052
1599 0.002051
1600 0.002049
1601 0.002048
1602 0.002046
1603 0.002045
1604 0.002044
1605 0.002042
1606 0.002041
1607 0.002040
1608 0.002038
1609 0.002037
1610 0.002036
1611 0.002034
1612 0.002033
1613 0.002032
1614 0.002030
1615 0.002029
1616 0.002028
1617 0.002026
1618 0.002025
1619 0.002024
1620 0.002022
1621 0.002021
1622 0.002020
1623 0.002019
1624 0.002017
1625 0.002016
1626 0.002015
1627 0.002013
1628 0.002012
1629 0.002011
1630 0.002009
1631 0.002008
1632 0.002007
1633 0.002005
1634 0.002004
1635 0.002003
1636 0.002002
1637 0.002000
1638 0.001999
1639 0.001998
1640 0.001996
1641 0.001995
1642 0.001994
1643 0.001993
1644 0.001991
1645 0.001990
1646 0.001989
1647 0.001987
1648 0.001986
1649 0.001985
1650 0.001984
1651 0.001982
1652 0.001981
1653 0.001980
1654 0.001979
1655 0.001977
1656 0.001976
1657 0.001975
1658 0.001974
1659 0.001972
1660 0.001971
1661 0.001970
1662 0.001969
1663 0.001967
1664 0.001966
1665 0.001965
1666 0.001964
1667 0.001962
1668 0.001961
1669 0.001960
1670 0.001959
1671 0.001957
1672 0.001956
1673 0.001955
1674 0.001954
1675 0.001952
1676 0.001951
1677 0.001950
1678 0.001949
1679 0.001948
1680 0.001946
1681 0.001945
1682 0.001944
1683 0.001943
1684 0.001941
1685 0.001940
1686 0.001939
1687 0.001938
1688 0.001937
1689 0.001935
1690 0.001934
1691 0.001933
1692 0.001932
1693 0.001931
1694 0.001929
1695 0.001928
1696 0.001927
1697 0.001926
1698 0.001925
1699 0.001923
1700 0.001922
1701 0.001921
1702 0.001920
1703 0.001919
1704 0.001917
1705 0.001916
1706 0.001915
1707 0.001914
1708 0.001913
1709 0.001911
1710 0.001910
1711 0.001909
1712 0.001908
1713 0.001907
1714 0.001906
1715 0.001904
1716 0.001903
1717 0.001902
1718 0.001901
1719 0.001900
1720 0.001899
1721 0.001897
1722 0.001896
1723 0.001895
1724 0.001894
1725 0.001893
1726 0.001892
1727 0.001890
1728 0.001889
1729 0.001888
1730 0.001887
1731 0.001886
1732 0.001885
1733 0.001884
1734 0.001882
1735 0.001881
1736 0.001880
1737 0.001879
1738 0.001878
1739 0.001877
1740 0.001876
1741 0.001874
1742 0.001873
1743 0.001872
1744 0.001871
1745 0.001870
1746 0.001869
1747 0.001868
1748 0.001867
1749 0.001865
1750 0.001864
1751 0.001863
1752 0.001862
1753 0.001861
1754 0.001860
1755 0.001859
1756 0.001858
1757 0.001856
1758 0.001855
1759 0.001854
1760 0.001853
1761 0.001852
1762 0.001851
1763 0.001850
1764 0.001849
1765 0.001848
1766 0.001846
1767 0.001845
1768 0.001844
1769 0.001843
1770 0.001842
1771 0.001841
1772 0.001840
1773 0.001839
1774 0.001838
1775 0.001837
1776 0.001836
1777 0.001834
1778 0.001833
1779 0.001832
1780 0.001831
1781 0.001830
1782 0.001829
1783 0.001828
1784 0.001827
1785 0.001826
1786 0.001825
1787 0.001824
1788 0.001823
1789 0.001821
1790 0.001820
1791 0.001819
1792 0.001818
1793 0.001817
1794 0.001816
1795 0.001815
1796 0.001814
1797 0.001813
1798 0.001812
1799 0.001811
1800 0.001810
1801 0.001809
1802 0.001808
1803 0.001807
1804 0.001805
1805 0.001804
1806 0.001803
1807 0.001802
1808 0.001801
1809 0.001800
1810 0.001799
1811 0.001798
1812 0.001797
1813 0.001796
1814 0.001795
1815 0.001794
1816 0.001793
1817 0.001792
1818 0.001791
1819 0.001790
1820 0.001789
1821 0.001788
1822 0.001787
1823 0.001786
1824 0.001785
1825 0.001784
1826 0.001783
1827 0.001782
1828 0.001781
1829 0.001779
1830 0.001778
1831 0.001777
1832 0.001776
1833 0.001775
1834 0.001774
1835 0.001773
1836 0.001772
1837 0.001771
1838 0.001770
1839 0.001769
1840 0.001768
1841 0.001767
1842 0.001766
1843 0.001765
1844 0.001764
1845 0.001763
1846 0.001762
1847 0.001761
1848 0.001760
1849 0.001759
1850 0.001758
1851 0.001757
1852 0.001756
1853 0.001755
1854 0.001754
1855 0.001753
1856 0.001752
1857 0.001751
1858 0.001750
1859 0.001749
1860 0.001748
1861 0.001747
1862 0.001746
1863 0.001745
1864 0.001744
1865 0.001743
1866 0.001742
1867 0.001741
1868 0.001740
1869 0.001739
1870 0.001738
1871 0.001737
1872 0.001736
1873 0.001735
1874 0.001734
1875 0.001734
1876 0.001733
1877 0.001732
1878 0.001731
1879 0.001730
1880 0.001729
1881 0.001728
1882 0.001727
1883 0.001726
1884 0.001725
1885 0.001724
1886 0.001723
1887 0.001722
1888 0.001721
1889 0.001720
1890 0.001719
1891 0.001718
1892 0.001717
1893 0.001716
1894 0.001715
1895 0.001714
1896 0.001713
1897 0.001712
1898 0.001711
1899 0.001710
1900 0.001709
1901 0.001709
1902 0.001708
1903 0.001707
1904 0.001706
1905 0.001705
1906 0.001704
1907 0.001703
1908 0.001702
1909 0.001701
1910 0.001700
1911 0.001699
1912 0.001698
1913 0.001697
1914 0.001696
1915 0.001695
1916 0.001694
1917 0.001694
1918 0.001693
1919 0.001692
1920 0.001691
1921 0.001690
1922 0.001689
1923 0.001688
1924 0.001687
1925 0.001686
1926 0.001685
1927 0.001684
1928 0.001683
1929 0.001682
1930 0.001682
1931 0.001681
1932 0.001680
1933 0.001679
1934 0.001678
1935 0.001677
1936 0.001676
1937 0.001675
1938 0.001674
1939 0.001673
1940 0.001672
1941 0.001671
1942 0.001671
1943 0.001670
1944 0.001669
1945 0.001668
1946 0.001667
1947 0.001666
1948 0.001665
1949 0.001664
1950 0.001663
1951 0.001662
1952 0.001662
1953 0.001661
1954 0.001660
1955 0.001659
1956 0.001658
1957 0.001657
1958 0.001656
1959 0.001655
1960 0.001654
1961 0.001654
1962 0.001653
1963 0.001652
1964 0.001651
1965 0.001650
1966 0.001649
1967 0.001648
1968 0.001647
1969 0.001646
1970 0.001646
1971 0.001645
1972 0.001644
1973 0.001643
1974 0.001642
1975 0.001641
1976 0.001640
1977 0.001639
1978 0.001639
1979 0.001638
1980 0.001637
1981 0.001636
1982 0.001635
1983 0.001634
1984 0.001633
1985 0.001633
1986 0.001632
1987 0.001631
1988 0.001630
1989 0.001629
1990 0.001628
1991 0.001627
1992 0.001626
1993 0.001626
1994 0.001625
1995 0.001624
1996 0.001623
1997 0.001622
1998 0.001621
1999 0.001620
2000 0.001620
2001 0.001619
2002 0.001618
2003 0.001617
2004 0.001616
2005 0.001615
2006 0.001615
2007 0.001614
2008 0.001613
2009 0.001612
2010 0.001611
2011 0.001610
2012 0.001609
2013 0.001609
2014 0.001608
2015 0.001607
2016 0.001606
2017 0.001605
2018 0.001604
2019 0.001604
2020 0.001603
2021 0.001602
2022 0.001601
2023 0.001600
2024 0.001599
2025 0.001599
2026 0.001598
2027 0.001597
2028 0.001596
2029 0.001595
2030 0.001594
2031 0.001594
2032 0.001593
2033 0.001592
2034 0.001591
2035 0.001590
2036 0.001589
2037 0.001589
2038 0.001588
2039 0.001587
2040 0.001586
2041 0.001585
2042 0.001585
2043 0.001584
2044 0.001583
2045 0.001582
2046 0.001581
2047 0.001581
2048 0.001580
2049 0.001579
2050 0.001578
2051 0.001577
2052 0.001576
2053 0.001576
2054 0.001575
2055 0.001574
2056 0.001573
2057 0.001572
2058 0.001572
2059 0.001571
2060 0.001570
2061 0.001569
2062 0.001568
2063 0.001568
2064 0.001567
2065 0.001566
2066 0.001565
2067 0.001564
2068 0.001564
2069 0.001563
2070 0.001562
2071 0.001561
2072 0.001560
2073 0.001560
2074 0.001559
2075 0.001558
2076 0.001557
2077 0.001557
2078 0.001556
2079 0.001555
2080 0.001554
2081 0.001553
2082 0.001553
2083 0.001552
2084 0.001551
2085 0.001550
2086 0.001549
2087 0.001549
2088 0.001548
2089 0.001547
2090 0.001546
2091 0.001546
2092 0.001545
2093 0.001544
2094 0.001543
2095 0.001542
2096 0.001542
2097 0.001541
2098 0.001540
2099 0.001539
2100 0.001539
2101 0.001538
2102 0.001537
2103 0.001536
2104 0.001535
2105 0.001535
2106 0.001534
2107 0.001533
2108 0.001532
2109 0.001532
2110 0.001531
2111 0.001530
2112 0.001529
2113 0.001529
2114 0.001528
2115 0.001527
2116 0.001526
2117 0.001526
2118 0.001525
2119 0.001524
2120 0.001523
2121 0.001523
2122 0.001522
2123 0.001521
2124 0.001520
2125 0.001520
2126 0.001519
2127 0.001518
2128 0.001517
2129 0.001517
2130 0.001516
2131 0.001515
2132 0.001514
2133 0.001514
2134 0.001513
2135 0.001512
2136 0.001511
2137 0.001511
2138 0.001510
2139 0.001509
2140 0.001508
2141 0.001508
2142 0.001507
2143 0.001506
2144 0.001505
2145 0.001505
2146 0.001504
2147 0.001503
2148 0.001502
2149 0.001502
2150 0.001501
2151 0.001500
2152 0.001500
2153 0.001499
2154 0.001498
2155 0.001497
2156 0.001497
2157 0.001496
2158 0.001495
2159 0.001494
2160 0.001494
2161 0.001493
2162 0.001492
2163 0.001491
2164 0.001491
2165 0.001490
2166 0.001489
2167 0.001489
2168 0.001488
2169 0.001487
2170 0.001486
2171 0.001486
2172 0.001485
2173 0.001484
2174 0.001484
2175 0.001483
2176 0.001482
2177 0.001481
2178 0.001481
2179 0.001480
2180 0.001479
2181 0.001479
2182 0.001478
2183 0.001477
2184 0.001476
2185 0.001476
2186 0.001475
2187 0.001474
2188 0.001474
2189 0.001473
2190 0.001472
2191 0.001471
2192 0.001471
2193 0.001470
2194 0.001469
2195 0.001469
2196 0.001468
2197 0.001467
2198 0.001467
2199 0.001466
2200 0.001465
2201 0.001464
2202 0.001464
2203 0.001463
2204 0.001462
2205 0.001462
2206 0.001461
2207 0.001460
2208 0.001460
2209 0.001459
2210 0.001458
2211 0.001457
2212 0.001457
2213 0.001456
2214 0.001455
2215 0.001455
2216 0.001454
2217 0.001453
2218 0.001453
2219 0.001452
2220 0.001451
2221 0.001451
2222 0.001450
2223 0.001449
2224 0.001449
2225 0.001448
2226 0.001447
2227 0.001446
2228 0.001446
2229 0.001445
2230 0.001444
2231 0.001444
2232 0.001443
2233 0.001442
2234 0.001442
2235 0.001441
2236 0.001440
2237 0.001440
2238 0.001439
2239 0.001438
2240 0.001438
2241 0.001437
2242 0.001436
2243 0.001436
2244 0.001435
2245 0.001434
2246 0.001434
2247 0.001433
2248 0.001432
2249 0.001432
2250 0.001431
2251 0.001430
2252 0.001430
2253 0.001429
2254 0.001428
2255 0.001428
2256 0.001427
2257 0.001426
2258 0.001426
2259 0.001425
2260 0.001424
2261 0.001424
2262 0.001423
2263 0.001422
2264 0.001422
2265 0.001421
2266 0.001420
2267 0.001420
2268 0.001419
2269 0.001418
2270 0.001418
2271 0.001417
2272 0.001416
2273 0.001416
2274 0.001415
2275 0.001414
2276 0.001414
2277 0.001413
2278 0.001412
2279 0.001412
2280 0.001411
2281 0.001411
2282 0.001410
2283 0.001409
2284 0.001409
2285 0.001408
2286 0.001407
2287 0.001407
2288 0.001406
2289 0.001405
2290 0.001405
2291 0.001404
2292 0.001403
2293 0.001403
2294 0.001402
2295 0.001401
2296 0.001401
2297 0.001400
2298 0.001400
2299 0.001399
2300 0.001398
2301 0.001398
2302 0.001397
2303 0.001396
2304 0.001396
2305 0.001395
2306 0.001394
2307 0.001394
2308 0.001393
2309 0.001393
2310 0.001392
2311 0.001391
2312 0.001391
2313 0.001390
2314 0.001389
2315 0.001389
2316 0.001388
2317 0.001387
2318 0.001387
2319 0.001386
2320 0.001386
2321 0.001385
2322 0.001384
2323 0.001384
2324 0.001383
2325 0.001382
2326 0.001382
2327 0.001381
2328 0.001381
2329 0.001380
2330 0.001379
2331 0.001379
2332 0.001378
2333 0.001378
2334 0.001377
2335 0.001376
2336 0.001376
2337 0.001375
2338 0.001374
2339 0.001374
2340 0.001373
2341 0.001373
2342 0.001372
2343 0.001371
2344 0.001371
2345 0.001370
2346 0.001369
2347 0.001369
2348 0.001368
2349 0.001368
2350 0.001367
2351 0.001366
2352 0.001366
2353 0.001365
2354 0.001365
2355 0.001364
2356 0.001363
2357 0.001363
2358 0.001362
2359 0.001362
2360 0.001361
2361 0.001360
2362 0.001360
2363 0.001359
2364 0.001359
2365 0.001358
2366 0.001357
2367 0.001357
2368 0.001356
2369 0.001356
2370 0.001355
2371 0.001354
2372 0.001354
2373 0.001353
2374 0.001353
2375 0.001352
2376 0.001351
2377 0.001351
2378 0.001350
2379 0.001350
2380 0.001349
2381 0.001348
2382 0.001348
2383 0.001347
2384 0.001347
2385 0.001346
2386 0.001345
2387 0.001345
2388 0.001344
2389 0.001344
2390 0.001343
2391 0.001342
2392 0.001342
2393 0.001341
2394 0.001341
2395 0.001340
2396 0.001340
2397 0.001339
2398 0.001338
2399 0.001338
2400 0.001337
2401 0.001337
2402 0.001336
2403 0.001335
2404 0.001335
2405 0.001334
2406 0.001334
2407 0.001333
2408 0.001332
2409 0.001332
2410 0.001331
2411 0.001331
2412 0.001330
2413 0.001330
2414 0.001329
2415 0.001328
2416 0.001328
2417 0.001327
2418 0.001327
2419 0.001326
2420 0.001326
2421 0.001325
2422 0.001324
2423 0.001324
2424 0.001323
2425 0.001323
2426 0.001322
2427 0.001322
2428 0.001321
2429 0.001320
2430 0.001320
2431 0.001319
2432 0.001319
2433 0.001318
2434 0.001318
2435 0.001317
2436 0.001316
2437 0.001316
2438 0.001315
2439 0.001315
2440 0.001314
2441 0.001314
2442 0.001313
2443 0.001312
2444 0.001312
2445 0.001311
2446 0.001311
2447 0.001310
2448 0.001310
2449 0.001309
2450 0.001309
2451 0.001308
2452 0.001307
2453 0.001307
2454 0.001306
2455 0.001306
2456 0.001305
2457 0.001305
2458 0.001304
2459 0.001304
2460 0.001303
2461 0.001302
2462 0.001302
2463 0.001301
2464 0.001301
2465 0.001300
2466 0.001300
2467 0.001299
2468 0.001299
2469 0.001298
2470 0.001297
2471 0.001297
2472 0.001296
2473 0.001296
2474 0.001295
2475 0.001295
2476 0.001294
2477 0.001294
2478 0.001293
2479 0.001292
2480 0.001292
2481 0.001291
2482 0.001291
2483 0.001290
2484 0.001290
2485 0.001289
2486 0.001289
2487 0.001288
2488 0.001288
2489 0.001287
2490 0.001286
2491 0.001286
2492 0.001285
2493 0.001285
2494 0.001284
2495 0.001284
2496 0.001283
2497 0.001283
2498 0.001282
2499 0.001282
2500 0.001281
2501 0.001281
2502 0.001280
2503 0.001279
2504 0.001279
2505 0.001278
2506 0.001278
2507 0.001277
2508 0.001277
2509 0.001276
2510 0.001276
2511 0.001275
2512 0.001275
2513 0.001274
2514 0.001274
2515 0.001273
2516 0.001273
2517 0.001272
2518 0.001271
2519 0.001271
2520 0.001270
2521 0.001270
2522 0.001269
2523 0.001269
2524 0.001268
2525 0.001268
2526 0.001267
2527 0.001267
2528 0.001266
2529 0.001266
2530 0.001265
2531 0.001265
2532 0.001264
2533 0.001264
2534 0.001263
2535 0.001263
2536 0.001262
2537 0.001261
2538 0.001261
2539 0.001260
2540 0.001260
2541 0.001259
2542 0.001259
2543 0.001258
2544 0.001258
2545 0.001257
2546 0.001257
2547 0.001256
2548 0.001256
2549 0.001255
2550 0.001255
2551 0.001254
2552 0.001254
2553 0.001253
2554 0.001253
2555 0.001252
2556 0.001252
2557 0.001251
2558 0.001251
2559 0.001250
2560 0.001250
2561 0.001249
2562 0.001249
2563 0.001248
2564 0.001248
2565 0.001247
2566 0.001247
2567 0.001246
2568 0.001246
2569 0.001245
2570 0.001244
2571 0.001244
2572 0.001243
2573 0.001243
2574 0.001242
2575 0.001242
2576 0.001241
2577 0.001241
2578 0.001240
2579 0.001240
2580 0.001239
2581 0.001239
2582 0.001238
2583 0.001238
2584 0.001237
2585 0.001237
2586 0.001236
2587 0.001236
2588 0.001235
2589 0.001235
2590 0.001234
2591 0.001234
2592 0.001233
2593 0.001233
2594 0.001232
2595 0.001232
2596 0.001231
2597 0.001231
2598 0.001230
2599 0.001230
2600 0.001229
2601 0.001229
2602 0.001228
2603 0.001228
2604 0.001227
2605 0.001227
2606 0.001226
2607 0.001226
2608 0.001225
2609 0.001225
2610 0.001225
2611 0.001224
2612 0.001224
2613 0.001223
2614 0.001223
2615 0.001222
2616 0.001222
2617 0.001221
2618 0.001221
2619 0.001220
2620 0.001220
2621 0.001219
2622 0.001219
2623 0.001218
2624 0.001218
2625 0.001217
2626 0.001217
2627 0.001216
2628 0.001216
2629 0.001215
2630 0.001215
2631 0.001214
2632 0.001214
2633 0.001213
2634 0.001213
2635 0.001212
2636 0.001212
2637 0.001211
2638 0.001211
2639 0.001210
2640 0.001210
2641 0.001209
2642 0.001209
2643 0.001208
2644 0.001208
2645 0.001208
2646 0.001207
2647 0.001207
2648 0.001206
2649 0.001206
2650 0.001205
2651 0.001205
2652 0.001204
2653 0.001204
2654 0.001203
2655 0.001203
2656 0.001202
2657 0.001202
2658 0.001201
2659 0.001201
2660 0.001200
2661 0.001200
2662 0.001199
2663 0.001199
2664 0.001198
2665 0.001198
2666 0.001198
2667 0.001197
2668 0.001197
2669 0.001196
2670 0.001196
2671 0.001195
2672 0.001195
2673 0.001194
2674 0.001194
2675 0.001193
2676 0.001193
2677 0.001192
2678 0.001192
2679 0.001191
2680 0.001191
2681 0.001191
2682 0.001190
2683 0.001190
2684 0.001189
2685 0.001189
2686 0.001188
2687 0.001188
2688 0.001187
2689 0.001187
2690 0.001186
2691 0.001186
2692 0.001185
2693 0.001185
2694 0.001185
2695 0.001184
2696 0.001184
2697 0.001183
2698 0.001183
2699 0.001182
2700 0.001182
2701 0.001181
2702 0.001181
2703 0.001180
2704 0.001180
2705 0.001179
2706 0.001179
2707 0.001179
2708 0.001178
2709 0.001178
2710 0.001177
2711 0.001177
2712 0.001176
2713 0.001176
2714 0.001175
2715 0.001175
2716 0.001174
2717 0.001174
2718 0.001174
2719 0.001173
2720 0.001173
2721 0.001172
2722 0.001172
2723 0.001171
2724 0.001171
2725 0.001170
2726 0.001170
2727 0.001169
2728 0.001169
2729 0.001169
2730 0.001168
2731 0.001168
2732 0.001167
2733 0.001167
2734 0.001166
2735 0.001166
2736 0.001165
2737 0.001165
2738 0.001165
2739 0.001164
2740 0.001164
2741 0.001163
2742 0.001163
2743 0.001162
2744 0.001162
2745 0.001161
2746 0.001161
2747 0.001161
2748 0.001160
2749 0.001160
2750 0.001159
2751 0.001159
2752 0.001158
2753 0.001158
2754 0.001157
2755 0.001157
2756 0.001157
2757 0.001156
2758 0.001156
2759 0.001155
2760 0.001155
2761 0.001154
2762 0.001154
2763 0.001154
2764 0.001153
2765 0.001153
2766 0.001152
2767 0.001152
2768 0.001151
2769 0.001151
2770 0.001150
2771 0.001150
2772 0.001150
2773 0.001149
2774 0.001149
2775 0.001148
2776 0.001148
2777 0.001147
2778 0.001147
2779 0.001147
2780 0.001146
2781 0.001146
2782 0.001145
2783 0.001145
2784 0.001144
2785 0.001144
2786 0.001144
2787 0.001143
2788 0.001143
2789 0.001142
2790 0.001142
2791 0.001141
2792 0.001141
2793 0.001141
2794 0.001140
2795 0.001140
2796 0.001139
2797 0.001139
2798 0.001138
2799 0.001138
2800 0.001138
2801 0.001137
2802 0.001137
2803 0.001136
2804 0.001136
2805 0.001135
2806 0.001135
2807 0.001135
2808 0.001134
2809 0.001134
2810 0.001133
2811 0.001133
2812 0.001132
2813 0.001132
2814 0.001132
2815 0.001131
2816 0.001131
2817 0.001130
2818 0.001130
2819 0.001130
2820 0.001129
2821 0.001129
2822 0.001128
2823 0.001128
2824 0.001127
2825 0.001127
2826 0.001127
2827 0.001126
2828 0.001126
2829 0.001125
2830 0.001125
2831 0.001125
2832 0.001124
2833 0.001124
2834 0.001123
2835 0.001123
2836 0.001122
2837 0.001122
2838 0.001122
2839 0.001121
2840 0.001121
2841 0.001120
2842 0.001120
2843 0.001120
2844 0.001119
2845 0.001119
2846 0.001118
2847 0.001118
2848 0.001117
2849 0.001117
2850 0.001117
2851 0.001116
2852 0.001116
2853 0.001115
2854 0.001115
2855 0.001115
2856 0.001114
2857 0.001114
2858 0.001113
2859 0.001113
2860 0.001113
2861 0.001112
2862 0.001112
2863 0.001111
2864 0.001111
2865 0.001111
2866 0.001110
2867 0.001110
2868 0.001109
2869 0.001109
2870 0.001109
2871 0.001108
2872 0.001108
2873 0.001107
2874 0.001107
2875 0.001106
2876 0.001106
2877 0.001106
2878 0.001105
2879 0.001105
2880 0.001104
2881 0.001104
2882 0.001104
2883 0.001103
2884 0.001103
2885 0.001102
2886 0.001102
2887 0.001102
2888 0.001101
2889 0.001101
2890 0.001100
2891 0.001100
2892 0.001100
2893 0.001099
2894 0.001099
2895 0.001098
2896 0.001098
2897 0.001098
2898 0.001097
2899 0.001097
2900 0.001097
2901 0.001096
2902 0.001096
2903 0.001095
2904 0.001095
2905 0.001095
2906 0.001094
2907 0.001094
2908 0.001093
2909 0.001093
2910 0.001093
2911 0.001092
2912 0.001092
2913 0.001091
2914 0.001091
2915 0.001091
2916 0.001090
2917 0.001090
2918 0.001089
2919 0.001089
2920 0.001089
2921 0.001088
2922 0.001088
2923 0.001087
2924 0.001087
2925 0.001087
2926 0.001086
2927 0.001086
2928 0.001086
2929 0.001085
2930 0.001085
2931 0.001084
2932 0.001084
2933 0.001084
2934 0.001083
2935 0.001083
2936 0.001082
2937 0.001082
2938 0.001082
2939 0.001081
2940 0.001081
2941 0.001081
2942 0.001080
2943 0.001080
2944 0.001079
2945 0.001079
2946 0.001079
2947 0.001078
2948 0.001078
2949 0.001077
2950 0.001077
2951 0.001077
2952 0.001076
2953 0.001076
2954 0.001076
2955 0.001075
2956 0.001075
2957 0.001074
2958 0.001074
2959 0.001074
2960 0.001073
2961 0.001073
2962 0.001072
2963 0.001072
2964 0.001072
2965 0.001071
2966 0.001071
2967 0.001071
2968 0.001070
2969 0.001070
2970 0.001069
2971 0.001069
2972 0.001069
2973 0.001068
2974 0.001068
2975 0.001068
2976 0.001067
2977 0.001067
2978 0.001066
2979 0.001066
2980 0.001066
2981 0.001065
2982 0.001065
2983 0.001065
2984 0.001064
2985 0.001064
2986 0.001063
2987 0.001063
2988 0.001063
2989 0.001062
2990 0.001062
2991 0.001062
2992 0.001061
2993 0.001061
2994 0.001060
2995 0.001060
2996 0.001060
2997 0.001059
2998 0.001059
2999 0.001059
3000 0.001058
3001 0.001058
3002 0.001058
3003 0.001057
3004 0.001057
3005 0.001056
3006 0.001056
3007 0.001056
3008 0.001055
3009 0.001055
3010 0.001055
3011 0.001054
3012 0.001054
3013 0.001053
3014 0.001053
3015 0.001053
3016 0.001052
3017 0.001052
3018 0.001052
3019 0.001051
3020 0.001051
3021 0.001051
3022 0.001050
3023 0.001050
3024 0.001049
3025 0.001049
3026 0.001049
3027 0.001048
3028 0.001048
3029 0.001048
3030 0.001047
3031 0.001047
3032 0.001047
3033 0.001046
3034 0.001046
3035 0.001045
3036 0.001045
3037 0.001045
3038 0.001044
3039 0.001044
3040 0.001044
3041 0.001043
3042 0.001043
3043 0.001043
3044 0.001042
3045 0.001042
3046 0.001042
3047 0.001041
3048 0.001041
3049 0.001040
3050 0.001040
3051 0.001040
3052 0.001039
3053 0.001039
3054 0.001039
3055 0.001038
3056 0.001038
3057 0.001038
3058 0.001037
3059 0.001037
3060 0.001037
3061 0.001036
3062 0.001036
3063 0.001035
3064 0.001035
3065 0.001035
3066 0.001034
3067 0.001034
3068 0.001034
3069 0.001033
3070 0.001033
3071 0.001033
3072 0.001032
3073 0.001032
3074 0.001032
3075 0.001031
3076 0.001031
3077 0.001031
3078 0.001030
3079 0.001030
3080 0.001030
3081 0.001029
3082 0.001029
3083 0.001028
3084 0.001028
3085 0.001028
3086 0.001027
3087 0.001027
3088 0.001027
3089 0.001026
3090 0.001026
3091 0.001026
3092 0.001025
3093 0.001025
3094 0.001025
3095 0.001024
3096 0.001024
3097 0.001024
3098 0.001023
3099 0.001023
3100 0.001023
3101 0.001022
3102 0.001022
3103 0.001022
3104 0.001021
3105 0.001021
3106 0.001020
3107 0.001020
3108 0.001020
3109 0.001019
3110 0.001019
3111 0.001019
3112 0.001018
3113 0.001018
3114 0.001018
3115 0.001017
3116 0.001017
3117 0.001017
3118 0.001016
3119 0.001016
3120 0.001016
3121 0.001015
3122 0.001015
3123 0.001015
3124 0.001014
3125 0.001014
3126 0.001014
3127 0.001013
3128 0.001013
3129 0.001013
3130 0.001012
3131 0.001012
3132 0.001012
3133 0.001011
3134 0.001011
3135 0.001011
3136 0.001010
3137 0.001010
3138 0.001010
3139 0.001009
3140 0.001009
3141 0.001009
3142 0.001008
3143 0.001008
3144 0.001008
3145 0.001007
3146 0.001007
3147 0.001007
3148 0.001006
3149 0.001006
3150 0.001006
3151 0.001005
3152 0.001005
3153 0.001005
3154 0.001004
3155 0.001004
3156 0.001004
3157 0.001003
3158 0.001003
3159 0.001003
3160 0.001002
3161 0.001002
3162 0.001002
3163 0.001001
3164 0.001001
3165 0.001001
3166 0.001000
3167 0.001000
3168 0.001000
3169 0.000999
3170 0.000999
3171 0.000999
3172 0.000998
3173 0.000998
3174 0.000998
3175 0.000997
3176 0.000997
3177 0.000997
3178 0.000996
3179 0.000996
3180 0.000996
3181 0.000995
3182 0.000995
3183 0.000995
3184 0.000994
3185 0.000994
3186 0.000994
3187 0.000993
3188 0.000993
3189 0.000993
3190 0.000992
3191 0.000992
3192 0.000992
3193 0.000991
3194 0.000991
3195 0.000991
3196 0.000990
3197 0.000990
3198 0.000990
3199 0.000989
3200 0.000989
3201 0.000989
3202 0.000989
3203 0.000988
3204 0.000988
3205 0.000988
3206 0.000987
3207 0.000987
3208 0.000987
3209 0.000986
3210 0.000986
3211 0.000986
3212 0.000985
3213 0.000985
3214 0.000985
3215 0.000984
3216 0.000984
3217 0.000984
3218 0.000983
3219 0.000983
3220 0.000983
3221 0.000982
3222 0.000982
3223 0.000982
3224 0.000981
3225 0.000981
3226 0.000981
3227 0.000981
3228 0.000980
3229 0.000980
3230 0.000980
3231 0.000979
3232 0.000979
3233 0.000979
3234 0.000978
3235 0.000978
3236 0.000978
3237 0.000977
3238 0.000977
3239 0.000977
3240 0.000976
3241 0.000976
3242 0.000976
3243 0.000975
3244 0.000975
3245 0.000975
3246 0.000975
3247 0.000974
3248 0.000974
3249 0.000974
3250 0.000973
3251 0.000973
3252 0.000973
3253 0.000972
3254 0.000972
3255 0.000972
3256 0.000971
3257 0.000971
3258 0.000971
3259 0.000970
3260 0.000970
3261 0.000970
3262 0.000970
3263 0.000969
3264 0.000969
3265 0.000969
3266 0.000968
3267 0.000968
3268 0.000968
3269 0.000967
3270 0.000967
3271 0.000967
3272 0.000966
3273 0.000966
3274 0.000966
3275 0.000965
3276 0.000965
3277 0.000965
3278 0.000965
3279 0.000964
3280 0.000964
3281 0.000964
3282 0.000963
3283 0.000963
3284 0.000963
3285 0.000962
3286 0.000962
3287 0.000962
3288 0.000961
3289 0.000961
3290 0.000961
3291 0.000961
3292 0.000960
3293 0.000960
3294 0.000960
3295 0.000959
3296 0.000959
3297 0.000959
3298 0.000958
3299 0.000958
3300 0.000958
3301 0.000958
3302 0.000957
3303 0.000957
3304 0.000957
3305 0.000956
3306 0.000956
3307 0.000956
3308 0.000955
3309 0.000955
3310 0.000955
3311 0.000955
3312 0.000954
3313 0.000954
3314 0.000954
3315 0.000953
3316 0.000953
3317 0.000953
3318 0.000952
3319 0.000952
3320 0.000952
3321 0.000952
3322 0.000951
3323 0.000951
3324 0.000951
3325 0.000950
3326 0.000950
3327 0.000950
3328 0.000949
3329 0.000949
3330 0.000949
3331 0.000949
3332 0.000948
3333 0.000948
3334 0.000948
3335 0.000947
3336 0.000947
3337 0.000947
3338 0.000946
3339 0.000946
3340 0.000946
3341 0.000946
3342 0.000945
3343 0.000945
3344 0.000945
3345 0.000944
3346 0.000944
3347 0.000944
3348 0.000943
3349 0.000943
3350 0.000943
3351 0.000943
3352 0.000942
3353 0.000942
3354 0.000942
3355 0.000941
3356 0.000941
3357 0.000941
3358 0.000941
3359 0.000940
3360 0.000940
3361 0.000940
3362 0.000939
3363 0.000939
3364 0.000939
3365 0.000939
3366 0.000938
3367 0.000938
3368 0.000938
3369 0.000937
3370 0.000937
3371 0.000937
3372 0.000936
3373 0.000936
3374 0.000936
3375 0.000936
3376 0.000935
3377 0.000935
3378 0.000935
3379 0.000934
3380 0.000934
3381 0.000934
3382 0.000934
3383 0.000933
3384 0.000933
3385 0.000933
3386 0.000932
3387 0.000932
3388 0.000932
3389 0.000932
3390 0.000931
3391 0.000931
3392 0.000931
3393 0.000930
3394 0.000930
3395 0.000930
3396 0.000930
3397 0.000929
3398 0.000929
3399 0.000929
3400 0.000928
3401 0.000928
3402 0.000928
3403 0.000928
3404 0.000927
3405 0.000927
3406 0.000927
3407 0.000926
3408 0.000926
3409 0.000926
3410 0.000926
3411 0.000925
3412 0.000925
3413 0.000925
3414 0.000924
3415 0.000924
3416 0.000924
3417 0.000924
3418 0.000923
3419 0.000923
3420 0.000923
3421 0.000922
3422 0.000922
3423 0.000922
3424 0.000922
3425 0.000921
3426 0.000921
3427 0.000921
3428 0.000920
3429 0.000920
3430 0.000920
3431 0.000920
3432 0.000919
3433 0.000919
3434 0.000919
3435 0.000919
3436 0.000918
3437 0.000918
3438 0.000918
3439 0.000917
3440 0.000917
3441 0.000917
3442 0.000917
3443 0.000916
3444 0.000916
3445 0.000916
3446 0.000915
3447 0.000915
3448 0.000915
3449 0.000915
3450 0.000914
3451 0.000914
3452 0.000914
3453 0.000914
3454 0.000913
3455 0.000913
3456 0.000913
3457 0.000912
3458 0.000912
3459 0.000912
3460 0.000912
3461 0.000911
3462 0.000911
3463 0.000911
3464 0.000910
3465 0.000910
3466 0.000910
3467 0.000910
3468 0.000909
3469 0.000909
3470 0.000909
3471 0.000909
3472 0.000908
3473 0.000908
3474 0.000908
3475 0.000907
3476 0.000907
3477 0.000907
3478 0.000907
3479 0.000906
3480 0.000906
3481 0.000906
3482 0.000906
3483 0.000905
3484 0.000905
3485 0.000905
3486 0.000904
3487 0.000904
3488 0.000904
3489 0.000904
3490 0.000903
3491 0.000903
3492 0.000903
3493 0.000903
3494 0.000902
3495 0.000902
3496 0.000902
3497 0.000902
3498 0.000901
3499 0.000901
3500 0.000901
3501 0.000900
3502 0.000900
3503 0.000900
3504 0.000900
3505 0.000899
3506 0.000899
3507 0.000899
3508 0.000899
3509 0.000898
3510 0.000898
3511 0.000898
3512 0.000897
3513 0.000897
3514 0.000897
3515 0.000897
3516 0.000896
3517 0.000896
3518 0.000896
3519 0.000896
3520 0.000895
3521 0.000895
3522 0.000895
3523 0.000895
3524 0.000894
3525 0.000894
3526 0.000894
3527 0.000893
3528 0.000893
3529 0.000893
3530 0.000893
3531 0.000892
3532 0.000892
3533 0.000892
3534 0.000892
3535 0.000891
3536 0.000891
3537 0.000891
3538 0.000891
3539 0.000890
3540 0.000890
3541 0.000890
3542 0.000890
3543 0.000889
3544 0.000889
3545 0.000889
3546 0.000888
3547 0.000888
3548 0.000888
3549 0.000888
3550 0.000887
3551 0.000887
3552 0.000887
3553 0.000887
3554 0.000886
3555 0.000886
3556 0.000886
3557 0.000886
3558 0.000885
3559 0.000885
3560 0.000885
3561 0.000885
3562 0.000884
3563 0.000884
3564 0.000884
3565 0.000884
3566 0.000883
3567 0.000883
3568 0.000883
3569 0.000883
3570 0.000882
3571 0.000882
3572 0.000882
3573 0.000881
3574 0.000881
3575 0.000881
3576 0.000881
3577 0.000880
3578 0.000880
3579 0.000880
3580 0.000880
3581 0.000879
3582 0.000879
3583 0.000879
3584 0.000879
3585 0.000878
3586 0.000878
3587 0.000878
3588 0.000878
3589 0.000877
3590 0.000877
3591 0.000877
3592 0.000877
3593 0.000876
3594 0.000876
3595 0.000876
3596 0.000876
3597 0.000875
3598 0.000875
3599 0.000875
3600 0.000875
3601 0.000874
3602 0.000874
3603 0.000874
3604 0.000874
3605 0.000873
3606 0.000873
3607 0.000873
3608 0.000873
3609 0.000872
3610 0.000872
3611 0.000872
3612 0.000872
3613 0.000871
3614 0.000871
3615 0.000871
3616 0.000871
3617 0.000870
3618 0.000870
3619 0.000870
3620 0.000870
3621 0.000869
3622 0.000869
3623 0.000869
3624 0.000869
3625 0.000868
3626 0.000868
3627 0.000868
3628 0.000868
3629 0.000867
3630 0.000867
3631 0.000867
3632 0.000867
3633 0.000866
3634 0.000866
3635 0.000866
3636 0.000866
3637 0.000865
3638 0.000865
3639 0.000865
3640 0.000865
3641 0.000864
3642 0.000864
3643 0.000864
3644 0.000864
3645 0.000863
3646 0.000863
3647 0.000863
3648 0.000863
3649 0.000862
3650 0.000862
3651 0.000862
3652 0.000862
3653 0.000861
3654 0.000861
3655 0.000861
3656 0.000861
3657 0.000860
3658 0.000860
3659 0.000860
3660 0.000860
3661 0.000859
3662 0.000859
3663 0.000859
3664 0.000859
3665 0.000858
3666 0.000858
3667 0.000858
3668 0.000858
3669 0.000857
3670 0.000857
3671 0.000857
3672 0.000857
3673 0.000856
3674 0.000856
3675 0.000856
3676 0.000856
3677 0.000855
3678 0.000855
3679 0.000855
3680 0.000855
3681 0.000854
3682 0.000854
3683 0.000854
3684 0.000854
3685 0.000854
3686 0.000853
3687 0.000853
3688 0.000853
3689 0.000853
3690 0.000852
3691 0.000852
3692 0.000852
3693 0.000852
3694 0.000851
3695 0.000851
3696 0.000851
3697 0.000851
3698 0.000850
3699 0.000850
3700 0.000850
3701 0.000850
3702 0.000849
3703 0.000849
3704 0.000849
3705 0.000849
3706 0.000848
3707 0.000848
3708 0.000848
3709 0.000848
3710 0.000848
3711 0.000847
3712 0.000847
3713 0.000847
3714 0.000847
3715 0.000846
3716 0.000846
3717 0.000846
3718 0.000846
3719 0.000845
3720 0.000845
3721 0.000845
3722 0.000845
3723 0.000844
3724 0.000844
3725 0.000844
3726 0.000844
3727 0.000843
3728 0.000843
3729 0.000843
3730 0.000843
3731 0.000843
3732 0.000842
3733 0.000842
3734 0.000842
3735 0.000842
3736 0.000841
3737 0.000841
3738 0.000841
3739 0.000841
3740 0.000840
3741 0.000840
3742 0.000840
3743 0.000840
3744 0.000839
3745 0.000839
3746 0.000839
3747 0.000839
3748 0.000839
3749 0.000838
3750 0.000838
3751 0.000838
3752 0.000838
3753 0.000837
3754 0.000837
3755 0.000837
3756 0.000837
3757 0.000836
3758 0.000836
3759 0.000836
3760 0.000836
3761 0.000836
3762 0.000835
3763 0.000835
3764 0.000835
3765 0.000835
3766 0.000834
3767 0.000834
3768 0.000834
3769 0.000834
3770 0.000833
3771 0.000833
3772 0.000833
3773 0.000833
3774 0.000833
3775 0.000832
3776 0.000832
3777 0.000832
3778 0.000832
3779 0.000831
3780 0.000831
3781 0.000831
3782 0.000831
3783 0.000830
3784 0.000830
3785 0.000830
3786 0.000830
3787 0.000830
3788 0.000829
3789 0.000829
3790 0.000829
3791 0.000829
3792 0.000828
3793 0.000828
3794 0.000828
3795 0.000828
3796 0.000827
3797 0.000827
3798 0.000827
3799 0.000827
3800 0.000827
3801 0.000826
3802 0.000826
3803 0.000826
3804 0.000826
3805 0.000825
3806 0.000825
3807 0.000825
3808 0.000825
3809 0.000825
3810 0.000824
3811 0.000824
3812 0.000824
3813 0.000824
3814 0.000823
3815 0.000823
3816 0.000823
3817 0.000823
3818 0.000823
3819 0.000822
3820 0.000822
3821 0.000822
3822 0.000822
3823 0.000821
3824 0.000821
3825 0.000821
3826 0.000821
3827 0.000820
3828 0.000820
3829 0.000820
3830 0.000820
3831 0.000820
3832 0.000819
3833 0.000819
3834 0.000819
3835 0.000819
3836 0.000818
3837 0.000818
3838 0.000818
3839 0.000818
3840 0.000818
3841 0.000817
3842 0.000817
3843 0.000817
3844 0.000817
3845 0.000816
3846 0.000816
3847 0.000816
3848 0.000816
3849 0.000816
3850 0.000815
3851 0.000815
3852 0.000815
3853 0.000815
3854 0.000814
3855 0.000814
3856 0.000814
3857 0.000814
3858 0.000814
3859 0.000813
3860 0.000813
3861 0.000813
3862 0.000813
3863 0.000813
3864 0.000812
3865 0.000812
3866 0.000812
3867 0.000812
3868 0.000811
3869 0.000811
3870 0.000811
3871 0.000811
3872 0.000811
3873 0.000810
3874 0.000810
3875 0.000810
3876 0.000810
3877 0.000809
3878 0.000809
3879 0.000809
3880 0.000809
3881 0.000809
3882 0.000808
3883 0.000808
3884 0.000808
3885 0.000808
3886 0.000807
3887 0.000807
3888 0.000807
3889 0.000807
3890 0.000807
3891 0.000806
3892 0.000806
3893 0.000806
3894 0.000806
3895 0.000806
3896 0.000805
3897 0.000805
3898 0.000805
3899 0.000805
3900 0.000804
3901 0.000804
3902 0.000804
3903 0.000804
3904 0.000804
3905 0.000803
3906 0.000803
3907 0.000803
3908 0.000803
3909 0.000803
3910 0.000802
3911 0.000802
3912 0.000802
3913 0.000802
3914 0.000801
3915 0.000801
3916 0.000801
3917 0.000801
3918 0.000801
3919 0.000800
3920 0.000800
3921 0.000800
3922 0.000800
3923 0.000800
3924 0.000799
3925 0.000799
3926 0.000799
3927 0.000799
3928 0.000798
3929 0.000798
3930 0.000798
3931 0.000798
3932 0.000798
3933 0.000797
3934 0.000797
3935 0.000797
3936 0.000797
3937 0.000797
3938 0.000796
3939 0.000796
3940 0.000796
3941 0.000796
3942 0.000796
3943 0.000795
3944 0.000795
3945 0.000795
3946 0.000795
3947 0.000794
3948 0.000794
3949 0.000794
3950 0.000794
3951 0.000794
3952 0.000793
3953 0.000793
3954 0.000793
3955 0.000793
3956 0.000793
3957 0.000792
3958 0.000792
3959 0.000792
3960 0.000792
3961 0.000792
3962 0.000791
3963 0.000791
3964 0.000791
3965 0.000791
3966 0.000790
3967 0.000790
3968 0.000790
3969 0.000790
3970 0.000790
3971 0.000789
3972 0.000789
3973 0.000789
3974 0.000789
3975 0.000789
3976 0.000788
3977 0.000788
3978 0.000788
3979 0.000788
3980 0.000788
3981 0.000787
3982 0.000787
3983 0.000787
3984 0.000787
3985 0.000787
3986 0.000786
3987 0.000786
3988 0.000786
3989 0.000786
3990 0.000786
3991 0.000785
3992 0.000785
3993 0.000785
3994 0.000785
3995 0.000785
3996 0.000784
3997 0.000784
3998 0.000784
3999 0.000784
4000 0.000783
4001 0.000783
4002 0.000783
4003 0.000783
4004 0.000783
4005 0.000782
4006 0.000782
4007 0.000782
4008 0.000782
4009 0.000782
4010 0.000781
4011 0.000781
4012 0.000781
4013 0.000781
4014 0.000781
4015 0.000780
4016 0.000780
4017 0.000780
4018 0.000780
4019 0.000780
4020 0.000779
4021 0.000779
4022 0.000779
4023 0.000779
4024 0.000779
4025 0.000778
4026 0.000778
4027 0.000778
4028 0.000778
4029 0.000778
4030 0.000777
4031 0.000777
4032 0.000777
4033 0.000777
4034 0.000777
4035 0.000776
4036 0.000776
4037 0.000776
4038 0.000776
4039 0.000776
4040 0.000775
4041 0.000775
4042 0.000775
4043 0.000775
4044 0.000775
4045 0.000774
4046 0.000774
4047 0.000774
4048 0.000774
4049 0.000774
4050 0.000773
4051 0.000773
4052 0.000773
4053 0.000773
4054 0.000773
4055 0.000772
4056 0.000772
4057 0.000772
4058 0.000772
4059 0.000772
4060 0.000771
4061 0.000771
4062 0.000771
4063 0.000771
4064 0.000771
4065 0.000770
4066 0.000770
4067 0.000770
4068 0.000770
4069 0.000770
4070 0.000769
4071 0.000769
4072 0.000769
4073 0.000769
4074 0.000769
4075 0.000768
4076 0.000768
4077 0.000768
4078 0.000768
4079 0.000768
4080 0.000767
4081 0.000767
4082 0.000767
4083 0.000767
4084 0.000767
4085 0.000766
4086 0.000766
4087 0.000766
4088 0.000766
4089 0.000766
4090 0.000766
4091 0.000765
4092 0.000765
4093 0.000765
4094 0.000765
4095 0.000765
4096 0.000764
4097 0.000764
4098 0.000764
4099 0.000764
4100 0.000764
4101 0.000763
4102 0.000763
4103 0.000763
4104 0.000763
4105 0.000763
4106 0.000762
4107 0.000762
4108 0.000762
4109 0.000762
4110 0.000762
4111 0.000761
4112 0.000761
4113 0.000761
4114 0.000761
4115 0.000761
4116 0.000760
4117 0.000760
4118 0.000760
4119 0.000760
4120 0.000760
4121 0.000760
4122 0.000759
4123 0.000759
4124 0.000759
4125 0.000759
4126 0.000759
4127 0.000758
4128 0.000758
4129 0.000758
4130 0.000758
4131 0.000758
4132 0.000757
4133 0.000757
4134 0.000757
4135 0.000757
4136 0.000757
4137 0.000756
4138 0.000756
4139 0.000756
4140 0.000756
4141 0.000756
4142 0.000755
4143 0.000755
4144 0.000755
4145 0.000755
4146 0.000755
4147 0.000755
4148 0.000754
4149 0.000754
4150 0.000754
4151 0.000754
4152 0.000754
4153 0.000753
4154 0.000753
4155 0.000753
4156 0.000753
4157 0.000753
4158 0.000752
4159 0.000752
4160 0.000752
4161 0.000752
4162 0.000752
4163 0.000752
4164 0.000751
4165 0.000751
4166 0.000751
4167 0.000751
4168 0.000751
4169 0.000750
4170 0.000750
4171 0.000750
4172 0.000750
4173 0.000750
4174 0.000749
4175 0.000749
4176 0.000749
4177 0.000749
4178 0.000749
4179 0.000749
4180 0.000748
4181 0.000748
4182 0.000748
4183 0.000748
4184 0.000748
4185 0.000747
4186 0.000747
4187 0.000747
4188 0.000747
4189 0.000747
4190 0.000746
4191 0.000746
4192 0.000746
4193 0.000746
4194 0.000746
4195 0.000746
4196 0.000745
4197 0.000745
4198 0.000745
4199 0.000745
4200 0.000745
4201 0.000744
4202 0.000744
4203 0.000744
4204 0.000744
4205 0.000744
4206 0.000744
4207 0.000743
4208 0.000743
4209 0.000743
4210 0.000743
4211 0.000743
4212 0.000742
4213 0.000742
4214 0.000742
4215 0.000742
4216 0.000742
4217 0.000741
4218 0.000741
4219 0.000741
4220 0.000741
4221 0.000741
4222 0.000741
4223 0.000740
4224 0.000740
4225 0.000740
4226 0.000740
4227 0.000740
4228 0.000739
4229 0.000739
4230 0.000739
4231 0.000739
4232 0.000739
4233 0.000739
4234 0.000738
4235 0.000738
4236 0.000738
4237 0.000738
4238 0.000738
4239 0.000737
4240 0.000737
4241 0.000737
4242 0.000737
4243 0.000737
4244 0.000737
4245 0.000736
4246 0.000736
4247 0.000736
4248 0.000736
4249 0.000736
4250 0.000735
4251 0.000735
4252 0.000735
4253 0.000735
4254 0.000735
4255 0.000735
4256 0.000734
4257 0.000734
4258 0.000734
4259 0.000734
4260 0.000734
4261 0.000734
4262 0.000733
4263 0.000733
4264 0.000733
4265 0.000733
4266 0.000733
4267 0.000732
4268 0.000732
4269 0.000732
4270 0.000732
4271 0.000732
4272 0.000732
4273 0.000731
4274 0.000731
4275 0.000731
4276 0.000731
4277 0.000731
4278 0.000730
4279 0.000730
4280 0.000730
4281 0.000730
4282 0.000730
4283 0.000730
4284 0.000729
4285 0.000729
4286 0.000729
4287 0.000729
4288 0.000729
4289 0.000729
4290 0.000728
4291 0.000728
4292 0.000728
4293 0.000728
4294 0.000728
4295 0.000727
4296 0.000727
4297 0.000727
4298 0.000727
4299 0.000727
4300 0.000727
4301 0.000726
4302 0.000726
4303 0.000726
4304 0.000726
4305 0.000726
4306 0.000726
4307 0.000725
4308 0.000725
4309 0.000725
4310 0.000725
4311 0.000725
4312 0.000724
4313 0.000724
4314 0.000724
4315 0.000724
4316 0.000724
4317 0.000724
4318 0.000723
4319 0.000723
4320 0.000723
4321 0.000723
4322 0.000723
4323 0.000723
4324 0.000722
4325 0.000722
4326 0.000722
4327 0.000722
4328 0.000722
4329 0.000721
4330 0.000721
4331 0.000721
4332 0.000721
4333 0.000721
4334 0.000721
4335 0.000720
4336 0.000720
4337 0.000720
4338 0.000720
4339 0.000720
4340 0.000720
4341 0.000719
4342 0.000719
4343 0.000719
4344 0.000719
4345 0.000719
4346 0.000719
4347 0.000718
4348 0.000718
4349 0.000718
4350 0.000718
4351 0.000718
4352 0.000718
4353 0.000717
4354 0.000717
4355 0.000717
4356 0.000717
4357 0.000717
4358 0.000716
4359 0.000716
4360 0.000716
4361 0.000716
4362 0.000716
4363 0.000716
4364 0.000715
4365 0.000715
4366 0.000715
4367 0.000715
4368 0.000715
4369 0.000715
4370 0.000714
4371 0.000714
4372 0.000714
4373 0.000714
4374 0.000714
4375 0.000714
4376 0.000713
4377 0.000713
4378 0.000713
4379 0.000713
4380 0.000713
4381 0.000713
4382 0.000712
4383 0.000712
4384 0.000712
4385 0.000712
4386 0.000712
4387 0.000712
4388 0.000711
4389 0.000711
4390 0.000711
4391 0.000711
4392 0.000711
4393 0.000711
4394 0.000710
4395 0.000710
4396 0.000710
4397 0.000710
4398 0.000710
4399 0.000710
4400 0.000709
4401 0.000709
4402 0.000709
4403 0.000709
4404 0.000709
4405 0.000709
4406 0.000708
4407 0.000708
4408 0.000708
4409 0.000708
4410 0.000708
4411 0.000708
4412 0.000707
4413 0.000707
4414 0.000707
4415 0.000707
4416 0.000707
4417 0.000707
4418 0.000706
4419 0.000706
4420 0.000706
4421 0.000706
4422 0.000706
4423 0.000706
4424 0.000705
4425 0.000705
4426 0.000705
4427 0.000705
4428 0.000705
4429 0.000705
4430 0.000704
4431 0.000704
4432 0.000704
4433 0.000704
4434 0.000704
4435 0.000704
4436 0.000703
4437 0.000703
4438 0.000703
4439 0.000703
4440 0.000703
4441 0.000703
4442 0.000702
4443 0.000702
4444 0.000702
4445 0.000702
4446 0.000702
4447 0.000702
4448 0.000701
4449 0.000701
4450 0.000701
4451 0.000701
4452 0.000701
4453 0.000701
4454 0.000700
4455 0.000700
4456 0.000700
4457 0.000700
4458 0.000700
4459 0.000700
4460 0.000699
4461 0.000699
4462 0.000699
4463 0.000699
4464 0.000699
4465 0.000699
4466 0.000698
4467 0.000698
4468 0.000698
4469 0.000698
4470 0.000698
4471 0.000698
4472 0.000697
4473 0.000697
4474 0.000697
4475 0.000697
4476 0.000697
4477 0.000697
4478 0.000696
4479 0.000696
4480 0.000696
4481 0.000696
4482 0.000696
4483 0.000696
4484 0.000696
4485 0.000695
4486 0.000695
4487 0.000695
4488 0.000695
4489 0.000695
4490 0.000695
4491 0.000694
4492 0.000694
4493 0.000694
4494 0.000694
4495 0.000694
4496 0.000694
4497 0.000693
4498 0.000693
4499 0.000693
4500 0.000693
4501 0.000693
4502 0.000693
4503 0.000692
4504 0.000692
4505 0.000692
4506 0.000692
4507 0.000692
4508 0.000692
4509 0.000692
4510 0.000691
4511 0.000691
4512 0.000691
4513 0.000691
4514 0.000691
4515 0.000691
4516 0.000690
4517 0.000690
4518 0.000690
4519 0.000690
4520 0.000690
4521 0.000690
4522 0.000689
4523 0.000689
4524 0.000689
4525 0.000689
4526 0.000689
4527 0.000689
4528 0.000688
4529 0.000688
4530 0.000688
4531 0.000688
4532 0.000688
4533 0.000688
4534 0.000688
4535 0.000687
4536 0.000687
4537 0.000687
4538 0.000687
4539 0.000687
4540 0.000687
4541 0.000686
4542 0.000686
4543 0.000686
4544 0.000686
4545 0.000686
4546 0.000686
4547 0.000685
4548 0.000685
4549 0.000685
4550 0.000685
4551 0.000685
4552 0.000685
4553 0.000685
4554 0.000684
4555 0.000684
4556 0.000684
4557 0.000684
4558 0.000684
4559 0.000684
4560 0.000683
4561 0.000683
4562 0.000683
4563 0.000683
4564 0.000683
4565 0.000683
4566 0.000683
4567 0.000682
4568 0.000682
4569 0.000682
4570 0.000682
4571 0.000682
4572 0.000682
4573 0.000681
4574 0.000681
4575 0.000681
4576 0.000681
4577 0.000681
4578 0.000681
4579 0.000680
4580 0.000680
4581 0.000680
4582 0.000680
4583 0.000680
4584 0.000680
4585 0.000680
4586 0.000679
4587 0.000679
4588 0.000679
4589 0.000679
4590 0.000679
4591 0.000679
4592 0.000678
4593 0.000678
4594 0.000678
4595 0.000678
4596 0.000678
4597 0.000678
4598 0.000678
4599 0.000677
4600 0.000677
4601 0.000677
4602 0.000677
4603 0.000677
4604 0.000677
4605 0.000676
4606 0.000676
4607 0.000676
4608 0.000676
4609 0.000676
4610 0.000676
4611 0.000676
4612 0.000675
4613 0.000675
4614 0.000675
4615 0.000675
4616 0.000675
4617 0.000675
4618 0.000675
4619 0.000674
4620 0.000674
4621 0.000674
4622 0.000674
4623 0.000674
4624 0.000674
4625 0.000673
4626 0.000673
4627 0.000673
4628 0.000673
4629 0.000673
4630 0.000673
4631 0.000673
4632 0.000672
4633 0.000672
4634 0.000672
4635 0.000672
4636 0.000672
4637 0.000672
4638 0.000671
4639 0.000671
4640 0.000671
4641 0.000671
4642 0.000671
4643 0.000671
4644 0.000671
4645 0.000670
4646 0.000670
4647 0.000670
4648 0.000670
4649 0.000670
4650 0.000670
4651 0.000670
4652 0.000669
4653 0.000669
4654 0.000669
4655 0.000669
4656 0.000669
4657 0.000669
4658 0.000668
4659 0.000668
4660 0.000668
4661 0.000668
4662 0.000668
4663 0.000668
4664 0.000668
4665 0.000667
4666 0.000667
4667 0.000667
4668 0.000667
4669 0.000667
4670 0.000667
4671 0.000667
4672 0.000666
4673 0.000666
4674 0.000666
4675 0.000666
4676 0.000666
4677 0.000666
4678 0.000665
4679 0.000665
4680 0.000665
4681 0.000665
4682 0.000665
4683 0.000665
4684 0.000665
4685 0.000664
4686 0.000664
4687 0.000664
4688 0.000664
4689 0.000664
4690 0.000664
4691 0.000664
4692 0.000663
4693 0.000663
4694 0.000663
4695 0.000663
4696 0.000663
4697 0.000663
4698 0.000663
4699 0.000662
4700 0.000662
4701 0.000662
4702 0.000662
4703 0.000662
4704 0.000662
4705 0.000662
4706 0.000661
4707 0.000661
4708 0.000661
4709 0.000661
4710 0.000661
4711 0.000661
4712 0.000660
4713 0.000660
4714 0.000660
4715 0.000660
4716 0.000660
4717 0.000660
4718 0.000660
4719 0.000659
4720 0.000659
4721 0.000659
4722 0.000659
4723 0.000659
4724 0.000659
4725 0.000659
4726 0.000658
4727 0.000658
4728 0.000658
4729 0.000658
4730 0.000658
4731 0.000658
4732 0.000658
4733 0.000657
4734 0.000657
4735 0.000657
4736 0.000657
4737 0.000657
4738 0.000657
4739 0.000657
4740 0.000656
4741 0.000656
4742 0.000656
4743 0.000656
4744 0.000656
4745 0.000656
4746 0.000656
4747 0.000655
4748 0.000655
4749 0.000655
4750 0.000655
4751 0.000655
4752 0.000655
4753 0.000655
4754 0.000654
4755 0.000654
4756 0.000654
4757 0.000654
4758 0.000654
4759 0.000654
4760 0.000654
4761 0.000653
4762 0.000653
4763 0.000653
4764 0.000653
4765 0.000653
4766 0.000653
4767 0.000653
4768 0.000652
4769 0.000652
4770 0.000652
4771 0.000652
4772 0.000652
4773 0.000652
4774 0.000652
4775 0.000651
4776 0.000651
4777 0.000651
4778 0.000651
4779 0.000651
4780 0.000651
4781 0.000651
4782 0.000650
4783 0.000650
4784 0.000650
4785 0.000650
4786 0.000650
4787 0.000650
4788 0.000650
4789 0.000649
4790 0.000649
4791 0.000649
4792 0.000649
4793 0.000649
4794 0.000649
4795 0.000649
4796 0.000648
4797 0.000648
4798 0.000648
4799 0.000648
4800 0.000648
4801 0.000648
4802 0.000648
4803 0.000647
4804 0.000647
4805 0.000647
4806 0.000647
4807 0.000647
4808 0.000647
4809 0.000647
4810 0.000646
4811 0.000646
4812 0.000646
4813 0.000646
4814 0.000646
4815 0.000646
4816 0.000646
4817 0.000646
4818 0.000645
4819 0.000645
4820 0.000645
4821 0.000645
4822 0.000645
4823 0.000645
4824 0.000645
4825 0.000644
4826 0.000644
4827 0.000644
4828 0.000644
4829 0.000644
4830 0.000644
4831 0.000644
4832 0.000643
4833 0.000643
4834 0.000643
4835 0.000643
4836 0.000643
4837 0.000643
4838 0.000643
4839 0.000642
4840 0.000642
4841 0.000642
4842 0.000642
4843 0.000642
4844 0.000642
4845 0.000642
4846 0.000641
4847 0.000641
4848 0.000641
4849 0.000641
4850 0.000641
4851 0.000641
4852 0.000641
4853 0.000641
4854 0.000640
4855 0.000640
4856 0.000640
4857 0.000640
4858 0.000640
4859 0.000640
4860 0.000640
4861 0.000639
4862 0.000639
4863 0.000639
4864 0.000639
4865 0.000639
4866 0.000639
4867 0.000639
4868 0.000638
4869 0.000638
4870 0.000638
4871 0.000638
4872 0.000638
4873 0.000638
4874 0.000638
4875 0.000638
4876 0.000637
4877 0.000637
4878 0.000637
4879 0.000637
4880 0.000637
4881 0.000637
4882 0.000637
4883 0.000636
4884 0.000636
4885 0.000636
4886 0.000636
4887 0.000636
4888 0.000636
4889 0.000636
4890 0.000635
4891 0.000635
4892 0.000635
4893 0.000635
4894 0.000635
4895 0.000635
4896 0.000635
4897 0.000635
4898 0.000634
4899 0.000634
4900 0.000634
4901 0.000634
4902 0.000634
4903 0.000634
4904 0.000634
4905 0.000633
4906 0.000633
4907 0.000633
4908 0.000633
4909 0.000633
4910 0.000633
4911 0.000633
4912 0.000633
4913 0.000632
4914 0.000632
4915 0.000632
4916 0.000632
4917 0.000632
4918 0.000632
4919 0.000632
4920 0.000631
4921 0.000631
4922 0.000631
4923 0.000631
4924 0.000631
4925 0.000631
4926 0.000631
4927 0.000631
4928 0.000630
4929 0.000630
4930 0.000630
4931 0.000630
4932 0.000630
4933 0.000630
4934 0.000630
4935 0.000629
4936 0.000629
4937 0.000629
4938 0.000629
4939 0.000629
4940 0.000629
4941 0.000629
4942 0.000629
4943 0.000628
4944 0.000628
4945 0.000628
4946 0.000628
4947 0.000628
4948 0.000628
4949 0.000628
4950 0.000627
4951 0.000627
4952 0.000627
4953 0.000627
4954 0.000627
4955 0.000627
4956 0.000627
4957 0.000627
4958 0.000626
4959 0.000626
4960 0.000626
4961 0.000626
4962 0.000626
4963 0.000626
4964 0.000626
4965 0.000625
4966 0.000625
4967 0.000625
4968 0.000625
4969 0.000625
4970 0.000625
4971 0.000625
4972 0.000625
4973 0.000624
4974 0.000624
4975 0.000624
4976 0.000624
4977 0.000624
4978 0.000624
4979 0.000624
4980 0.000624
4981 0.000623
4982 0.000623
4983 0.000623
4984 0.000623
4985 0.000623
4986 0.000623
4987 0.000623
4988 0.000622
4989 0.000622
4990 0.000622
4991 0.000622
4992 0.000622
4993 0.000622
4994 0.000622
4995 0.000622
4996 0.000621
4997 0.000621
4998 0.000621
4999 0.000621
5000 0.000621
5001 0.000621
5002 0.000621
5003 0.000621
5004 0.000620
5005 0.000620
5006 0.000620
5007 0.000620
5008 0.000620
5009 0.000620
5010 0.000620
5011 0.000620
5012 0.000619
5013 0.000619
5014 0.000619
5015 0.000619
5016 0.000619
5017 0.000619
5018 0.000619
5019 0.000618
5020 0.000618
5021 0.000618
5022 0.000618
5023 0.000618
5024 0.000618
5025 0.000618
5026 0.000618
5027 0.000617
5028 0.000617
5029 0.000617
5030 0.000617
5031 0.000617
5032 0.000617
5033 0.000617
5034 0.000617
5035 0.000616
5036 0.000616
5037 0.000616
5038 0.000616
5039 0.000616
5040 0.000616
5041 0.000616
5042 0.000616
5043 0.000615
5044 0.000615
5045 0.000615
5046 0.000615
5047 0.000615
5048 0.000615
5049 0.000615
5050 0.000615
5051 0.000614
5052 0.000614
5053 0.000614
5054 0.000614
5055 0.000614
5056 0.000614
5057 0.000614
5058 0.000614
5059 0.000613
5060 0.000613
5061 0.000613
5062 0.000613
5063 0.000613
5064 0.000613
5065 0.000613
5066 0.000613
5067 0.000612
5068 0.000612
5069 0.000612
5070 0.000612
5071 0.000612
5072 0.000612
5073 0.000612
5074 0.000612
5075 0.000611
5076 0.000611
5077 0.000611
5078 0.000611
5079 0.000611
5080 0.000611
5081 0.000611
5082 0.000611
5083 0.000610
5084 0.000610
5085 0.000610
5086 0.000610
5087 0.000610
5088 0.000610
5089 0.000610
5090 0.000610
5091 0.000609
5092 0.000609
5093 0.000609
5094 0.000609
5095 0.000609
5096 0.000609
5097 0.000609
5098 0.000609
5099 0.000608
5100 0.000608
5101 0.000608
5102 0.000608
5103 0.000608
5104 0.000608
5105 0.000608
5106 0.000608
5107 0.000607
5108 0.000607
5109 0.000607
5110 0.000607
5111 0.000607
5112 0.000607
5113 0.000607
5114 0.000607
5115 0.000606
5116 0.000606
5117 0.000606
5118 0.000606
5119 0.000606
5120 0.000606
5121 0.000606
5122 0.000606
5123 0.000605
5124 0.000605
5125 0.000605
5126 0.000605
5127 0.000605
5128 0.000605
5129 0.000605
5130 0.000605
5131 0.000604
5132 0.000604
5133 0.000604
5134 0.000604
5135 0.000604
5136 0.000604
5137 0.000604
5138 0.000604
5139 0.000603
5140 0.000603
5141 0.000603
5142 0.000603
5143 0.000603
5144 0.000603
5145 0.000603
5146 0.000603
5147 0.000602
5148 0.000602
5149 0.000602
5150 0.000602
5151 0.000602
5152 0.000602
5153 0.000602
5154 0.000602
5155 0.000602
5156 0.000601
5157 0.000601
5158 0.000601
5159 0.000601
5160 0.000601
5161 0.000601
5162 0.000601
5163 0.000601
5164 0.000600
5165 0.000600
5166 0.000600
5167 0.000600
5168 0.000600
5169 0.000600
5170 0.000600
5171 0.000600
5172 0.000599
5173 0.000599
5174 0.000599
5175 0.000599
5176 0.000599
5177 0.000599
5178 0.000599
5179 0.000599
5180 0.000598
5181 0.000598
5182 0.000598
5183 0.000598
5184 0.000598
5185 0.000598
5186 0.000598
5187 0.000598
5188 0.000598
5189 0.000597
5190 0.000597
5191 0.000597
5192 0.000597
5193 0.000597
5194 0.000597
5195 0.000597
5196 0.000597
5197 0.000596
5198 0.000596
5199 0.000596
5200 0.000596
5201 0.000596
5202 0.000596
5203 0.000596
5204 0.000596
5205 0.000596
5206 0.000595
5207 0.000595
5208 0.000595
5209 0.000595
5210 0.000595
5211 0.000595
5212 0.000595
5213 0.000595
5214 0.000594
5215 0.000594
5216 0.000594
5217 0.000594
5218 0.000594
5219 0.000594
5220 0.000594
5221 0.000594
5222 0.000593
5223 0.000593
5224 0.000593
5225 0.000593
5226 0.000593
5227 0.000593
5228 0.000593
5229 0.000593
5230 0.000593
5231 0.000592
5232 0.000592
5233 0.000592
5234 0.000592
5235 0.000592
5236 0.000592
5237 0.000592
5238 0.000592
5239 0.000591
5240 0.000591
5241 0.000591
5242 0.000591
5243 0.000591
5244 0.000591
5245 0.000591
5246 0.000591
5247 0.000591
5248 0.000590
5249 0.000590
5250 0.000590
5251 0.000590
5252 0.000590
5253 0.000590
5254 0.000590
5255 0.000590
5256 0.000589
5257 0.000589
5258 0.000589
5259 0.000589
5260 0.000589
5261 0.000589
5262 0.000589
5263 0.000589
5264 0.000589
5265 0.000588
5266 0.000588
5267 0.000588
5268 0.000588
5269 0.000588
5270 0.000588
5271 0.000588
5272 0.000588
5273 0.000588
5274 0.000587
5275 0.000587
5276 0.000587
5277 0.000587
5278 0.000587
5279 0.000587
5280 0.000587
5281 0.000587
5282 0.000586
5283 0.000586
5284 0.000586
5285 0.000586
5286 0.000586
5287 0.000586
5288 0.000586
5289 0.000586
5290 0.000586
5291 0.000585
5292 0.000585
5293 0.000585
5294 0.000585
5295 0.000585
5296 0.000585
5297 0.000585
5298 0.000585
5299 0.000585
5300 0.000584
5301 0.000584
5302 0.000584
5303 0.000584
5304 0.000584
5305 0.000584
5306 0.000584
5307 0.000584
5308 0.000583
5309 0.000583
5310 0.000583
5311 0.000583
5312 0.000583
5313 0.000583
5314 0.000583
5315 0.000583
5316 0.000583
5317 0.000582
5318 0.000582
5319 0.000582
5320 0.000582
5321 0.000582
5322 0.000582
5323 0.000582
5324 0.000582
5325 0.000582
5326 0.000581
5327 0.000581
5328 0.000581
5329 0.000581
5330 0.000581
5331 0.000581
5332 0.000581
5333 0.000581
5334 0.000581
5335 0.000580
5336 0.000580
5337 0.000580
5338 0.000580
5339 0.000580
5340 0.000580
5341 0.000580
5342 0.000580
5343 0.000580
5344 0.000579
5345 0.000579
5346 0.000579
5347 0.000579
5348 0.000579
5349 0.000579
5350 0.000579
5351 0.000579
5352 0.000578
5353 0.000578
5354 0.000578
5355 0.000578
5356 0.000578
5357 0.000578
5358 0.000578
5359 0.000578
5360 0.000578
5361 0.000577
5362 0.000577
5363 0.000577
5364 0.000577
5365 0.000577
5366 0.000577
5367 0.000577
5368 0.000577
5369 0.000577
5370 0.000576
5371 0.000576
5372 0.000576
5373 0.000576
5374 0.000576
5375 0.000576
5376 0.000576
5377 0.000576
5378 0.000576
5379 0.000575
5380 0.000575
5381 0.000575
5382 0.000575
5383 0.000575
5384 0.000575
5385 0.000575
5386 0.000575
5387 0.000575
5388 0.000574
5389 0.000574
5390 0.000574
5391 0.000574
5392 0.000574
5393 0.000574
5394 0.000574
5395 0.000574
5396 0.000574
5397 0.000573
5398 0.000573
5399 0.000573
5400 0.000573
5401 0.000573
5402 0.000573
5403 0.000573
5404 0.000573
5405 0.000573
5406 0.000572
5407 0.000572
5408 0.000572
5409 0.000572
5410 0.000572
5411 0.000572
5412 0.000572
5413 0.000572
5414 0.000572
5415 0.000571
5416 0.000571
5417 0.000571
5418 0.000571
5419 0.000571
5420 0.000571
5421 0.000571
5422 0.000571
5423 0.000571
5424 0.000571
5425 0.000570
5426 0.000570
5427 0.000570
5428 0.000570
5429 0.000570
5430 0.000570
5431 0.000570
5432 0.000570
5433 0.000570
5434 0.000569
5435 0.000569
5436 0.000569
5437 0.000569
5438 0.000569
5439 0.000569
5440 0.000569
5441 0.000569
5442 0.000569
5443 0.000568
5444 0.000568
5445 0.000568
5446 0.000568
5447 0.000568
5448 0.000568
5449 0.000568
5450 0.000568
5451 0.000568
5452 0.000567
5453 0.000567
5454 0.000567
5455 0.000567
5456 0.000567
5457 0.000567
5458 0.000567
5459 0.000567
5460 0.000567
5461 0.000566
5462 0.000566
5463 0.000566
5464 0.000566
5465 0.000566
5466 0.000566
5467 0.000566
5468 0.000566
5469 0.000566
5470 0.000566
5471 0.000565
5472 0.000565
5473 0.000565
5474 0.000565
5475 0.000565
5476 0.000565
5477 0.000565
5478 0.000565
5479 0.000565
5480 0.000564
5481 0.000564
5482 0.000564
5483 0.000564
5484 0.000564
5485 0.000564
5486 0.000564
5487 0.000564
5488 0.000564
5489 0.000563
5490 0.000563
5491 0.000563
5492 0.000563
5493 0.000563
5494 0.000563
5495 0.000563
5496 0.000563
5497 0.000563
5498 0.000563
5499 0.000562
5500 0.000562
5501 0.000562
5502 0.000562
5503 0.000562
5504 0.000562
5505 0.000562
5506 0.000562
5507 0.000562
5508 0.000561
5509 0.000561
5510 0.000561
5511 0.000561
5512 0.000561
5513 0.000561
5514 0.000561
5515 0.000561
5516 0.000561
5517 0.000561
5518 0.000560
5519 0.000560
5520 0.000560
5521 0.000560
5522 0.000560
5523 0.000560
5524 0.000560
5525 0.000560
5526 0.000560
5527 0.000559
5528 0.000559
5529 0.000559
5530 0.000559
5531 0.000559
5532 0.000559
5533 0.000559
5534 0.000559
5535 0.000559
5536 0.000559
5537 0.000558
5538 0.000558
5539 0.000558
5540 0.000558
5541 0.000558
5542 0.000558
5543 0.000558
5544 0.000558
5545 0.000558
5546 0.000557
5547 0.000557
5548 0.000557
5549 0.000557
5550 0.000557
5551 0.000557
5552 0.000557
5553 0.000557
5554 0.000557
5555 0.000557
5556 0.000556
5557 0.000556
5558 0.000556
5559 0.000556
5560 0.000556
5561 0.000556
5562 0.000556
5563 0.000556
5564 0.000556
5565 0.000555
5566 0.000555
5567 0.000555
5568 0.000555
5569 0.000555
5570 0.000555
5571 0.000555
5572 0.000555
5573 0.000555
5574 0.000555
5575 0.000554
5576 0.000554
5577 0.000554
5578 0.000554
5579 0.000554
5580 0.000554
5581 0.000554
5582 0.000554
5583 0.000554
5584 0.000554
5585 0.000553
5586 0.000553
5587 0.000553
5588 0.000553
5589 0.000553
5590 0.000553
5591 0.000553
5592 0.000553
5593 0.000553
5594 0.000552
5595 0.000552
5596 0.000552
5597 0.000552
5598 0.000552
5599 0.000552
5600 0.000552
5601 0.000552
5602 0.000552
5603 0.000552
5604 0.000551
5605 0.000551
5606 0.000551
5607 0.000551
5608 0.000551
5609 0.000551
5610 0.000551
5611 0.000551
5612 0.000551
5613 0.000551
5614 0.000550
5615 0.000550
5616 0.000550
5617 0.000550
5618 0.000550
5619 0.000550
5620 0.000550
5621 0.000550
5622 0.000550
5623 0.000550
5624 0.000549
5625 0.000549
5626 0.000549
5627 0.000549
5628 0.000549
5629 0.000549
5630 0.000549
5631 0.000549
5632 0.000549
5633 0.000549
5634 0.000548
5635 0.000548
5636 0.000548
5637 0.000548
5638 0.000548
5639 0.000548
5640 0.000548
5641 0.000548
5642 0.000548
5643 0.000548
5644 0.000547
5645 0.000547
5646 0.000547
5647 0.000547
5648 0.000547
5649 0.000547
5650 0.000547
5651 0.000547
5652 0.000547
5653 0.000547
5654 0.000546
5655 0.000546
5656 0.000546
5657 0.000546
5658 0.000546
5659 0.000546
5660 0.000546
5661 0.000546
5662 0.000546
5663 0.000545
5664 0.000545
5665 0.000545
5666 0.000545
5667 0.000545
5668 0.000545
5669 0.000545
5670 0.000545
5671 0.000545
5672 0.000545
5673 0.000544
5674 0.000544
5675 0.000544
5676 0.000544
5677 0.000544
5678 0.000544
5679 0.000544
5680 0.000544
5681 0.000544
5682 0.000544
5683 0.000544
5684 0.000543
5685 0.000543
5686 0.000543
5687 0.000543
5688 0.000543
5689 0.000543
5690 0.000543
5691 0.000543
5692 0.000543
5693 0.000543
5694 0.000542
5695 0.000542
5696 0.000542
5697 0.000542
5698 0.000542
5699 0.000542
5700 0.000542
5701 0.000542
5702 0.000542
5703 0.000542
5704 0.000541
5705 0.000541
5706 0.000541
5707 0.000541
5708 0.000541
5709 0.000541
5710 0.000541
5711 0.000541
5712 0.000541
5713 0.000541
5714 0.000540
5715 0.000540
5716 0.000540
5717 0.000540
5718 0.000540
5719 0.000540
5720 0.000540
5721 0.000540
5722 0.000540
5723 0.000540
5724 0.000539
5725 0.000539
5726 0.000539
5727 0.000539
5728 0.000539
5729 0.000539
5730 0.000539
5731 0.000539
5732 0.000539
5733 0.000539
5734 0.000538
5735 0.000538
5736 0.000538
5737 0.000538
5738 0.000538
5739 0.000538
5740 0.000538
5741 0.000538
5742 0.000538
5743 0.000538
5744 0.000538
5745 0.000537
5746 0.000537
5747 0.000537
5748 0.000537
5749 0.000537
5750 0.000537
5751 0.000537
5752 0.000537
5753 0.000537
5754 0.000537
5755 0.000536
5756 0.000536
5757 0.000536
5758 0.000536
5759 0.000536
5760 0.000536
5761 0.000536
5762 0.000536
5763 0.000536
5764 0.000536
5765 0.000535
5766 0.000535
5767 0.000535
5768 0.000535
5769 0.000535
5770 0.000535
5771 0.000535
5772 0.000535
5773 0.000535
5774 0.000535
5775 0.000535
5776 0.000534
5777 0.000534
5778 0.000534
5779 0.000534
5780 0.000534
5781 0.000534
5782 0.000534
5783 0.000534
5784 0.000534
5785 0.000534
5786 0.000533
5787 0.000533
5788 0.000533
5789 0.000533
5790 0.000533
5791 0.000533
5792 0.000533
5793 0.000533
5794 0.000533
5795 0.000533
5796 0.000532
5797 0.000532
5798 0.000532
5799 0.000532
5800 0.000532
5801 0.000532
5802 0.000532
5803 0.000532
5804 0.000532
5805 0.000532
5806 0.000532
5807 0.000531
5808 0.000531
5809 0.000531
5810 0.000531
5811 0.000531
5812 0.000531
5813 0.000531
5814 0.000531
5815 0.000531
5816 0.000531
5817 0.000530
5818 0.000530
5819 0.000530
5820 0.000530
5821 0.000530
5822 0.000530
5823 0.000530
5824 0.000530
5825 0.000530
5826 0.000530
5827 0.000530
5828 0.000529
5829 0.000529
5830 0.000529
5831 0.000529
5832 0.000529
5833 0.000529
5834 0.000529
5835 0.000529
5836 0.000529
5837 0.000529
5838 0.000529
5839 0.000528
5840 0.000528
5841 0.000528
5842 0.000528
5843 0.000528
5844 0.000528
5845 0.000528
5846 0.000528
5847 0.000528
5848 0.000528
5849 0.000527
5850 0.000527
5851 0.000527
5852 0.000527
5853 0.000527
5854 0.000527
5855 0.000527
5856 0.000527
5857 0.000527
5858 0.000527
5859 0.000527
5860 0.000526
5861 0.000526
5862 0.000526
5863 0.000526
5864 0.000526
5865 0.000526
5866 0.000526
5867 0.000526
5868 0.000526
5869 0.000526
5870 0.000526
5871 0.000525
5872 0.000525
5873 0.000525
5874 0.000525
5875 0.000525
5876 0.000525
5877 0.000525
5878 0.000525
5879 0.000525
5880 0.000525
5881 0.000524
5882 0.000524
5883 0.000524
5884 0.000524
5885 0.000524
5886 0.000524
5887 0.000524
5888 0.000524
5889 0.000524
5890 0.000524
5891 0.000524
5892 0.000523
5893 0.000523
5894 0.000523
5895 0.000523
5896 0.000523
5897 0.000523
5898 0.000523
5899 0.000523
5900 0.000523
5901 0.000523
5902 0.000523
5903 0.000522
5904 0.000522
5905 0.000522
5906 0.000522
5907 0.000522
5908 0.000522
5909 0.000522
5910 0.000522
5911 0.000522
5912 0.000522
5913 0.000522
5914 0.000521
5915 0.000521
5916 0.000521
5917 0.000521
5918 0.000521
5919 0.000521
5920 0.000521
5921 0.000521
5922 0.000521
5923 0.000521
5924 0.000521
5925 0.000520
5926 0.000520
5927 0.000520
5928 0.000520
5929 0.000520
5930 0.000520
5931 0.000520
5932 0.000520
5933 0.000520
5934 0.000520
5935 0.000520
5936 0.000519
5937 0.000519
5938 0.000519
5939 0.000519
5940 0.000519
5941 0.000519
5942 0.000519
5943 0.000519
5944 0.000519
5945 0.000519
5946 0.000519
5947 0.000518
5948 0.000518
5949 0.000518
5950 0.000518
5951 0.000518
5952 0.000518
5953 0.000518
5954 0.000518
5955 0.000518
5956 0.000518
5957 0.000518
5958 0.000517
5959 0.000517
5960 0.000517
5961 0.000517
5962 0.000517
5963 0.000517
5964 0.000517
5965 0.000517
5966 0.000517
5967 0.000517
5968 0.000517
5969 0.000516
5970 0.000516
5971 0.000516
5972 0.000516
5973 0.000516
5974 0.000516
5975 0.000516
5976 0.000516
5977 0.000516
5978 0.000516
5979 0.000516
5980 0.000515
5981 0.000515
5982 0.000515
5983 0.000515
5984 0.000515
5985 0.000515
5986 0.000515
5987 0.000515
5988 0.000515
5989 0.000515
5990 0.000515
5991 0.000514
5992 0.000514
5993 0.000514
5994 0.000514
5995 0.000514
5996 0.000514
5997 0.000514
5998 0.000514
5999 0.000514
6000 0.000514
6001 0.000514
6002 0.000514
6003 0.000513
6004 0.000513
6005 0.000513
6006 0.000513
6007 0.000513
6008 0.000513
6009 0.000513
6010 0.000513
6011 0.000513
6012 0.000513
6013 0.000513
6014 0.000512
6015 0.000512
6016 0.000512
6017 0.000512
6018 0.000512
6019 0.000512
6020 0.000512
6021 0.000512
6022 0.000512
6023 0.000512
6024 0.000512
6025 0.000511
6026 0.000511
6027 0.000511
6028 0.000511
6029 0.000511
6030 0.000511
6031 0.000511
6032 0.000511
6033 0.000511
6034 0.000511
6035 0.000511
6036 0.000511
6037 0.000510
6038 0.000510
6039 0.000510
6040 0.000510
6041 0.000510
6042 0.000510
6043 0.000510
6044 0.000510
6045 0.000510
6046 0.000510
6047 0.000510
6048 0.000509
6049 0.000509
6050 0.000509
6051 0.000509
6052 0.000509
6053 0.000509
6054 0.000509
6055 0.000509
6056 0.000509
6057 0.000509
6058 0.000509
6059 0.000508
6060 0.000508
6061 0.000508
6062 0.000508
6063 0.000508
6064 0.000508
6065 0.000508
6066 0.000508
6067 0.000508
6068 0.000508
6069 0.000508
6070 0.000508
6071 0.000507
6072 0.000507
6073 0.000507
6074 0.000507
6075 0.000507
6076 0.000507
6077 0.000507
6078 0.000507
6079 0.000507
6080 0.000507
6081 0.000507
6082 0.000506
6083 0.000506
6084 0.000506
6085 0.000506
6086 0.000506
6087 0.000506
6088 0.000506
6089 0.000506
6090 0.000506
6091 0.000506
6092 0.000506
6093 0.000506
6094 0.000505
6095 0.000505
6096 0.000505
6097 0.000505
6098 0.000505
6099 0.000505
6100 0.000505
6101 0.000505
6102 0.000505
6103 0.000505
6104 0.000505
6105 0.000505
6106 0.000504
6107 0.000504
6108 0.000504
6109 0.000504
6110 0.000504
6111 0.000504
6112 0.000504
6113 0.000504
6114 0.000504
6115 0.000504
6116 0.000504
6117 0.000503
6118 0.000503
6119 0.000503
6120 0.000503
6121 0.000503
6122 0.000503
6123 0.000503
6124 0.000503
6125 0.000503
6126 0.000503
6127 0.000503
6128 0.000503
6129 0.000502
6130 0.000502
6131 0.000502
6132 0.000502
6133 0.000502
6134 0.000502
6135 0.000502
6136 0.000502
6137 0.000502
6138 0.000502
6139 0.000502
6140 0.000502
6141 0.000501
6142 0.000501
6143 0.000501
6144 0.000501
6145 0.000501
6146 0.000501
6147 0.000501
6148 0.000501
6149 0.000501
6150 0.000501
6151 0.000501
6152 0.000501
6153 0.000500
6154 0.000500
6155 0.000500
6156 0.000500
6157 0.000500
6158 0.000500
