0 18.911114
1 17.639378
2 13.510405
3 9.462620
4 6.496106
5 4.574100
6 3.361645
7 2.571807
8 2.031424
9 1.646283
10 1.363229
11 1.150033
12 0.986002
13 0.857348
14 0.754651
15 0.671353
16 0.602801
17 0.545642
18 0.497417
19 0.456297
20 0.420898
21 0.390162
22 0.363265
23 0.339563
24 0.318540
25 0.299786
26 0.282966
27 0.267806
28 0.254081
29 0.241603
30 0.230217
31 0.219788
32 0.210205
33 0.201373
34 0.193209
35 0.185643
36 0.178612
37 0.172065
38 0.165953
39 0.160237
40 0.154880
41 0.149849
42 0.145118
43 0.140661
44 0.136454
45 0.132479
46 0.128717
47 0.125152
48 0.121769
49 0.118554
50 0.115497
51 0.112585
52 0.109810
53 0.107161
54 0.104631
55 0.102212
56 0.099897
57 0.097679
58 0.095554
59 0.093514
60 0.091555
61 0.089674
62 0.087864
63 0.086122
64 0.084446
65 0.082830
66 0.081272
67 0.079769
68 0.078318
69 0.076917
70 0.075563
71 0.074253
72 0.072986
73 0.071760
74 0.070572
75 0.069422
76 0.068307
77 0.067225
78 0.066176
79 0.065158
80 0.064169
81 0.063208
82 0.062275
83 0.061368
84 0.060485
85 0.059627
86 0.058791
87 0.057978
88 0.057186
89 0.056415
90 0.055663
91 0.054930
92 0.054215
93 0.053518
94 0.052839
95 0.052175
96 0.051527
97 0.050895
98 0.050277
99 0.049673
100 0.049083
101 0.048507
102 0.047943
103 0.047392
104 0.046853
105 0.046325
106 0.045809
107 0.045304
108 0.044809
109 0.044325
110 0.043850
111 0.043385
112 0.042930
113 0.042484
114 0.042046
115 0.041617
116 0.041197
117 0.040784
118 0.040380
119 0.039983
120 0.039593
121 0.039211
122 0.038836
123 0.038468
124 0.038106
125 0.037751
126 0.037402
127 0.037059
128 0.036722
129 0.036391
130 0.036066
131 0.035747
132 0.035432
133 0.035124
134 0.034820
135 0.034521
136 0.034227
137 0.033938
138 0.033654
139 0.033374
140 0.033098
141 0.032827
142 0.032560
143 0.032298
144 0.032039
145 0.031785
146 0.031534
147 0.031287
148 0.031044
149 0.030804
150 0.030568
151 0.030335
152 0.030106
153 0.029880
154 0.029657
155 0.029438
156 0.029222
157 0.029008
158 0.028798
159 0.028590
160 0.028386
161 0.028184
162 0.027985
163 0.027789
164 0.027595
165 0.027404
166 0.027216
167 0.027030
168 0.026846
169 0.026665
170 0.026486
171 0.026309
172 0.026135
173 0.025963
174 0.025793
175 0.025625
176 0.025460
177 0.025296
178 0.025135
179 0.024975
180 0.024817
181 0.024662
182 0.024508
183 0.024356
184 0.024206
185 0.024057
186 0.023910
187 0.023766
188 0.023622
189 0.023481
190 0.023341
191 0.023202
192 0.023066
193 0.022930
194 0.022797
195 0.022664
196 0.022534
197 0.022404
198 0.022277
199 0.022150
200 0.022025
201 0.021901
202 0.021779
203 0.021658
204 0.021538
205 0.021420
206 0.021303
207 0.021187
208 0.021072
209 0.020958
210 0.020846
211 0.020735
212 0.020625
213 0.020516
214 0.020408
215 0.020301
216 0.020195
217 0.020091
218 0.019987
219 0.019885
220 0.019783
221 0.019682
222 0.019583
223 0.019484
224 0.019387
225 0.019290
226 0.019194
227 0.019100
228 0.019006
229 0.018913
230 0.018820
231 0.018729
232 0.018639
233 0.018549
234 0.018460
235 0.018372
236 0.018285
237 0.018199
238 0.018113
239 0.018029
240 0.017945
241 0.017861
242 0.017779
243 0.017697
244 0.017616
245 0.017536
246 0.017456
247 0.017377
248 0.017299
249 0.017221
250 0.017144
251 0.017068
252 0.016993
253 0.016918
254 0.016844
255 0.016770
256 0.016697
257 0.016624
258 0.016553
259 0.016481
260 0.016411
261 0.016341
262 0.016271
263 0.016202
264 0.016134
265 0.016066
266 0.015999
267 0.015933
268 0.015866
269 0.015801
270 0.015736
271 0.015671
272 0.015607
273 0.015544
274 0.015481
275 0.015418
276 0.015356
277 0.015294
278 0.015233
279 0.015173
280 0.015113
281 0.015053
282 0.014994
283 0.014935
284 0.014876
285 0.014819
286 0.014761
287 0.014704
288 0.014647
289 0.014591
290 0.014535
291 0.014480
292 0.014425
293 0.014371
294 0.014317
295 0.014263
296 0.014209
297 0.014156
298 0.014104
299 0.014052
300 0.014000
301 0.013948
302 0.013897
303 0.013846
304 0.013796
305 0.013746
306 0.013696
307 0.013647
308 0.013598
309 0.013549
310 0.013501
311 0.013453
312 0.013406
313 0.013358
314 0.013311
315 0.013265
316 0.013218
317 0.013172
318 0.013126
319 0.013081
320 0.013036
321 0.012991
322 0.012947
323 0.012902
324 0.012858
325 0.012815
326 0.012771
327 0.012728
328 0.012686
329 0.012643
330 0.012601
331 0.012559
332 0.012517
333 0.012476
334 0.012435
335 0.012394
336 0.012353
337 0.012313
338 0.012273
339 0.012233
340 0.012193
341 0.012154
342 0.012115
343 0.012076
344 0.012037
345 0.011999
346 0.011961
347 0.011923
348 0.011885
349 0.011848
350 0.011810
351 0.011773
352 0.011737
353 0.011700
354 0.011664
355 0.011628
356 0.011592
357 0.011556
358 0.011521
359 0.011485
360 0.011450
361 0.011415
362 0.011381
363 0.011346
364 0.011312
365 0.011278
366 0.011244
367 0.011211
368 0.011177
369 0.011144
370 0.011111
371 0.011078
372 0.011045
373 0.011013
374 0.010981
375 0.010948
376 0.010916
377 0.010885
378 0.010853
379 0.010822
380 0.010791
381 0.010760
382 0.010729
383 0.010698
384 0.010667
385 0.010637
386 0.010607
387 0.010577
388 0.010547
389 0.010517
390 0.010488
391 0.010458
392 0.010429
393 0.010400
394 0.010371
395 0.010342
396 0.010314
397 0.010285
398 0.010257
399 0.010229
400 0.010201
401 0.010173
402 0.010146
403 0.010118
404 0.010091
405 0.010063
406 0.010036
407 0.010009
408 0.009982
409 0.009956
410 0.009929
411 0.009903
412 0.009877
413 0.009850
414 0.009824
415 0.009799
416 0.009773
417 0.009747
418 0.009722
419 0.009696
420 0.009671
421 0.009646
422 0.009621
423 0.009596
424 0.009572
425 0.009547
426 0.009522
427 0.009498
428 0.009474
429 0.009450
430 0.009426
431 0.009402
432 0.009378
433 0.009355
434 0.009331
435 0.009308
436 0.009284
437 0.009261
438 0.009238
439 0.009215
440 0.009192
441 0.009170
442 0.009147
443 0.009124
444 0.009102
445 0.009080
446 0.009058
447 0.009036
448 0.009014
449 0.008992
450 0.008970
451 0.008948
452 0.008927
453 0.008905
454 0.008884
455 0.008863
456 0.008841
457 0.008820
458 0.008799
459 0.008778
460 0.008758
461 0.008737
462 0.008716
463 0.008696
464 0.008675
465 0.008655
466 0.008635
467 0.008615
468 0.008595
469 0.008575
470 0.008555
471 0.008535
472 0.008516
473 0.008496
474 0.008476
475 0.008457
476 0.008438
477 0.008419
478 0.008399
479 0.008380
480 0.008361
481 0.008342
482 0.008324
483 0.008305
484 0.008286
485 0.008268
486 0.008249
487 0.008231
488 0.008212
489 0.008194
490 0.008176
491 0.008158
492 0.008140
493 0.008122
494 0.008104
495 0.008086
496 0.008069
497 0.008051
498 0.008033
499 0.008016
500 0.007998
501 0.007981
502 0.007964
503 0.007947
504 0.007930
505 0.007913
506 0.007896
507 0.007879
508 0.007862
509 0.007845
510 0.007828
511 0.007812
512 0.007795
513 0.007779
514 0.007762
515 0.007746
516 0.007730
517 0.007713
518 0.007697
519 0.007681
520 0.007665
521 0.007649
522 0.007633
523 0.007617
524 0.007602
525 0.007586
526 0.007570
527 0.007555
528 0.007539
529 0.007524
530 0.007508
531 0.007493
532 0.007478
533 0.007463
534 0.007447
535 0.007432
536 0.007417
537 0.007402
538 0.007387
539 0.007373
540 0.007358
541 0.007343
542 0.007328
543 0.007314
544 0.007299
545 0.007285
546 0.007270
547 0.007256
548 0.007242
549 0.007227
550 0.007213
551 0.007199
552 0.007185
553 0.007171
554 0.007157
555 0.007143
556 0.007129
557 0.007115
558 0.007101
559 0.007087
560 0.007074
561 0.007060
562 0.007046
563 0.007033
564 0.007019
565 0.007006
566 0.006993
567 0.006979
568 0.006966
569 0.006953
570 0.006940
571 0.006926
572 0.006913
573 0.006900
574 0.006887
575 0.006874
576 0.006861
577 0.006849
578 0.006836
579 0.006823
580 0.006810
581 0.006798
582 0.006785
583 0.006772
584 0.006760
585 0.006747
586 0.006735
587 0.006722
588 0.006710
589 0.006698
590 0.006686
591 0.006673
592 0.006661
593 0.006649
594 0.006637
595 0.006625
596 0.006613
597 0.006601
598 0.006589
599 0.006577
600 0.006565
601 0.006553
602 0.006542
603 0.006530
604 0.006518
605 0.006507
606 0.006495
607 0.006484
608 0.006472
609 0.006461
610 0.006449
611 0.006438
612 0.006426
613 0.006415
614 0.006404
615 0.006393
616 0.006381
617 0.006370
618 0.006359
619 0.006348
620 0.006337
621 0.006326
622 0.006315
623 0.006304
624 0.006293
625 0.006282
626 0.006271
627 0.006261
628 0.006250
629 0.006239
630 0.006228
631 0.006218
632 0.006207
633 0.006197
634 0.006186
635 0.006176
636 0.006165
637 0.006155
638 0.006144
639 0.006134
640 0.006124
641 0.006113
642 0.006103
643 0.006093
644 0.006083
645 0.006072
646 0.006062
647 0.006052
648 0.006042
649 0.006032
650 0.006022
651 0.006012
652 0.006002
653 0.005992
654 0.005982
655 0.005973
656 0.005963
657 0.005953
658 0.005943
659 0.005933
660 0.005924
661 0.005914
662 0.005905
663 0.005895
664 0.005885
665 0.005876
666 0.005866
667 0.005857
668 0.005847
669 0.005838
670 0.005829
671 0.005819
672 0.005810
673 0.005801
674 0.005791
675 0.005782
676 0.005773
677 0.005764
678 0.005755
679 0.005745
680 0.005736
681 0.005727
682 0.005718
683 0.005709
684 0.005700
685 0.005691
686 0.005682
687 0.005674
688 0.005665
689 0.005656
690 0.005647
691 0.005638
692 0.005629
693 0.005621
694 0.005612
695 0.005603
696 0.005595
697 0.005586
698 0.005577
699 0.005569
700 0.005560
701 0.005552
702 0.005543
703 0.005535
704 0.005526
705 0.005518
706 0.005509
707 0.005501
708 0.005493
709 0.005484
710 0.005476
711 0.005468
712 0.005460
713 0.005451
714 0.005443
715 0.005435
716 0.005427
717 0.005419
718 0.005410
719 0.005402
720 0.005394
721 0.005386
722 0.005378
723 0.005370
724 0.005362
725 0.005354
726 0.005346
727 0.005339
728 0.005331
729 0.005323
730 0.005315
731 0.005307
732 0.005299
733 0.005292
734 0.005284
735 0.005276
736 0.005268
737 0.005261
738 0.005253
739 0.005245
740 0.005238
741 0.005230
742 0.005223
743 0.005215
744 0.005208
745 0.005200
746 0.005193
747 0.005185
748 0.005178
749 0.005170
750 0.005163
751 0.005155
752 0.005148
753 0.005141
754 0.005133
755 0.005126
756 0.005119
757 0.005112
758 0.005104
759 0.005097
760 0.005090
761 0.005083
762 0.005076
763 0.005068
764 0.005061
765 0.005054
766 0.005047
767 0.005040
768 0.005033
769 0.005026
770 0.005019
771 0.005012
772 0.005005
773 0.004998
774 0.004991
775 0.004984
776 0.004977
777 0.004971
778 0.004964
779 0.004957
780 0.004950
781 0.004943
782 0.004936
783 0.004930
784 0.004923
785 0.004916
786 0.004910
787 0.004903
788 0.004896
789 0.004890
790 0.004883
791 0.004876
792 0.004870
793 0.004863
794 0.004857
795 0.004850
796 0.004843
797 0.004837
798 0.004830
799 0.004824
800 0.004817
801 0.004811
802 0.004805
803 0.004798
804 0.004792
805 0.004785
806 0.004779
807 0.004773
808 0.004766
809 0.004760
810 0.004754
811 0.004747
812 0.004741
813 0.004735
814 0.004729
815 0.004722
816 0.004716
817 0.004710
818 0.004704
819 0.004698
820 0.004692
821 0.004686
822 0.004679
823 0.004673
824 0.004667
825 0.004661
826 0.004655
827 0.004649
828 0.004643
829 0.004637
830 0.004631
831 0.004625
832 0.004619
833 0.004613
834 0.004607
835 0.004601
836 0.004596
837 0.004590
838 0.004584
839 0.004578
840 0.004572
841 0.004566
842 0.004560
843 0.004555
844 0.004549
845 0.004543
846 0.004537
847 0.004532
848 0.004526
849 0.004520
850 0.004515
851 0.004509
852 0.004503
853 0.004498
854 0.004492
855 0.004486
856 0.004481
857 0.004475
858 0.004469
859 0.004464
860 0.004458
861 0.004453
862 0.004447
863 0.004442
864 0.004436
865 0.004431
866 0.004425
867 0.004420
868 0.004414
869 0.004409
870 0.004404
871 0.004398
872 0.004393
873 0.004387
874 0.004382
875 0.004377
876 0.004371
877 0.004366
878 0.004361
879 0.004355
880 0.004350
881 0.004345
882 0.004339
883 0.004334
884 0.004329
885 0.004324
886 0.004319
887 0.004313
888 0.004308
889 0.004303
890 0.004298
891 0.004293
892 0.004287
893 0.004282
894 0.004277
895 0.004272
896 0.004267
897 0.004262
898 0.004257
899 0.004252
900 0.004247
901 0.004242
902 0.004237
903 0.004232
904 0.004227
905 0.004222
906 0.004217
907 0.004212
908 0.004207
909 0.004202
910 0.004197
911 0.004192
912 0.004187
913 0.004182
914 0.004177
915 0.004172
916 0.004167
917 0.004163
918 0.004158
919 0.004153
920 0.004148
921 0.004143
922 0.004139
923 0.004134
924 0.004129
925 0.004124
926 0.004119
927 0.004115
928 0.004110
929 0.004105
930 0.004100
931 0.004096
932 0.004091
933 0.004086
934 0.004082
935 0.004077
936 0.004072
937 0.004068
938 0.004063
939 0.004059
940 0.004054
941 0.004049
942 0.004045
943 0.004040
944 0.004036
945 0.004031
946 0.004026
947 0.004022
948 0.004017
949 0.004013
950 0.004008
951 0.004004
952 0.003999
953 0.003995
954 0.003990
955 0.003986
956 0.003981
957 0.003977
958 0.003973
959 0.003968
960 0.003964
961 0.003959
962 0.003955
963 0.003951
964 0.003946
965 0.003942
966 0.003938
967 0.003933
968 0.003929
969 0.003924
970 0.003920
971 0.003916
972 0.003912
973 0.003907
974 0.003903
975 0.003899
976 0.003894
977 0.003890
978 0.003886
979 0.003882
980 0.003877
981 0.003873
982 0.003869
983 0.003865
984 0.003861
985 0.003856
986 0.003852
987 0.003848
988 0.003844
989 0.003840
990 0.003836
991 0.003832
992 0.003827
993 0.003823
994 0.003819
995 0.003815
996 0.003811
997 0.003807
998 0.003803
999 0.003799
1000 0.003795
1001 0.003791
1002 0.003787
1003 0.003783
1004 0.003779
1005 0.003775
1006 0.003771
1007 0.003767
1008 0.003763
1009 0.003759
1010 0.003755
1011 0.003751
1012 0.003747
1013 0.003743
1014 0.003739
1015 0.003735
1016 0.003731
1017 0.003727
1018 0.003723
1019 0.003719
1020 0.003716
1021 0.003712
1022 0.003708
1023 0.003704
1024 0.003700
1025 0.003696
1026 0.003692
1027 0.003689
1028 0.003685
1029 0.003681
1030 0.003677
1031 0.003673
1032 0.003669
1033 0.003666
1034 0.003662
1035 0.003658
1036 0.003654
1037 0.003651
1038 0.003647
1039 0.003643
1040 0.003639
1041 0.003636
1042 0.003632
1043 0.003628
1044 0.003625
1045 0.003621
1046 0.003617
1047 0.003613
1048 0.003610
1049 0.003606
1050 0.003602
1051 0.003599
1052 0.003595
1053 0.003592
1054 0.003588
1055 0.003584
1056 0.003581
1057 0.003577
1058 0.003573
1059 0.003570
1060 0.003566
1061 0.003563
1062 0.003559
1063 0.003556
1064 0.003552
1065 0.003548
1066 0.003545
1067 0.003541
1068 0.003538
1069 0.003534
1070 0.003531
1071 0.003527
1072 0.003524
1073 0.003520
1074 0.003517
1075 0.003513
1076 0.003510
1077 0.003506
1078 0.003503
1079 0.003499
1080 0.003496
1081 0.003493
1082 0.003489
1083 0.003486
1084 0.003482
1085 0.003479
1086 0.003475
1087 0.003472
1088 0.003469
1089 0.003465
1090 0.003462
1091 0.003458
1092 0.003455
1093 0.003452
1094 0.003448
1095 0.003445
1096 0.003442
1097 0.003438
1098 0.003435
1099 0.003432
1100 0.003428
1101 0.003425
1102 0.003422
1103 0.003418
1104 0.003415
1105 0.003412
1106 0.003409
1107 0.003405
1108 0.003402
1109 0.003399
1110 0.003395
1111 0.003392
1112 0.003389
1113 0.003386
1114 0.003382
1115 0.003379
1116 0.003376
1117 0.003373
1118 0.003370
1119 0.003366
1120 0.003363
1121 0.003360
1122 0.003357
1123 0.003354
1124 0.003350
1125 0.003347
1126 0.003344
1127 0.003341
1128 0.003338
1129 0.003335
1130 0.003332
1131 0.003328
1132 0.003325
1133 0.003322
1134 0.003319
1135 0.003316
1136 0.003313
1137 0.003310
1138 0.003307
1139 0.003304
1140 0.003300
1141 0.003297
1142 0.003294
1143 0.003291
1144 0.003288
1145 0.003285
1146 0.003282
1147 0.003279
1148 0.003276
1149 0.003273
1150 0.003270
1151 0.003267
1152 0.003264
1153 0.003261
1154 0.003258
1155 0.003255
1156 0.003252
1157 0.003249
1158 0.003246
1159 0.003243
1160 0.003240
1161 0.003237
1162 0.003234
1163 0.003231
1164 0.003228
1165 0.003225
1166 0.003222
1167 0.003219
1168 0.003216
1169 0.003213
1170 0.003210
1171 0.003208
1172 0.003205
1173 0.003202
1174 0.003199
1175 0.003196
1176 0.003193
1177 0.003190
1178 0.003187
1179 0.003184
1180 0.003182
1181 0.003179
1182 0.003176
1183 0.003173
1184 0.003170
1185 0.003167
1186 0.003164
1187 0.003162
1188 0.003159
1189 0.003156
1190 0.003153
1191 0.003150
1192 0.003148
1193 0.003145
1194 0.003142
1195 0.003139
1196 0.003136
1197 0.003134
1198 0.003131
1199 0.003128
1200 0.003125
1201 0.003122
1202 0.003120
1203 0.003117
1204 0.003114
1205 0.003111
1206 0.003109
1207 0.003106
1208 0.003103
1209 0.003101
1210 0.003098
1211 0.003095
1212 0.003092
1213 0.003090
1214 0.003087
1215 0.003084
1216 0.003082
1217 0.003079
1218 0.003076
1219 0.003073
1220 0.003071
1221 0.003068
1222 0.003065
1223 0.003063
1224 0.003060
1225 0.003058
1226 0.003055
1227 0.003052
1228 0.003050
1229 0.003047
1230 0.003044
1231 0.003042
1232 0.003039
1233 0.003036
1234 0.003034
1235 0.003031
1236 0.003029
1237 0.003026
1238 0.003023
1239 0.003021
1240 0.003018
1241 0.003016
1242 0.003013
1243 0.003010
1244 0.003008
1245 0.003005
1246 0.003003
1247 0.003000
1248 0.002998
1249 0.002995
1250 0.002993
1251 0.002990
1252 0.002988
1253 0.002985
1254 0.002982
1255 0.002980
1256 0.002977
1257 0.002975
1258 0.002972
1259 0.002970
1260 0.002967
1261 0.002965
1262 0.002962
1263 0.002960
1264 0.002957
1265 0.002955
1266 0.002952
1267 0.002950
1268 0.002948
1269 0.002945
1270 0.002943
1271 0.002940
1272 0.002938
1273 0.002935
1274 0.002933
1275 0.002930
1276 0.002928
1277 0.002925
1278 0.002923
1279 0.002921
1280 0.002918
1281 0.002916
1282 0.002913
1283 0.002911
1284 0.002909
1285 0.002906
1286 0.002904
1287 0.002901
1288 0.002899
1289 0.002897
1290 0.002894
1291 0.002892
1292 0.002889
1293 0.002887
1294 0.002885
1295 0.002882
1296 0.002880
1297 0.002878
1298 0.002875
1299 0.002873
1300 0.002871
1301 0.002868
1302 0.002866
1303 0.002864
1304 0.002861
1305 0.002859
1306 0.002857
1307 0.002854
1308 0.002852
1309 0.002850
1310 0.002847
1311 0.002845
1312 0.002843
1313 0.002840
1314 0.002838
1315 0.002836
1316 0.002834
1317 0.002831
1318 0.002829
1319 0.002827
1320 0.002824
1321 0.002822
1322 0.002820
1323 0.002818
1324 0.002815
1325 0.002813
1326 0.002811
1327 0.002809
1328 0.002806
1329 0.002804
1330 0.002802
1331 0.002800
1332 0.002797
1333 0.002795
1334 0.002793
1335 0.002791
1336 0.002789
1337 0.002786
1338 0.002784
1339 0.002782
1340 0.002780
1341 0.002778
1342 0.002775
1343 0.002773
1344 0.002771
1345 0.002769
1346 0.002767
1347 0.002764
1348 0.002762
1349 0.002760
1350 0.002758
1351 0.002756
1352 0.002754
1353 0.002751
1354 0.002749
1355 0.002747
1356 0.002745
1357 0.002743
1358 0.002741
1359 0.002739
1360 0.002736
1361 0.002734
1362 0.002732
1363 0.002730
1364 0.002728
1365 0.002726
1366 0.002724
1367 0.002722
1368 0.002719
1369 0.002717
1370 0.002715
1371 0.002713
1372 0.002711
1373 0.002709
1374 0.002707
1375 0.002705
1376 0.002703
1377 0.002701
1378 0.002699
1379 0.002696
1380 0.002694
1381 0.002692
1382 0.002690
1383 0.002688
1384 0.002686
1385 0.002684
1386 0.002682
1387 0.002680
1388 0.002678
1389 0.002676
1390 0.002674
1391 0.002672
1392 0.002670
1393 0.002668
1394 0.002666
1395 0.002664
1396 0.002662
1397 0.002660
1398 0.002658
1399 0.002656
1400 0.002654
1401 0.002652
1402 0.002650
1403 0.002648
1404 0.002646
1405 0.002644
1406 0.002642
1407 0.002640
1408 0.002638
1409 0.002636
1410 0.002634
1411 0.002632
1412 0.002630
1413 0.002628
1414 0.002626
1415 0.002624
1416 0.002622
1417 0.002620
1418 0.002618
1419 0.002616
1420 0.002614
1421 0.002612
1422 0.002610
1423 0.002608
1424 0.002606
1425 0.002604
1426 0.002602
1427 0.002600
1428 0.002598
1429 0.002597
1430 0.002595
1431 0.002593
1432 0.002591
1433 0.002589
1434 0.002587
1435 0.002585
1436 0.002583
1437 0.002581
1438 0.002579
1439 0.002577
1440 0.002576
1441 0.002574
1442 0.002572
1443 0.002570
1444 0.002568
1445 0.002566
1446 0.002564
1447 0.002562
1448 0.002560
1449 0.002559
1450 0.002557
1451 0.002555
1452 0.002553
1453 0.002551
1454 0.002549
1455 0.002547
1456 0.002546
1457 0.002544
1458 0.002542
1459 0.002540
1460 0.002538
1461 0.002536
1462 0.002535
1463 0.002533
1464 0.002531
1465 0.002529
1466 0.002527
1467 0.002525
1468 0.002524
1469 0.002522
1470 0.002520
1471 0.002518
1472 0.002516
1473 0.002514
1474 0.002513
1475 0.002511
1476 0.002509
1477 0.002507
1478 0.002505
1479 0.002504
1480 0.002502
1481 0.002500
1482 0.002498
1483 0.002497
1484 0.002495
1485 0.002493
1486 0.002491
1487 0.002489
1488 0.002488
1489 0.002486
1490 0.002484
1491 0.002482
1492 0.002481
1493 0.002479
1494 0.002477
1495 0.002475
1496 0.002474
1497 0.002472
1498 0.002470
1499 0.002468
1500 0.002467
1501 0.002465
1502 0.002463
1503 0.002461
1504 0.002460
1505 0.002458
1506 0.002456
1507 0.002454
1508 0.002453
1509 0.002451
1510 0.002449
1511 0.002448
1512 0.002446
1513 0.002444
1514 0.002442
1515 0.002441
1516 0.002439
1517 0.002437
1518 0.002436
1519 0.002434
1520 0.002432
1521 0.002431
1522 0.002429
1523 0.002427
1524 0.002425
1525 0.002424
1526 0.002422
1527 0.002420
1528 0.002419
1529 0.002417
1530 0.002415
1531 0.002414
1532 0.002412
1533 0.002410
1534 0.002409
1535 0.002407
1536 0.002405
1537 0.002404
1538 0.002402
1539 0.002400
1540 0.002399
1541 0.002397
1542 0.002396
1543 0.002394
1544 0.002392
1545 0.002391
1546 0.002389
1547 0.002387
1548 0.002386
1549 0.002384
1550 0.002382
1551 0.002381
1552 0.002379
1553 0.002378
1554 0.002376
1555 0.002374
1556 0.002373
1557 0.002371
1558 0.002370
1559 0.002368
1560 0.002366
1561 0.002365
1562 0.002363
1563 0.002361
1564 0.002360
1565 0.002358
1566 0.002357
1567 0.002355
1568 0.002354
1569 0.002352
1570 0.002350
1571 0.002349
1572 0.002347
1573 0.002346
1574 0.002344
1575 0.002342
1576 0.002341
1577 0.002339
1578 0.002338
1579 0.002336
1580 0.002335
1581 0.002333
1582 0.002331
1583 0.002330
1584 0.002328
1585 0.002327
1586 0.002325
1587 0.002324
1588 0.002322
1589 0.002321
1590 0.002319
1591 0.002318
1592 0.002316
1593 0.002314
1594 0.002313
1595 0.002311
1596 0.002310
1597 0.002308
1598 0.002307
1599 0.002305
1600 0.002304
1601 0.002302
1602 0.002301
1603 0.002299
1604 0.002298
1605 0.002296
1606 0.002295
1607 0.002293
1608 0.002292
1609 0.002290
1610 0.002289
1611 0.002287
1612 0.002286
1613 0.002284
1614 0.002283
1615 0.002281
1616 0.002280
1617 0.002278
1618 0.002277
1619 0.002275
1620 0.002274
1621 0.002272
1622 0.002271
1623 0.002269
1624 0.002268
1625 0.002266
1626 0.002265
1627 0.002263
1628 0.002262
1629 0.002260
1630 0.002259
1631 0.002257
1632 0.002256
1633 0.002255
1634 0.002253
1635 0.002252
1636 0.002250
1637 0.002249
1638 0.002247
1639 0.002246
1640 0.002244
1641 0.002243
1642 0.002242
1643 0.002240
1644 0.002239
1645 0.002237
1646 0.002236
1647 0.002234
1648 0.002233
1649 0.002231
1650 0.002230
1651 0.002229
1652 0.002227
1653 0.002226
1654 0.002224
1655 0.002223
1656 0.002221
1657 0.002220
1658 0.002219
1659 0.002217
1660 0.002216
1661 0.002214
1662 0.002213
1663 0.002212
1664 0.002210
1665 0.002209
1666 0.002207
1667 0.002206
1668 0.002205
1669 0.002203
1670 0.002202
1671 0.002200
1672 0.002199
1673 0.002198
1674 0.002196
1675 0.002195
1676 0.002193
1677 0.002192
1678 0.002191
1679 0.002189
1680 0.002188
1681 0.002187
1682 0.002185
1683 0.002184
1684 0.002182
1685 0.002181
1686 0.002180
1687 0.002178
1688 0.002177
1689 0.002176
1690 0.002174
1691 0.002173
1692 0.002172
1693 0.002170
1694 0.002169
1695 0.002168
1696 0.002166
1697 0.002165
1698 0.002163
1699 0.002162
1700 0.002161
1701 0.002159
1702 0.002158
1703 0.002157
1704 0.002155
1705 0.002154
1706 0.002153
1707 0.002151
1708 0.002150
1709 0.002149
1710 0.002147
1711 0.002146
1712 0.002145
1713 0.002143
1714 0.002142
1715 0.002141
1716 0.002140
1717 0.002138
1718 0.002137
1719 0.002136
1720 0.002134
1721 0.002133
1722 0.002132
1723 0.002130
1724 0.002129
1725 0.002128
1726 0.002126
1727 0.002125
1728 0.002124
1729 0.002123
1730 0.002121
1731 0.002120
1732 0.002119
1733 0.002117
1734 0.002116
1735 0.002115
1736 0.002113
1737 0.002112
1738 0.002111
1739 0.002110
1740 0.002108
1741 0.002107
1742 0.002106
1743 0.002105
1744 0.002103
1745 0.002102
1746 0.002101
1747 0.002099
1748 0.002098
1749 0.002097
1750 0.002096
1751 0.002094
1752 0.002093
1753 0.002092
1754 0.002091
1755 0.002089
1756 0.002088
1757 0.002087
1758 0.002086
1759 0.002084
1760 0.002083
1761 0.002082
1762 0.002081
1763 0.002079
1764 0.002078
1765 0.002077
1766 0.002076
1767 0.002074
1768 0.002073
1769 0.002072
1770 0.002071
1771 0.002069
1772 0.002068
1773 0.002067
1774 0.002066
1775 0.002064
1776 0.002063
1777 0.002062
1778 0.002061
1779 0.002060
1780 0.002058
1781 0.002057
1782 0.002056
1783 0.002055
1784 0.002053
1785 0.002052
1786 0.002051
1787 0.002050
1788 0.002049
1789 0.002047
1790 0.002046
1791 0.002045
1792 0.002044
1793 0.002043
1794 0.002041
1795 0.002040
1796 0.002039
1797 0.002038
1798 0.002037
1799 0.002035
1800 0.002034
1801 0.002033
1802 0.002032
1803 0.002031
1804 0.002029
1805 0.002028
1806 0.002027
1807 0.002026
1808 0.002025
1809 0.002024
1810 0.002022
1811 0.002021
1812 0.002020
1813 0.002019
1814 0.002018
1815 0.002016
1816 0.002015
1817 0.002014
1818 0.002013
1819 0.002012
1820 0.002011
1821 0.002009
1822 0.002008
1823 0.002007
1824 0.002006
1825 0.002005
1826 0.002004
1827 0.002003
1828 0.002001
1829 0.002000
1830 0.001999
1831 0.001998
1832 0.001997
1833 0.001996
1834 0.001994
1835 0.001993
1836 0.001992
1837 0.001991
1838 0.001990
1839 0.001989
1840 0.001988
1841 0.001986
1842 0.001985
1843 0.001984
1844 0.001983
1845 0.001982
1846 0.001981
1847 0.001980
1848 0.001979
1849 0.001977
1850 0.001976
1851 0.001975
1852 0.001974
1853 0.001973
1854 0.001972
1855 0.001971
1856 0.001970
1857 0.001968
1858 0.001967
1859 0.001966
1860 0.001965
1861 0.001964
1862 0.001963
1863 0.001962
1864 0.001961
1865 0.001959
1866 0.001958
1867 0.001957
1868 0.001956
1869 0.001955
1870 0.001954
1871 0.001953
1872 0.001952
1873 0.001951
1874 0.001950
1875 0.001948
1876 0.001947
1877 0.001946
1878 0.001945
1879 0.001944
1880 0.001943
1881 0.001942
1882 0.001941
1883 0.001940
1884 0.001939
1885 0.001938
1886 0.001936
1887 0.001935
1888 0.001934
1889 0.001933
1890 0.001932
1891 0.001931
1892 0.001930
1893 0.001929
1894 0.001928
1895 0.001927
1896 0.001926
1897 0.001925
1898 0.001924
1899 0.001922
1900 0.001921
1901 0.001920
1902 0.001919
1903 0.001918
1904 0.001917
1905 0.001916
1906 0.001915
1907 0.001914
1908 0.001913
1909 0.001912
1910 0.001911
1911 0.001910
1912 0.001909
1913 0.001908
1914 0.001907
1915 0.001906
1916 0.001905
1917 0.001903
1918 0.001902
1919 0.001901
1920 0.001900
1921 0.001899
1922 0.001898
1923 0.001897
1924 0.001896
1925 0.001895
1926 0.001894
1927 0.001893
1928 0.001892
1929 0.001891
1930 0.001890
1931 0.001889
1932 0.001888
1933 0.001887
1934 0.001886
1935 0.001885
1936 0.001884
1937 0.001883
1938 0.001882
1939 0.001881
1940 0.001880
1941 0.001879
1942 0.001878
1943 0.001877
1944 0.001876
1945 0.001875
1946 0.001874
1947 0.001873
1948 0.001872
1949 0.001871
1950 0.001870
1951 0.001869
1952 0.001867
1953 0.001866
1954 0.001865
1955 0.001864
1956 0.001863
1957 0.001862
1958 0.001861
1959 0.001860
1960 0.001859
1961 0.001858
1962 0.001857
1963 0.001856
1964 0.001855
1965 0.001854
1966 0.001853
1967 0.001852
1968 0.001851
1969 0.001851
1970 0.001850
1971 0.001849
1972 0.001848
1973 0.001847
1974 0.001846
1975 0.001845
1976 0.001844
1977 0.001843
1978 0.001842
1979 0.001841
1980 0.001840
1981 0.001839
1982 0.001838
1983 0.001837
1984 0.001836
1985 0.001835
1986 0.001834
1987 0.001833
1988 0.001832
1989 0.001831
1990 0.001830
1991 0.001829
1992 0.001828
1993 0.001827
1994 0.001826
1995 0.001825
1996 0.001824
1997 0.001823
1998 0.001822
1999 0.001821
2000 0.001820
2001 0.001819
2002 0.001818
2003 0.001817
2004 0.001816
2005 0.001815
2006 0.001815
2007 0.001814
2008 0.001813
2009 0.001812
2010 0.001811
2011 0.001810
2012 0.001809
2013 0.001808
2014 0.001807
2015 0.001806
2016 0.001805
2017 0.001804
2018 0.001803
2019 0.001802
2020 0.001801
2021 0.001800
2022 0.001799
2023 0.001798
2024 0.001798
2025 0.001797
2026 0.001796
2027 0.001795
2028 0.001794
2029 0.001793
2030 0.001792
2031 0.001791
2032 0.001790
2033 0.001789
2034 0.001788
2035 0.001787
2036 0.001786
2037 0.001785
2038 0.001785
2039 0.001784
2040 0.001783
2041 0.001782
2042 0.001781
2043 0.001780
2044 0.001779
2045 0.001778
2046 0.001777
2047 0.001776
2048 0.001775
2049 0.001774
2050 0.001774
2051 0.001773
2052 0.001772
2053 0.001771
2054 0.001770
2055 0.001769
2056 0.001768
2057 0.001767
2058 0.001766
2059 0.001765
2060 0.001764
2061 0.001764
2062 0.001763
2063 0.001762
2064 0.001761
2065 0.001760
2066 0.001759
2067 0.001758
2068 0.001757
2069 0.001756
2070 0.001755
2071 0.001755
2072 0.001754
2073 0.001753
2074 0.001752
2075 0.001751
2076 0.001750
2077 0.001749
2078 0.001748
2079 0.001747
2080 0.001747
2081 0.001746
2082 0.001745
2083 0.001744
2084 0.001743
2085 0.001742
2086 0.001741
2087 0.001740
2088 0.001740
2089 0.001739
2090 0.001738
2091 0.001737
2092 0.001736
2093 0.001735
2094 0.001734
2095 0.001733
2096 0.001733
2097 0.001732
2098 0.001731
2099 0.001730
2100 0.001729
2101 0.001728
2102 0.001727
2103 0.001726
2104 0.001726
2105 0.001725
2106 0.001724
2107 0.001723
2108 0.001722
2109 0.001721
2110 0.001720
2111 0.001720
2112 0.001719
2113 0.001718
2114 0.001717
2115 0.001716
2116 0.001715
2117 0.001714
2118 0.001714
2119 0.001713
2120 0.001712
2121 0.001711
2122 0.001710
2123 0.001709
2124 0.001709
2125 0.001708
2126 0.001707
2127 0.001706
2128 0.001705
2129 0.001704
2130 0.001703
2131 0.001703
2132 0.001702
2133 0.001701
2134 0.001700
2135 0.001699
2136 0.001698
2137 0.001698
2138 0.001697
2139 0.001696
2140 0.001695
2141 0.001694
2142 0.001693
2143 0.001693
2144 0.001692
2145 0.001691
2146 0.001690
2147 0.001689
2148 0.001688
2149 0.001688
2150 0.001687
2151 0.001686
2152 0.001685
2153 0.001684
2154 0.001683
2155 0.001683
2156 0.001682
2157 0.001681
2158 0.001680
2159 0.001679
2160 0.001679
2161 0.001678
2162 0.001677
2163 0.001676
2164 0.001675
2165 0.001674
2166 0.001674
2167 0.001673
2168 0.001672
2169 0.001671
2170 0.001670
2171 0.001670
2172 0.001669
2173 0.001668
2174 0.001667
2175 0.001666
2176 0.001666
2177 0.001665
2178 0.001664
2179 0.001663
2180 0.001662
2181 0.001662
2182 0.001661
2183 0.001660
2184 0.001659
2185 0.001658
2186 0.001658
2187 0.001657
2188 0.001656
2189 0.001655
2190 0.001654
2191 0.001654
2192 0.001653
2193 0.001652
2194 0.001651
2195 0.001650
2196 0.001650
2197 0.001649
2198 0.001648
2199 0.001647
2200 0.001646
2201 0.001646
2202 0.001645
2203 0.001644
2204 0.001643
2205 0.001643
2206 0.001642
2207 0.001641
2208 0.001640
2209 0.001639
2210 0.001639
2211 0.001638
2212 0.001637
2213 0.001636
2214 0.001635
2215 0.001635
2216 0.001634
2217 0.001633
2218 0.001632
2219 0.001632
2220 0.001631
2221 0.001630
2222 0.001629
2223 0.001629
2224 0.001628
2225 0.001627
2226 0.001626
2227 0.001625
2228 0.001625
2229 0.001624
2230 0.001623
2231 0.001622
2232 0.001622
2233 0.001621
2234 0.001620
2235 0.001619
2236 0.001619
2237 0.001618
2238 0.001617
2239 0.001616
2240 0.001616
2241 0.001615
2242 0.001614
2243 0.001613
2244 0.001612
2245 0.001612
2246 0.001611
2247 0.001610
2248 0.001609
2249 0.001609
2250 0.001608
2251 0.001607
2252 0.001606
2253 0.001606
2254 0.001605
2255 0.001604
2256 0.001603
2257 0.001603
2258 0.001602
2259 0.001601
2260 0.001600
2261 0.001600
2262 0.001599
2263 0.001598
2264 0.001598
2265 0.001597
2266 0.001596
2267 0.001595
2268 0.001595
2269 0.001594
2270 0.001593
2271 0.001592
2272 0.001592
2273 0.001591
2274 0.001590
2275 0.001589
2276 0.001589
2277 0.001588
2278 0.001587
2279 0.001586
2280 0.001586
2281 0.001585
2282 0.001584
2283 0.001584
2284 0.001583
2285 0.001582
2286 0.001581
2287 0.001581
2288 0.001580
2289 0.001579
2290 0.001578
2291 0.001578
2292 0.001577
2293 0.001576
2294 0.001576
2295 0.001575
2296 0.001574
2297 0.001573
2298 0.001573
2299 0.001572
2300 0.001571
2301 0.001570
2302 0.001570
2303 0.001569
2304 0.001568
2305 0.001568
2306 0.001567
2307 0.001566
2308 0.001565
2309 0.001565
2310 0.001564
2311 0.001563
2312 0.001563
2313 0.001562
2314 0.001561
2315 0.001561
2316 0.001560
2317 0.001559
2318 0.001558
2319 0.001558
2320 0.001557
2321 0.001556
2322 0.001556
2323 0.001555
2324 0.001554
2325 0.001553
2326 0.001553
2327 0.001552
2328 0.001551
2329 0.001551
2330 0.001550
2331 0.001549
2332 0.001549
2333 0.001548
2334 0.001547
2335 0.001546
2336 0.001546
2337 0.001545
2338 0.001544
2339 0.001544
2340 0.001543
2341 0.001542
2342 0.001542
2343 0.001541
2344 0.001540
2345 0.001540
2346 0.001539
2347 0.001538
2348 0.001537
2349 0.001537
2350 0.001536
2351 0.001535
2352 0.001535
2353 0.001534
2354 0.001533
2355 0.001533
2356 0.001532
2357 0.001531
2358 0.001531
2359 0.001530
2360 0.001529
2361 0.001529
2362 0.001528
2363 0.001527
2364 0.001527
2365 0.001526
2366 0.001525
2367 0.001524
2368 0.001524
2369 0.001523
2370 0.001522
2371 0.001522
2372 0.001521
2373 0.001520
2374 0.001520
2375 0.001519
2376 0.001518
2377 0.001518
2378 0.001517
2379 0.001516
2380 0.001516
2381 0.001515
2382 0.001514
2383 0.001514
2384 0.001513
2385 0.001512
2386 0.001512
2387 0.001511
2388 0.001510
2389 0.001510
2390 0.001509
2391 0.001508
2392 0.001508
2393 0.001507
2394 0.001506
2395 0.001506
2396 0.001505
2397 0.001504
2398 0.001504
2399 0.001503
2400 0.001502
2401 0.001502
2402 0.001501
2403 0.001500
2404 0.001500
2405 0.001499
2406 0.001499
2407 0.001498
2408 0.001497
2409 0.001497
2410 0.001496
2411 0.001495
2412 0.001495
2413 0.001494
2414 0.001493
2415 0.001493
2416 0.001492
2417 0.001491
2418 0.001491
2419 0.001490
2420 0.001489
2421 0.001489
2422 0.001488
2423 0.001487
2424 0.001487
2425 0.001486
2426 0.001486
2427 0.001485
2428 0.001484
2429 0.001484
2430 0.001483
2431 0.001482
2432 0.001482
2433 0.001481
2434 0.001480
2435 0.001480
2436 0.001479
2437 0.001478
2438 0.001478
2439 0.001477
2440 0.001477
2441 0.001476
2442 0.001475
2443 0.001475
2444 0.001474
2445 0.001473
2446 0.001473
2447 0.001472
2448 0.001471
2449 0.001471
2450 0.001470
2451 0.001470
2452 0.001469
2453 0.001468
2454 0.001468
2455 0.001467
2456 0.001466
2457 0.001466
2458 0.001465
2459 0.001465
2460 0.001464
2461 0.001463
2462 0.001463
2463 0.001462
2464 0.001461
2465 0.001461
2466 0.001460
2467 0.001460
2468 0.001459
2469 0.001458
2470 0.001458
2471 0.001457
2472 0.001456
2473 0.001456
2474 0.001455
2475 0.001455
2476 0.001454
2477 0.001453
2478 0.001453
2479 0.001452
2480 0.001452
2481 0.001451
2482 0.001450
2483 0.001450
2484 0.001449
2485 0.001448
2486 0.001448
2487 0.001447
2488 0.001447
2489 0.001446
2490 0.001445
2491 0.001445
2492 0.001444
2493 0.001444
2494 0.001443
2495 0.001442
2496 0.001442
2497 0.001441
2498 0.001441
2499 0.001440
2500 0.001439
2501 0.001439
2502 0.001438
2503 0.001438
2504 0.001437
2505 0.001436
2506 0.001436
2507 0.001435
2508 0.001435
2509 0.001434
2510 0.001433
2511 0.001433
2512 0.001432
2513 0.001432
2514 0.001431
2515 0.001430
2516 0.001430
2517 0.001429
2518 0.001429
2519 0.001428
2520 0.001427
2521 0.001427
2522 0.001426
2523 0.001426
2524 0.001425
2525 0.001424
2526 0.001424
2527 0.001423
2528 0.001423
2529 0.001422
2530 0.001421
2531 0.001421
2532 0.001420
2533 0.001420
2534 0.001419
2535 0.001418
2536 0.001418
2537 0.001417
2538 0.001417
2539 0.001416
2540 0.001416
2541 0.001415
2542 0.001414
2543 0.001414
2544 0.001413
2545 0.001413
2546 0.001412
2547 0.001411
2548 0.001411
2549 0.001410
2550 0.001410
2551 0.001409
2552 0.001409
2553 0.001408
2554 0.001407
2555 0.001407
2556 0.001406
2557 0.001406
2558 0.001405
2559 0.001405
2560 0.001404
2561 0.001403
2562 0.001403
2563 0.001402
2564 0.001402
2565 0.001401
2566 0.001400
2567 0.001400
2568 0.001399
2569 0.001399
2570 0.001398
2571 0.001398
2572 0.001397
2573 0.001396
2574 0.001396
2575 0.001395
2576 0.001395
2577 0.001394
2578 0.001394
2579 0.001393
2580 0.001393
2581 0.001392
2582 0.001391
2583 0.001391
2584 0.001390
2585 0.001390
2586 0.001389
2587 0.001389
2588 0.001388
2589 0.001387
2590 0.001387
2591 0.001386
2592 0.001386
2593 0.001385
2594 0.001385
2595 0.001384
2596 0.001383
2597 0.001383
2598 0.001382
2599 0.001382
2600 0.001381
2601 0.001381
2602 0.001380
2603 0.001380
2604 0.001379
2605 0.001378
2606 0.001378
2607 0.001377
2608 0.001377
2609 0.001376
2610 0.001376
2611 0.001375
2612 0.001375
2613 0.001374
2614 0.001373
2615 0.001373
2616 0.001372
2617 0.001372
2618 0.001371
2619 0.001371
2620 0.001370
2621 0.001370
2622 0.001369
2623 0.001369
2624 0.001368
2625 0.001367
2626 0.001367
2627 0.001366
2628 0.001366
2629 0.001365
2630 0.001365
2631 0.001364
2632 0.001364
2633 0.001363
2634 0.001363
2635 0.001362
2636 0.001361
2637 0.001361
2638 0.001360
2639 0.001360
2640 0.001359
2641 0.001359
2642 0.001358
2643 0.001358
2644 0.001357
2645 0.001357
2646 0.001356
2647 0.001356
2648 0.001355
2649 0.001354
2650 0.001354
2651 0.001353
2652 0.001353
2653 0.001352
2654 0.001352
2655 0.001351
2656 0.001351
2657 0.001350
2658 0.001350
2659 0.001349
2660 0.001349
2661 0.001348
2662 0.001347
2663 0.001347
2664 0.001346
2665 0.001346
2666 0.001345
2667 0.001345
2668 0.001344
2669 0.001344
2670 0.001343
2671 0.001343
2672 0.001342
2673 0.001342
2674 0.001341
2675 0.001341
2676 0.001340
2677 0.001340
2678 0.001339
2679 0.001339
2680 0.001338
2681 0.001337
2682 0.001337
2683 0.001336
2684 0.001336
2685 0.001335
2686 0.001335
2687 0.001334
2688 0.001334
2689 0.001333
2690 0.001333
2691 0.001332
2692 0.001332
2693 0.001331
2694 0.001331
2695 0.001330
2696 0.001330
2697 0.001329
2698 0.001329
2699 0.001328
2700 0.001328
2701 0.001327
2702 0.001327
2703 0.001326
2704 0.001326
2705 0.001325
2706 0.001325
2707 0.001324
2708 0.001323
2709 0.001323
2710 0.001322
2711 0.001322
2712 0.001321
2713 0.001321
2714 0.001320
2715 0.001320
2716 0.001319
2717 0.001319
2718 0.001318
2719 0.001318
2720 0.001317
2721 0.001317
2722 0.001316
2723 0.001316
2724 0.001315
2725 0.001315
2726 0.001314
2727 0.001314
2728 0.001313
2729 0.001313
2730 0.001312
2731 0.001312
2732 0.001311
2733 0.001311
2734 0.001310
2735 0.001310
2736 0.001309
2737 0.001309
2738 0.001308
2739 0.001308
2740 0.001307
2741 0.001307
2742 0.001306
2743 0.001306
2744 0.001305
2745 0.001305
2746 0.001304
2747 0.001304
2748 0.001303
2749 0.001303
2750 0.001302
2751 0.001302
2752 0.001301
2753 0.001301
2754 0.001300
2755 0.001300
2756 0.001299
2757 0.001299
2758 0.001298
2759 0.001298
2760 0.001297
2761 0.001297
2762 0.001296
2763 0.001296
2764 0.001295
2765 0.001295
2766 0.001294
2767 0.001294
2768 0.001293
2769 0.001293
2770 0.001292
2771 0.001292
2772 0.001291
2773 0.001291
2774 0.001290
2775 0.001290
2776 0.001289
2777 0.001289
2778 0.001289
2779 0.001288
2780 0.001288
2781 0.001287
2782 0.001287
2783 0.001286
2784 0.001286
2785 0.001285
2786 0.001285
2787 0.001284
2788 0.001284
2789 0.001283
2790 0.001283
2791 0.001282
2792 0.001282
2793 0.001281
2794 0.001281
2795 0.001280
2796 0.001280
2797 0.001279
2798 0.001279
2799 0.001278
2800 0.001278
2801 0.001277
2802 0.001277
2803 0.001276
2804 0.001276
2805 0.001275
2806 0.001275
2807 0.001275
2808 0.001274
2809 0.001274
2810 0.001273
2811 0.001273
2812 0.001272
2813 0.001272
2814 0.001271
2815 0.001271
2816 0.001270
2817 0.001270
2818 0.001269
2819 0.001269
2820 0.001268
2821 0.001268
2822 0.001267
2823 0.001267
2824 0.001266
2825 0.001266
2826 0.001266
2827 0.001265
2828 0.001265
2829 0.001264
2830 0.001264
2831 0.001263
2832 0.001263
2833 0.001262
2834 0.001262
2835 0.001261
2836 0.001261
2837 0.001260
2838 0.001260
2839 0.001259
2840 0.001259
2841 0.001259
2842 0.001258
2843 0.001258
2844 0.001257
2845 0.001257
2846 0.001256
2847 0.001256
2848 0.001255
2849 0.001255
2850 0.001254
2851 0.001254
2852 0.001253
2853 0.001253
2854 0.001253
2855 0.001252
2856 0.001252
2857 0.001251
2858 0.001251
2859 0.001250
2860 0.001250
2861 0.001249
2862 0.001249
2863 0.001248
2864 0.001248
2865 0.001247
2866 0.001247
2867 0.001247
2868 0.001246
2869 0.001246
2870 0.001245
2871 0.001245
2872 0.001244
2873 0.001244
2874 0.001243
2875 0.001243
2876 0.001242
2877 0.001242
2878 0.001242
2879 0.001241
2880 0.001241
2881 0.001240
2882 0.001240
2883 0.001239
2884 0.001239
2885 0.001238
2886 0.001238
2887 0.001238
2888 0.001237
2889 0.001237
2890 0.001236
2891 0.001236
2892 0.001235
2893 0.001235
2894 0.001234
2895 0.001234
2896 0.001233
2897 0.001233
2898 0.001233
2899 0.001232
2900 0.001232
2901 0.001231
2902 0.001231
2903 0.001230
2904 0.001230
2905 0.001229
2906 0.001229
2907 0.001229
2908 0.001228
2909 0.001228
2910 0.001227
2911 0.001227
2912 0.001226
2913 0.001226
2914 0.001225
2915 0.001225
2916 0.001225
2917 0.001224
2918 0.001224
2919 0.001223
2920 0.001223
2921 0.001222
2922 0.001222
2923 0.001222
2924 0.001221
2925 0.001221
2926 0.001220
2927 0.001220
2928 0.001219
2929 0.001219
2930 0.001218
2931 0.001218
2932 0.001218
2933 0.001217
2934 0.001217
2935 0.001216
2936 0.001216
2937 0.001215
2938 0.001215
2939 0.001215
2940 0.001214
2941 0.001214
2942 0.001213
2943 0.001213
2944 0.001212
2945 0.001212
2946 0.001212
2947 0.001211
2948 0.001211
2949 0.001210
2950 0.001210
2951 0.001209
2952 0.001209
2953 0.001209
2954 0.001208
2955 0.001208
2956 0.001207
2957 0.001207
2958 0.001206
2959 0.001206
2960 0.001206
2961 0.001205
2962 0.001205
2963 0.001204
2964 0.001204
2965 0.001203
2966 0.001203
2967 0.001203
2968 0.001202
2969 0.001202
2970 0.001201
2971 0.001201
2972 0.001200
2973 0.001200
2974 0.001200
2975 0.001199
2976 0.001199
2977 0.001198
2978 0.001198
2979 0.001197
2980 0.001197
2981 0.001197
2982 0.001196
2983 0.001196
2984 0.001195
2985 0.001195
2986 0.001195
2987 0.001194
2988 0.001194
2989 0.001193
2990 0.001193
2991 0.001192
2992 0.001192
2993 0.001192
2994 0.001191
2995 0.001191
2996 0.001190
2997 0.001190
2998 0.001190
2999 0.001189
3000 0.001189
3001 0.001188
3002 0.001188
3003 0.001187
3004 0.001187
3005 0.001187
3006 0.001186
3007 0.001186
3008 0.001185
3009 0.001185
3010 0.001185
3011 0.001184
3012 0.001184
3013 0.001183
3014 0.001183
3015 0.001182
3016 0.001182
3017 0.001182
3018 0.001181
3019 0.001181
3020 0.001180
3021 0.001180
3022 0.001180
3023 0.001179
3024 0.001179
3025 0.001178
3026 0.001178
3027 0.001178
3028 0.001177
3029 0.001177
3030 0.001176
3031 0.001176
3032 0.001176
3033 0.001175
3034 0.001175
3035 0.001174
3036 0.001174
3037 0.001174
3038 0.001173
3039 0.001173
3040 0.001172
3041 0.001172
3042 0.001171
3043 0.001171
3044 0.001171
3045 0.001170
3046 0.001170
3047 0.001169
3048 0.001169
3049 0.001169
3050 0.001168
3051 0.001168
3052 0.001167
3053 0.001167
3054 0.001167
3055 0.001166
3056 0.001166
3057 0.001165
3058 0.001165
3059 0.001165
3060 0.001164
3061 0.001164
3062 0.001163
3063 0.001163
3064 0.001163
3065 0.001162
3066 0.001162
3067 0.001161
3068 0.001161
3069 0.001161
3070 0.001160
3071 0.001160
3072 0.001159
3073 0.001159
3074 0.001159
3075 0.001158
3076 0.001158
3077 0.001158
3078 0.001157
3079 0.001157
3080 0.001156
3081 0.001156
3082 0.001156
3083 0.001155
3084 0.001155
3085 0.001154
3086 0.001154
3087 0.001154
3088 0.001153
3089 0.001153
3090 0.001152
3091 0.001152
3092 0.001152
3093 0.001151
3094 0.001151
3095 0.001150
3096 0.001150
3097 0.001150
3098 0.001149
3099 0.001149
3100 0.001149
3101 0.001148
3102 0.001148
3103 0.001147
3104 0.001147
3105 0.001147
3106 0.001146
3107 0.001146
3108 0.001145
3109 0.001145
3110 0.001145
3111 0.001144
3112 0.001144
3113 0.001143
3114 0.001143
3115 0.001143
3116 0.001142
3117 0.001142
3118 0.001142
3119 0.001141
3120 0.001141
3121 0.001140
3122 0.001140
3123 0.001140
3124 0.001139
3125 0.001139
3126 0.001139
3127 0.001138
3128 0.001138
3129 0.001137
3130 0.001137
3131 0.001137
3132 0.001136
3133 0.001136
3134 0.001135
3135 0.001135
3136 0.001135
3137 0.001134
3138 0.001134
3139 0.001134
3140 0.001133
3141 0.001133
3142 0.001132
3143 0.001132
3144 0.001132
3145 0.001131
3146 0.001131
3147 0.001131
3148 0.001130
3149 0.001130
3150 0.001129
3151 0.001129
3152 0.001129
3153 0.001128
3154 0.001128
3155 0.001128
3156 0.001127
3157 0.001127
3158 0.001126
3159 0.001126
3160 0.001126
3161 0.001125
3162 0.001125
3163 0.001125
3164 0.001124
3165 0.001124
3166 0.001123
3167 0.001123
3168 0.001123
3169 0.001122
3170 0.001122
3171 0.001122
3172 0.001121
3173 0.001121
3174 0.001120
3175 0.001120
3176 0.001120
3177 0.001119
3178 0.001119
3179 0.001119
3180 0.001118
3181 0.001118
3182 0.001118
3183 0.001117
3184 0.001117
3185 0.001116
3186 0.001116
3187 0.001116
3188 0.001115
3189 0.001115
3190 0.001115
3191 0.001114
3192 0.001114
3193 0.001113
3194 0.001113
3195 0.001113
3196 0.001112
3197 0.001112
3198 0.001112
3199 0.001111
3200 0.001111
3201 0.001111
3202 0.001110
3203 0.001110
3204 0.001109
3205 0.001109
3206 0.001109
3207 0.001108
3208 0.001108
3209 0.001108
3210 0.001107
3211 0.001107
3212 0.001107
3213 0.001106
3214 0.001106
3215 0.001106
3216 0.001105
3217 0.001105
3218 0.001104
3219 0.001104
3220 0.001104
3221 0.001103
3222 0.001103
3223 0.001103
3224 0.001102
3225 0.001102
3226 0.001102
3227 0.001101
3228 0.001101
3229 0.001100
3230 0.001100
3231 0.001100
3232 0.001099
3233 0.001099
3234 0.001099
3235 0.001098
3236 0.001098
3237 0.001098
3238 0.001097
3239 0.001097
3240 0.001097
3241 0.001096
3242 0.001096
3243 0.001096
3244 0.001095
3245 0.001095
3246 0.001094
3247 0.001094
3248 0.001094
3249 0.001093
3250 0.001093
3251 0.001093
3252 0.001092
3253 0.001092
3254 0.001092
3255 0.001091
3256 0.001091
3257 0.001091
3258 0.001090
3259 0.001090
3260 0.001090
3261 0.001089
3262 0.001089
3263 0.001088
3264 0.001088
3265 0.001088
3266 0.001087
3267 0.001087
3268 0.001087
3269 0.001086
3270 0.001086
3271 0.001086
3272 0.001085
3273 0.001085
3274 0.001085
3275 0.001084
3276 0.001084
3277 0.001084
3278 0.001083
3279 0.001083
3280 0.001083
3281 0.001082
3282 0.001082
3283 0.001082
3284 0.001081
3285 0.001081
3286 0.001081
3287 0.001080
3288 0.001080
3289 0.001079
3290 0.001079
3291 0.001079
3292 0.001078
3293 0.001078
3294 0.001078
3295 0.001077
3296 0.001077
3297 0.001077
3298 0.001076
3299 0.001076
3300 0.001076
3301 0.001075
3302 0.001075
3303 0.001075
3304 0.001074
3305 0.001074
3306 0.001074
3307 0.001073
3308 0.001073
3309 0.001073
3310 0.001072
3311 0.001072
3312 0.001072
3313 0.001071
3314 0.001071
3315 0.001071
3316 0.001070
3317 0.001070
3318 0.001070
3319 0.001069
3320 0.001069
3321 0.001069
3322 0.001068
3323 0.001068
3324 0.001068
3325 0.001067
3326 0.001067
3327 0.001067
3328 0.001066
3329 0.001066
3330 0.001066
3331 0.001065
3332 0.001065
3333 0.001065
3334 0.001064
3335 0.001064
3336 0.001064
3337 0.001063
3338 0.001063
3339 0.001063
3340 0.001062
3341 0.001062
3342 0.001062
3343 0.001061
3344 0.001061
3345 0.001061
3346 0.001060
3347 0.001060
3348 0.001060
3349 0.001059
3350 0.001059
3351 0.001059
3352 0.001058
3353 0.001058
3354 0.001058
3355 0.001057
3356 0.001057
3357 0.001057
3358 0.001056
3359 0.001056
3360 0.001056
3361 0.001055
3362 0.001055
3363 0.001055
3364 0.001054
3365 0.001054
3366 0.001054
3367 0.001053
3368 0.001053
3369 0.001053
3370 0.001052
3371 0.001052
3372 0.001052
3373 0.001051
3374 0.001051
3375 0.001051
3376 0.001050
3377 0.001050
3378 0.001050
3379 0.001049
3380 0.001049
3381 0.001049
3382 0.001048
3383 0.001048
3384 0.001048
3385 0.001047
3386 0.001047
3387 0.001047
3388 0.001046
3389 0.001046
3390 0.001046
3391 0.001045
3392 0.001045
3393 0.001045
3394 0.001045
3395 0.001044
3396 0.001044
3397 0.001044
3398 0.001043
3399 0.001043
3400 0.001043
3401 0.001042
3402 0.001042
3403 0.001042
3404 0.001041
3405 0.001041
3406 0.001041
3407 0.001040
3408 0.001040
3409 0.001040
3410 0.001039
3411 0.001039
3412 0.001039
3413 0.001038
3414 0.001038
3415 0.001038
3416 0.001037
3417 0.001037
3418 0.001037
3419 0.001037
3420 0.001036
3421 0.001036
3422 0.001036
3423 0.001035
3424 0.001035
3425 0.001035
3426 0.001034
3427 0.001034
3428 0.001034
3429 0.001033
3430 0.001033
3431 0.001033
3432 0.001032
3433 0.001032
3434 0.001032
3435 0.001031
3436 0.001031
3437 0.001031
3438 0.001031
3439 0.001030
3440 0.001030
3441 0.001030
3442 0.001029
3443 0.001029
3444 0.001029
3445 0.001028
3446 0.001028
3447 0.001028
3448 0.001027
3449 0.001027
3450 0.001027
3451 0.001026
3452 0.001026
3453 0.001026
3454 0.001026
3455 0.001025
3456 0.001025
3457 0.001025
3458 0.001024
3459 0.001024
3460 0.001024
3461 0.001023
3462 0.001023
3463 0.001023
3464 0.001022
3465 0.001022
3466 0.001022
3467 0.001022
3468 0.001021
3469 0.001021
3470 0.001021
3471 0.001020
3472 0.001020
3473 0.001020
3474 0.001019
3475 0.001019
3476 0.001019
3477 0.001018
3478 0.001018
3479 0.001018
3480 0.001018
3481 0.001017
3482 0.001017
3483 0.001017
3484 0.001016
3485 0.001016
3486 0.001016
3487 0.001015
3488 0.001015
3489 0.001015
3490 0.001014
3491 0.001014
3492 0.001014
3493 0.001014
3494 0.001013
3495 0.001013
3496 0.001013
3497 0.001012
3498 0.001012
3499 0.001012
3500 0.001011
3501 0.001011
3502 0.001011
3503 0.001011
3504 0.001010
3505 0.001010
3506 0.001010
3507 0.001009
3508 0.001009
3509 0.001009
3510 0.001008
3511 0.001008
3512 0.001008
3513 0.001008
3514 0.001007
3515 0.001007
3516 0.001007
3517 0.001006
3518 0.001006
3519 0.001006
3520 0.001005
3521 0.001005
3522 0.001005
3523 0.001005
3524 0.001004
3525 0.001004
3526 0.001004
3527 0.001003
3528 0.001003
3529 0.001003
3530 0.001002
3531 0.001002
3532 0.001002
3533 0.001002
3534 0.001001
3535 0.001001
3536 0.001001
3537 0.001000
3538 0.001000
3539 0.001000
3540 0.000999
3541 0.000999
3542 0.000999
3543 0.000999
3544 0.000998
3545 0.000998
3546 0.000998
3547 0.000997
3548 0.000997
3549 0.000997
3550 0.000997
3551 0.000996
3552 0.000996
3553 0.000996
3554 0.000995
3555 0.000995
3556 0.000995
3557 0.000994
3558 0.000994
3559 0.000994
3560 0.000994
3561 0.000993
3562 0.000993
3563 0.000993
3564 0.000992
3565 0.000992
3566 0.000992
3567 0.000992
3568 0.000991
3569 0.000991
3570 0.000991
3571 0.000990
3572 0.000990
3573 0.000990
3574 0.000990
3575 0.000989
3576 0.000989
3577 0.000989
3578 0.000988
3579 0.000988
3580 0.000988
3581 0.000988
3582 0.000987
3583 0.000987
3584 0.000987
3585 0.000986
3586 0.000986
3587 0.000986
3588 0.000985
3589 0.000985
3590 0.000985
3591 0.000985
3592 0.000984
3593 0.000984
3594 0.000984
3595 0.000983
3596 0.000983
3597 0.000983
3598 0.000983
3599 0.000982
3600 0.000982
3601 0.000982
3602 0.000981
3603 0.000981
3604 0.000981
3605 0.000981
3606 0.000980
3607 0.000980
3608 0.000980
3609 0.000979
3610 0.000979
3611 0.000979
3612 0.000979
3613 0.000978
3614 0.000978
3615 0.000978
3616 0.000978
3617 0.000977
3618 0.000977
3619 0.000977
3620 0.000976
3621 0.000976
3622 0.000976
3623 0.000976
3624 0.000975
3625 0.000975
3626 0.000975
3627 0.000974
3628 0.000974
3629 0.000974
3630 0.000974
3631 0.000973
3632 0.000973
3633 0.000973
3634 0.000972
3635 0.000972
3636 0.000972
3637 0.000972
3638 0.000971
3639 0.000971
3640 0.000971
3641 0.000970
3642 0.000970
3643 0.000970
3644 0.000970
3645 0.000969
3646 0.000969
3647 0.000969
3648 0.000969
3649 0.000968
3650 0.000968
3651 0.000968
3652 0.000967
3653 0.000967
3654 0.000967
3655 0.000967
3656 0.000966
3657 0.000966
3658 0.000966
3659 0.000965
3660 0.000965
3661 0.000965
3662 0.000965
3663 0.000964
3664 0.000964
3665 0.000964
3666 0.000964
3667 0.000963
3668 0.000963
3669 0.000963
3670 0.000962
3671 0.000962
3672 0.000962
3673 0.000962
3674 0.000961
3675 0.000961
3676 0.000961
3677 0.000961
3678 0.000960
3679 0.000960
3680 0.000960
3681 0.000959
3682 0.000959
3683 0.000959
3684 0.000959
3685 0.000958
3686 0.000958
3687 0.000958
3688 0.000958
3689 0.000957
3690 0.000957
3691 0.000957
3692 0.000956
3693 0.000956
3694 0.000956
3695 0.000956
3696 0.000955
3697 0.000955
3698 0.000955
3699 0.000955
3700 0.000954
3701 0.000954
3702 0.000954
3703 0.000954
3704 0.000953
3705 0.000953
3706 0.000953
3707 0.000952
3708 0.000952
3709 0.000952
3710 0.000952
3711 0.000951
3712 0.000951
3713 0.000951
3714 0.000951
3715 0.000950
3716 0.000950
3717 0.000950
3718 0.000949
3719 0.000949
3720 0.000949
3721 0.000949
3722 0.000948
3723 0.000948
3724 0.000948
3725 0.000948
3726 0.000947
3727 0.000947
3728 0.000947
3729 0.000947
3730 0.000946
3731 0.000946
3732 0.000946
3733 0.000945
3734 0.000945
3735 0.000945
3736 0.000945
3737 0.000944
3738 0.000944
3739 0.000944
3740 0.000944
3741 0.000943
3742 0.000943
3743 0.000943
3744 0.000943
3745 0.000942
3746 0.000942
3747 0.000942
3748 0.000942
3749 0.000941
3750 0.000941
3751 0.000941
3752 0.000940
3753 0.000940
3754 0.000940
3755 0.000940
3756 0.000939
3757 0.000939
3758 0.000939
3759 0.000939
3760 0.000938
3761 0.000938
3762 0.000938
3763 0.000938
3764 0.000937
3765 0.000937
3766 0.000937
3767 0.000937
3768 0.000936
3769 0.000936
3770 0.000936
3771 0.000936
3772 0.000935
3773 0.000935
3774 0.000935
3775 0.000934
3776 0.000934
3777 0.000934
3778 0.000934
3779 0.000933
3780 0.000933
3781 0.000933
3782 0.000933
3783 0.000932
3784 0.000932
3785 0.000932
3786 0.000932
3787 0.000931
3788 0.000931
3789 0.000931
3790 0.000931
3791 0.000930
3792 0.000930
3793 0.000930
3794 0.000930
3795 0.000929
3796 0.000929
3797 0.000929
3798 0.000929
3799 0.000928
3800 0.000928
3801 0.000928
3802 0.000928
3803 0.000927
3804 0.000927
3805 0.000927
3806 0.000927
3807 0.000926
3808 0.000926
3809 0.000926
3810 0.000926
3811 0.000925
3812 0.000925
3813 0.000925
3814 0.000925
3815 0.000924
3816 0.000924
3817 0.000924
3818 0.000923
3819 0.000923
3820 0.000923
3821 0.000923
3822 0.000922
3823 0.000922
3824 0.000922
3825 0.000922
3826 0.000921
3827 0.000921
3828 0.000921
3829 0.000921
3830 0.000920
3831 0.000920
3832 0.000920
3833 0.000920
3834 0.000919
3835 0.000919
3836 0.000919
3837 0.000919
3838 0.000918
3839 0.000918
3840 0.000918
3841 0.000918
3842 0.000917
3843 0.000917
3844 0.000917
3845 0.000917
3846 0.000916
3847 0.000916
3848 0.000916
3849 0.000916
3850 0.000915
3851 0.000915
3852 0.000915
3853 0.000915
3854 0.000914
3855 0.000914
3856 0.000914
3857 0.000914
3858 0.000913
3859 0.000913
3860 0.000913
3861 0.000913
3862 0.000912
3863 0.000912
3864 0.000912
3865 0.000912
3866 0.000912
3867 0.000911
3868 0.000911
3869 0.000911
3870 0.000911
3871 0.000910
3872 0.000910
3873 0.000910
3874 0.000910
3875 0.000909
3876 0.000909
3877 0.000909
3878 0.000909
3879 0.000908
3880 0.000908
3881 0.000908
3882 0.000908
3883 0.000907
3884 0.000907
3885 0.000907
3886 0.000907
3887 0.000906
3888 0.000906
3889 0.000906
3890 0.000906
3891 0.000905
3892 0.000905
3893 0.000905
3894 0.000905
3895 0.000904
3896 0.000904
3897 0.000904
3898 0.000904
3899 0.000903
3900 0.000903
3901 0.000903
3902 0.000903
3903 0.000902
3904 0.000902
3905 0.000902
3906 0.000902
3907 0.000902
3908 0.000901
3909 0.000901
3910 0.000901
3911 0.000901
3912 0.000900
3913 0.000900
3914 0.000900
3915 0.000900
3916 0.000899
3917 0.000899
3918 0.000899
3919 0.000899
3920 0.000898
3921 0.000898
3922 0.000898
3923 0.000898
3924 0.000897
3925 0.000897
3926 0.000897
3927 0.000897
3928 0.000896
3929 0.000896
3930 0.000896
3931 0.000896
3932 0.000896
3933 0.000895
3934 0.000895
3935 0.000895
3936 0.000895
3937 0.000894
3938 0.000894
3939 0.000894
3940 0.000894
3941 0.000893
3942 0.000893
3943 0.000893
3944 0.000893
3945 0.000892
3946 0.000892
3947 0.000892
3948 0.000892
3949 0.000891
3950 0.000891
3951 0.000891
3952 0.000891
3953 0.000891
3954 0.000890
3955 0.000890
3956 0.000890
3957 0.000890
3958 0.000889
3959 0.000889
3960 0.000889
3961 0.000889
3962 0.000888
3963 0.000888
3964 0.000888
3965 0.000888
3966 0.000887
3967 0.000887
3968 0.000887
3969 0.000887
3970 0.000887
3971 0.000886
3972 0.000886
3973 0.000886
3974 0.000886
3975 0.000885
3976 0.000885
3977 0.000885
3978 0.000885
3979 0.000884
3980 0.000884
3981 0.000884
3982 0.000884
3983 0.000884
3984 0.000883
3985 0.000883
3986 0.000883
3987 0.000883
3988 0.000882
3989 0.000882
3990 0.000882
3991 0.000882
3992 0.000881
3993 0.000881
3994 0.000881
3995 0.000881
3996 0.000881
3997 0.000880
3998 0.000880
3999 0.000880
4000 0.000880
4001 0.000879
4002 0.000879
4003 0.000879
4004 0.000879
4005 0.000878
4006 0.000878
4007 0.000878
4008 0.000878
4009 0.000878
4010 0.000877
4011 0.000877
4012 0.000877
4013 0.000877
4014 0.000876
4015 0.000876
4016 0.000876
4017 0.000876
4018 0.000875
4019 0.000875
4020 0.000875
4021 0.000875
4022 0.000875
4023 0.000874
4024 0.000874
4025 0.000874
4026 0.000874
4027 0.000873
4028 0.000873
4029 0.000873
4030 0.000873
4031 0.000873
4032 0.000872
4033 0.000872
4034 0.000872
4035 0.000872
4036 0.000871
4037 0.000871
4038 0.000871
4039 0.000871
4040 0.000871
4041 0.000870
4042 0.000870
4043 0.000870
4044 0.000870
4045 0.000869
4046 0.000869
4047 0.000869
4048 0.000869
4049 0.000868
4050 0.000868
4051 0.000868
4052 0.000868
4053 0.000868
4054 0.000867
4055 0.000867
4056 0.000867
4057 0.000867
4058 0.000866
4059 0.000866
4060 0.000866
4061 0.000866
4062 0.000866
4063 0.000865
4064 0.000865
4065 0.000865
4066 0.000865
4067 0.000864
4068 0.000864
4069 0.000864
4070 0.000864
4071 0.000864
4072 0.000863
4073 0.000863
4074 0.000863
4075 0.000863
4076 0.000862
4077 0.000862
4078 0.000862
4079 0.000862
4080 0.000862
4081 0.000861
4082 0.000861
4083 0.000861
4084 0.000861
4085 0.000860
4086 0.000860
4087 0.000860
4088 0.000860
4089 0.000860
4090 0.000859
4091 0.000859
4092 0.000859
4093 0.000859
4094 0.000859
4095 0.000858
4096 0.000858
4097 0.000858
4098 0.000858
4099 0.000857
4100 0.000857
4101 0.000857
4102 0.000857
4103 0.000857
4104 0.000856
4105 0.000856
4106 0.000856
4107 0.000856
4108 0.000855
4109 0.000855
4110 0.000855
4111 0.000855
4112 0.000855
4113 0.000854
4114 0.000854
4115 0.000854
4116 0.000854
4117 0.000854
4118 0.000853
4119 0.000853
4120 0.000853
4121 0.000853
4122 0.000852
4123 0.000852
4124 0.000852
4125 0.000852
4126 0.000852
4127 0.000851
4128 0.000851
4129 0.000851
4130 0.000851
4131 0.000850
4132 0.000850
4133 0.000850
4134 0.000850
4135 0.000850
4136 0.000849
4137 0.000849
4138 0.000849
4139 0.000849
4140 0.000849
4141 0.000848
4142 0.000848
4143 0.000848
4144 0.000848
4145 0.000847
4146 0.000847
4147 0.000847
4148 0.000847
4149 0.000847
4150 0.000846
4151 0.000846
4152 0.000846
4153 0.000846
4154 0.000846
4155 0.000845
4156 0.000845
4157 0.000845
4158 0.000845
4159 0.000844
4160 0.000844
4161 0.000844
4162 0.000844
4163 0.000844
4164 0.000843
4165 0.000843
4166 0.000843
4167 0.000843
4168 0.000843
4169 0.000842
4170 0.000842
4171 0.000842
4172 0.000842
4173 0.000842
4174 0.000841
4175 0.000841
4176 0.000841
4177 0.000841
4178 0.000840
4179 0.000840
4180 0.000840
4181 0.000840
4182 0.000840
4183 0.000839
4184 0.000839
4185 0.000839
4186 0.000839
4187 0.000839
4188 0.000838
4189 0.000838
4190 0.000838
4191 0.000838
4192 0.000838
4193 0.000837
4194 0.000837
4195 0.000837
4196 0.000837
4197 0.000837
4198 0.000836
4199 0.000836
4200 0.000836
4201 0.000836
4202 0.000835
4203 0.000835
4204 0.000835
4205 0.000835
4206 0.000835
4207 0.000834
4208 0.000834
4209 0.000834
4210 0.000834
4211 0.000834
4212 0.000833
4213 0.000833
4214 0.000833
4215 0.000833
4216 0.000833
4217 0.000832
4218 0.000832
4219 0.000832
4220 0.000832
4221 0.000832
4222 0.000831
4223 0.000831
4224 0.000831
4225 0.000831
4226 0.000831
4227 0.000830
4228 0.000830
4229 0.000830
4230 0.000830
4231 0.000829
4232 0.000829
4233 0.000829
4234 0.000829
4235 0.000829
4236 0.000828
4237 0.000828
4238 0.000828
4239 0.000828
4240 0.000828
4241 0.000827
4242 0.000827
4243 0.000827
4244 0.000827
4245 0.000827
4246 0.000826
4247 0.000826
4248 0.000826
4249 0.000826
4250 0.000826
4251 0.000825
4252 0.000825
4253 0.000825
4254 0.000825
4255 0.000825
4256 0.000824
4257 0.000824
4258 0.000824
4259 0.000824
4260 0.000824
4261 0.000823
4262 0.000823
4263 0.000823
4264 0.000823
4265 0.000823
4266 0.000822
4267 0.000822
4268 0.000822
4269 0.000822
4270 0.000822
4271 0.000821
4272 0.000821
4273 0.000821
4274 0.000821
4275 0.000821
4276 0.000820
4277 0.000820
4278 0.000820
4279 0.000820
4280 0.000820
4281 0.000819
4282 0.000819
4283 0.000819
4284 0.000819
4285 0.000819
4286 0.000818
4287 0.000818
4288 0.000818
4289 0.000818
4290 0.000818
4291 0.000817
4292 0.000817
4293 0.000817
4294 0.000817
4295 0.000817
4296 0.000816
4297 0.000816
4298 0.000816
4299 0.000816
4300 0.000816
4301 0.000815
4302 0.000815
4303 0.000815
4304 0.000815
4305 0.000815
4306 0.000814
4307 0.000814
4308 0.000814
4309 0.000814
4310 0.000814
4311 0.000813
4312 0.000813
4313 0.000813
4314 0.000813
4315 0.000813
4316 0.000812
4317 0.000812
4318 0.000812
4319 0.000812
4320 0.000812
4321 0.000811
4322 0.000811
4323 0.000811
4324 0.000811
4325 0.000811
4326 0.000810
4327 0.000810
4328 0.000810
4329 0.000810
4330 0.000810
4331 0.000809
4332 0.000809
4333 0.000809
4334 0.000809
4335 0.000809
4336 0.000809
4337 0.000808
4338 0.000808
4339 0.000808
4340 0.000808
4341 0.000808
4342 0.000807
4343 0.000807
4344 0.000807
4345 0.000807
4346 0.000807
4347 0.000806
4348 0.000806
4349 0.000806
4350 0.000806
4351 0.000806
4352 0.000805
4353 0.000805
4354 0.000805
4355 0.000805
4356 0.000805
4357 0.000804
4358 0.000804
4359 0.000804
4360 0.000804
4361 0.000804
4362 0.000803
4363 0.000803
4364 0.000803
4365 0.000803
4366 0.000803
4367 0.000803
4368 0.000802
4369 0.000802
4370 0.000802
4371 0.000802
4372 0.000802
4373 0.000801
4374 0.000801
4375 0.000801
4376 0.000801
4377 0.000801
4378 0.000800
4379 0.000800
4380 0.000800
4381 0.000800
4382 0.000800
4383 0.000799
4384 0.000799
4385 0.000799
4386 0.000799
4387 0.000799
4388 0.000799
4389 0.000798
4390 0.000798
4391 0.000798
4392 0.000798
4393 0.000798
4394 0.000797
4395 0.000797
4396 0.000797
4397 0.000797
4398 0.000797
4399 0.000796
4400 0.000796
4401 0.000796
4402 0.000796
4403 0.000796
4404 0.000795
4405 0.000795
4406 0.000795
4407 0.000795
4408 0.000795
4409 0.000795
4410 0.000794
4411 0.000794
4412 0.000794
4413 0.000794
4414 0.000794
4415 0.000793
4416 0.000793
4417 0.000793
4418 0.000793
4419 0.000793
4420 0.000792
4421 0.000792
4422 0.000792
4423 0.000792
4424 0.000792
4425 0.000792
4426 0.000791
4427 0.000791
4428 0.000791
4429 0.000791
4430 0.000791
4431 0.000790
4432 0.000790
4433 0.000790
4434 0.000790
4435 0.000790
4436 0.000789
4437 0.000789
4438 0.000789
4439 0.000789
4440 0.000789
4441 0.000789
4442 0.000788
4443 0.000788
4444 0.000788
4445 0.000788
4446 0.000788
4447 0.000787
4448 0.000787
4449 0.000787
4450 0.000787
4451 0.000787
4452 0.000787
4453 0.000786
4454 0.000786
4455 0.000786
4456 0.000786
4457 0.000786
4458 0.000785
4459 0.000785
4460 0.000785
4461 0.000785
4462 0.000785
4463 0.000785
4464 0.000784
4465 0.000784
4466 0.000784
4467 0.000784
4468 0.000784
4469 0.000783
4470 0.000783
4471 0.000783
4472 0.000783
4473 0.000783
4474 0.000782
4475 0.000782
4476 0.000782
4477 0.000782
4478 0.000782
4479 0.000782
4480 0.000781
4481 0.000781
4482 0.000781
4483 0.000781
4484 0.000781
4485 0.000780
4486 0.000780
4487 0.000780
4488 0.000780
4489 0.000780
4490 0.000780
4491 0.000779
4492 0.000779
4493 0.000779
4494 0.000779
4495 0.000779
4496 0.000779
4497 0.000778
4498 0.000778
4499 0.000778
4500 0.000778
4501 0.000778
4502 0.000777
4503 0.000777
4504 0.000777
4505 0.000777
4506 0.000777
4507 0.000777
4508 0.000776
4509 0.000776
4510 0.000776
4511 0.000776
4512 0.000776
4513 0.000775
4514 0.000775
4515 0.000775
4516 0.000775
4517 0.000775
4518 0.000775
4519 0.000774
4520 0.000774
4521 0.000774
4522 0.000774
4523 0.000774
4524 0.000773
4525 0.000773
4526 0.000773
4527 0.000773
4528 0.000773
4529 0.000773
4530 0.000772
4531 0.000772
4532 0.000772
4533 0.000772
4534 0.000772
4535 0.000772
4536 0.000771
4537 0.000771
4538 0.000771
4539 0.000771
4540 0.000771
4541 0.000770
4542 0.000770
4543 0.000770
4544 0.000770
4545 0.000770
4546 0.000770
4547 0.000769
4548 0.000769
4549 0.000769
4550 0.000769
4551 0.000769
4552 0.000769
4553 0.000768
4554 0.000768
4555 0.000768
4556 0.000768
4557 0.000768
4558 0.000767
4559 0.000767
4560 0.000767
4561 0.000767
4562 0.000767
4563 0.000767
4564 0.000766
4565 0.000766
4566 0.000766
4567 0.000766
4568 0.000766
4569 0.000766
4570 0.000765
4571 0.000765
4572 0.000765
4573 0.000765
4574 0.000765
4575 0.000764
4576 0.000764
4577 0.000764
4578 0.000764
4579 0.000764
4580 0.000764
4581 0.000763
4582 0.000763
4583 0.000763
4584 0.000763
4585 0.000763
4586 0.000763
4587 0.000762
4588 0.000762
4589 0.000762
4590 0.000762
4591 0.000762
4592 0.000762
4593 0.000761
4594 0.000761
4595 0.000761
4596 0.000761
4597 0.000761
4598 0.000760
4599 0.000760
4600 0.000760
4601 0.000760
4602 0.000760
4603 0.000760
4604 0.000759
4605 0.000759
4606 0.000759
4607 0.000759
4608 0.000759
4609 0.000759
4610 0.000758
4611 0.000758
4612 0.000758
4613 0.000758
4614 0.000758
4615 0.000758
4616 0.000757
4617 0.000757
4618 0.000757
4619 0.000757
4620 0.000757
4621 0.000757
4622 0.000756
4623 0.000756
4624 0.000756
4625 0.000756
4626 0.000756
4627 0.000756
4628 0.000755
4629 0.000755
4630 0.000755
4631 0.000755
4632 0.000755
4633 0.000754
4634 0.000754
4635 0.000754
4636 0.000754
4637 0.000754
4638 0.000754
4639 0.000753
4640 0.000753
4641 0.000753
4642 0.000753
4643 0.000753
4644 0.000753
4645 0.000752
4646 0.000752
4647 0.000752
4648 0.000752
4649 0.000752
4650 0.000752
4651 0.000751
4652 0.000751
4653 0.000751
4654 0.000751
4655 0.000751
4656 0.000751
4657 0.000750
4658 0.000750
4659 0.000750
4660 0.000750
4661 0.000750
4662 0.000750
4663 0.000749
4664 0.000749
4665 0.000749
4666 0.000749
4667 0.000749
4668 0.000749
4669 0.000748
4670 0.000748
4671 0.000748
4672 0.000748
4673 0.000748
4674 0.000748
4675 0.000747
4676 0.000747
4677 0.000747
4678 0.000747
4679 0.000747
4680 0.000747
4681 0.000746
4682 0.000746
4683 0.000746
4684 0.000746
4685 0.000746
4686 0.000746
4687 0.000745
4688 0.000745
4689 0.000745
4690 0.000745
4691 0.000745
4692 0.000745
4693 0.000744
4694 0.000744
4695 0.000744
4696 0.000744
4697 0.000744
4698 0.000744
4699 0.000743
4700 0.000743
4701 0.000743
4702 0.000743
4703 0.000743
4704 0.000743
4705 0.000742
4706 0.000742
4707 0.000742
4708 0.000742
4709 0.000742
4710 0.000742
4711 0.000741
4712 0.000741
4713 0.000741
4714 0.000741
4715 0.000741
4716 0.000741
4717 0.000740
4718 0.000740
4719 0.000740
4720 0.000740
4721 0.000740
4722 0.000740
4723 0.000739
4724 0.000739
4725 0.000739
4726 0.000739
4727 0.000739
4728 0.000739
4729 0.000739
4730 0.000738
4731 0.000738
4732 0.000738
4733 0.000738
4734 0.000738
4735 0.000738
4736 0.000737
4737 0.000737
4738 0.000737
4739 0.000737
4740 0.000737
4741 0.000737
4742 0.000736
4743 0.000736
4744 0.000736
4745 0.000736
4746 0.000736
4747 0.000736
4748 0.000735
4749 0.000735
4750 0.000735
4751 0.000735
4752 0.000735
4753 0.000735
4754 0.000734
4755 0.000734
4756 0.000734
4757 0.000734
4758 0.000734
4759 0.000734
4760 0.000733
4761 0.000733
4762 0.000733
4763 0.000733
4764 0.000733
4765 0.000733
4766 0.000733
4767 0.000732
4768 0.000732
4769 0.000732
4770 0.000732
4771 0.000732
4772 0.000732
4773 0.000731
4774 0.000731
4775 0.000731
4776 0.000731
4777 0.000731
4778 0.000731
4779 0.000730
4780 0.000730
4781 0.000730
4782 0.000730
4783 0.000730
4784 0.000730
4785 0.000729
4786 0.000729
4787 0.000729
4788 0.000729
4789 0.000729
4790 0.000729
4791 0.000729
4792 0.000728
4793 0.000728
4794 0.000728
4795 0.000728
4796 0.000728
4797 0.000728
4798 0.000727
4799 0.000727
4800 0.000727
4801 0.000727
4802 0.000727
4803 0.000727
4804 0.000726
4805 0.000726
4806 0.000726
4807 0.000726
4808 0.000726
4809 0.000726
4810 0.000726
4811 0.000725
4812 0.000725
4813 0.000725
4814 0.000725
4815 0.000725
4816 0.000725
4817 0.000724
4818 0.000724
4819 0.000724
4820 0.000724
4821 0.000724
4822 0.000724
4823 0.000723
4824 0.000723
4825 0.000723
4826 0.000723
4827 0.000723
4828 0.000723
4829 0.000723
4830 0.000722
4831 0.000722
4832 0.000722
4833 0.000722
4834 0.000722
4835 0.000722
4836 0.000721
4837 0.000721
4838 0.000721
4839 0.000721
4840 0.000721
4841 0.000721
4842 0.000721
4843 0.000720
4844 0.000720
4845 0.000720
4846 0.000720
4847 0.000720
4848 0.000720
4849 0.000719
4850 0.000719
4851 0.000719
4852 0.000719
4853 0.000719
4854 0.000719
4855 0.000719
4856 0.000718
4857 0.000718
4858 0.000718
4859 0.000718
4860 0.000718
4861 0.000718
4862 0.000717
4863 0.000717
4864 0.000717
4865 0.000717
4866 0.000717
4867 0.000717
4868 0.000717
4869 0.000716
4870 0.000716
4871 0.000716
4872 0.000716
4873 0.000716
4874 0.000716
4875 0.000715
4876 0.000715
4877 0.000715
4878 0.000715
4879 0.000715
4880 0.000715
4881 0.000715
4882 0.000714
4883 0.000714
4884 0.000714
4885 0.000714
4886 0.000714
4887 0.000714
4888 0.000713
4889 0.000713
4890 0.000713
4891 0.000713
4892 0.000713
4893 0.000713
4894 0.000713
4895 0.000712
4896 0.000712
4897 0.000712
4898 0.000712
4899 0.000712
4900 0.000712
4901 0.000711
4902 0.000711
4903 0.000711
4904 0.000711
4905 0.000711
4906 0.000711
4907 0.000711
4908 0.000710
4909 0.000710
4910 0.000710
4911 0.000710
4912 0.000710
4913 0.000710
4914 0.000710
4915 0.000709
4916 0.000709
4917 0.000709
4918 0.000709
4919 0.000709
4920 0.000709
4921 0.000708
4922 0.000708
4923 0.000708
4924 0.000708
4925 0.000708
4926 0.000708
4927 0.000708
4928 0.000707
4929 0.000707
4930 0.000707
4931 0.000707
4932 0.000707
4933 0.000707
4934 0.000707
4935 0.000706
4936 0.000706
4937 0.000706
4938 0.000706
4939 0.000706
4940 0.000706
4941 0.000705
4942 0.000705
4943 0.000705
4944 0.000705
4945 0.000705
4946 0.000705
4947 0.000705
4948 0.000704
4949 0.000704
4950 0.000704
4951 0.000704
4952 0.000704
4953 0.000704
4954 0.000704
4955 0.000703
4956 0.000703
4957 0.000703
4958 0.000703
4959 0.000703
4960 0.000703
4961 0.000703
4962 0.000702
4963 0.000702
4964 0.000702
4965 0.000702
4966 0.000702
4967 0.000702
4968 0.000701
4969 0.000701
4970 0.000701
4971 0.000701
4972 0.000701
4973 0.000701
4974 0.000701
4975 0.000700
4976 0.000700
4977 0.000700
4978 0.000700
4979 0.000700
4980 0.000700
4981 0.000700
4982 0.000699
4983 0.000699
4984 0.000699
4985 0.000699
4986 0.000699
4987 0.000699
4988 0.000699
4989 0.000698
4990 0.000698
4991 0.000698
4992 0.000698
4993 0.000698
4994 0.000698
4995 0.000698
4996 0.000697
4997 0.000697
4998 0.000697
4999 0.000697
5000 0.000697
5001 0.000697
5002 0.000697
5003 0.000696
5004 0.000696
5005 0.000696
5006 0.000696
5007 0.000696
5008 0.000696
5009 0.000695
5010 0.000695
5011 0.000695
5012 0.000695
5013 0.000695
5014 0.000695
5015 0.000695
5016 0.000694
5017 0.000694
5018 0.000694
5019 0.000694
5020 0.000694
5021 0.000694
5022 0.000694
5023 0.000693
5024 0.000693
5025 0.000693
5026 0.000693
5027 0.000693
5028 0.000693
5029 0.000693
5030 0.000692
5031 0.000692
5032 0.000692
5033 0.000692
5034 0.000692
5035 0.000692
5036 0.000692
5037 0.000691
5038 0.000691
5039 0.000691
5040 0.000691
5041 0.000691
5042 0.000691
5043 0.000691
5044 0.000690
5045 0.000690
5046 0.000690
5047 0.000690
5048 0.000690
5049 0.000690
5050 0.000690
5051 0.000689
5052 0.000689
5053 0.000689
5054 0.000689
5055 0.000689
5056 0.000689
5057 0.000689
5058 0.000688
5059 0.000688
5060 0.000688
5061 0.000688
5062 0.000688
5063 0.000688
5064 0.000688
5065 0.000687
5066 0.000687
5067 0.000687
5068 0.000687
5069 0.000687
5070 0.000687
5071 0.000687
5072 0.000686
5073 0.000686
5074 0.000686
5075 0.000686
5076 0.000686
5077 0.000686
5078 0.000686
5079 0.000686
5080 0.000685
5081 0.000685
5082 0.000685
5083 0.000685
5084 0.000685
5085 0.000685
5086 0.000685
5087 0.000684
5088 0.000684
5089 0.000684
5090 0.000684
5091 0.000684
5092 0.000684
5093 0.000684
5094 0.000683
5095 0.000683
5096 0.000683
5097 0.000683
5098 0.000683
5099 0.000683
5100 0.000683
5101 0.000682
5102 0.000682
5103 0.000682
5104 0.000682
5105 0.000682
5106 0.000682
5107 0.000682
5108 0.000681
5109 0.000681
5110 0.000681
5111 0.000681
5112 0.000681
5113 0.000681
5114 0.000681
5115 0.000680
5116 0.000680
5117 0.000680
5118 0.000680
5119 0.000680
5120 0.000680
5121 0.000680
5122 0.000680
5123 0.000679
5124 0.000679
5125 0.000679
5126 0.000679
5127 0.000679
5128 0.000679
5129 0.000679
5130 0.000678
5131 0.000678
5132 0.000678
5133 0.000678
5134 0.000678
5135 0.000678
5136 0.000678
5137 0.000677
5138 0.000677
5139 0.000677
5140 0.000677
5141 0.000677
5142 0.000677
5143 0.000677
5144 0.000676
5145 0.000676
5146 0.000676
5147 0.000676
5148 0.000676
5149 0.000676
5150 0.000676
5151 0.000676
5152 0.000675
5153 0.000675
5154 0.000675
5155 0.000675
5156 0.000675
5157 0.000675
5158 0.000675
5159 0.000674
5160 0.000674
5161 0.000674
5162 0.000674
5163 0.000674
5164 0.000674
5165 0.000674
5166 0.000673
5167 0.000673
5168 0.000673
5169 0.000673
5170 0.000673
5171 0.000673
5172 0.000673
5173 0.000673
5174 0.000672
5175 0.000672
5176 0.000672
5177 0.000672
5178 0.000672
5179 0.000672
5180 0.000672
5181 0.000671
5182 0.000671
5183 0.000671
5184 0.000671
5185 0.000671
5186 0.000671
5187 0.000671
5188 0.000670
5189 0.000670
5190 0.000670
5191 0.000670
5192 0.000670
5193 0.000670
5194 0.000670
5195 0.000670
5196 0.000669
5197 0.000669
5198 0.000669
5199 0.000669
5200 0.000669
5201 0.000669
5202 0.000669
5203 0.000668
5204 0.000668
5205 0.000668
5206 0.000668
5207 0.000668
5208 0.000668
5209 0.000668
5210 0.000668
5211 0.000667
5212 0.000667
5213 0.000667
5214 0.000667
5215 0.000667
5216 0.000667
5217 0.000667
5218 0.000666
5219 0.000666
5220 0.000666
5221 0.000666
5222 0.000666
5223 0.000666
5224 0.000666
5225 0.000666
5226 0.000665
5227 0.000665
5228 0.000665
5229 0.000665
5230 0.000665
5231 0.000665
5232 0.000665
5233 0.000664
5234 0.000664
5235 0.000664
5236 0.000664
5237 0.000664
5238 0.000664
5239 0.000664
5240 0.000664
5241 0.000663
5242 0.000663
5243 0.000663
5244 0.000663
5245 0.000663
5246 0.000663
5247 0.000663
5248 0.000662
5249 0.000662
5250 0.000662
5251 0.000662
5252 0.000662
5253 0.000662
5254 0.000662
5255 0.000662
5256 0.000661
5257 0.000661
5258 0.000661
5259 0.000661
5260 0.000661
5261 0.000661
5262 0.000661
5263 0.000661
5264 0.000660
5265 0.000660
5266 0.000660
5267 0.000660
5268 0.000660
5269 0.000660
5270 0.000660
5271 0.000659
5272 0.000659
5273 0.000659
5274 0.000659
5275 0.000659
5276 0.000659
5277 0.000659
5278 0.000659
5279 0.000658
5280 0.000658
5281 0.000658
5282 0.000658
5283 0.000658
5284 0.000658
5285 0.000658
5286 0.000658
5287 0.000657
5288 0.000657
5289 0.000657
5290 0.000657
5291 0.000657
5292 0.000657
5293 0.000657
5294 0.000656
5295 0.000656
5296 0.000656
5297 0.000656
5298 0.000656
5299 0.000656
5300 0.000656
5301 0.000656
5302 0.000655
5303 0.000655
5304 0.000655
5305 0.000655
5306 0.000655
5307 0.000655
5308 0.000655
5309 0.000655
5310 0.000654
5311 0.000654
5312 0.000654
5313 0.000654
5314 0.000654
5315 0.000654
5316 0.000654
5317 0.000654
5318 0.000653
5319 0.000653
5320 0.000653
5321 0.000653
5322 0.000653
5323 0.000653
5324 0.000653
5325 0.000653
5326 0.000652
5327 0.000652
5328 0.000652
5329 0.000652
5330 0.000652
5331 0.000652
5332 0.000652
5333 0.000651
5334 0.000651
5335 0.000651
5336 0.000651
5337 0.000651
5338 0.000651
5339 0.000651
5340 0.000651
5341 0.000650
5342 0.000650
5343 0.000650
5344 0.000650
5345 0.000650
5346 0.000650
5347 0.000650
5348 0.000650
5349 0.000649
5350 0.000649
5351 0.000649
5352 0.000649
5353 0.000649
5354 0.000649
5355 0.000649
5356 0.000649
5357 0.000648
5358 0.000648
5359 0.000648
5360 0.000648
5361 0.000648
5362 0.000648
5363 0.000648
5364 0.000648
5365 0.000647
5366 0.000647
5367 0.000647
5368 0.000647
5369 0.000647
5370 0.000647
5371 0.000647
5372 0.000647
5373 0.000646
5374 0.000646
5375 0.000646
5376 0.000646
5377 0.000646
5378 0.000646
5379 0.000646
5380 0.000646
5381 0.000645
5382 0.000645
5383 0.000645
5384 0.000645
5385 0.000645
5386 0.000645
5387 0.000645
5388 0.000645
5389 0.000644
5390 0.000644
5391 0.000644
5392 0.000644
5393 0.000644
5394 0.000644
5395 0.000644
5396 0.000644
5397 0.000643
5398 0.000643
5399 0.000643
5400 0.000643
5401 0.000643
5402 0.000643
5403 0.000643
5404 0.000643
5405 0.000642
5406 0.000642
5407 0.000642
5408 0.000642
5409 0.000642
5410 0.000642
5411 0.000642
5412 0.000642
5413 0.000641
5414 0.000641
5415 0.000641
5416 0.000641
5417 0.000641
5418 0.000641
5419 0.000641
5420 0.000641
5421 0.000640
5422 0.000640
5423 0.000640
5424 0.000640
5425 0.000640
5426 0.000640
5427 0.000640
5428 0.000640
5429 0.000639
5430 0.000639
5431 0.000639
5432 0.000639
5433 0.000639
5434 0.000639
5435 0.000639
5436 0.000639
5437 0.000639
5438 0.000638
5439 0.000638
5440 0.000638
5441 0.000638
5442 0.000638
5443 0.000638
5444 0.000638
5445 0.000638
5446 0.000637
5447 0.000637
5448 0.000637
5449 0.000637
5450 0.000637
5451 0.000637
5452 0.000637
5453 0.000637
5454 0.000636
5455 0.000636
5456 0.000636
5457 0.000636
5458 0.000636
5459 0.000636
5460 0.000636
5461 0.000636
5462 0.000635
5463 0.000635
5464 0.000635
5465 0.000635
5466 0.000635
5467 0.000635
5468 0.000635
5469 0.000635
5470 0.000634
5471 0.000634
5472 0.000634
5473 0.000634
5474 0.000634
5475 0.000634
5476 0.000634
5477 0.000634
5478 0.000634
5479 0.000633
5480 0.000633
5481 0.000633
5482 0.000633
5483 0.000633
5484 0.000633
5485 0.000633
5486 0.000633
5487 0.000632
5488 0.000632
5489 0.000632
5490 0.000632
5491 0.000632
5492 0.000632
5493 0.000632
5494 0.000632
5495 0.000631
5496 0.000631
5497 0.000631
5498 0.000631
5499 0.000631
5500 0.000631
5501 0.000631
5502 0.000631
5503 0.000631
5504 0.000630
5505 0.000630
5506 0.000630
5507 0.000630
5508 0.000630
5509 0.000630
5510 0.000630
5511 0.000630
5512 0.000629
5513 0.000629
5514 0.000629
5515 0.000629
5516 0.000629
5517 0.000629
5518 0.000629
5519 0.000629
5520 0.000629
5521 0.000628
5522 0.000628
5523 0.000628
5524 0.000628
5525 0.000628
5526 0.000628
5527 0.000628
5528 0.000628
5529 0.000627
5530 0.000627
5531 0.000627
5532 0.000627
5533 0.000627
5534 0.000627
5535 0.000627
5536 0.000627
5537 0.000626
5538 0.000626
5539 0.000626
5540 0.000626
5541 0.000626
5542 0.000626
5543 0.000626
5544 0.000626
5545 0.000626
5546 0.000625
5547 0.000625
5548 0.000625
5549 0.000625
5550 0.000625
5551 0.000625
5552 0.000625
5553 0.000625
5554 0.000624
5555 0.000624
5556 0.000624
5557 0.000624
5558 0.000624
5559 0.000624
5560 0.000624
5561 0.000624
5562 0.000624
5563 0.000623
5564 0.000623
5565 0.000623
5566 0.000623
5567 0.000623
5568 0.000623
5569 0.000623
5570 0.000623
5571 0.000623
5572 0.000622
5573 0.000622
5574 0.000622
5575 0.000622
5576 0.000622
5577 0.000622
5578 0.000622
5579 0.000622
5580 0.000621
5581 0.000621
5582 0.000621
5583 0.000621
5584 0.000621
5585 0.000621
5586 0.000621
5587 0.000621
5588 0.000621
5589 0.000620
5590 0.000620
5591 0.000620
5592 0.000620
5593 0.000620
5594 0.000620
5595 0.000620
5596 0.000620
5597 0.000619
5598 0.000619
5599 0.000619
5600 0.000619
5601 0.000619
5602 0.000619
5603 0.000619
5604 0.000619
5605 0.000619
5606 0.000618
5607 0.000618
5608 0.000618
5609 0.000618
5610 0.000618
5611 0.000618
5612 0.000618
5613 0.000618
5614 0.000618
5615 0.000617
5616 0.000617
5617 0.000617
5618 0.000617
5619 0.000617
5620 0.000617
5621 0.000617
5622 0.000617
5623 0.000617
5624 0.000616
5625 0.000616
5626 0.000616
5627 0.000616
5628 0.000616
5629 0.000616
5630 0.000616
5631 0.000616
5632 0.000615
5633 0.000615
5634 0.000615
5635 0.000615
5636 0.000615
5637 0.000615
5638 0.000615
5639 0.000615
5640 0.000615
5641 0.000614
5642 0.000614
5643 0.000614
5644 0.000614
5645 0.000614
5646 0.000614
5647 0.000614
5648 0.000614
5649 0.000614
5650 0.000613
5651 0.000613
5652 0.000613
5653 0.000613
5654 0.000613
5655 0.000613
5656 0.000613
5657 0.000613
5658 0.000613
5659 0.000612
5660 0.000612
5661 0.000612
5662 0.000612
5663 0.000612
5664 0.000612
5665 0.000612
5666 0.000612
5667 0.000612
5668 0.000611
5669 0.000611
5670 0.000611
5671 0.000611
5672 0.000611
5673 0.000611
5674 0.000611
5675 0.000611
5676 0.000611
5677 0.000610
5678 0.000610
5679 0.000610
5680 0.000610
5681 0.000610
5682 0.000610
5683 0.000610
5684 0.000610
5685 0.000610
5686 0.000609
5687 0.000609
5688 0.000609
5689 0.000609
5690 0.000609
5691 0.000609
5692 0.000609
5693 0.000609
5694 0.000609
5695 0.000608
5696 0.000608
5697 0.000608
5698 0.000608
5699 0.000608
5700 0.000608
5701 0.000608
5702 0.000608
5703 0.000608
5704 0.000607
5705 0.000607
5706 0.000607
5707 0.000607
5708 0.000607
5709 0.000607
5710 0.000607
5711 0.000607
5712 0.000607
5713 0.000606
5714 0.000606
5715 0.000606
5716 0.000606
5717 0.000606
5718 0.000606
5719 0.000606
5720 0.000606
5721 0.000606
5722 0.000605
5723 0.000605
5724 0.000605
5725 0.000605
5726 0.000605
5727 0.000605
5728 0.000605
5729 0.000605
5730 0.000605
5731 0.000604
5732 0.000604
5733 0.000604
5734 0.000604
5735 0.000604
5736 0.000604
5737 0.000604
5738 0.000604
5739 0.000604
5740 0.000603
5741 0.000603
5742 0.000603
5743 0.000603
5744 0.000603
5745 0.000603
5746 0.000603
5747 0.000603
5748 0.000603
5749 0.000602
5750 0.000602
5751 0.000602
5752 0.000602
5753 0.000602
5754 0.000602
5755 0.000602
5756 0.000602
5757 0.000602
5758 0.000601
5759 0.000601
5760 0.000601
5761 0.000601
5762 0.000601
5763 0.000601
5764 0.000601
5765 0.000601
5766 0.000601
5767 0.000600
5768 0.000600
5769 0.000600
5770 0.000600
5771 0.000600
5772 0.000600
5773 0.000600
5774 0.000600
5775 0.000600
5776 0.000600
5777 0.000599
5778 0.000599
5779 0.000599
5780 0.000599
5781 0.000599
5782 0.000599
5783 0.000599
5784 0.000599
5785 0.000599
5786 0.000598
5787 0.000598
5788 0.000598
5789 0.000598
5790 0.000598
5791 0.000598
5792 0.000598
5793 0.000598
5794 0.000598
5795 0.000597
5796 0.000597
5797 0.000597
5798 0.000597
5799 0.000597
5800 0.000597
5801 0.000597
5802 0.000597
5803 0.000597
5804 0.000596
5805 0.000596
5806 0.000596
5807 0.000596
5808 0.000596
5809 0.000596
5810 0.000596
5811 0.000596
5812 0.000596
5813 0.000596
5814 0.000595
5815 0.000595
5816 0.000595
5817 0.000595
5818 0.000595
5819 0.000595
5820 0.000595
5821 0.000595
5822 0.000595
5823 0.000594
5824 0.000594
5825 0.000594
5826 0.000594
5827 0.000594
5828 0.000594
5829 0.000594
5830 0.000594
5831 0.000594
5832 0.000594
5833 0.000593
5834 0.000593
5835 0.000593
5836 0.000593
5837 0.000593
5838 0.000593
5839 0.000593
5840 0.000593
5841 0.000593
5842 0.000592
5843 0.000592
5844 0.000592
5845 0.000592
5846 0.000592
5847 0.000592
5848 0.000592
5849 0.000592
5850 0.000592
5851 0.000592
5852 0.000591
5853 0.000591
5854 0.000591
5855 0.000591
5856 0.000591
5857 0.000591
5858 0.000591
5859 0.000591
5860 0.000591
5861 0.000590
5862 0.000590
5863 0.000590
5864 0.000590
5865 0.000590
5866 0.000590
5867 0.000590
5868 0.000590
5869 0.000590
5870 0.000590
5871 0.000589
5872 0.000589
5873 0.000589
5874 0.000589
5875 0.000589
5876 0.000589
5877 0.000589
5878 0.000589
5879 0.000589
5880 0.000588
5881 0.000588
5882 0.000588
5883 0.000588
5884 0.000588
5885 0.000588
5886 0.000588
5887 0.000588
5888 0.000588
5889 0.000588
5890 0.000587
5891 0.000587
5892 0.000587
5893 0.000587
5894 0.000587
5895 0.000587
5896 0.000587
5897 0.000587
5898 0.000587
5899 0.000586
5900 0.000586
5901 0.000586
5902 0.000586
5903 0.000586
5904 0.000586
5905 0.000586
5906 0.000586
5907 0.000586
5908 0.000586
5909 0.000585
5910 0.000585
5911 0.000585
5912 0.000585
5913 0.000585
5914 0.000585
5915 0.000585
5916 0.000585
5917 0.000585
5918 0.000585
5919 0.000584
5920 0.000584
5921 0.000584
5922 0.000584
5923 0.000584
5924 0.000584
5925 0.000584
5926 0.000584
5927 0.000584
5928 0.000584
5929 0.000583
5930 0.000583
5931 0.000583
5932 0.000583
5933 0.000583
5934 0.000583
5935 0.000583
5936 0.000583
5937 0.000583
5938 0.000582
5939 0.000582
5940 0.000582
5941 0.000582
5942 0.000582
5943 0.000582
5944 0.000582
5945 0.000582
5946 0.000582
5947 0.000582
5948 0.000581
5949 0.000581
5950 0.000581
5951 0.000581
5952 0.000581
5953 0.000581
5954 0.000581
5955 0.000581
5956 0.000581
5957 0.000581
5958 0.000580
5959 0.000580
5960 0.000580
5961 0.000580
5962 0.000580
5963 0.000580
5964 0.000580
5965 0.000580
5966 0.000580
5967 0.000580
5968 0.000579
5969 0.000579
5970 0.000579
5971 0.000579
5972 0.000579
5973 0.000579
5974 0.000579
5975 0.000579
5976 0.000579
5977 0.000579
5978 0.000578
5979 0.000578
5980 0.000578
5981 0.000578
5982 0.000578
5983 0.000578
5984 0.000578
5985 0.000578
5986 0.000578
5987 0.000578
5988 0.000577
5989 0.000577
5990 0.000577
5991 0.000577
5992 0.000577
5993 0.000577
5994 0.000577
5995 0.000577
5996 0.000577
5997 0.000577
5998 0.000576
5999 0.000576
6000 0.000576
6001 0.000576
6002 0.000576
6003 0.000576
6004 0.000576
6005 0.000576
6006 0.000576
6007 0.000576
6008 0.000575
6009 0.000575
6010 0.000575
6011 0.000575
6012 0.000575
6013 0.000575
6014 0.000575
6015 0.000575
6016 0.000575
6017 0.000575
6018 0.000574
6019 0.000574
6020 0.000574
6021 0.000574
6022 0.000574
6023 0.000574
6024 0.000574
6025 0.000574
6026 0.000574
6027 0.000574
6028 0.000573
6029 0.000573
6030 0.000573
6031 0.000573
6032 0.000573
6033 0.000573
6034 0.000573
6035 0.000573
6036 0.000573
6037 0.000573
6038 0.000572
6039 0.000572
6040 0.000572
6041 0.000572
6042 0.000572
6043 0.000572
6044 0.000572
6045 0.000572
6046 0.000572
6047 0.000572
6048 0.000571
6049 0.000571
6050 0.000571
6051 0.000571
6052 0.000571
6053 0.000571
6054 0.000571
6055 0.000571
6056 0.000571
6057 0.000571
6058 0.000570
6059 0.000570
6060 0.000570
6061 0.000570
6062 0.000570
6063 0.000570
6064 0.000570
6065 0.000570
6066 0.000570
6067 0.000570
6068 0.000569
6069 0.000569
6070 0.000569
6071 0.000569
6072 0.000569
6073 0.000569
6074 0.000569
6075 0.000569
6076 0.000569
6077 0.000569
6078 0.000569
6079 0.000568
6080 0.000568
6081 0.000568
6082 0.000568
6083 0.000568
6084 0.000568
6085 0.000568
6086 0.000568
6087 0.000568
6088 0.000568
6089 0.000567
6090 0.000567
6091 0.000567
6092 0.000567
6093 0.000567
6094 0.000567
6095 0.000567
6096 0.000567
6097 0.000567
6098 0.000567
6099 0.000566
6100 0.000566
6101 0.000566
6102 0.000566
6103 0.000566
6104 0.000566
6105 0.000566
6106 0.000566
6107 0.000566
6108 0.000566
6109 0.000566
6110 0.000565
6111 0.000565
6112 0.000565
6113 0.000565
6114 0.000565
6115 0.000565
6116 0.000565
6117 0.000565
6118 0.000565
6119 0.000565
6120 0.000564
6121 0.000564
6122 0.000564
6123 0.000564
6124 0.000564
6125 0.000564
6126 0.000564
6127 0.000564
6128 0.000564
6129 0.000564
6130 0.000563
6131 0.000563
6132 0.000563
6133 0.000563
6134 0.000563
6135 0.000563
6136 0.000563
6137 0.000563
6138 0.000563
6139 0.000563
6140 0.000563
6141 0.000562
6142 0.000562
6143 0.000562
6144 0.000562
6145 0.000562
6146 0.000562
6147 0.000562
6148 0.000562
6149 0.000562
6150 0.000562
6151 0.000561
6152 0.000561
6153 0.000561
6154 0.000561
6155 0.000561
6156 0.000561
6157 0.000561
6158 0.000561
6159 0.000561
6160 0.000561
6161 0.000561
6162 0.000560
6163 0.000560
6164 0.000560
6165 0.000560
6166 0.000560
6167 0.000560
6168 0.000560
6169 0.000560
6170 0.000560
6171 0.000560
6172 0.000560
6173 0.000559
6174 0.000559
6175 0.000559
6176 0.000559
6177 0.000559
6178 0.000559
6179 0.000559
6180 0.000559
6181 0.000559
6182 0.000559
6183 0.000558
6184 0.000558
6185 0.000558
6186 0.000558
6187 0.000558
6188 0.000558
6189 0.000558
6190 0.000558
6191 0.000558
6192 0.000558
6193 0.000558
6194 0.000557
6195 0.000557
6196 0.000557
6197 0.000557
6198 0.000557
6199 0.000557
6200 0.000557
6201 0.000557
6202 0.000557
6203 0.000557
6204 0.000556
6205 0.000556
6206 0.000556
6207 0.000556
6208 0.000556
6209 0.000556
6210 0.000556
6211 0.000556
6212 0.000556
6213 0.000556
6214 0.000556
6215 0.000555
6216 0.000555
6217 0.000555
6218 0.000555
6219 0.000555
6220 0.000555
6221 0.000555
6222 0.000555
6223 0.000555
6224 0.000555
6225 0.000555
6226 0.000554
6227 0.000554
6228 0.000554
6229 0.000554
6230 0.000554
6231 0.000554
6232 0.000554
6233 0.000554
6234 0.000554
6235 0.000554
6236 0.000554
6237 0.000553
6238 0.000553
6239 0.000553
6240 0.000553
6241 0.000553
6242 0.000553
6243 0.000553
6244 0.000553
6245 0.000553
6246 0.000553
6247 0.000553
6248 0.000552
6249 0.000552
6250 0.000552
6251 0.000552
6252 0.000552
6253 0.000552
6254 0.000552
6255 0.000552
6256 0.000552
6257 0.000552
6258 0.000551
6259 0.000551
6260 0.000551
6261 0.000551
6262 0.000551
6263 0.000551
6264 0.000551
6265 0.000551
6266 0.000551
6267 0.000551
6268 0.000551
6269 0.000550
6270 0.000550
6271 0.000550
6272 0.000550
6273 0.000550
6274 0.000550
6275 0.000550
6276 0.000550
6277 0.000550
6278 0.000550
6279 0.000550
6280 0.000549
6281 0.000549
6282 0.000549
6283 0.000549
6284 0.000549
6285 0.000549
6286 0.000549
6287 0.000549
6288 0.000549
6289 0.000549
6290 0.000549
6291 0.000548
6292 0.000548
6293 0.000548
6294 0.000548
6295 0.000548
6296 0.000548
6297 0.000548
6298 0.000548
6299 0.000548
6300 0.000548
6301 0.000548
6302 0.000547
6303 0.000547
6304 0.000547
6305 0.000547
6306 0.000547
6307 0.000547
6308 0.000547
6309 0.000547
6310 0.000547
6311 0.000547
6312 0.000547
6313 0.000546
6314 0.000546
6315 0.000546
6316 0.000546
6317 0.000546
6318 0.000546
6319 0.000546
6320 0.000546
6321 0.000546
6322 0.000546
6323 0.000546
6324 0.000546
6325 0.000545
6326 0.000545
6327 0.000545
6328 0.000545
6329 0.000545
6330 0.000545
6331 0.000545
6332 0.000545
6333 0.000545
6334 0.000545
6335 0.000545
6336 0.000544
6337 0.000544
6338 0.000544
6339 0.000544
6340 0.000544
6341 0.000544
6342 0.000544
6343 0.000544
6344 0.000544
6345 0.000544
6346 0.000544
6347 0.000543
6348 0.000543
6349 0.000543
6350 0.000543
6351 0.000543
6352 0.000543
6353 0.000543
6354 0.000543
6355 0.000543
6356 0.000543
6357 0.000543
6358 0.000542
6359 0.000542
6360 0.000542
6361 0.000542
6362 0.000542
6363 0.000542
6364 0.000542
6365 0.000542
6366 0.000542
6367 0.000542
6368 0.000542
6369 0.000541
6370 0.000541
6371 0.000541
6372 0.000541
6373 0.000541
6374 0.000541
6375 0.000541
6376 0.000541
6377 0.000541
6378 0.000541
6379 0.000541
6380 0.000541
6381 0.000540
6382 0.000540
6383 0.000540
6384 0.000540
6385 0.000540
6386 0.000540
6387 0.000540
6388 0.000540
6389 0.000540
6390 0.000540
6391 0.000540
6392 0.000539
6393 0.000539
6394 0.000539
6395 0.000539
6396 0.000539
6397 0.000539
6398 0.000539
6399 0.000539
6400 0.000539
6401 0.000539
6402 0.000539
6403 0.000539
6404 0.000538
6405 0.000538
6406 0.000538
6407 0.000538
6408 0.000538
6409 0.000538
6410 0.000538
6411 0.000538
6412 0.000538
6413 0.000538
6414 0.000538
6415 0.000537
6416 0.000537
6417 0.000537
6418 0.000537
6419 0.000537
6420 0.000537
6421 0.000537
6422 0.000537
6423 0.000537
6424 0.000537
6425 0.000537
6426 0.000536
6427 0.000536
6428 0.000536
6429 0.000536
6430 0.000536
6431 0.000536
6432 0.000536
6433 0.000536
6434 0.000536
6435 0.000536
6436 0.000536
6437 0.000536
6438 0.000535
6439 0.000535
6440 0.000535
6441 0.000535
6442 0.000535
6443 0.000535
6444 0.000535
6445 0.000535
6446 0.000535
6447 0.000535
6448 0.000535
6449 0.000535
6450 0.000534
6451 0.000534
6452 0.000534
6453 0.000534
6454 0.000534
6455 0.000534
6456 0.000534
6457 0.000534
6458 0.000534
6459 0.000534
6460 0.000534
6461 0.000533
6462 0.000533
6463 0.000533
6464 0.000533
6465 0.000533
6466 0.000533
6467 0.000533
6468 0.000533
6469 0.000533
6470 0.000533
6471 0.000533
6472 0.000533
6473 0.000532
6474 0.000532
6475 0.000532
6476 0.000532
6477 0.000532
6478 0.000532
6479 0.000532
6480 0.000532
6481 0.000532
6482 0.000532
6483 0.000532
6484 0.000532
6485 0.000531
6486 0.000531
6487 0.000531
6488 0.000531
6489 0.000531
6490 0.000531
6491 0.000531
6492 0.000531
6493 0.000531
6494 0.000531
6495 0.000531
6496 0.000530
6497 0.000530
6498 0.000530
6499 0.000530
6500 0.000530
6501 0.000530
6502 0.000530
6503 0.000530
6504 0.000530
6505 0.000530
6506 0.000530
6507 0.000530
6508 0.000529
6509 0.000529
6510 0.000529
6511 0.000529
6512 0.000529
6513 0.000529
6514 0.000529
6515 0.000529
6516 0.000529
6517 0.000529
6518 0.000529
6519 0.000529
6520 0.000528
6521 0.000528
6522 0.000528
6523 0.000528
6524 0.000528
6525 0.000528
6526 0.000528
6527 0.000528
6528 0.000528
6529 0.000528
6530 0.000528
6531 0.000528
6532 0.000527
6533 0.000527
6534 0.000527
6535 0.000527
6536 0.000527
6537 0.000527
6538 0.000527
6539 0.000527
6540 0.000527
6541 0.000527
6542 0.000527
6543 0.000527
6544 0.000526
6545 0.000526
6546 0.000526
6547 0.000526
6548 0.000526
6549 0.000526
6550 0.000526
6551 0.000526
6552 0.000526
6553 0.000526
6554 0.000526
6555 0.000526
6556 0.000525
6557 0.000525
6558 0.000525
6559 0.000525
6560 0.000525
6561 0.000525
6562 0.000525
6563 0.000525
6564 0.000525
6565 0.000525
6566 0.000525
6567 0.000525
6568 0.000524
6569 0.000524
6570 0.000524
6571 0.000524
6572 0.000524
6573 0.000524
6574 0.000524
6575 0.000524
6576 0.000524
6577 0.000524
6578 0.000524
6579 0.000524
6580 0.000523
6581 0.000523
6582 0.000523
6583 0.000523
6584 0.000523
6585 0.000523
6586 0.000523
6587 0.000523
6588 0.000523
6589 0.000523
6590 0.000523
6591 0.000523
6592 0.000522
6593 0.000522
6594 0.000522
6595 0.000522
6596 0.000522
6597 0.000522
6598 0.000522
6599 0.000522
6600 0.000522
6601 0.000522
6602 0.000522
6603 0.000522
6604 0.000521
6605 0.000521
6606 0.000521
6607 0.000521
6608 0.000521
6609 0.000521
6610 0.000521
6611 0.000521
6612 0.000521
6613 0.000521
6614 0.000521
6615 0.000521
6616 0.000520
6617 0.000520
6618 0.000520
6619 0.000520
6620 0.000520
6621 0.000520
6622 0.000520
6623 0.000520
6624 0.000520
6625 0.000520
6626 0.000520
6627 0.000520
6628 0.000519
6629 0.000519
6630 0.000519
6631 0.000519
6632 0.000519
6633 0.000519
6634 0.000519
6635 0.000519
6636 0.000519
6637 0.000519
6638 0.000519
6639 0.000519
6640 0.000519
6641 0.000518
6642 0.000518
6643 0.000518
6644 0.000518
6645 0.000518
6646 0.000518
6647 0.000518
6648 0.000518
6649 0.000518
6650 0.000518
6651 0.000518
6652 0.000518
6653 0.000517
6654 0.000517
6655 0.000517
6656 0.000517
6657 0.000517
6658 0.000517
6659 0.000517
6660 0.000517
6661 0.000517
6662 0.000517
6663 0.000517
6664 0.000517
6665 0.000516
6666 0.000516
6667 0.000516
6668 0.000516
6669 0.000516
6670 0.000516
6671 0.000516
6672 0.000516
6673 0.000516
6674 0.000516
6675 0.000516
6676 0.000516
6677 0.000516
6678 0.000515
6679 0.000515
6680 0.000515
6681 0.000515
6682 0.000515
6683 0.000515
6684 0.000515
6685 0.000515
6686 0.000515
6687 0.000515
6688 0.000515
6689 0.000515
6690 0.000514
6691 0.000514
6692 0.000514
6693 0.000514
6694 0.000514
6695 0.000514
6696 0.000514
6697 0.000514
6698 0.000514
6699 0.000514
6700 0.000514
6701 0.000514
6702 0.000514
6703 0.000513
6704 0.000513
6705 0.000513
6706 0.000513
6707 0.000513
6708 0.000513
6709 0.000513
6710 0.000513
6711 0.000513
6712 0.000513
6713 0.000513
6714 0.000513
6715 0.000512
6716 0.000512
6717 0.000512
6718 0.000512
6719 0.000512
6720 0.000512
6721 0.000512
6722 0.000512
6723 0.000512
6724 0.000512
6725 0.000512
6726 0.000512
6727 0.000512
6728 0.000511
6729 0.000511
6730 0.000511
6731 0.000511
6732 0.000511
6733 0.000511
6734 0.000511
6735 0.000511
6736 0.000511
6737 0.000511
6738 0.000511
6739 0.000511
6740 0.000511
6741 0.000510
6742 0.000510
6743 0.000510
6744 0.000510
6745 0.000510
6746 0.000510
6747 0.000510
6748 0.000510
6749 0.000510
6750 0.000510
6751 0.000510
6752 0.000510
6753 0.000509
6754 0.000509
6755 0.000509
6756 0.000509
6757 0.000509
6758 0.000509
6759 0.000509
6760 0.000509
6761 0.000509
6762 0.000509
6763 0.000509
6764 0.000509
6765 0.000509
6766 0.000508
6767 0.000508
6768 0.000508
6769 0.000508
6770 0.000508
6771 0.000508
6772 0.000508
6773 0.000508
6774 0.000508
6775 0.000508
6776 0.000508
6777 0.000508
6778 0.000508
6779 0.000507
6780 0.000507
6781 0.000507
6782 0.000507
6783 0.000507
6784 0.000507
6785 0.000507
6786 0.000507
6787 0.000507
6788 0.000507
6789 0.000507
6790 0.000507
6791 0.000507
6792 0.000506
6793 0.000506
6794 0.000506
6795 0.000506
6796 0.000506
6797 0.000506
6798 0.000506
6799 0.000506
6800 0.000506
6801 0.000506
6802 0.000506
6803 0.000506
6804 0.000506
6805 0.000505
6806 0.000505
6807 0.000505
6808 0.000505
6809 0.000505
6810 0.000505
6811 0.000505
6812 0.000505
6813 0.000505
6814 0.000505
6815 0.000505
6816 0.000505
6817 0.000505
6818 0.000504
6819 0.000504
6820 0.000504
6821 0.000504
6822 0.000504
6823 0.000504
6824 0.000504
6825 0.000504
6826 0.000504
6827 0.000504
6828 0.000504
6829 0.000504
6830 0.000504
6831 0.000503
6832 0.000503
6833 0.000503
6834 0.000503
6835 0.000503
6836 0.000503
6837 0.000503
6838 0.000503
6839 0.000503
6840 0.000503
6841 0.000503
6842 0.000503
6843 0.000503
6844 0.000502
6845 0.000502
6846 0.000502
6847 0.000502
6848 0.000502
6849 0.000502
6850 0.000502
6851 0.000502
6852 0.000502
6853 0.000502
6854 0.000502
6855 0.000502
6856 0.000502
6857 0.000501
6858 0.000501
6859 0.000501
6860 0.000501
6861 0.000501
6862 0.000501
6863 0.000501
6864 0.000501
6865 0.000501
6866 0.000501
6867 0.000501
6868 0.000501
6869 0.000501
6870 0.000500
6871 0.000500
6872 0.000500
6873 0.000500
6874 0.000500
6875 0.000500
6876 0.000500
