0 20.072696
1 17.986211
2 13.098316
3 8.618174
4 5.711792
5 3.972020
6 2.913994
7 2.232283
8 1.767735
9 1.437694
10 1.195728
11 1.013663
12 0.873498
13 0.763349
14 0.675169
15 0.603395
16 0.544101
17 0.494466
18 0.452425
19 0.416438
20 0.385343
21 0.358246
22 0.334454
23 0.313419
24 0.294705
25 0.277961
26 0.262903
27 0.249295
28 0.236945
29 0.225692
30 0.215398
31 0.205951
32 0.197253
33 0.189221
34 0.181783
35 0.174877
36 0.168450
37 0.162455
38 0.156850
39 0.151600
40 0.146673
41 0.142041
42 0.137678
43 0.133563
44 0.129674
45 0.125996
46 0.122511
47 0.119204
48 0.116063
49 0.113076
50 0.110233
51 0.107522
52 0.104935
53 0.102465
54 0.100103
55 0.097843
56 0.095679
57 0.093604
58 0.091613
59 0.089702
60 0.087865
61 0.086099
62 0.084400
63 0.082764
64 0.081187
65 0.079667
66 0.078201
67 0.076785
68 0.075418
69 0.074096
70 0.072819
71 0.071583
72 0.070386
73 0.069227
74 0.068105
75 0.067016
76 0.065961
77 0.064937
78 0.063943
79 0.062978
80 0.062041
81 0.061130
82 0.060245
83 0.059383
84 0.058545
85 0.057730
86 0.056936
87 0.056163
88 0.055410
89 0.054676
90 0.053960
91 0.053263
92 0.052582
93 0.051918
94 0.051270
95 0.050637
96 0.050020
97 0.049416
98 0.048827
99 0.048251
100 0.047687
101 0.047137
102 0.046598
103 0.046072
104 0.045556
105 0.045052
106 0.044558
107 0.044075
108 0.043601
109 0.043138
110 0.042683
111 0.042238
112 0.041802
113 0.041374
114 0.040955
115 0.040544
116 0.040141
117 0.039745
118 0.039357
119 0.038976
120 0.038603
121 0.038236
122 0.037875
123 0.037522
124 0.037174
125 0.036833
126 0.036498
127 0.036168
128 0.035845
129 0.035527
130 0.035214
131 0.034906
132 0.034604
133 0.034307
134 0.034014
135 0.033727
136 0.033444
137 0.033166
138 0.032892
139 0.032622
140 0.032357
141 0.032096
142 0.031838
143 0.031585
144 0.031336
145 0.031090
146 0.030849
147 0.030610
148 0.030376
149 0.030144
150 0.029917
151 0.029692
152 0.029471
153 0.029253
154 0.029038
155 0.028826
156 0.028617
157 0.028411
158 0.028207
159 0.028007
160 0.027809
161 0.027614
162 0.027422
163 0.027232
164 0.027045
165 0.026860
166 0.026678
167 0.026498
168 0.026320
169 0.026145
170 0.025972
171 0.025801
172 0.025632
173 0.025466
174 0.025301
175 0.025139
176 0.024979
177 0.024820
178 0.024664
179 0.024509
180 0.024356
181 0.024205
182 0.024056
183 0.023909
184 0.023763
185 0.023619
186 0.023477
187 0.023337
188 0.023198
189 0.023060
190 0.022925
191 0.022790
192 0.022658
193 0.022527
194 0.022397
195 0.022269
196 0.022142
197 0.022016
198 0.021892
199 0.021769
200 0.021648
201 0.021528
202 0.021409
203 0.021291
204 0.021175
205 0.021060
206 0.020946
207 0.020833
208 0.020722
209 0.020612
210 0.020502
211 0.020394
212 0.020287
213 0.020181
214 0.020076
215 0.019973
216 0.019870
217 0.019768
218 0.019667
219 0.019568
220 0.019469
221 0.019371
222 0.019274
223 0.019178
224 0.019083
225 0.018989
226 0.018896
227 0.018804
228 0.018712
229 0.018622
230 0.018532
231 0.018443
232 0.018355
233 0.018268
234 0.018182
235 0.018096
236 0.018011
237 0.017927
238 0.017844
239 0.017761
240 0.017679
241 0.017598
242 0.017518
243 0.017438
244 0.017359
245 0.017281
246 0.017203
247 0.017126
248 0.017050
249 0.016974
250 0.016900
251 0.016825
252 0.016752
253 0.016679
254 0.016606
255 0.016534
256 0.016463
257 0.016392
258 0.016322
259 0.016253
260 0.016184
261 0.016116
262 0.016048
263 0.015981
264 0.015914
265 0.015848
266 0.015782
267 0.015717
268 0.015653
269 0.015589
270 0.015525
271 0.015462
272 0.015400
273 0.015338
274 0.015276
275 0.015215
276 0.015154
277 0.015094
278 0.015035
279 0.014975
280 0.014917
281 0.014858
282 0.014800
283 0.014743
284 0.014686
285 0.014629
286 0.014573
287 0.014518
288 0.014462
289 0.014407
290 0.014353
291 0.014299
292 0.014245
293 0.014192
294 0.014139
295 0.014086
296 0.014034
297 0.013982
298 0.013931
299 0.013880
300 0.013829
301 0.013779
302 0.013729
303 0.013679
304 0.013630
305 0.013581
306 0.013532
307 0.013484
308 0.013436
309 0.013389
310 0.013341
311 0.013295
312 0.013248
313 0.013202
314 0.013156
315 0.013110
316 0.013065
317 0.013020
318 0.012975
319 0.012930
320 0.012886
321 0.012842
322 0.012799
323 0.012755
324 0.012712
325 0.012670
326 0.012627
327 0.012585
328 0.012543
329 0.012502
330 0.012460
331 0.012419
332 0.012378
333 0.012338
334 0.012297
335 0.012257
336 0.012218
337 0.012178
338 0.012139
339 0.012100
340 0.012061
341 0.012022
342 0.011984
343 0.011946
344 0.011908
345 0.011870
346 0.011833
347 0.011796
348 0.011759
349 0.011722
350 0.011686
351 0.011650
352 0.011614
353 0.011578
354 0.011542
355 0.011507
356 0.011471
357 0.011437
358 0.011402
359 0.011367
360 0.011333
361 0.011299
362 0.011265
363 0.011231
364 0.011197
365 0.011164
366 0.011131
367 0.011098
368 0.011065
369 0.011032
370 0.011000
371 0.010968
372 0.010936
373 0.010904
374 0.010872
375 0.010841
376 0.010809
377 0.010778
378 0.010747
379 0.010716
380 0.010686
381 0.010655
382 0.010625
383 0.010595
384 0.010565
385 0.010535
386 0.010506
387 0.010476
388 0.010447
389 0.010418
390 0.010389
391 0.010360
392 0.010331
393 0.010303
394 0.010274
395 0.010246
396 0.010218
397 0.010190
398 0.010162
399 0.010135
400 0.010107
401 0.010080
402 0.010053
403 0.010026
404 0.009999
405 0.009972
406 0.009945
407 0.009919
408 0.009892
409 0.009866
410 0.009840
411 0.009814
412 0.009788
413 0.009763
414 0.009737
415 0.009712
416 0.009687
417 0.009661
418 0.009636
419 0.009611
420 0.009587
421 0.009562
422 0.009538
423 0.009513
424 0.009489
425 0.009465
426 0.009441
427 0.009417
428 0.009393
429 0.009369
430 0.009346
431 0.009322
432 0.009299
433 0.009276
434 0.009252
435 0.009229
436 0.009207
437 0.009184
438 0.009161
439 0.009139
440 0.009116
441 0.009094
442 0.009072
443 0.009049
444 0.009027
445 0.009005
446 0.008984
447 0.008962
448 0.008940
449 0.008919
450 0.008897
451 0.008876
452 0.008855
453 0.008834
454 0.008813
455 0.008792
456 0.008771
457 0.008750
458 0.008730
459 0.008709
460 0.008689
461 0.008668
462 0.008648
463 0.008628
464 0.008608
465 0.008588
466 0.008568
467 0.008548
468 0.008528
469 0.008509
470 0.008489
471 0.008470
472 0.008450
473 0.008431
474 0.008412
475 0.008393
476 0.008374
477 0.008355
478 0.008336
479 0.008317
480 0.008299
481 0.008280
482 0.008262
483 0.008243
484 0.008225
485 0.008206
486 0.008188
487 0.008170
488 0.008152
489 0.008134
490 0.008116
491 0.008098
492 0.008081
493 0.008063
494 0.008045
495 0.008028
496 0.008010
497 0.007993
498 0.007976
499 0.007959
500 0.007941
501 0.007924
502 0.007907
503 0.007890
504 0.007874
505 0.007857
506 0.007840
507 0.007823
508 0.007807
509 0.007790
510 0.007774
511 0.007758
512 0.007741
513 0.007725
514 0.007709
515 0.007693
516 0.007677
517 0.007661
518 0.007645
519 0.007629
520 0.007613
521 0.007597
522 0.007582
523 0.007566
524 0.007551
525 0.007535
526 0.007520
527 0.007504
528 0.007489
529 0.007474
530 0.007459
531 0.007444
532 0.007429
533 0.007414
534 0.007399
535 0.007384
536 0.007369
537 0.007354
538 0.007340
539 0.007325
540 0.007310
541 0.007296
542 0.007281
543 0.007267
544 0.007253
545 0.007238
546 0.007224
547 0.007210
548 0.007196
549 0.007182
550 0.007168
551 0.007154
552 0.007140
553 0.007126
554 0.007112
555 0.007098
556 0.007085
557 0.007071
558 0.007057
559 0.007044
560 0.007030
561 0.007017
562 0.007003
563 0.006990
564 0.006977
565 0.006964
566 0.006950
567 0.006937
568 0.006924
569 0.006911
570 0.006898
571 0.006885
572 0.006872
573 0.006859
574 0.006846
575 0.006834
576 0.006821
577 0.006808
578 0.006796
579 0.006783
580 0.006770
581 0.006758
582 0.006745
583 0.006733
584 0.006721
585 0.006708
586 0.006696
587 0.006684
588 0.006672
589 0.006660
590 0.006647
591 0.006635
592 0.006623
593 0.006611
594 0.006599
595 0.006588
596 0.006576
597 0.006564
598 0.006552
599 0.006540
600 0.006529
601 0.006517
602 0.006506
603 0.006494
604 0.006482
605 0.006471
606 0.006460
607 0.006448
608 0.006437
609 0.006425
610 0.006414
611 0.006403
612 0.006392
613 0.006381
614 0.006369
615 0.006358
616 0.006347
617 0.006336
618 0.006325
619 0.006314
620 0.006303
621 0.006293
622 0.006282
623 0.006271
624 0.006260
625 0.006249
626 0.006239
627 0.006228
628 0.006217
629 0.006207
630 0.006196
631 0.006186
632 0.006175
633 0.006165
634 0.006154
635 0.006144
636 0.006134
637 0.006123
638 0.006113
639 0.006103
640 0.006093
641 0.006083
642 0.006072
643 0.006062
644 0.006052
645 0.006042
646 0.006032
647 0.006022
648 0.006012
649 0.006002
650 0.005993
651 0.005983
652 0.005973
653 0.005963
654 0.005953
655 0.005944
656 0.005934
657 0.005924
658 0.005915
659 0.005905
660 0.005895
661 0.005886
662 0.005876
663 0.005867
664 0.005858
665 0.005848
666 0.005839
667 0.005829
668 0.005820
669 0.005811
670 0.005801
671 0.005792
672 0.005783
673 0.005774
674 0.005765
675 0.005756
676 0.005746
677 0.005737
678 0.005728
679 0.005719
680 0.005710
681 0.005701
682 0.005692
683 0.005684
684 0.005675
685 0.005666
686 0.005657
687 0.005648
688 0.005639
689 0.005631
690 0.005622
691 0.005613
692 0.005605
693 0.005596
694 0.005587
695 0.005579
696 0.005570
697 0.005562
698 0.005553
699 0.005545
700 0.005536
701 0.005528
702 0.005519
703 0.005511
704 0.005503
705 0.005494
706 0.005486
707 0.005478
708 0.005469
709 0.005461
710 0.005453
711 0.005445
712 0.005437
713 0.005429
714 0.005420
715 0.005412
716 0.005404
717 0.005396
718 0.005388
719 0.005380
720 0.005372
721 0.005364
722 0.005356
723 0.005348
724 0.005341
725 0.005333
726 0.005325
727 0.005317
728 0.005309
729 0.005302
730 0.005294
731 0.005286
732 0.005278
733 0.005271
734 0.005263
735 0.005255
736 0.005248
737 0.005240
738 0.005233
739 0.005225
740 0.005218
741 0.005210
742 0.005203
743 0.005195
744 0.005188
745 0.005180
746 0.005173
747 0.005165
748 0.005158
749 0.005151
750 0.005143
751 0.005136
752 0.005129
753 0.005122
754 0.005114
755 0.005107
756 0.005100
757 0.005093
758 0.005086
759 0.005078
760 0.005071
761 0.005064
762 0.005057
763 0.005050
764 0.005043
765 0.005036
766 0.005029
767 0.005022
768 0.005015
769 0.005008
770 0.005001
771 0.004994
772 0.004987
773 0.004980
774 0.004974
775 0.004967
776 0.004960
777 0.004953
778 0.004946
779 0.004940
780 0.004933
781 0.004926
782 0.004919
783 0.004913
784 0.004906
785 0.004899
786 0.004893
787 0.004886
788 0.004880
789 0.004873
790 0.004866
791 0.004860
792 0.004853
793 0.004847
794 0.004840
795 0.004834
796 0.004827
797 0.004821
798 0.004814
799 0.004808
800 0.004802
801 0.004795
802 0.004789
803 0.004783
804 0.004776
805 0.004770
806 0.004764
807 0.004757
808 0.004751
809 0.004745
810 0.004739
811 0.004732
812 0.004726
813 0.004720
814 0.004714
815 0.004708
816 0.004702
817 0.004695
818 0.004689
819 0.004683
820 0.004677
821 0.004671
822 0.004665
823 0.004659
824 0.004653
825 0.004647
826 0.004641
827 0.004635
828 0.004629
829 0.004623
830 0.004617
831 0.004611
832 0.004605
833 0.004600
834 0.004594
835 0.004588
836 0.004582
837 0.004576
838 0.004570
839 0.004565
840 0.004559
841 0.004553
842 0.004547
843 0.004542
844 0.004536
845 0.004530
846 0.004524
847 0.004519
848 0.004513
849 0.004507
850 0.004502
851 0.004496
852 0.004491
853 0.004485
854 0.004479
855 0.004474
856 0.004468
857 0.004463
858 0.004457
859 0.004452
860 0.004446
861 0.004441
862 0.004435
863 0.004430
864 0.004424
865 0.004419
866 0.004413
867 0.004408
868 0.004403
869 0.004397
870 0.004392
871 0.004386
872 0.004381
873 0.004376
874 0.004370
875 0.004365
876 0.004360
877 0.004355
878 0.004349
879 0.004344
880 0.004339
881 0.004334
882 0.004328
883 0.004323
884 0.004318
885 0.004313
886 0.004308
887 0.004302
888 0.004297
889 0.004292
890 0.004287
891 0.004282
892 0.004277
893 0.004272
894 0.004267
895 0.004262
896 0.004257
897 0.004252
898 0.004247
899 0.004242
900 0.004237
901 0.004232
902 0.004227
903 0.004222
904 0.004217
905 0.004212
906 0.004207
907 0.004202
908 0.004197
909 0.004192
910 0.004187
911 0.004182
912 0.004177
913 0.004172
914 0.004168
915 0.004163
916 0.004158
917 0.004153
918 0.004148
919 0.004144
920 0.004139
921 0.004134
922 0.004129
923 0.004125
924 0.004120
925 0.004115
926 0.004110
927 0.004106
928 0.004101
929 0.004096
930 0.004092
931 0.004087
932 0.004082
933 0.004078
934 0.004073
935 0.004068
936 0.004064
937 0.004059
938 0.004055
939 0.004050
940 0.004045
941 0.004041
942 0.004036
943 0.004032
944 0.004027
945 0.004023
946 0.004018
947 0.004014
948 0.004009
949 0.004005
950 0.004000
951 0.003996
952 0.003991
953 0.003987
954 0.003982
955 0.003978
956 0.003974
957 0.003969
958 0.003965
959 0.003960
960 0.003956
961 0.003952
962 0.003947
963 0.003943
964 0.003939
965 0.003934
966 0.003930
967 0.003926
968 0.003921
969 0.003917
970 0.003913
971 0.003909
972 0.003904
973 0.003900
974 0.003896
975 0.003892
976 0.003887
977 0.003883
978 0.003879
979 0.003875
980 0.003871
981 0.003866
982 0.003862
983 0.003858
984 0.003854
985 0.003850
986 0.003846
987 0.003841
988 0.003837
989 0.003833
990 0.003829
991 0.003825
992 0.003821
993 0.003817
994 0.003813
995 0.003809
996 0.003805
997 0.003801
998 0.003797
999 0.003793
1000 0.003789
1001 0.003785
1002 0.003781
1003 0.003777
1004 0.003773
1005 0.003769
1006 0.003765
1007 0.003761
1008 0.003757
1009 0.003753
1010 0.003749
1011 0.003745
1012 0.003741
1013 0.003737
1014 0.003733
1015 0.003729
1016 0.003725
1017 0.003721
1018 0.003718
1019 0.003714
1020 0.003710
1021 0.003706
1022 0.003702
1023 0.003698
1024 0.003695
1025 0.003691
1026 0.003687
1027 0.003683
1028 0.003679
1029 0.003676
1030 0.003672
1031 0.003668
1032 0.003664
1033 0.003660
1034 0.003657
1035 0.003653
1036 0.003649
1037 0.003646
1038 0.003642
1039 0.003638
1040 0.003634
1041 0.003631
1042 0.003627
1043 0.003623
1044 0.003620
1045 0.003616
1046 0.003612
1047 0.003609
1048 0.003605
1049 0.003601
1050 0.003598
1051 0.003594
1052 0.003591
1053 0.003587
1054 0.003583
1055 0.003580
1056 0.003576
1057 0.003573
1058 0.003569
1059 0.003565
1060 0.003562
1061 0.003558
1062 0.003555
1063 0.003551
1064 0.003548
1065 0.003544
1066 0.003541
1067 0.003537
1068 0.003534
1069 0.003530
1070 0.003527
1071 0.003523
1072 0.003520
1073 0.003516
1074 0.003513
1075 0.003509
1076 0.003506
1077 0.003502
1078 0.003499
1079 0.003495
1080 0.003492
1081 0.003489
1082 0.003485
1083 0.003482
1084 0.003478
1085 0.003475
1086 0.003472
1087 0.003468
1088 0.003465
1089 0.003462
1090 0.003458
1091 0.003455
1092 0.003451
1093 0.003448
1094 0.003445
1095 0.003441
1096 0.003438
1097 0.003435
1098 0.003432
1099 0.003428
1100 0.003425
1101 0.003422
1102 0.003418
1103 0.003415
1104 0.003412
1105 0.003409
1106 0.003405
1107 0.003402
1108 0.003399
1109 0.003396
1110 0.003392
1111 0.003389
1112 0.003386
1113 0.003383
1114 0.003379
1115 0.003376
1116 0.003373
1117 0.003370
1118 0.003367
1119 0.003363
1120 0.003360
1121 0.003357
1122 0.003354
1123 0.003351
1124 0.003348
1125 0.003345
1126 0.003341
1127 0.003338
1128 0.003335
1129 0.003332
1130 0.003329
1131 0.003326
1132 0.003323
1133 0.003320
1134 0.003316
1135 0.003313
1136 0.003310
1137 0.003307
1138 0.003304
1139 0.003301
1140 0.003298
1141 0.003295
1142 0.003292
1143 0.003289
1144 0.003286
1145 0.003283
1146 0.003280
1147 0.003277
1148 0.003274
1149 0.003271
1150 0.003268
1151 0.003265
1152 0.003262
1153 0.003259
1154 0.003256
1155 0.003253
1156 0.003250
1157 0.003247
1158 0.003244
1159 0.003241
1160 0.003238
1161 0.003235
1162 0.003232
1163 0.003229
1164 0.003226
1165 0.003223
1166 0.003220
1167 0.003217
1168 0.003215
1169 0.003212
1170 0.003209
1171 0.003206
1172 0.003203
1173 0.003200
1174 0.003197
1175 0.003194
1176 0.003191
1177 0.003189
1178 0.003186
1179 0.003183
1180 0.003180
1181 0.003177
1182 0.003174
1183 0.003171
1184 0.003169
1185 0.003166
1186 0.003163
1187 0.003160
1188 0.003157
1189 0.003155
1190 0.003152
1191 0.003149
1192 0.003146
1193 0.003143
1194 0.003141
1195 0.003138
1196 0.003135
1197 0.003132
1198 0.003130
1199 0.003127
1200 0.003124
1201 0.003121
1202 0.003119
1203 0.003116
1204 0.003113
1205 0.003110
1206 0.003108
1207 0.003105
1208 0.003102
1209 0.003099
1210 0.003097
1211 0.003094
1212 0.003091
1213 0.003089
1214 0.003086
1215 0.003083
1216 0.003081
1217 0.003078
1218 0.003075
1219 0.003073
1220 0.003070
1221 0.003067
1222 0.003065
1223 0.003062
1224 0.003059
1225 0.003057
1226 0.003054
1227 0.003051
1228 0.003049
1229 0.003046
1230 0.003044
1231 0.003041
1232 0.003038
1233 0.003036
1234 0.003033
1235 0.003031
1236 0.003028
1237 0.003025
1238 0.003023
1239 0.003020
1240 0.003018
1241 0.003015
1242 0.003013
1243 0.003010
1244 0.003007
1245 0.003005
1246 0.003002
1247 0.003000
1248 0.002997
1249 0.002995
1250 0.002992
1251 0.002990
1252 0.002987
1253 0.002985
1254 0.002982
1255 0.002980
1256 0.002977
1257 0.002975
1258 0.002972
1259 0.002970
1260 0.002967
1261 0.002965
1262 0.002962
1263 0.002960
1264 0.002957
1265 0.002955
1266 0.002952
1267 0.002950
1268 0.002947
1269 0.002945
1270 0.002943
1271 0.002940
1272 0.002938
1273 0.002935
1274 0.002933
1275 0.002930
1276 0.002928
1277 0.002926
1278 0.002923
1279 0.002921
1280 0.002918
1281 0.002916
1282 0.002914
1283 0.002911
1284 0.002909
1285 0.002906
1286 0.002904
1287 0.002902
1288 0.002899
1289 0.002897
1290 0.002894
1291 0.002892
1292 0.002890
1293 0.002887
1294 0.002885
1295 0.002883
1296 0.002880
1297 0.002878
1298 0.002876
1299 0.002873
1300 0.002871
1301 0.002869
1302 0.002866
1303 0.002864
1304 0.002862
1305 0.002859
1306 0.002857
1307 0.002855
1308 0.002852
1309 0.002850
1310 0.002848
1311 0.002846
1312 0.002843
1313 0.002841
1314 0.002839
1315 0.002836
1316 0.002834
1317 0.002832
1318 0.002830
1319 0.002827
1320 0.002825
1321 0.002823
1322 0.002821
1323 0.002818
1324 0.002816
1325 0.002814
1326 0.002812
1327 0.002809
1328 0.002807
1329 0.002805
1330 0.002803
1331 0.002801
1332 0.002798
1333 0.002796
1334 0.002794
1335 0.002792
1336 0.002789
1337 0.002787
1338 0.002785
1339 0.002783
1340 0.002781
1341 0.002779
1342 0.002776
1343 0.002774
1344 0.002772
1345 0.002770
1346 0.002768
1347 0.002765
1348 0.002763
1349 0.002761
1350 0.002759
1351 0.002757
1352 0.002755
1353 0.002753
1354 0.002750
1355 0.002748
1356 0.002746
1357 0.002744
1358 0.002742
1359 0.002740
1360 0.002738
1361 0.002735
1362 0.002733
1363 0.002731
1364 0.002729
1365 0.002727
1366 0.002725
1367 0.002723
1368 0.002721
1369 0.002719
1370 0.002717
1371 0.002714
1372 0.002712
1373 0.002710
1374 0.002708
1375 0.002706
1376 0.002704
1377 0.002702
1378 0.002700
1379 0.002698
1380 0.002696
1381 0.002694
1382 0.002692
1383 0.002690
1384 0.002688
1385 0.002686
1386 0.002684
1387 0.002681
1388 0.002679
1389 0.002677
1390 0.002675
1391 0.002673
1392 0.002671
1393 0.002669
1394 0.002667
1395 0.002665
1396 0.002663
1397 0.002661
1398 0.002659
1399 0.002657
1400 0.002655
1401 0.002653
1402 0.002651
1403 0.002649
1404 0.002647
1405 0.002645
1406 0.002643
1407 0.002641
1408 0.002639
1409 0.002637
1410 0.002635
1411 0.002633
1412 0.002632
1413 0.002630
1414 0.002628
1415 0.002626
1416 0.002624
1417 0.002622
1418 0.002620
1419 0.002618
1420 0.002616
1421 0.002614
1422 0.002612
1423 0.002610
1424 0.002608
1425 0.002606
1426 0.002604
1427 0.002602
1428 0.002600
1429 0.002599
1430 0.002597
1431 0.002595
1432 0.002593
1433 0.002591
1434 0.002589
1435 0.002587
1436 0.002585
1437 0.002583
1438 0.002581
1439 0.002580
1440 0.002578
1441 0.002576
1442 0.002574
1443 0.002572
1444 0.002570
1445 0.002568
1446 0.002566
1447 0.002565
1448 0.002563
1449 0.002561
1450 0.002559
1451 0.002557
1452 0.002555
1453 0.002553
1454 0.002552
1455 0.002550
1456 0.002548
1457 0.002546
1458 0.002544
1459 0.002542
1460 0.002541
1461 0.002539
1462 0.002537
1463 0.002535
1464 0.002533
1465 0.002531
1466 0.002530
1467 0.002528
1468 0.002526
1469 0.002524
1470 0.002522
1471 0.002521
1472 0.002519
1473 0.002517
1474 0.002515
1475 0.002513
1476 0.002512
1477 0.002510
1478 0.002508
1479 0.002506
1480 0.002504
1481 0.002503
1482 0.002501
1483 0.002499
1484 0.002497
1485 0.002496
1486 0.002494
1487 0.002492
1488 0.002490
1489 0.002488
1490 0.002487
1491 0.002485
1492 0.002483
1493 0.002481
1494 0.002480
1495 0.002478
1496 0.002476
1497 0.002474
1498 0.002473
1499 0.002471
1500 0.002469
1501 0.002468
1502 0.002466
1503 0.002464
1504 0.002462
1505 0.002461
1506 0.002459
1507 0.002457
1508 0.002455
1509 0.002454
1510 0.002452
1511 0.002450
1512 0.002449
1513 0.002447
1514 0.002445
1515 0.002444
1516 0.002442
1517 0.002440
1518 0.002438
1519 0.002437
1520 0.002435
1521 0.002433
1522 0.002432
1523 0.002430
1524 0.002428
1525 0.002427
1526 0.002425
1527 0.002423
1528 0.002422
1529 0.002420
1530 0.002418
1531 0.002417
1532 0.002415
1533 0.002413
1534 0.002412
1535 0.002410
1536 0.002408
1537 0.002407
1538 0.002405
1539 0.002403
1540 0.002402
1541 0.002400
1542 0.002399
1543 0.002397
1544 0.002395
1545 0.002394
1546 0.002392
1547 0.002390
1548 0.002389
1549 0.002387
1550 0.002386
1551 0.002384
1552 0.002382
1553 0.002381
1554 0.002379
1555 0.002377
1556 0.002376
1557 0.002374
1558 0.002373
1559 0.002371
1560 0.002369
1561 0.002368
1562 0.002366
1563 0.002365
1564 0.002363
1565 0.002362
1566 0.002360
1567 0.002358
1568 0.002357
1569 0.002355
1570 0.002354
1571 0.002352
1572 0.002350
1573 0.002349
1574 0.002347
1575 0.002346
1576 0.002344
1577 0.002343
1578 0.002341
1579 0.002340
1580 0.002338
1581 0.002336
1582 0.002335
1583 0.002333
1584 0.002332
1585 0.002330
1586 0.002329
1587 0.002327
1588 0.002326
1589 0.002324
1590 0.002322
1591 0.002321
1592 0.002319
1593 0.002318
1594 0.002316
1595 0.002315
1596 0.002313
1597 0.002312
1598 0.002310
1599 0.002309
1600 0.002307
1601 0.002306
1602 0.002304
1603 0.002303
1604 0.002301
1605 0.002300
1606 0.002298
1607 0.002297
1608 0.002295
1609 0.002294
1610 0.002292
1611 0.002291
1612 0.002289
1613 0.002288
1614 0.002286
1615 0.002285
1616 0.002283
1617 0.002282
1618 0.002280
1619 0.002279
1620 0.002277
1621 0.002276
1622 0.002274
1623 0.002273
1624 0.002271
1625 0.002270
1626 0.002268
1627 0.002267
1628 0.002266
1629 0.002264
1630 0.002263
1631 0.002261
1632 0.002260
1633 0.002258
1634 0.002257
1635 0.002255
1636 0.002254
1637 0.002252
1638 0.002251
1639 0.002250
1640 0.002248
1641 0.002247
1642 0.002245
1643 0.002244
1644 0.002242
1645 0.002241
1646 0.002240
1647 0.002238
1648 0.002237
1649 0.002235
1650 0.002234
1651 0.002232
1652 0.002231
1653 0.002230
1654 0.002228
1655 0.002227
1656 0.002225
1657 0.002224
1658 0.002223
1659 0.002221
1660 0.002220
1661 0.002218
1662 0.002217
1663 0.002215
1664 0.002214
1665 0.002213
1666 0.002211
1667 0.002210
1668 0.002209
1669 0.002207
1670 0.002206
1671 0.002204
1672 0.002203
1673 0.002202
1674 0.002200
1675 0.002199
1676 0.002197
1677 0.002196
1678 0.002195
1679 0.002193
1680 0.002192
1681 0.002191
1682 0.002189
1683 0.002188
1684 0.002186
1685 0.002185
1686 0.002184
1687 0.002182
1688 0.002181
1689 0.002180
1690 0.002178
1691 0.002177
1692 0.002176
1693 0.002174
1694 0.002173
1695 0.002172
1696 0.002170
1697 0.002169
1698 0.002168
1699 0.002166
1700 0.002165
1701 0.002164
1702 0.002162
1703 0.002161
1704 0.002160
1705 0.002158
1706 0.002157
1707 0.002156
1708 0.002154
1709 0.002153
1710 0.002152
1711 0.002150
1712 0.002149
1713 0.002148
1714 0.002146
1715 0.002145
1716 0.002144
1717 0.002142
1718 0.002141
1719 0.002140
1720 0.002138
1721 0.002137
1722 0.002136
1723 0.002135
1724 0.002133
1725 0.002132
1726 0.002131
1727 0.002129
1728 0.002128
1729 0.002127
1730 0.002125
1731 0.002124
1732 0.002123
1733 0.002122
1734 0.002120
1735 0.002119
1736 0.002118
1737 0.002116
1738 0.002115
1739 0.002114
1740 0.002113
1741 0.002111
1742 0.002110
1743 0.002109
1744 0.002108
1745 0.002106
1746 0.002105
1747 0.002104
1748 0.002103
1749 0.002101
1750 0.002100
1751 0.002099
1752 0.002097
1753 0.002096
1754 0.002095
1755 0.002094
1756 0.002092
1757 0.002091
1758 0.002090
1759 0.002089
1760 0.002087
1761 0.002086
1762 0.002085
1763 0.002084
1764 0.002082
1765 0.002081
1766 0.002080
1767 0.002079
1768 0.002078
1769 0.002076
1770 0.002075
1771 0.002074
1772 0.002073
1773 0.002071
1774 0.002070
1775 0.002069
1776 0.002068
1777 0.002067
1778 0.002065
1779 0.002064
1780 0.002063
1781 0.002062
1782 0.002060
1783 0.002059
1784 0.002058
1785 0.002057
1786 0.002056
1787 0.002054
1788 0.002053
1789 0.002052
1790 0.002051
1791 0.002050
1792 0.002048
1793 0.002047
1794 0.002046
1795 0.002045
1796 0.002044
1797 0.002042
1798 0.002041
1799 0.002040
1800 0.002039
1801 0.002038
1802 0.002036
1803 0.002035
1804 0.002034
1805 0.002033
1806 0.002032
1807 0.002031
1808 0.002029
1809 0.002028
1810 0.002027
1811 0.002026
1812 0.002025
1813 0.002023
1814 0.002022
1815 0.002021
1816 0.002020
1817 0.002019
1818 0.002018
1819 0.002016
1820 0.002015
1821 0.002014
1822 0.002013
1823 0.002012
1824 0.002011
1825 0.002010
1826 0.002008
1827 0.002007
1828 0.002006
1829 0.002005
1830 0.002004
1831 0.002003
1832 0.002001
1833 0.002000
1834 0.001999
1835 0.001998
1836 0.001997
1837 0.001996
1838 0.001995
1839 0.001993
1840 0.001992
1841 0.001991
1842 0.001990
1843 0.001989
1844 0.001988
1845 0.001987
1846 0.001986
1847 0.001984
1848 0.001983
1849 0.001982
1850 0.001981
1851 0.001980
1852 0.001979
1853 0.001978
1854 0.001977
1855 0.001975
1856 0.001974
1857 0.001973
1858 0.001972
1859 0.001971
1860 0.001970
1861 0.001969
1862 0.001968
1863 0.001967
1864 0.001965
1865 0.001964
1866 0.001963
1867 0.001962
1868 0.001961
1869 0.001960
1870 0.001959
1871 0.001958
1872 0.001957
1873 0.001956
1874 0.001954
1875 0.001953
1876 0.001952
1877 0.001951
1878 0.001950
1879 0.001949
1880 0.001948
1881 0.001947
1882 0.001946
1883 0.001945
1884 0.001944
1885 0.001942
1886 0.001941
1887 0.001940
1888 0.001939
1889 0.001938
1890 0.001937
1891 0.001936
1892 0.001935
1893 0.001934
1894 0.001933
1895 0.001932
1896 0.001931
1897 0.001930
1898 0.001929
1899 0.001927
1900 0.001926
1901 0.001925
1902 0.001924
1903 0.001923
1904 0.001922
1905 0.001921
1906 0.001920
1907 0.001919
1908 0.001918
1909 0.001917
1910 0.001916
1911 0.001915
1912 0.001914
1913 0.001913
1914 0.001912
1915 0.001911
1916 0.001910
1917 0.001909
1918 0.001907
1919 0.001906
1920 0.001905
1921 0.001904
1922 0.001903
1923 0.001902
1924 0.001901
1925 0.001900
1926 0.001899
1927 0.001898
1928 0.001897
1929 0.001896
1930 0.001895
1931 0.001894
1932 0.001893
1933 0.001892
1934 0.001891
1935 0.001890
1936 0.001889
1937 0.001888
1938 0.001887
1939 0.001886
1940 0.001885
1941 0.001884
1942 0.001883
1943 0.001882
1944 0.001881
1945 0.001880
1946 0.001879
1947 0.001878
1948 0.001877
1949 0.001876
1950 0.001875
1951 0.001874
1952 0.001873
1953 0.001872
1954 0.001871
1955 0.001870
1956 0.001869
1957 0.001868
1958 0.001867
1959 0.001866
1960 0.001865
1961 0.001864
1962 0.001863
1963 0.001862
1964 0.001861
1965 0.001860
1966 0.001859
1967 0.001858
1968 0.001857
1969 0.001856
1970 0.001855
1971 0.001854
1972 0.001853
1973 0.001852
1974 0.001851
1975 0.001850
1976 0.001849
1977 0.001848
1978 0.001847
1979 0.001846
1980 0.001845
1981 0.001844
1982 0.001843
1983 0.001842
1984 0.001841
1985 0.001840
1986 0.001839
1987 0.001838
1988 0.001837
1989 0.001836
1990 0.001835
1991 0.001834
1992 0.001833
1993 0.001832
1994 0.001831
1995 0.001830
1996 0.001829
1997 0.001828
1998 0.001827
1999 0.001827
2000 0.001826
2001 0.001825
2002 0.001824
2003 0.001823
2004 0.001822
2005 0.001821
2006 0.001820
2007 0.001819
2008 0.001818
2009 0.001817
2010 0.001816
2011 0.001815
2012 0.001814
2013 0.001813
2014 0.001812
2015 0.001811
2016 0.001810
2017 0.001809
2018 0.001809
2019 0.001808
2020 0.001807
2021 0.001806
2022 0.001805
2023 0.001804
2024 0.001803
2025 0.001802
2026 0.001801
2027 0.001800
2028 0.001799
2029 0.001798
2030 0.001797
2031 0.001796
2032 0.001795
2033 0.001795
2034 0.001794
2035 0.001793
2036 0.001792
2037 0.001791
2038 0.001790
2039 0.001789
2040 0.001788
2041 0.001787
2042 0.001786
2043 0.001785
2044 0.001784
2045 0.001784
2046 0.001783
2047 0.001782
2048 0.001781
2049 0.001780
2050 0.001779
2051 0.001778
2052 0.001777
2053 0.001776
2054 0.001775
2055 0.001774
2056 0.001774
2057 0.001773
2058 0.001772
2059 0.001771
2060 0.001770
2061 0.001769
2062 0.001768
2063 0.001767
2064 0.001766
2065 0.001765
2066 0.001765
2067 0.001764
2068 0.001763
2069 0.001762
2070 0.001761
2071 0.001760
2072 0.001759
2073 0.001758
2074 0.001757
2075 0.001757
2076 0.001756
2077 0.001755
2078 0.001754
2079 0.001753
2080 0.001752
2081 0.001751
2082 0.001750
2083 0.001749
2084 0.001749
2085 0.001748
2086 0.001747
2087 0.001746
2088 0.001745
2089 0.001744
2090 0.001743
2091 0.001742
2092 0.001742
2093 0.001741
2094 0.001740
2095 0.001739
2096 0.001738
2097 0.001737
2098 0.001736
2099 0.001736
2100 0.001735
2101 0.001734
2102 0.001733
2103 0.001732
2104 0.001731
2105 0.001730
2106 0.001729
2107 0.001729
2108 0.001728
2109 0.001727
2110 0.001726
2111 0.001725
2112 0.001724
2113 0.001723
2114 0.001723
2115 0.001722
2116 0.001721
2117 0.001720
2118 0.001719
2119 0.001718
2120 0.001718
2121 0.001717
2122 0.001716
2123 0.001715
2124 0.001714
2125 0.001713
2126 0.001712
2127 0.001712
2128 0.001711
2129 0.001710
2130 0.001709
2131 0.001708
2132 0.001707
2133 0.001707
2134 0.001706
2135 0.001705
2136 0.001704
2137 0.001703
2138 0.001702
2139 0.001702
2140 0.001701
2141 0.001700
2142 0.001699
2143 0.001698
2144 0.001697
2145 0.001697
2146 0.001696
2147 0.001695
2148 0.001694
2149 0.001693
2150 0.001692
2151 0.001692
2152 0.001691
2153 0.001690
2154 0.001689
2155 0.001688
2156 0.001688
2157 0.001687
2158 0.001686
2159 0.001685
2160 0.001684
2161 0.001683
2162 0.001683
2163 0.001682
2164 0.001681
2165 0.001680
2166 0.001679
2167 0.001679
2168 0.001678
2169 0.001677
2170 0.001676
2171 0.001675
2172 0.001675
2173 0.001674
2174 0.001673
2175 0.001672
2176 0.001671
2177 0.001670
2178 0.001670
2179 0.001669
2180 0.001668
2181 0.001667
2182 0.001666
2183 0.001666
2184 0.001665
2185 0.001664
2186 0.001663
2187 0.001662
2188 0.001662
2189 0.001661
2190 0.001660
2191 0.001659
2192 0.001659
2193 0.001658
2194 0.001657
2195 0.001656
2196 0.001655
2197 0.001655
2198 0.001654
2199 0.001653
2200 0.001652
2201 0.001651
2202 0.001651
2203 0.001650
2204 0.001649
2205 0.001648
2206 0.001648
2207 0.001647
2208 0.001646
2209 0.001645
2210 0.001644
2211 0.001644
2212 0.001643
2213 0.001642
2214 0.001641
2215 0.001641
2216 0.001640
2217 0.001639
2218 0.001638
2219 0.001637
2220 0.001637
2221 0.001636
2222 0.001635
2223 0.001634
2224 0.001634
2225 0.001633
2226 0.001632
2227 0.001631
2228 0.001630
2229 0.001630
2230 0.001629
2231 0.001628
2232 0.001627
2233 0.001627
2234 0.001626
2235 0.001625
2236 0.001624
2237 0.001624
2238 0.001623
2239 0.001622
2240 0.001621
2241 0.001621
2242 0.001620
2243 0.001619
2244 0.001618
2245 0.001618
2246 0.001617
2247 0.001616
2248 0.001615
2249 0.001615
2250 0.001614
2251 0.001613
2252 0.001612
2253 0.001612
2254 0.001611
2255 0.001610
2256 0.001609
2257 0.001609
2258 0.001608
2259 0.001607
2260 0.001606
2261 0.001606
2262 0.001605
2263 0.001604
2264 0.001603
2265 0.001603
2266 0.001602
2267 0.001601
2268 0.001600
2269 0.001600
2270 0.001599
2271 0.001598
2272 0.001597
2273 0.001597
2274 0.001596
2275 0.001595
2276 0.001595
2277 0.001594
2278 0.001593
2279 0.001592
2280 0.001592
2281 0.001591
2282 0.001590
2283 0.001589
2284 0.001589
2285 0.001588
2286 0.001587
2287 0.001587
2288 0.001586
2289 0.001585
2290 0.001584
2291 0.001584
2292 0.001583
2293 0.001582
2294 0.001581
2295 0.001581
2296 0.001580
2297 0.001579
2298 0.001579
2299 0.001578
2300 0.001577
2301 0.001576
2302 0.001576
2303 0.001575
2304 0.001574
2305 0.001574
2306 0.001573
2307 0.001572
2308 0.001571
2309 0.001571
2310 0.001570
2311 0.001569
2312 0.001569
2313 0.001568
2314 0.001567
2315 0.001566
2316 0.001566
2317 0.001565
2318 0.001564
2319 0.001564
2320 0.001563
2321 0.001562
2322 0.001562
2323 0.001561
2324 0.001560
2325 0.001559
2326 0.001559
2327 0.001558
2328 0.001557
2329 0.001557
2330 0.001556
2331 0.001555
2332 0.001555
2333 0.001554
2334 0.001553
2335 0.001552
2336 0.001552
2337 0.001551
2338 0.001550
2339 0.001550
2340 0.001549
2341 0.001548
2342 0.001548
2343 0.001547
2344 0.001546
2345 0.001546
2346 0.001545
2347 0.001544
2348 0.001543
2349 0.001543
2350 0.001542
2351 0.001541
2352 0.001541
2353 0.001540
2354 0.001539
2355 0.001539
2356 0.001538
2357 0.001537
2358 0.001537
2359 0.001536
2360 0.001535
2361 0.001535
2362 0.001534
2363 0.001533
2364 0.001533
2365 0.001532
2366 0.001531
2367 0.001530
2368 0.001530
2369 0.001529
2370 0.001528
2371 0.001528
2372 0.001527
2373 0.001526
2374 0.001526
2375 0.001525
2376 0.001524
2377 0.001524
2378 0.001523
2379 0.001522
2380 0.001522
2381 0.001521
2382 0.001520
2383 0.001520
2384 0.001519
2385 0.001518
2386 0.001518
2387 0.001517
2388 0.001516
2389 0.001516
2390 0.001515
2391 0.001514
2392 0.001514
2393 0.001513
2394 0.001512
2395 0.001512
2396 0.001511
2397 0.001510
2398 0.001510
2399 0.001509
2400 0.001509
2401 0.001508
2402 0.001507
2403 0.001507
2404 0.001506
2405 0.001505
2406 0.001505
2407 0.001504
2408 0.001503
2409 0.001503
2410 0.001502
2411 0.001501
2412 0.001501
2413 0.001500
2414 0.001499
2415 0.001499
2416 0.001498
2417 0.001497
2418 0.001497
2419 0.001496
2420 0.001495
2421 0.001495
2422 0.001494
2423 0.001494
2424 0.001493
2425 0.001492
2426 0.001492
2427 0.001491
2428 0.001490
2429 0.001490
2430 0.001489
2431 0.001488
2432 0.001488
2433 0.001487
2434 0.001486
2435 0.001486
2436 0.001485
2437 0.001485
2438 0.001484
2439 0.001483
2440 0.001483
2441 0.001482
2442 0.001481
2443 0.001481
2444 0.001480
2445 0.001480
2446 0.001479
2447 0.001478
2448 0.001478
2449 0.001477
2450 0.001476
2451 0.001476
2452 0.001475
2453 0.001474
2454 0.001474
2455 0.001473
2456 0.001473
2457 0.001472
2458 0.001471
2459 0.001471
2460 0.001470
2461 0.001469
2462 0.001469
2463 0.001468
2464 0.001468
2465 0.001467
2466 0.001466
2467 0.001466
2468 0.001465
2469 0.001464
2470 0.001464
2471 0.001463
2472 0.001463
2473 0.001462
2474 0.001461
2475 0.001461
2476 0.001460
2477 0.001460
2478 0.001459
2479 0.001458
2480 0.001458
2481 0.001457
2482 0.001456
2483 0.001456
2484 0.001455
2485 0.001455
2486 0.001454
2487 0.001453
2488 0.001453
2489 0.001452
2490 0.001452
2491 0.001451
2492 0.001450
2493 0.001450
2494 0.001449
2495 0.001449
2496 0.001448
2497 0.001447
2498 0.001447
2499 0.001446
2500 0.001446
2501 0.001445
2502 0.001444
2503 0.001444
2504 0.001443
2505 0.001443
2506 0.001442
2507 0.001441
2508 0.001441
2509 0.001440
2510 0.001440
2511 0.001439
2512 0.001438
2513 0.001438
2514 0.001437
2515 0.001437
2516 0.001436
2517 0.001435
2518 0.001435
2519 0.001434
2520 0.001434
2521 0.001433
2522 0.001432
2523 0.001432
2524 0.001431
2525 0.001431
2526 0.001430
2527 0.001429
2528 0.001429
2529 0.001428
2530 0.001428
2531 0.001427
2532 0.001426
2533 0.001426
2534 0.001425
2535 0.001425
2536 0.001424
2537 0.001424
2538 0.001423
2539 0.001422
2540 0.001422
2541 0.001421
2542 0.001421
2543 0.001420
2544 0.001419
2545 0.001419
2546 0.001418
2547 0.001418
2548 0.001417
2549 0.001417
2550 0.001416
2551 0.001415
2552 0.001415
2553 0.001414
2554 0.001414
2555 0.001413
2556 0.001412
2557 0.001412
2558 0.001411
2559 0.001411
2560 0.001410
2561 0.001410
2562 0.001409
2563 0.001408
2564 0.001408
2565 0.001407
2566 0.001407
2567 0.001406
2568 0.001406
2569 0.001405
2570 0.001404
2571 0.001404
2572 0.001403
2573 0.001403
2574 0.001402
2575 0.001402
2576 0.001401
2577 0.001400
2578 0.001400
2579 0.001399
2580 0.001399
2581 0.001398
2582 0.001398
2583 0.001397
2584 0.001396
2585 0.001396
2586 0.001395
2587 0.001395
2588 0.001394
2589 0.001394
2590 0.001393
2591 0.001393
2592 0.001392
2593 0.001391
2594 0.001391
2595 0.001390
2596 0.001390
2597 0.001389
2598 0.001389
2599 0.001388
2600 0.001388
2601 0.001387
2602 0.001386
2603 0.001386
2604 0.001385
2605 0.001385
2606 0.001384
2607 0.001384
2608 0.001383
2609 0.001383
2610 0.001382
2611 0.001381
2612 0.001381
2613 0.001380
2614 0.001380
2615 0.001379
2616 0.001379
2617 0.001378
2618 0.001378
2619 0.001377
2620 0.001376
2621 0.001376
2622 0.001375
2623 0.001375
2624 0.001374
2625 0.001374
2626 0.001373
2627 0.001373
2628 0.001372
2629 0.001372
2630 0.001371
2631 0.001370
2632 0.001370
2633 0.001369
2634 0.001369
2635 0.001368
2636 0.001368
2637 0.001367
2638 0.001367
2639 0.001366
2640 0.001366
2641 0.001365
2642 0.001364
2643 0.001364
2644 0.001363
2645 0.001363
2646 0.001362
2647 0.001362
2648 0.001361
2649 0.001361
2650 0.001360
2651 0.001360
2652 0.001359
2653 0.001359
2654 0.001358
2655 0.001358
2656 0.001357
2657 0.001356
2658 0.001356
2659 0.001355
2660 0.001355
2661 0.001354
2662 0.001354
2663 0.001353
2664 0.001353
2665 0.001352
2666 0.001352
2667 0.001351
2668 0.001351
2669 0.001350
2670 0.001350
2671 0.001349
2672 0.001349
2673 0.001348
2674 0.001347
2675 0.001347
2676 0.001346
2677 0.001346
2678 0.001345
2679 0.001345
2680 0.001344
2681 0.001344
2682 0.001343
2683 0.001343
2684 0.001342
2685 0.001342
2686 0.001341
2687 0.001341
2688 0.001340
2689 0.001340
2690 0.001339
2691 0.001339
2692 0.001338
2693 0.001338
2694 0.001337
2695 0.001336
2696 0.001336
2697 0.001335
2698 0.001335
2699 0.001334
2700 0.001334
2701 0.001333
2702 0.001333
2703 0.001332
2704 0.001332
2705 0.001331
2706 0.001331
2707 0.001330
2708 0.001330
2709 0.001329
2710 0.001329
2711 0.001328
2712 0.001328
2713 0.001327
2714 0.001327
2715 0.001326
2716 0.001326
2717 0.001325
2718 0.001325
2719 0.001324
2720 0.001324
2721 0.001323
2722 0.001323
2723 0.001322
2724 0.001322
2725 0.001321
2726 0.001321
2727 0.001320
2728 0.001320
2729 0.001319
2730 0.001319
2731 0.001318
2732 0.001318
2733 0.001317
2734 0.001317
2735 0.001316
2736 0.001316
2737 0.001315
2738 0.001315
2739 0.001314
2740 0.001314
2741 0.001313
2742 0.001313
2743 0.001312
2744 0.001312
2745 0.001311
2746 0.001311
2747 0.001310
2748 0.001310
2749 0.001309
2750 0.001309
2751 0.001308
2752 0.001308
2753 0.001307
2754 0.001307
2755 0.001306
2756 0.001306
2757 0.001305
2758 0.001305
2759 0.001304
2760 0.001304
2761 0.001303
2762 0.001303
2763 0.001302
2764 0.001302
2765 0.001301
2766 0.001301
2767 0.001300
2768 0.001300
2769 0.001299
2770 0.001299
2771 0.001298
2772 0.001298
2773 0.001297
2774 0.001297
2775 0.001296
2776 0.001296
2777 0.001295
2778 0.001295
2779 0.001294
2780 0.001294
2781 0.001293
2782 0.001293
2783 0.001292
2784 0.001292
2785 0.001291
2786 0.001291
2787 0.001290
2788 0.001290
2789 0.001290
2790 0.001289
2791 0.001289
2792 0.001288
2793 0.001288
2794 0.001287
2795 0.001287
2796 0.001286
2797 0.001286
2798 0.001285
2799 0.001285
2800 0.001284
2801 0.001284
2802 0.001283
2803 0.001283
2804 0.001282
2805 0.001282
2806 0.001281
2807 0.001281
2808 0.001280
2809 0.001280
2810 0.001279
2811 0.001279
2812 0.001279
2813 0.001278
2814 0.001278
2815 0.001277
2816 0.001277
2817 0.001276
2818 0.001276
2819 0.001275
2820 0.001275
2821 0.001274
2822 0.001274
2823 0.001273
2824 0.001273
2825 0.001272
2826 0.001272
2827 0.001271
2828 0.001271
2829 0.001271
2830 0.001270
2831 0.001270
2832 0.001269
2833 0.001269
2834 0.001268
2835 0.001268
2836 0.001267
2837 0.001267
2838 0.001266
2839 0.001266
2840 0.001265
2841 0.001265
2842 0.001264
2843 0.001264
2844 0.001264
2845 0.001263
2846 0.001263
2847 0.001262
2848 0.001262
2849 0.001261
2850 0.001261
2851 0.001260
2852 0.001260
2853 0.001259
2854 0.001259
2855 0.001258
2856 0.001258
2857 0.001258
2858 0.001257
2859 0.001257
2860 0.001256
2861 0.001256
2862 0.001255
2863 0.001255
2864 0.001254
2865 0.001254
2866 0.001253
2867 0.001253
2868 0.001252
2869 0.001252
2870 0.001252
2871 0.001251
2872 0.001251
2873 0.001250
2874 0.001250
2875 0.001249
2876 0.001249
2877 0.001248
2878 0.001248
2879 0.001248
2880 0.001247
2881 0.001247
2882 0.001246
2883 0.001246
2884 0.001245
2885 0.001245
2886 0.001244
2887 0.001244
2888 0.001243
2889 0.001243
2890 0.001243
2891 0.001242
2892 0.001242
2893 0.001241
2894 0.001241
2895 0.001240
2896 0.001240
2897 0.001239
2898 0.001239
2899 0.001239
2900 0.001238
2901 0.001238
2902 0.001237
2903 0.001237
2904 0.001236
2905 0.001236
2906 0.001235
2907 0.001235
2908 0.001235
2909 0.001234
2910 0.001234
2911 0.001233
2912 0.001233
2913 0.001232
2914 0.001232
2915 0.001231
2916 0.001231
2917 0.001231
2918 0.001230
2919 0.001230
2920 0.001229
2921 0.001229
2922 0.001228
2923 0.001228
2924 0.001227
2925 0.001227
2926 0.001227
2927 0.001226
2928 0.001226
2929 0.001225
2930 0.001225
2931 0.001224
2932 0.001224
2933 0.001224
2934 0.001223
2935 0.001223
2936 0.001222
2937 0.001222
2938 0.001221
2939 0.001221
2940 0.001221
2941 0.001220
2942 0.001220
2943 0.001219
2944 0.001219
2945 0.001218
2946 0.001218
2947 0.001218
2948 0.001217
2949 0.001217
2950 0.001216
2951 0.001216
2952 0.001215
2953 0.001215
2954 0.001215
2955 0.001214
2956 0.001214
2957 0.001213
2958 0.001213
2959 0.001212
2960 0.001212
2961 0.001212
2962 0.001211
2963 0.001211
2964 0.001210
2965 0.001210
2966 0.001209
2967 0.001209
2968 0.001209
2969 0.001208
2970 0.001208
2971 0.001207
2972 0.001207
2973 0.001206
2974 0.001206
2975 0.001206
2976 0.001205
2977 0.001205
2978 0.001204
2979 0.001204
2980 0.001203
2981 0.001203
2982 0.001203
2983 0.001202
2984 0.001202
2985 0.001201
2986 0.001201
2987 0.001201
2988 0.001200
2989 0.001200
2990 0.001199
2991 0.001199
2992 0.001198
2993 0.001198
2994 0.001198
2995 0.001197
2996 0.001197
2997 0.001196
2998 0.001196
2999 0.001196
3000 0.001195
3001 0.001195
3002 0.001194
3003 0.001194
3004 0.001193
3005 0.001193
3006 0.001193
3007 0.001192
3008 0.001192
3009 0.001191
3010 0.001191
3011 0.001191
3012 0.001190
3013 0.001190
3014 0.001189
3015 0.001189
3016 0.001188
3017 0.001188
3018 0.001188
3019 0.001187
3020 0.001187
3021 0.001186
3022 0.001186
3023 0.001186
3024 0.001185
3025 0.001185
3026 0.001184
3027 0.001184
3028 0.001184
3029 0.001183
3030 0.001183
3031 0.001182
3032 0.001182
3033 0.001182
3034 0.001181
3035 0.001181
3036 0.001180
3037 0.001180
3038 0.001180
3039 0.001179
3040 0.001179
3041 0.001178
3042 0.001178
3043 0.001177
3044 0.001177
3045 0.001177
3046 0.001176
3047 0.001176
3048 0.001175
3049 0.001175
3050 0.001175
3051 0.001174
3052 0.001174
3053 0.001173
3054 0.001173
3055 0.001173
3056 0.001172
3057 0.001172
3058 0.001171
3059 0.001171
3060 0.001171
3061 0.001170
3062 0.001170
3063 0.001169
3064 0.001169
3065 0.001169
3066 0.001168
3067 0.001168
3068 0.001168
3069 0.001167
3070 0.001167
3071 0.001166
3072 0.001166
3073 0.001166
3074 0.001165
3075 0.001165
3076 0.001164
3077 0.001164
3078 0.001164
3079 0.001163
3080 0.001163
3081 0.001162
3082 0.001162
3083 0.001162
3084 0.001161
3085 0.001161
3086 0.001160
3087 0.001160
3088 0.001160
3089 0.001159
3090 0.001159
3091 0.001158
3092 0.001158
3093 0.001158
3094 0.001157
3095 0.001157
3096 0.001157
3097 0.001156
3098 0.001156
3099 0.001155
3100 0.001155
3101 0.001155
3102 0.001154
3103 0.001154
3104 0.001153
3105 0.001153
3106 0.001153
3107 0.001152
3108 0.001152
3109 0.001151
3110 0.001151
3111 0.001151
3112 0.001150
3113 0.001150
3114 0.001150
3115 0.001149
3116 0.001149
3117 0.001148
3118 0.001148
3119 0.001148
3120 0.001147
3121 0.001147
3122 0.001146
3123 0.001146
3124 0.001146
3125 0.001145
3126 0.001145
3127 0.001145
3128 0.001144
3129 0.001144
3130 0.001143
3131 0.001143
3132 0.001143
3133 0.001142
3134 0.001142
3135 0.001142
3136 0.001141
3137 0.001141
3138 0.001140
3139 0.001140
3140 0.001140
3141 0.001139
3142 0.001139
3143 0.001138
3144 0.001138
3145 0.001138
3146 0.001137
3147 0.001137
3148 0.001137
3149 0.001136
3150 0.001136
3151 0.001135
3152 0.001135
3153 0.001135
3154 0.001134
3155 0.001134
3156 0.001134
3157 0.001133
3158 0.001133
3159 0.001132
3160 0.001132
3161 0.001132
3162 0.001131
3163 0.001131
3164 0.001131
3165 0.001130
3166 0.001130
3167 0.001130
3168 0.001129
3169 0.001129
3170 0.001128
3171 0.001128
3172 0.001128
3173 0.001127
3174 0.001127
3175 0.001127
3176 0.001126
3177 0.001126
3178 0.001125
3179 0.001125
3180 0.001125
3181 0.001124
3182 0.001124
3183 0.001124
3184 0.001123
3185 0.001123
3186 0.001122
3187 0.001122
3188 0.001122
3189 0.001121
3190 0.001121
3191 0.001121
3192 0.001120
3193 0.001120
3194 0.001120
3195 0.001119
3196 0.001119
3197 0.001118
3198 0.001118
3199 0.001118
3200 0.001117
3201 0.001117
3202 0.001117
3203 0.001116
3204 0.001116
3205 0.001116
3206 0.001115
3207 0.001115
3208 0.001114
3209 0.001114
3210 0.001114
3211 0.001113
3212 0.001113
3213 0.001113
3214 0.001112
3215 0.001112
3216 0.001112
3217 0.001111
3218 0.001111
3219 0.001111
3220 0.001110
3221 0.001110
3222 0.001109
3223 0.001109
3224 0.001109
3225 0.001108
3226 0.001108
3227 0.001108
3228 0.001107
3229 0.001107
3230 0.001107
3231 0.001106
3232 0.001106
3233 0.001105
3234 0.001105
3235 0.001105
3236 0.001104
3237 0.001104
3238 0.001104
3239 0.001103
3240 0.001103
3241 0.001103
3242 0.001102
3243 0.001102
3244 0.001102
3245 0.001101
3246 0.001101
3247 0.001101
3248 0.001100
3249 0.001100
3250 0.001099
3251 0.001099
3252 0.001099
3253 0.001098
3254 0.001098
3255 0.001098
3256 0.001097
3257 0.001097
3258 0.001097
3259 0.001096
3260 0.001096
3261 0.001096
3262 0.001095
3263 0.001095
3264 0.001095
3265 0.001094
3266 0.001094
3267 0.001094
3268 0.001093
3269 0.001093
3270 0.001092
3271 0.001092
3272 0.001092
3273 0.001091
3274 0.001091
3275 0.001091
3276 0.001090
3277 0.001090
3278 0.001090
3279 0.001089
3280 0.001089
3281 0.001089
3282 0.001088
3283 0.001088
3284 0.001088
3285 0.001087
3286 0.001087
3287 0.001087
3288 0.001086
3289 0.001086
3290 0.001086
3291 0.001085
3292 0.001085
3293 0.001085
3294 0.001084
3295 0.001084
3296 0.001084
3297 0.001083
3298 0.001083
3299 0.001082
3300 0.001082
3301 0.001082
3302 0.001081
3303 0.001081
3304 0.001081
3305 0.001080
3306 0.001080
3307 0.001080
3308 0.001079
3309 0.001079
3310 0.001079
3311 0.001078
3312 0.001078
3313 0.001078
3314 0.001077
3315 0.001077
3316 0.001077
3317 0.001076
3318 0.001076
3319 0.001076
3320 0.001075
3321 0.001075
3322 0.001075
3323 0.001074
3324 0.001074
3325 0.001074
3326 0.001073
3327 0.001073
3328 0.001073
3329 0.001072
3330 0.001072
3331 0.001072
3332 0.001071
3333 0.001071
3334 0.001071
3335 0.001070
3336 0.001070
3337 0.001070
3338 0.001069
3339 0.001069
3340 0.001069
3341 0.001068
3342 0.001068
3343 0.001068
3344 0.001067
3345 0.001067
3346 0.001067
3347 0.001066
3348 0.001066
3349 0.001066
3350 0.001065
3351 0.001065
3352 0.001065
3353 0.001064
3354 0.001064
3355 0.001064
3356 0.001063
3357 0.001063
3358 0.001063
3359 0.001062
3360 0.001062
3361 0.001062
3362 0.001061
3363 0.001061
3364 0.001061
3365 0.001060
3366 0.001060
3367 0.001060
3368 0.001059
3369 0.001059
3370 0.001059
3371 0.001058
3372 0.001058
3373 0.001058
3374 0.001057
3375 0.001057
3376 0.001057
3377 0.001056
3378 0.001056
3379 0.001056
3380 0.001055
3381 0.001055
3382 0.001055
3383 0.001055
3384 0.001054
3385 0.001054
3386 0.001054
3387 0.001053
3388 0.001053
3389 0.001053
3390 0.001052
3391 0.001052
3392 0.001052
3393 0.001051
3394 0.001051
3395 0.001051
3396 0.001050
3397 0.001050
3398 0.001050
3399 0.001049
3400 0.001049
3401 0.001049
3402 0.001048
3403 0.001048
3404 0.001048
3405 0.001047
3406 0.001047
3407 0.001047
3408 0.001046
3409 0.001046
3410 0.001046
3411 0.001045
3412 0.001045
3413 0.001045
3414 0.001045
3415 0.001044
3416 0.001044
3417 0.001044
3418 0.001043
3419 0.001043
3420 0.001043
3421 0.001042
3422 0.001042
3423 0.001042
3424 0.001041
3425 0.001041
3426 0.001041
3427 0.001040
3428 0.001040
3429 0.001040
3430 0.001039
3431 0.001039
3432 0.001039
3433 0.001039
3434 0.001038
3435 0.001038
3436 0.001038
3437 0.001037
3438 0.001037
3439 0.001037
3440 0.001036
3441 0.001036
3442 0.001036
3443 0.001035
3444 0.001035
3445 0.001035
3446 0.001034
3447 0.001034
3448 0.001034
3449 0.001034
3450 0.001033
3451 0.001033
3452 0.001033
3453 0.001032
3454 0.001032
3455 0.001032
3456 0.001031
3457 0.001031
3458 0.001031
3459 0.001030
3460 0.001030
3461 0.001030
3462 0.001029
3463 0.001029
3464 0.001029
3465 0.001029
3466 0.001028
3467 0.001028
3468 0.001028
3469 0.001027
3470 0.001027
3471 0.001027
3472 0.001026
3473 0.001026
3474 0.001026
3475 0.001025
3476 0.001025
3477 0.001025
3478 0.001025
3479 0.001024
3480 0.001024
3481 0.001024
3482 0.001023
3483 0.001023
3484 0.001023
3485 0.001022
3486 0.001022
3487 0.001022
3488 0.001021
3489 0.001021
3490 0.001021
3491 0.001021
3492 0.001020
3493 0.001020
3494 0.001020
3495 0.001019
3496 0.001019
3497 0.001019
3498 0.001018
3499 0.001018
3500 0.001018
3501 0.001018
3502 0.001017
3503 0.001017
3504 0.001017
3505 0.001016
3506 0.001016
3507 0.001016
3508 0.001015
3509 0.001015
3510 0.001015
3511 0.001015
3512 0.001014
3513 0.001014
3514 0.001014
3515 0.001013
3516 0.001013
3517 0.001013
3518 0.001012
3519 0.001012
3520 0.001012
3521 0.001012
3522 0.001011
3523 0.001011
3524 0.001011
3525 0.001010
3526 0.001010
3527 0.001010
3528 0.001009
3529 0.001009
3530 0.001009
3531 0.001009
3532 0.001008
3533 0.001008
3534 0.001008
3535 0.001007
3536 0.001007
3537 0.001007
3538 0.001006
3539 0.001006
3540 0.001006
3541 0.001006
3542 0.001005
3543 0.001005
3544 0.001005
3545 0.001004
3546 0.001004
3547 0.001004
3548 0.001004
3549 0.001003
3550 0.001003
3551 0.001003
3552 0.001002
3553 0.001002
3554 0.001002
3555 0.001001
3556 0.001001
3557 0.001001
3558 0.001001
3559 0.001000
3560 0.001000
3561 0.001000
3562 0.000999
3563 0.000999
3564 0.000999
3565 0.000999
3566 0.000998
3567 0.000998
3568 0.000998
3569 0.000997
3570 0.000997
3571 0.000997
3572 0.000997
3573 0.000996
3574 0.000996
3575 0.000996
3576 0.000995
3577 0.000995
3578 0.000995
3579 0.000994
3580 0.000994
3581 0.000994
3582 0.000994
3583 0.000993
3584 0.000993
3585 0.000993
3586 0.000992
3587 0.000992
3588 0.000992
3589 0.000992
3590 0.000991
3591 0.000991
3592 0.000991
3593 0.000990
3594 0.000990
3595 0.000990
3596 0.000990
3597 0.000989
3598 0.000989
3599 0.000989
3600 0.000988
3601 0.000988
3602 0.000988
3603 0.000988
3604 0.000987
3605 0.000987
3606 0.000987
3607 0.000986
3608 0.000986
3609 0.000986
3610 0.000986
3611 0.000985
3612 0.000985
3613 0.000985
3614 0.000984
3615 0.000984
3616 0.000984
3617 0.000984
3618 0.000983
3619 0.000983
3620 0.000983
3621 0.000982
3622 0.000982
3623 0.000982
3624 0.000982
3625 0.000981
3626 0.000981
3627 0.000981
3628 0.000981
3629 0.000980
3630 0.000980
3631 0.000980
3632 0.000979
3633 0.000979
3634 0.000979
3635 0.000979
3636 0.000978
3637 0.000978
3638 0.000978
3639 0.000977
3640 0.000977
3641 0.000977
3642 0.000977
3643 0.000976
3644 0.000976
3645 0.000976
3646 0.000975
3647 0.000975
3648 0.000975
3649 0.000975
3650 0.000974
3651 0.000974
3652 0.000974
3653 0.000974
3654 0.000973
3655 0.000973
3656 0.000973
3657 0.000972
3658 0.000972
3659 0.000972
3660 0.000972
3661 0.000971
3662 0.000971
3663 0.000971
3664 0.000970
3665 0.000970
3666 0.000970
3667 0.000970
3668 0.000969
3669 0.000969
3670 0.000969
3671 0.000969
3672 0.000968
3673 0.000968
3674 0.000968
3675 0.000967
3676 0.000967
3677 0.000967
3678 0.000967
3679 0.000966
3680 0.000966
3681 0.000966
3682 0.000966
3683 0.000965
3684 0.000965
3685 0.000965
3686 0.000964
3687 0.000964
3688 0.000964
3689 0.000964
3690 0.000963
3691 0.000963
3692 0.000963
3693 0.000963
3694 0.000962
3695 0.000962
3696 0.000962
3697 0.000961
3698 0.000961
3699 0.000961
3700 0.000961
3701 0.000960
3702 0.000960
3703 0.000960
3704 0.000960
3705 0.000959
3706 0.000959
3707 0.000959
3708 0.000959
3709 0.000958
3710 0.000958
3711 0.000958
3712 0.000957
3713 0.000957
3714 0.000957
3715 0.000957
3716 0.000956
3717 0.000956
3718 0.000956
3719 0.000956
3720 0.000955
3721 0.000955
3722 0.000955
3723 0.000955
3724 0.000954
3725 0.000954
3726 0.000954
3727 0.000953
3728 0.000953
3729 0.000953
3730 0.000953
3731 0.000952
3732 0.000952
3733 0.000952
3734 0.000952
3735 0.000951
3736 0.000951
3737 0.000951
3738 0.000951
3739 0.000950
3740 0.000950
3741 0.000950
3742 0.000949
3743 0.000949
3744 0.000949
3745 0.000949
3746 0.000948
3747 0.000948
3748 0.000948
3749 0.000948
3750 0.000947
3751 0.000947
3752 0.000947
3753 0.000947
3754 0.000946
3755 0.000946
3756 0.000946
3757 0.000946
3758 0.000945
3759 0.000945
3760 0.000945
3761 0.000944
3762 0.000944
3763 0.000944
3764 0.000944
3765 0.000943
3766 0.000943
3767 0.000943
3768 0.000943
3769 0.000942
3770 0.000942
3771 0.000942
3772 0.000942
3773 0.000941
3774 0.000941
3775 0.000941
3776 0.000941
3777 0.000940
3778 0.000940
3779 0.000940
3780 0.000940
3781 0.000939
3782 0.000939
3783 0.000939
3784 0.000939
3785 0.000938
3786 0.000938
3787 0.000938
3788 0.000937
3789 0.000937
3790 0.000937
3791 0.000937
3792 0.000936
3793 0.000936
3794 0.000936
3795 0.000936
3796 0.000935
3797 0.000935
3798 0.000935
3799 0.000935
3800 0.000934
3801 0.000934
3802 0.000934
3803 0.000934
3804 0.000933
3805 0.000933
3806 0.000933
3807 0.000933
3808 0.000932
3809 0.000932
3810 0.000932
3811 0.000932
3812 0.000931
3813 0.000931
3814 0.000931
3815 0.000931
3816 0.000930
3817 0.000930
3818 0.000930
3819 0.000930
3820 0.000929
3821 0.000929
3822 0.000929
3823 0.000929
3824 0.000928
3825 0.000928
3826 0.000928
3827 0.000928
3828 0.000927
3829 0.000927
3830 0.000927
3831 0.000927
3832 0.000926
3833 0.000926
3834 0.000926
3835 0.000926
3836 0.000925
3837 0.000925
3838 0.000925
3839 0.000925
3840 0.000924
3841 0.000924
3842 0.000924
3843 0.000924
3844 0.000923
3845 0.000923
3846 0.000923
3847 0.000923
3848 0.000922
3849 0.000922
3850 0.000922
3851 0.000922
3852 0.000921
3853 0.000921
3854 0.000921
3855 0.000921
3856 0.000920
3857 0.000920
3858 0.000920
3859 0.000920
3860 0.000919
3861 0.000919
3862 0.000919
3863 0.000919
3864 0.000918
3865 0.000918
3866 0.000918
3867 0.000918
3868 0.000917
3869 0.000917
3870 0.000917
3871 0.000917
3872 0.000916
3873 0.000916
3874 0.000916
3875 0.000916
3876 0.000915
3877 0.000915
3878 0.000915
3879 0.000915
3880 0.000914
3881 0.000914
3882 0.000914
3883 0.000914
3884 0.000913
3885 0.000913
3886 0.000913
3887 0.000913
3888 0.000912
3889 0.000912
3890 0.000912
3891 0.000912
3892 0.000911
3893 0.000911
3894 0.000911
3895 0.000911
3896 0.000910
3897 0.000910
3898 0.000910
3899 0.000910
3900 0.000910
3901 0.000909
3902 0.000909
3903 0.000909
3904 0.000909
3905 0.000908
3906 0.000908
3907 0.000908
3908 0.000908
3909 0.000907
3910 0.000907
3911 0.000907
3912 0.000907
3913 0.000906
3914 0.000906
3915 0.000906
3916 0.000906
3917 0.000905
3918 0.000905
3919 0.000905
3920 0.000905
3921 0.000904
3922 0.000904
3923 0.000904
3924 0.000904
3925 0.000903
3926 0.000903
3927 0.000903
3928 0.000903
3929 0.000903
3930 0.000902
3931 0.000902
3932 0.000902
3933 0.000902
3934 0.000901
3935 0.000901
3936 0.000901
3937 0.000901
3938 0.000900
3939 0.000900
3940 0.000900
3941 0.000900
3942 0.000899
3943 0.000899
3944 0.000899
3945 0.000899
3946 0.000898
3947 0.000898
3948 0.000898
3949 0.000898
3950 0.000898
3951 0.000897
3952 0.000897
3953 0.000897
3954 0.000897
3955 0.000896
3956 0.000896
3957 0.000896
3958 0.000896
3959 0.000895
3960 0.000895
3961 0.000895
3962 0.000895
3963 0.000894
3964 0.000894
3965 0.000894
3966 0.000894
3967 0.000894
3968 0.000893
3969 0.000893
3970 0.000893
3971 0.000893
3972 0.000892
3973 0.000892
3974 0.000892
3975 0.000892
3976 0.000891
3977 0.000891
3978 0.000891
3979 0.000891
3980 0.000891
3981 0.000890
3982 0.000890
3983 0.000890
3984 0.000890
3985 0.000889
3986 0.000889
3987 0.000889
3988 0.000889
3989 0.000888
3990 0.000888
3991 0.000888
3992 0.000888
3993 0.000888
3994 0.000887
3995 0.000887
3996 0.000887
3997 0.000887
3998 0.000886
3999 0.000886
4000 0.000886
4001 0.000886
4002 0.000885
4003 0.000885
4004 0.000885
4005 0.000885
4006 0.000885
4007 0.000884
4008 0.000884
4009 0.000884
4010 0.000884
4011 0.000883
4012 0.000883
4013 0.000883
4014 0.000883
4015 0.000882
4016 0.000882
4017 0.000882
4018 0.000882
4019 0.000882
4020 0.000881
4021 0.000881
4022 0.000881
4023 0.000881
4024 0.000880
4025 0.000880
4026 0.000880
4027 0.000880
4028 0.000879
4029 0.000879
4030 0.000879
4031 0.000879
4032 0.000879
4033 0.000878
4034 0.000878
4035 0.000878
4036 0.000878
4037 0.000877
4038 0.000877
4039 0.000877
4040 0.000877
4041 0.000877
4042 0.000876
4043 0.000876
4044 0.000876
4045 0.000876
4046 0.000875
4047 0.000875
4048 0.000875
4049 0.000875
4050 0.000875
4051 0.000874
4052 0.000874
4053 0.000874
4054 0.000874
4055 0.000873
4056 0.000873
4057 0.000873
4058 0.000873
4059 0.000873
4060 0.000872
4061 0.000872
4062 0.000872
4063 0.000872
4064 0.000871
4065 0.000871
4066 0.000871
4067 0.000871
4068 0.000871
4069 0.000870
4070 0.000870
4071 0.000870
4072 0.000870
4073 0.000869
4074 0.000869
4075 0.000869
4076 0.000869
4077 0.000869
4078 0.000868
4079 0.000868
4080 0.000868
4081 0.000868
4082 0.000867
4083 0.000867
4084 0.000867
4085 0.000867
4086 0.000867
4087 0.000866
4088 0.000866
4089 0.000866
4090 0.000866
4091 0.000865
4092 0.000865
4093 0.000865
4094 0.000865
4095 0.000865
4096 0.000864
4097 0.000864
4098 0.000864
4099 0.000864
4100 0.000863
4101 0.000863
4102 0.000863
4103 0.000863
4104 0.000863
4105 0.000862
4106 0.000862
4107 0.000862
4108 0.000862
4109 0.000861
4110 0.000861
4111 0.000861
4112 0.000861
4113 0.000861
4114 0.000860
4115 0.000860
4116 0.000860
4117 0.000860
4118 0.000860
4119 0.000859
4120 0.000859
4121 0.000859
4122 0.000859
4123 0.000858
4124 0.000858
4125 0.000858
4126 0.000858
4127 0.000858
4128 0.000857
4129 0.000857
4130 0.000857
4131 0.000857
4132 0.000857
4133 0.000856
4134 0.000856
4135 0.000856
4136 0.000856
4137 0.000855
4138 0.000855
4139 0.000855
4140 0.000855
4141 0.000855
4142 0.000854
4143 0.000854
4144 0.000854
4145 0.000854
4146 0.000854
4147 0.000853
4148 0.000853
4149 0.000853
4150 0.000853
4151 0.000852
4152 0.000852
4153 0.000852
4154 0.000852
4155 0.000852
4156 0.000851
4157 0.000851
4158 0.000851
4159 0.000851
4160 0.000851
4161 0.000850
4162 0.000850
4163 0.000850
4164 0.000850
4165 0.000849
4166 0.000849
4167 0.000849
4168 0.000849
4169 0.000849
4170 0.000848
4171 0.000848
4172 0.000848
4173 0.000848
4174 0.000848
4175 0.000847
4176 0.000847
4177 0.000847
4178 0.000847
4179 0.000847
4180 0.000846
4181 0.000846
4182 0.000846
4183 0.000846
4184 0.000845
4185 0.000845
4186 0.000845
4187 0.000845
4188 0.000845
4189 0.000844
4190 0.000844
4191 0.000844
4192 0.000844
4193 0.000844
4194 0.000843
4195 0.000843
4196 0.000843
4197 0.000843
4198 0.000843
4199 0.000842
4200 0.000842
4201 0.000842
4202 0.000842
4203 0.000841
4204 0.000841
4205 0.000841
4206 0.000841
4207 0.000841
4208 0.000840
4209 0.000840
4210 0.000840
4211 0.000840
4212 0.000840
4213 0.000839
4214 0.000839
4215 0.000839
4216 0.000839
4217 0.000839
4218 0.000838
4219 0.000838
4220 0.000838
4221 0.000838
4222 0.000838
4223 0.000837
4224 0.000837
4225 0.000837
4226 0.000837
4227 0.000837
4228 0.000836
4229 0.000836
4230 0.000836
4231 0.000836
4232 0.000836
4233 0.000835
4234 0.000835
4235 0.000835
4236 0.000835
4237 0.000834
4238 0.000834
4239 0.000834
4240 0.000834
4241 0.000834
4242 0.000833
4243 0.000833
4244 0.000833
4245 0.000833
4246 0.000833
4247 0.000832
4248 0.000832
4249 0.000832
4250 0.000832
4251 0.000832
4252 0.000831
4253 0.000831
4254 0.000831
4255 0.000831
4256 0.000831
4257 0.000830
4258 0.000830
4259 0.000830
4260 0.000830
4261 0.000830
4262 0.000829
4263 0.000829
4264 0.000829
4265 0.000829
4266 0.000829
4267 0.000828
4268 0.000828
4269 0.000828
4270 0.000828
4271 0.000828
4272 0.000827
4273 0.000827
4274 0.000827
4275 0.000827
4276 0.000827
4277 0.000826
4278 0.000826
4279 0.000826
4280 0.000826
4281 0.000826
4282 0.000825
4283 0.000825
4284 0.000825
4285 0.000825
4286 0.000825
4287 0.000824
4288 0.000824
4289 0.000824
4290 0.000824
4291 0.000824
4292 0.000823
4293 0.000823
4294 0.000823
4295 0.000823
4296 0.000823
4297 0.000822
4298 0.000822
4299 0.000822
4300 0.000822
4301 0.000822
4302 0.000821
4303 0.000821
4304 0.000821
4305 0.000821
4306 0.000821
4307 0.000820
4308 0.000820
4309 0.000820
4310 0.000820
4311 0.000820
4312 0.000819
4313 0.000819
4314 0.000819
4315 0.000819
4316 0.000819
4317 0.000818
4318 0.000818
4319 0.000818
4320 0.000818
4321 0.000818
4322 0.000817
4323 0.000817
4324 0.000817
4325 0.000817
4326 0.000817
4327 0.000816
4328 0.000816
4329 0.000816
4330 0.000816
4331 0.000816
4332 0.000815
4333 0.000815
4334 0.000815
4335 0.000815
4336 0.000815
4337 0.000815
4338 0.000814
4339 0.000814
4340 0.000814
4341 0.000814
4342 0.000814
4343 0.000813
4344 0.000813
4345 0.000813
4346 0.000813
4347 0.000813
4348 0.000812
4349 0.000812
4350 0.000812
4351 0.000812
4352 0.000812
4353 0.000811
4354 0.000811
4355 0.000811
4356 0.000811
4357 0.000811
4358 0.000810
4359 0.000810
4360 0.000810
4361 0.000810
4362 0.000810
4363 0.000809
4364 0.000809
4365 0.000809
4366 0.000809
4367 0.000809
4368 0.000809
4369 0.000808
4370 0.000808
4371 0.000808
4372 0.000808
4373 0.000808
4374 0.000807
4375 0.000807
4376 0.000807
4377 0.000807
4378 0.000807
4379 0.000806
4380 0.000806
4381 0.000806
4382 0.000806
4383 0.000806
4384 0.000805
4385 0.000805
4386 0.000805
4387 0.000805
4388 0.000805
4389 0.000804
4390 0.000804
4391 0.000804
4392 0.000804
4393 0.000804
4394 0.000804
4395 0.000803
4396 0.000803
4397 0.000803
4398 0.000803
4399 0.000803
4400 0.000802
4401 0.000802
4402 0.000802
4403 0.000802
4404 0.000802
4405 0.000801
4406 0.000801
4407 0.000801
4408 0.000801
4409 0.000801
4410 0.000801
4411 0.000800
4412 0.000800
4413 0.000800
4414 0.000800
4415 0.000800
4416 0.000799
4417 0.000799
4418 0.000799
4419 0.000799
4420 0.000799
4421 0.000798
4422 0.000798
4423 0.000798
4424 0.000798
4425 0.000798
4426 0.000798
4427 0.000797
4428 0.000797
4429 0.000797
4430 0.000797
4431 0.000797
4432 0.000796
4433 0.000796
4434 0.000796
4435 0.000796
4436 0.000796
4437 0.000795
4438 0.000795
4439 0.000795
4440 0.000795
4441 0.000795
4442 0.000795
4443 0.000794
4444 0.000794
4445 0.000794
4446 0.000794
4447 0.000794
4448 0.000793
4449 0.000793
4450 0.000793
4451 0.000793
4452 0.000793
4453 0.000792
4454 0.000792
4455 0.000792
4456 0.000792
4457 0.000792
4458 0.000792
4459 0.000791
4460 0.000791
4461 0.000791
4462 0.000791
4463 0.000791
4464 0.000790
4465 0.000790
4466 0.000790
4467 0.000790
4468 0.000790
4469 0.000790
4470 0.000789
4471 0.000789
4472 0.000789
4473 0.000789
4474 0.000789
4475 0.000788
4476 0.000788
4477 0.000788
4478 0.000788
4479 0.000788
4480 0.000788
4481 0.000787
4482 0.000787
4483 0.000787
4484 0.000787
4485 0.000787
4486 0.000786
4487 0.000786
4488 0.000786
4489 0.000786
4490 0.000786
4491 0.000786
4492 0.000785
4493 0.000785
4494 0.000785
4495 0.000785
4496 0.000785
4497 0.000784
4498 0.000784
4499 0.000784
4500 0.000784
4501 0.000784
4502 0.000784
4503 0.000783
4504 0.000783
4505 0.000783
4506 0.000783
4507 0.000783
4508 0.000782
4509 0.000782
4510 0.000782
4511 0.000782
4512 0.000782
4513 0.000782
4514 0.000781
4515 0.000781
4516 0.000781
4517 0.000781
4518 0.000781
4519 0.000780
4520 0.000780
4521 0.000780
4522 0.000780
4523 0.000780
4524 0.000780
4525 0.000779
4526 0.000779
4527 0.000779
4528 0.000779
4529 0.000779
4530 0.000779
4531 0.000778
4532 0.000778
4533 0.000778
4534 0.000778
4535 0.000778
4536 0.000777
4537 0.000777
4538 0.000777
4539 0.000777
4540 0.000777
4541 0.000777
4542 0.000776
4543 0.000776
4544 0.000776
4545 0.000776
4546 0.000776
4547 0.000775
4548 0.000775
4549 0.000775
4550 0.000775
4551 0.000775
4552 0.000775
4553 0.000774
4554 0.000774
4555 0.000774
4556 0.000774
4557 0.000774
4558 0.000774
4559 0.000773
4560 0.000773
4561 0.000773
4562 0.000773
4563 0.000773
4564 0.000772
4565 0.000772
4566 0.000772
4567 0.000772
4568 0.000772
4569 0.000772
4570 0.000771
4571 0.000771
4572 0.000771
4573 0.000771
4574 0.000771
4575 0.000771
4576 0.000770
4577 0.000770
4578 0.000770
4579 0.000770
4580 0.000770
4581 0.000770
4582 0.000769
4583 0.000769
4584 0.000769
4585 0.000769
4586 0.000769
4587 0.000768
4588 0.000768
4589 0.000768
4590 0.000768
4591 0.000768
4592 0.000768
4593 0.000767
4594 0.000767
4595 0.000767
4596 0.000767
4597 0.000767
4598 0.000767
4599 0.000766
4600 0.000766
4601 0.000766
4602 0.000766
4603 0.000766
4604 0.000766
4605 0.000765
4606 0.000765
4607 0.000765
4608 0.000765
4609 0.000765
4610 0.000764
4611 0.000764
4612 0.000764
4613 0.000764
4614 0.000764
4615 0.000764
4616 0.000763
4617 0.000763
4618 0.000763
4619 0.000763
4620 0.000763
4621 0.000763
4622 0.000762
4623 0.000762
4624 0.000762
4625 0.000762
4626 0.000762
4627 0.000762
4628 0.000761
4629 0.000761
4630 0.000761
4631 0.000761
4632 0.000761
4633 0.000761
4634 0.000760
4635 0.000760
4636 0.000760
4637 0.000760
4638 0.000760
4639 0.000760
4640 0.000759
4641 0.000759
4642 0.000759
4643 0.000759
4644 0.000759
4645 0.000759
4646 0.000758
4647 0.000758
4648 0.000758
4649 0.000758
4650 0.000758
4651 0.000758
4652 0.000757
4653 0.000757
4654 0.000757
4655 0.000757
4656 0.000757
4657 0.000756
4658 0.000756
4659 0.000756
4660 0.000756
4661 0.000756
4662 0.000756
4663 0.000755
4664 0.000755
4665 0.000755
4666 0.000755
4667 0.000755
4668 0.000755
4669 0.000754
4670 0.000754
4671 0.000754
4672 0.000754
4673 0.000754
4674 0.000754
4675 0.000753
4676 0.000753
4677 0.000753
4678 0.000753
4679 0.000753
4680 0.000753
4681 0.000752
4682 0.000752
4683 0.000752
4684 0.000752
4685 0.000752
4686 0.000752
4687 0.000751
4688 0.000751
4689 0.000751
4690 0.000751
4691 0.000751
4692 0.000751
4693 0.000750
4694 0.000750
4695 0.000750
4696 0.000750
4697 0.000750
4698 0.000750
4699 0.000749
4700 0.000749
4701 0.000749
4702 0.000749
4703 0.000749
4704 0.000749
4705 0.000748
4706 0.000748
4707 0.000748
4708 0.000748
4709 0.000748
4710 0.000748
4711 0.000748
4712 0.000747
4713 0.000747
4714 0.000747
4715 0.000747
4716 0.000747
4717 0.000747
4718 0.000746
4719 0.000746
4720 0.000746
4721 0.000746
4722 0.000746
4723 0.000746
4724 0.000745
4725 0.000745
4726 0.000745
4727 0.000745
4728 0.000745
4729 0.000745
4730 0.000744
4731 0.000744
4732 0.000744
4733 0.000744
4734 0.000744
4735 0.000744
4736 0.000743
4737 0.000743
4738 0.000743
4739 0.000743
4740 0.000743
4741 0.000743
4742 0.000742
4743 0.000742
4744 0.000742
4745 0.000742
4746 0.000742
4747 0.000742
4748 0.000741
4749 0.000741
4750 0.000741
4751 0.000741
4752 0.000741
4753 0.000741
4754 0.000740
4755 0.000740
4756 0.000740
4757 0.000740
4758 0.000740
4759 0.000740
4760 0.000740
4761 0.000739
4762 0.000739
4763 0.000739
4764 0.000739
4765 0.000739
4766 0.000739
4767 0.000738
4768 0.000738
4769 0.000738
4770 0.000738
4771 0.000738
4772 0.000738
4773 0.000737
4774 0.000737
4775 0.000737
4776 0.000737
4777 0.000737
4778 0.000737
4779 0.000736
4780 0.000736
4781 0.000736
4782 0.000736
4783 0.000736
4784 0.000736
4785 0.000736
4786 0.000735
4787 0.000735
4788 0.000735
4789 0.000735
4790 0.000735
4791 0.000735
4792 0.000734
4793 0.000734
4794 0.000734
4795 0.000734
4796 0.000734
4797 0.000734
4798 0.000733
4799 0.000733
4800 0.000733
4801 0.000733
4802 0.000733
4803 0.000733
4804 0.000732
4805 0.000732
4806 0.000732
4807 0.000732
4808 0.000732
4809 0.000732
4810 0.000732
4811 0.000731
4812 0.000731
4813 0.000731
4814 0.000731
4815 0.000731
4816 0.000731
4817 0.000730
4818 0.000730
4819 0.000730
4820 0.000730
4821 0.000730
4822 0.000730
4823 0.000730
4824 0.000729
4825 0.000729
4826 0.000729
4827 0.000729
4828 0.000729
4829 0.000729
4830 0.000728
4831 0.000728
4832 0.000728
4833 0.000728
4834 0.000728
4835 0.000728
4836 0.000727
4837 0.000727
4838 0.000727
4839 0.000727
4840 0.000727
4841 0.000727
4842 0.000727
4843 0.000726
4844 0.000726
4845 0.000726
4846 0.000726
4847 0.000726
4848 0.000726
4849 0.000725
4850 0.000725
4851 0.000725
4852 0.000725
4853 0.000725
4854 0.000725
4855 0.000725
4856 0.000724
4857 0.000724
4858 0.000724
4859 0.000724
4860 0.000724
4861 0.000724
4862 0.000723
4863 0.000723
4864 0.000723
4865 0.000723
4866 0.000723
4867 0.000723
4868 0.000723
4869 0.000722
4870 0.000722
4871 0.000722
4872 0.000722
4873 0.000722
4874 0.000722
4875 0.000721
4876 0.000721
4877 0.000721
4878 0.000721
4879 0.000721
4880 0.000721
4881 0.000721
4882 0.000720
4883 0.000720
4884 0.000720
4885 0.000720
4886 0.000720
4887 0.000720
4888 0.000719
4889 0.000719
4890 0.000719
4891 0.000719
4892 0.000719
4893 0.000719
4894 0.000719
4895 0.000718
4896 0.000718
4897 0.000718
4898 0.000718
4899 0.000718
4900 0.000718
4901 0.000717
4902 0.000717
4903 0.000717
4904 0.000717
4905 0.000717
4906 0.000717
4907 0.000717
4908 0.000716
4909 0.000716
4910 0.000716
4911 0.000716
4912 0.000716
4913 0.000716
4914 0.000715
4915 0.000715
4916 0.000715
4917 0.000715
4918 0.000715
4919 0.000715
4920 0.000715
4921 0.000714
4922 0.000714
4923 0.000714
4924 0.000714
4925 0.000714
4926 0.000714
4927 0.000714
4928 0.000713
4929 0.000713
4930 0.000713
4931 0.000713
4932 0.000713
4933 0.000713
4934 0.000712
4935 0.000712
4936 0.000712
4937 0.000712
4938 0.000712
4939 0.000712
4940 0.000712
4941 0.000711
4942 0.000711
4943 0.000711
4944 0.000711
4945 0.000711
4946 0.000711
4947 0.000711
4948 0.000710
4949 0.000710
4950 0.000710
4951 0.000710
4952 0.000710
4953 0.000710
4954 0.000710
4955 0.000709
4956 0.000709
4957 0.000709
4958 0.000709
4959 0.000709
4960 0.000709
4961 0.000708
4962 0.000708
4963 0.000708
4964 0.000708
4965 0.000708
4966 0.000708
4967 0.000708
4968 0.000707
4969 0.000707
4970 0.000707
4971 0.000707
4972 0.000707
4973 0.000707
4974 0.000707
4975 0.000706
4976 0.000706
4977 0.000706
4978 0.000706
4979 0.000706
4980 0.000706
4981 0.000706
4982 0.000705
4983 0.000705
4984 0.000705
4985 0.000705
4986 0.000705
4987 0.000705
4988 0.000704
4989 0.000704
4990 0.000704
4991 0.000704
4992 0.000704
4993 0.000704
4994 0.000704
4995 0.000703
4996 0.000703
4997 0.000703
4998 0.000703
4999 0.000703
5000 0.000703
5001 0.000703
5002 0.000702
5003 0.000702
5004 0.000702
5005 0.000702
5006 0.000702
5007 0.000702
5008 0.000702
5009 0.000701
5010 0.000701
5011 0.000701
5012 0.000701
5013 0.000701
5014 0.000701
5015 0.000701
5016 0.000700
5017 0.000700
5018 0.000700
5019 0.000700
5020 0.000700
5021 0.000700
5022 0.000700
5023 0.000699
5024 0.000699
5025 0.000699
5026 0.000699
5027 0.000699
5028 0.000699
5029 0.000699
5030 0.000698
5031 0.000698
5032 0.000698
5033 0.000698
5034 0.000698
5035 0.000698
5036 0.000698
5037 0.000697
5038 0.000697
5039 0.000697
5040 0.000697
5041 0.000697
5042 0.000697
5043 0.000697
5044 0.000696
5045 0.000696
5046 0.000696
5047 0.000696
5048 0.000696
5049 0.000696
5050 0.000696
5051 0.000695
5052 0.000695
5053 0.000695
5054 0.000695
5055 0.000695
5056 0.000695
5057 0.000695
5058 0.000694
5059 0.000694
5060 0.000694
5061 0.000694
5062 0.000694
5063 0.000694
5064 0.000694
5065 0.000693
5066 0.000693
5067 0.000693
5068 0.000693
5069 0.000693
5070 0.000693
5071 0.000693
5072 0.000692
5073 0.000692
5074 0.000692
5075 0.000692
5076 0.000692
5077 0.000692
5078 0.000692
5079 0.000691
5080 0.000691
5081 0.000691
5082 0.000691
5083 0.000691
5084 0.000691
5085 0.000691
5086 0.000690
5087 0.000690
5088 0.000690
5089 0.000690
5090 0.000690
5091 0.000690
5092 0.000690
5093 0.000689
5094 0.000689
5095 0.000689
5096 0.000689
5097 0.000689
5098 0.000689
5099 0.000689
5100 0.000688
5101 0.000688
5102 0.000688
5103 0.000688
5104 0.000688
5105 0.000688
5106 0.000688
5107 0.000687
5108 0.000687
5109 0.000687
5110 0.000687
5111 0.000687
5112 0.000687
5113 0.000687
5114 0.000687
5115 0.000686
5116 0.000686
5117 0.000686
5118 0.000686
5119 0.000686
5120 0.000686
5121 0.000686
5122 0.000685
5123 0.000685
5124 0.000685
5125 0.000685
5126 0.000685
5127 0.000685
5128 0.000685
5129 0.000684
5130 0.000684
5131 0.000684
5132 0.000684
5133 0.000684
5134 0.000684
5135 0.000684
5136 0.000683
5137 0.000683
5138 0.000683
5139 0.000683
5140 0.000683
5141 0.000683
5142 0.000683
5143 0.000682
5144 0.000682
5145 0.000682
5146 0.000682
5147 0.000682
5148 0.000682
5149 0.000682
5150 0.000682
5151 0.000681
5152 0.000681
5153 0.000681
5154 0.000681
5155 0.000681
5156 0.000681
5157 0.000681
5158 0.000680
5159 0.000680
5160 0.000680
5161 0.000680
5162 0.000680
5163 0.000680
5164 0.000680
5165 0.000679
5166 0.000679
5167 0.000679
5168 0.000679
5169 0.000679
5170 0.000679
5171 0.000679
5172 0.000679
5173 0.000678
5174 0.000678
5175 0.000678
5176 0.000678
5177 0.000678
5178 0.000678
5179 0.000678
5180 0.000677
5181 0.000677
5182 0.000677
5183 0.000677
5184 0.000677
5185 0.000677
5186 0.000677
5187 0.000676
5188 0.000676
5189 0.000676
5190 0.000676
5191 0.000676
5192 0.000676
5193 0.000676
5194 0.000676
5195 0.000675
5196 0.000675
5197 0.000675
5198 0.000675
5199 0.000675
5200 0.000675
5201 0.000675
5202 0.000674
5203 0.000674
5204 0.000674
5205 0.000674
5206 0.000674
5207 0.000674
5208 0.000674
5209 0.000674
5210 0.000673
5211 0.000673
5212 0.000673
5213 0.000673
5214 0.000673
5215 0.000673
5216 0.000673
5217 0.000672
5218 0.000672
5219 0.000672
5220 0.000672
5221 0.000672
5222 0.000672
5223 0.000672
5224 0.000672
5225 0.000671
5226 0.000671
5227 0.000671
5228 0.000671
5229 0.000671
5230 0.000671
5231 0.000671
5232 0.000670
5233 0.000670
5234 0.000670
5235 0.000670
5236 0.000670
5237 0.000670
5238 0.000670
5239 0.000670
5240 0.000669
5241 0.000669
5242 0.000669
5243 0.000669
5244 0.000669
5245 0.000669
5246 0.000669
5247 0.000668
5248 0.000668
5249 0.000668
5250 0.000668
5251 0.000668
5252 0.000668
5253 0.000668
5254 0.000668
5255 0.000667
5256 0.000667
5257 0.000667
5258 0.000667
5259 0.000667
5260 0.000667
5261 0.000667
5262 0.000667
5263 0.000666
5264 0.000666
5265 0.000666
5266 0.000666
5267 0.000666
5268 0.000666
5269 0.000666
5270 0.000665
5271 0.000665
5272 0.000665
5273 0.000665
5274 0.000665
5275 0.000665
5276 0.000665
5277 0.000665
5278 0.000664
5279 0.000664
5280 0.000664
5281 0.000664
5282 0.000664
5283 0.000664
5284 0.000664
5285 0.000663
5286 0.000663
5287 0.000663
5288 0.000663
5289 0.000663
5290 0.000663
5291 0.000663
5292 0.000663
5293 0.000662
5294 0.000662
5295 0.000662
5296 0.000662
5297 0.000662
5298 0.000662
5299 0.000662
5300 0.000662
5301 0.000661
5302 0.000661
5303 0.000661
5304 0.000661
5305 0.000661
5306 0.000661
5307 0.000661
5308 0.000661
5309 0.000660
5310 0.000660
5311 0.000660
5312 0.000660
5313 0.000660
5314 0.000660
5315 0.000660
5316 0.000659
5317 0.000659
5318 0.000659
5319 0.000659
5320 0.000659
5321 0.000659
5322 0.000659
5323 0.000659
5324 0.000658
5325 0.000658
5326 0.000658
5327 0.000658
5328 0.000658
5329 0.000658
5330 0.000658
5331 0.000658
5332 0.000657
5333 0.000657
5334 0.000657
5335 0.000657
5336 0.000657
5337 0.000657
5338 0.000657
5339 0.000657
5340 0.000656
5341 0.000656
5342 0.000656
5343 0.000656
5344 0.000656
5345 0.000656
5346 0.000656
5347 0.000656
5348 0.000655
5349 0.000655
5350 0.000655
5351 0.000655
5352 0.000655
5353 0.000655
5354 0.000655
5355 0.000655
5356 0.000654
5357 0.000654
5358 0.000654
5359 0.000654
5360 0.000654
5361 0.000654
5362 0.000654
5363 0.000654
5364 0.000653
5365 0.000653
5366 0.000653
5367 0.000653
5368 0.000653
5369 0.000653
5370 0.000653
5371 0.000652
5372 0.000652
5373 0.000652
5374 0.000652
5375 0.000652
5376 0.000652
5377 0.000652
5378 0.000652
5379 0.000651
5380 0.000651
5381 0.000651
5382 0.000651
5383 0.000651
5384 0.000651
5385 0.000651
5386 0.000651
5387 0.000650
5388 0.000650
5389 0.000650
5390 0.000650
5391 0.000650
5392 0.000650
5393 0.000650
5394 0.000650
5395 0.000649
5396 0.000649
5397 0.000649
5398 0.000649
5399 0.000649
5400 0.000649
5401 0.000649
5402 0.000649
5403 0.000648
5404 0.000648
5405 0.000648
5406 0.000648
5407 0.000648
5408 0.000648
5409 0.000648
5410 0.000648
5411 0.000647
5412 0.000647
5413 0.000647
5414 0.000647
5415 0.000647
5416 0.000647
5417 0.000647
5418 0.000647
5419 0.000647
5420 0.000646
5421 0.000646
5422 0.000646
5423 0.000646
5424 0.000646
5425 0.000646
5426 0.000646
5427 0.000646
5428 0.000645
5429 0.000645
5430 0.000645
5431 0.000645
5432 0.000645
5433 0.000645
5434 0.000645
5435 0.000645
5436 0.000644
5437 0.000644
5438 0.000644
5439 0.000644
5440 0.000644
5441 0.000644
5442 0.000644
5443 0.000644
5444 0.000643
5445 0.000643
5446 0.000643
5447 0.000643
5448 0.000643
5449 0.000643
5450 0.000643
5451 0.000643
5452 0.000642
5453 0.000642
5454 0.000642
5455 0.000642
5456 0.000642
5457 0.000642
5458 0.000642
5459 0.000642
5460 0.000641
5461 0.000641
5462 0.000641
5463 0.000641
5464 0.000641
5465 0.000641
5466 0.000641
5467 0.000641
5468 0.000641
5469 0.000640
5470 0.000640
5471 0.000640
5472 0.000640
5473 0.000640
5474 0.000640
5475 0.000640
5476 0.000640
5477 0.000639
5478 0.000639
5479 0.000639
5480 0.000639
5481 0.000639
5482 0.000639
5483 0.000639
5484 0.000639
5485 0.000638
5486 0.000638
5487 0.000638
5488 0.000638
5489 0.000638
5490 0.000638
5491 0.000638
5492 0.000638
5493 0.000637
5494 0.000637
5495 0.000637
5496 0.000637
5497 0.000637
5498 0.000637
5499 0.000637
5500 0.000637
5501 0.000637
5502 0.000636
5503 0.000636
5504 0.000636
5505 0.000636
5506 0.000636
5507 0.000636
5508 0.000636
5509 0.000636
5510 0.000635
5511 0.000635
5512 0.000635
5513 0.000635
5514 0.000635
5515 0.000635
5516 0.000635
5517 0.000635
5518 0.000634
5519 0.000634
5520 0.000634
5521 0.000634
5522 0.000634
5523 0.000634
5524 0.000634
5525 0.000634
5526 0.000634
5527 0.000633
5528 0.000633
5529 0.000633
5530 0.000633
5531 0.000633
5532 0.000633
5533 0.000633
5534 0.000633
5535 0.000632
5536 0.000632
5537 0.000632
5538 0.000632
5539 0.000632
5540 0.000632
5541 0.000632
5542 0.000632
5543 0.000632
5544 0.000631
5545 0.000631
5546 0.000631
5547 0.000631
5548 0.000631
5549 0.000631
5550 0.000631
5551 0.000631
5552 0.000630
5553 0.000630
5554 0.000630
5555 0.000630
5556 0.000630
5557 0.000630
5558 0.000630
5559 0.000630
5560 0.000630
5561 0.000629
5562 0.000629
5563 0.000629
5564 0.000629
5565 0.000629
5566 0.000629
5567 0.000629
5568 0.000629
5569 0.000628
5570 0.000628
5571 0.000628
5572 0.000628
5573 0.000628
5574 0.000628
5575 0.000628
5576 0.000628
5577 0.000628
5578 0.000627
5579 0.000627
5580 0.000627
5581 0.000627
5582 0.000627
5583 0.000627
5584 0.000627
5585 0.000627
5586 0.000626
5587 0.000626
5588 0.000626
5589 0.000626
5590 0.000626
5591 0.000626
5592 0.000626
5593 0.000626
5594 0.000626
5595 0.000625
5596 0.000625
5597 0.000625
5598 0.000625
5599 0.000625
5600 0.000625
5601 0.000625
5602 0.000625
5603 0.000625
5604 0.000624
5605 0.000624
5606 0.000624
5607 0.000624
5608 0.000624
5609 0.000624
5610 0.000624
5611 0.000624
5612 0.000623
5613 0.000623
5614 0.000623
5615 0.000623
5616 0.000623
5617 0.000623
5618 0.000623
5619 0.000623
5620 0.000623
5621 0.000622
5622 0.000622
5623 0.000622
5624 0.000622
5625 0.000622
5626 0.000622
5627 0.000622
5628 0.000622
5629 0.000622
5630 0.000621
5631 0.000621
5632 0.000621
5633 0.000621
5634 0.000621
5635 0.000621
5636 0.000621
5637 0.000621
5638 0.000621
5639 0.000620
5640 0.000620
5641 0.000620
5642 0.000620
5643 0.000620
5644 0.000620
5645 0.000620
5646 0.000620
5647 0.000619
5648 0.000619
5649 0.000619
5650 0.000619
5651 0.000619
5652 0.000619
5653 0.000619
5654 0.000619
5655 0.000619
5656 0.000618
5657 0.000618
5658 0.000618
5659 0.000618
5660 0.000618
5661 0.000618
5662 0.000618
5663 0.000618
5664 0.000618
5665 0.000617
5666 0.000617
5667 0.000617
5668 0.000617
5669 0.000617
5670 0.000617
5671 0.000617
5672 0.000617
5673 0.000617
5674 0.000616
5675 0.000616
5676 0.000616
5677 0.000616
5678 0.000616
5679 0.000616
5680 0.000616
5681 0.000616
5682 0.000616
5683 0.000615
5684 0.000615
5685 0.000615
5686 0.000615
5687 0.000615
5688 0.000615
5689 0.000615
5690 0.000615
5691 0.000615
5692 0.000614
5693 0.000614
5694 0.000614
5695 0.000614
5696 0.000614
5697 0.000614
5698 0.000614
5699 0.000614
5700 0.000614
5701 0.000613
5702 0.000613
5703 0.000613
5704 0.000613
5705 0.000613
5706 0.000613
5707 0.000613
5708 0.000613
5709 0.000613
5710 0.000612
5711 0.000612
5712 0.000612
5713 0.000612
5714 0.000612
5715 0.000612
5716 0.000612
5717 0.000612
5718 0.000612
5719 0.000611
5720 0.000611
5721 0.000611
5722 0.000611
5723 0.000611
5724 0.000611
5725 0.000611
5726 0.000611
5727 0.000611
5728 0.000610
5729 0.000610
5730 0.000610
5731 0.000610
5732 0.000610
5733 0.000610
5734 0.000610
5735 0.000610
5736 0.000610
5737 0.000609
5738 0.000609
5739 0.000609
5740 0.000609
5741 0.000609
5742 0.000609
5743 0.000609
5744 0.000609
5745 0.000609
5746 0.000608
5747 0.000608
5748 0.000608
5749 0.000608
5750 0.000608
5751 0.000608
5752 0.000608
5753 0.000608
5754 0.000608
5755 0.000607
5756 0.000607
5757 0.000607
5758 0.000607
5759 0.000607
5760 0.000607
5761 0.000607
5762 0.000607
5763 0.000607
5764 0.000606
5765 0.000606
5766 0.000606
5767 0.000606
5768 0.000606
5769 0.000606
5770 0.000606
5771 0.000606
5772 0.000606
5773 0.000605
5774 0.000605
5775 0.000605
5776 0.000605
5777 0.000605
5778 0.000605
5779 0.000605
5780 0.000605
5781 0.000605
5782 0.000605
5783 0.000604
5784 0.000604
5785 0.000604
5786 0.000604
5787 0.000604
5788 0.000604
5789 0.000604
5790 0.000604
5791 0.000604
5792 0.000603
5793 0.000603
5794 0.000603
5795 0.000603
5796 0.000603
5797 0.000603
5798 0.000603
5799 0.000603
5800 0.000603
5801 0.000602
5802 0.000602
5803 0.000602
5804 0.000602
5805 0.000602
5806 0.000602
5807 0.000602
5808 0.000602
5809 0.000602
5810 0.000601
5811 0.000601
5812 0.000601
5813 0.000601
5814 0.000601
5815 0.000601
5816 0.000601
5817 0.000601
5818 0.000601
5819 0.000601
5820 0.000600
5821 0.000600
5822 0.000600
5823 0.000600
5824 0.000600
5825 0.000600
5826 0.000600
5827 0.000600
5828 0.000600
5829 0.000599
5830 0.000599
5831 0.000599
5832 0.000599
5833 0.000599
5834 0.000599
5835 0.000599
5836 0.000599
5837 0.000599
5838 0.000599
5839 0.000598
5840 0.000598
5841 0.000598
5842 0.000598
5843 0.000598
5844 0.000598
5845 0.000598
5846 0.000598
5847 0.000598
5848 0.000597
5849 0.000597
5850 0.000597
5851 0.000597
5852 0.000597
5853 0.000597
5854 0.000597
5855 0.000597
5856 0.000597
5857 0.000597
5858 0.000596
5859 0.000596
5860 0.000596
5861 0.000596
5862 0.000596
5863 0.000596
5864 0.000596
5865 0.000596
5866 0.000596
5867 0.000595
5868 0.000595
5869 0.000595
5870 0.000595
5871 0.000595
5872 0.000595
5873 0.000595
5874 0.000595
5875 0.000595
5876 0.000595
5877 0.000594
5878 0.000594
5879 0.000594
5880 0.000594
5881 0.000594
5882 0.000594
5883 0.000594
5884 0.000594
5885 0.000594
5886 0.000593
5887 0.000593
5888 0.000593
5889 0.000593
5890 0.000593
5891 0.000593
5892 0.000593
5893 0.000593
5894 0.000593
5895 0.000593
5896 0.000592
5897 0.000592
5898 0.000592
5899 0.000592
5900 0.000592
5901 0.000592
5902 0.000592
5903 0.000592
5904 0.000592
5905 0.000591
5906 0.000591
5907 0.000591
5908 0.000591
5909 0.000591
5910 0.000591
5911 0.000591
5912 0.000591
5913 0.000591
5914 0.000591
5915 0.000590
5916 0.000590
5917 0.000590
5918 0.000590
5919 0.000590
5920 0.000590
5921 0.000590
5922 0.000590
5923 0.000590
5924 0.000590
5925 0.000589
5926 0.000589
5927 0.000589
5928 0.000589
5929 0.000589
5930 0.000589
5931 0.000589
5932 0.000589
5933 0.000589
5934 0.000588
5935 0.000588
5936 0.000588
5937 0.000588
5938 0.000588
5939 0.000588
5940 0.000588
5941 0.000588
5942 0.000588
5943 0.000588
5944 0.000587
5945 0.000587
5946 0.000587
5947 0.000587
5948 0.000587
5949 0.000587
5950 0.000587
5951 0.000587
5952 0.000587
5953 0.000587
5954 0.000586
5955 0.000586
5956 0.000586
5957 0.000586
5958 0.000586
5959 0.000586
5960 0.000586
5961 0.000586
5962 0.000586
5963 0.000586
5964 0.000585
5965 0.000585
5966 0.000585
5967 0.000585
5968 0.000585
5969 0.000585
5970 0.000585
5971 0.000585
5972 0.000585
5973 0.000585
5974 0.000584
5975 0.000584
5976 0.000584
5977 0.000584
5978 0.000584
5979 0.000584
5980 0.000584
5981 0.000584
5982 0.000584
5983 0.000584
5984 0.000583
5985 0.000583
5986 0.000583
5987 0.000583
5988 0.000583
5989 0.000583
5990 0.000583
5991 0.000583
5992 0.000583
5993 0.000582
5994 0.000582
5995 0.000582
5996 0.000582
5997 0.000582
5998 0.000582
5999 0.000582
6000 0.000582
6001 0.000582
6002 0.000582
6003 0.000581
6004 0.000581
6005 0.000581
6006 0.000581
6007 0.000581
6008 0.000581
6009 0.000581
6010 0.000581
6011 0.000581
6012 0.000581
6013 0.000580
6014 0.000580
6015 0.000580
6016 0.000580
6017 0.000580
6018 0.000580
6019 0.000580
6020 0.000580
6021 0.000580
6022 0.000580
6023 0.000579
6024 0.000579
6025 0.000579
6026 0.000579
6027 0.000579
6028 0.000579
6029 0.000579
6030 0.000579
6031 0.000579
6032 0.000579
6033 0.000578
6034 0.000578
6035 0.000578
6036 0.000578
6037 0.000578
6038 0.000578
6039 0.000578
6040 0.000578
6041 0.000578
6042 0.000578
6043 0.000578
6044 0.000577
6045 0.000577
6046 0.000577
6047 0.000577
6048 0.000577
6049 0.000577
6050 0.000577
6051 0.000577
6052 0.000577
6053 0.000577
6054 0.000576
6055 0.000576
6056 0.000576
6057 0.000576
6058 0.000576
6059 0.000576
6060 0.000576
6061 0.000576
6062 0.000576
6063 0.000576
6064 0.000575
6065 0.000575
6066 0.000575
6067 0.000575
6068 0.000575
6069 0.000575
6070 0.000575
6071 0.000575
6072 0.000575
6073 0.000575
6074 0.000574
6075 0.000574
6076 0.000574
6077 0.000574
6078 0.000574
6079 0.000574
6080 0.000574
6081 0.000574
6082 0.000574
6083 0.000574
6084 0.000573
6085 0.000573
6086 0.000573
6087 0.000573
6088 0.000573
6089 0.000573
6090 0.000573
6091 0.000573
6092 0.000573
6093 0.000573
6094 0.000573
6095 0.000572
6096 0.000572
6097 0.000572
6098 0.000572
6099 0.000572
6100 0.000572
6101 0.000572
6102 0.000572
6103 0.000572
6104 0.000572
6105 0.000571
6106 0.000571
6107 0.000571
6108 0.000571
6109 0.000571
6110 0.000571
6111 0.000571
6112 0.000571
6113 0.000571
6114 0.000571
6115 0.000570
6116 0.000570
6117 0.000570
6118 0.000570
6119 0.000570
6120 0.000570
6121 0.000570
6122 0.000570
6123 0.000570
6124 0.000570
6125 0.000570
6126 0.000569
6127 0.000569
6128 0.000569
6129 0.000569
6130 0.000569
6131 0.000569
6132 0.000569
6133 0.000569
6134 0.000569
6135 0.000569
6136 0.000568
6137 0.000568
6138 0.000568
6139 0.000568
6140 0.000568
6141 0.000568
6142 0.000568
6143 0.000568
6144 0.000568
6145 0.000568
6146 0.000567
6147 0.000567
6148 0.000567
6149 0.000567
6150 0.000567
6151 0.000567
6152 0.000567
6153 0.000567
6154 0.000567
6155 0.000567
6156 0.000567
6157 0.000566
6158 0.000566
6159 0.000566
6160 0.000566
6161 0.000566
6162 0.000566
6163 0.000566
6164 0.000566
6165 0.000566
6166 0.000566
6167 0.000565
6168 0.000565
6169 0.000565
6170 0.000565
6171 0.000565
6172 0.000565
6173 0.000565
6174 0.000565
6175 0.000565
6176 0.000565
6177 0.000565
6178 0.000564
6179 0.000564
6180 0.000564
6181 0.000564
6182 0.000564
6183 0.000564
6184 0.000564
6185 0.000564
6186 0.000564
6187 0.000564
6188 0.000564
6189 0.000563
6190 0.000563
6191 0.000563
6192 0.000563
6193 0.000563
6194 0.000563
6195 0.000563
6196 0.000563
6197 0.000563
6198 0.000563
6199 0.000562
6200 0.000562
6201 0.000562
6202 0.000562
6203 0.000562
6204 0.000562
6205 0.000562
6206 0.000562
6207 0.000562
6208 0.000562
6209 0.000562
6210 0.000561
6211 0.000561
6212 0.000561
6213 0.000561
6214 0.000561
6215 0.000561
6216 0.000561
6217 0.000561
6218 0.000561
6219 0.000561
6220 0.000561
6221 0.000560
6222 0.000560
6223 0.000560
6224 0.000560
6225 0.000560
6226 0.000560
6227 0.000560
6228 0.000560
6229 0.000560
6230 0.000560
6231 0.000559
6232 0.000559
6233 0.000559
6234 0.000559
6235 0.000559
6236 0.000559
6237 0.000559
6238 0.000559
6239 0.000559
6240 0.000559
6241 0.000559
6242 0.000558
6243 0.000558
6244 0.000558
6245 0.000558
6246 0.000558
6247 0.000558
6248 0.000558
6249 0.000558
6250 0.000558
6251 0.000558
6252 0.000558
6253 0.000557
6254 0.000557
6255 0.000557
6256 0.000557
6257 0.000557
6258 0.000557
6259 0.000557
6260 0.000557
6261 0.000557
6262 0.000557
6263 0.000557
6264 0.000556
6265 0.000556
6266 0.000556
6267 0.000556
6268 0.000556
6269 0.000556
6270 0.000556
6271 0.000556
6272 0.000556
6273 0.000556
6274 0.000556
6275 0.000555
6276 0.000555
6277 0.000555
6278 0.000555
6279 0.000555
6280 0.000555
6281 0.000555
6282 0.000555
6283 0.000555
6284 0.000555
6285 0.000555
6286 0.000554
6287 0.000554
6288 0.000554
6289 0.000554
6290 0.000554
6291 0.000554
6292 0.000554
6293 0.000554
6294 0.000554
6295 0.000554
6296 0.000554
6297 0.000553
6298 0.000553
6299 0.000553
6300 0.000553
6301 0.000553
6302 0.000553
6303 0.000553
6304 0.000553
6305 0.000553
6306 0.000553
6307 0.000553
6308 0.000552
6309 0.000552
6310 0.000552
6311 0.000552
6312 0.000552
6313 0.000552
6314 0.000552
6315 0.000552
6316 0.000552
6317 0.000552
6318 0.000552
6319 0.000551
6320 0.000551
6321 0.000551
6322 0.000551
6323 0.000551
6324 0.000551
6325 0.000551
6326 0.000551
6327 0.000551
6328 0.000551
6329 0.000551
6330 0.000550
6331 0.000550
6332 0.000550
6333 0.000550
6334 0.000550
6335 0.000550
6336 0.000550
6337 0.000550
6338 0.000550
6339 0.000550
6340 0.000550
6341 0.000549
6342 0.000549
6343 0.000549
6344 0.000549
6345 0.000549
6346 0.000549
6347 0.000549
6348 0.000549
6349 0.000549
6350 0.000549
6351 0.000549
6352 0.000548
6353 0.000548
6354 0.000548
6355 0.000548
6356 0.000548
6357 0.000548
6358 0.000548
6359 0.000548
6360 0.000548
6361 0.000548
6362 0.000548
6363 0.000547
6364 0.000547
6365 0.000547
6366 0.000547
6367 0.000547
6368 0.000547
6369 0.000547
6370 0.000547
6371 0.000547
6372 0.000547
6373 0.000547
6374 0.000546
6375 0.000546
6376 0.000546
6377 0.000546
6378 0.000546
6379 0.000546
6380 0.000546
6381 0.000546
6382 0.000546
6383 0.000546
6384 0.000546
6385 0.000546
6386 0.000545
6387 0.000545
6388 0.000545
6389 0.000545
6390 0.000545
6391 0.000545
6392 0.000545
6393 0.000545
6394 0.000545
6395 0.000545
6396 0.000545
6397 0.000544
6398 0.000544
6399 0.000544
6400 0.000544
6401 0.000544
6402 0.000544
6403 0.000544
6404 0.000544
6405 0.000544
6406 0.000544
6407 0.000544
6408 0.000544
6409 0.000543
6410 0.000543
6411 0.000543
6412 0.000543
6413 0.000543
6414 0.000543
6415 0.000543
6416 0.000543
6417 0.000543
6418 0.000543
6419 0.000543
6420 0.000542
6421 0.000542
6422 0.000542
6423 0.000542
6424 0.000542
6425 0.000542
6426 0.000542
6427 0.000542
6428 0.000542
6429 0.000542
6430 0.000542
6431 0.000541
6432 0.000541
6433 0.000541
6434 0.000541
6435 0.000541
6436 0.000541
6437 0.000541
6438 0.000541
6439 0.000541
6440 0.000541
6441 0.000541
6442 0.000541
6443 0.000540
6444 0.000540
6445 0.000540
6446 0.000540
6447 0.000540
6448 0.000540
6449 0.000540
6450 0.000540
6451 0.000540
6452 0.000540
6453 0.000540
6454 0.000539
6455 0.000539
6456 0.000539
6457 0.000539
6458 0.000539
6459 0.000539
6460 0.000539
6461 0.000539
6462 0.000539
6463 0.000539
6464 0.000539
6465 0.000539
6466 0.000538
6467 0.000538
6468 0.000538
6469 0.000538
6470 0.000538
6471 0.000538
6472 0.000538
6473 0.000538
6474 0.000538
6475 0.000538
6476 0.000538
6477 0.000538
6478 0.000537
6479 0.000537
6480 0.000537
6481 0.000537
6482 0.000537
6483 0.000537
6484 0.000537
6485 0.000537
6486 0.000537
6487 0.000537
6488 0.000537
6489 0.000536
6490 0.000536
6491 0.000536
6492 0.000536
6493 0.000536
6494 0.000536
6495 0.000536
6496 0.000536
6497 0.000536
6498 0.000536
6499 0.000536
6500 0.000536
6501 0.000535
6502 0.000535
6503 0.000535
6504 0.000535
6505 0.000535
6506 0.000535
6507 0.000535
6508 0.000535
6509 0.000535
6510 0.000535
6511 0.000535
6512 0.000535
6513 0.000534
6514 0.000534
6515 0.000534
6516 0.000534
6517 0.000534
6518 0.000534
6519 0.000534
6520 0.000534
6521 0.000534
6522 0.000534
6523 0.000534
6524 0.000534
6525 0.000533
6526 0.000533
6527 0.000533
6528 0.000533
6529 0.000533
6530 0.000533
6531 0.000533
6532 0.000533
6533 0.000533
6534 0.000533
6535 0.000533
6536 0.000532
6537 0.000532
6538 0.000532
6539 0.000532
6540 0.000532
6541 0.000532
6542 0.000532
6543 0.000532
6544 0.000532
6545 0.000532
6546 0.000532
6547 0.000532
6548 0.000531
6549 0.000531
6550 0.000531
6551 0.000531
6552 0.000531
6553 0.000531
6554 0.000531
6555 0.000531
6556 0.000531
6557 0.000531
6558 0.000531
6559 0.000531
6560 0.000530
6561 0.000530
6562 0.000530
6563 0.000530
6564 0.000530
6565 0.000530
6566 0.000530
6567 0.000530
6568 0.000530
6569 0.000530
6570 0.000530
6571 0.000530
6572 0.000529
6573 0.000529
6574 0.000529
6575 0.000529
6576 0.000529
6577 0.000529
6578 0.000529
6579 0.000529
6580 0.000529
6581 0.000529
6582 0.000529
6583 0.000529
6584 0.000528
6585 0.000528
6586 0.000528
6587 0.000528
6588 0.000528
6589 0.000528
6590 0.000528
6591 0.000528
6592 0.000528
6593 0.000528
6594 0.000528
6595 0.000528
6596 0.000527
6597 0.000527
6598 0.000527
6599 0.000527
6600 0.000527
6601 0.000527
6602 0.000527
6603 0.000527
6604 0.000527
6605 0.000527
6606 0.000527
6607 0.000527
6608 0.000526
6609 0.000526
6610 0.000526
6611 0.000526
6612 0.000526
6613 0.000526
6614 0.000526
6615 0.000526
6616 0.000526
6617 0.000526
6618 0.000526
6619 0.000526
6620 0.000526
6621 0.000525
6622 0.000525
6623 0.000525
6624 0.000525
6625 0.000525
6626 0.000525
6627 0.000525
6628 0.000525
6629 0.000525
6630 0.000525
6631 0.000525
6632 0.000525
6633 0.000524
6634 0.000524
6635 0.000524
6636 0.000524
6637 0.000524
6638 0.000524
6639 0.000524
6640 0.000524
6641 0.000524
6642 0.000524
6643 0.000524
6644 0.000524
6645 0.000523
6646 0.000523
6647 0.000523
6648 0.000523
6649 0.000523
6650 0.000523
6651 0.000523
6652 0.000523
6653 0.000523
6654 0.000523
6655 0.000523
6656 0.000523
6657 0.000522
6658 0.000522
6659 0.000522
6660 0.000522
6661 0.000522
6662 0.000522
6663 0.000522
6664 0.000522
6665 0.000522
6666 0.000522
6667 0.000522
6668 0.000522
6669 0.000522
6670 0.000521
6671 0.000521
6672 0.000521
6673 0.000521
6674 0.000521
6675 0.000521
6676 0.000521
6677 0.000521
6678 0.000521
6679 0.000521
6680 0.000521
6681 0.000521
6682 0.000520
6683 0.000520
6684 0.000520
6685 0.000520
6686 0.000520
6687 0.000520
6688 0.000520
6689 0.000520
6690 0.000520
6691 0.000520
6692 0.000520
6693 0.000520
6694 0.000519
6695 0.000519
6696 0.000519
6697 0.000519
6698 0.000519
6699 0.000519
6700 0.000519
6701 0.000519
6702 0.000519
6703 0.000519
6704 0.000519
6705 0.000519
6706 0.000519
6707 0.000518
6708 0.000518
6709 0.000518
6710 0.000518
6711 0.000518
6712 0.000518
6713 0.000518
6714 0.000518
6715 0.000518
6716 0.000518
6717 0.000518
6718 0.000518
6719 0.000518
6720 0.000517
6721 0.000517
6722 0.000517
6723 0.000517
6724 0.000517
6725 0.000517
6726 0.000517
6727 0.000517
6728 0.000517
6729 0.000517
6730 0.000517
6731 0.000517
6732 0.000516
6733 0.000516
6734 0.000516
6735 0.000516
6736 0.000516
6737 0.000516
6738 0.000516
6739 0.000516
6740 0.000516
6741 0.000516
6742 0.000516
6743 0.000516
6744 0.000516
6745 0.000515
6746 0.000515
6747 0.000515
6748 0.000515
6749 0.000515
6750 0.000515
6751 0.000515
6752 0.000515
6753 0.000515
6754 0.000515
6755 0.000515
6756 0.000515
6757 0.000514
6758 0.000514
6759 0.000514
6760 0.000514
6761 0.000514
6762 0.000514
6763 0.000514
6764 0.000514
6765 0.000514
6766 0.000514
6767 0.000514
6768 0.000514
6769 0.000514
6770 0.000513
6771 0.000513
6772 0.000513
6773 0.000513
6774 0.000513
6775 0.000513
6776 0.000513
6777 0.000513
6778 0.000513
6779 0.000513
6780 0.000513
6781 0.000513
6782 0.000513
6783 0.000512
6784 0.000512
6785 0.000512
6786 0.000512
6787 0.000512
6788 0.000512
6789 0.000512
6790 0.000512
6791 0.000512
6792 0.000512
6793 0.000512
6794 0.000512
6795 0.000512
6796 0.000511
6797 0.000511
6798 0.000511
6799 0.000511
6800 0.000511
6801 0.000511
6802 0.000511
6803 0.000511
6804 0.000511
6805 0.000511
6806 0.000511
6807 0.000511
6808 0.000511
6809 0.000510
6810 0.000510
6811 0.000510
6812 0.000510
6813 0.000510
6814 0.000510
6815 0.000510
6816 0.000510
6817 0.000510
6818 0.000510
6819 0.000510
6820 0.000510
6821 0.000510
6822 0.000509
6823 0.000509
6824 0.000509
6825 0.000509
6826 0.000509
6827 0.000509
6828 0.000509
6829 0.000509
6830 0.000509
6831 0.000509
6832 0.000509
6833 0.000509
6834 0.000508
6835 0.000508
6836 0.000508
6837 0.000508
6838 0.000508
6839 0.000508
6840 0.000508
6841 0.000508
6842 0.000508
6843 0.000508
6844 0.000508
6845 0.000508
6846 0.000508
6847 0.000508
6848 0.000507
6849 0.000507
6850 0.000507
6851 0.000507
6852 0.000507
6853 0.000507
6854 0.000507
6855 0.000507
6856 0.000507
6857 0.000507
6858 0.000507
6859 0.000507
6860 0.000507
6861 0.000506
6862 0.000506
6863 0.000506
6864 0.000506
6865 0.000506
6866 0.000506
6867 0.000506
6868 0.000506
6869 0.000506
6870 0.000506
6871 0.000506
6872 0.000506
6873 0.000506
6874 0.000505
6875 0.000505
6876 0.000505
6877 0.000505
6878 0.000505
6879 0.000505
6880 0.000505
6881 0.000505
6882 0.000505
6883 0.000505
6884 0.000505
6885 0.000505
6886 0.000505
6887 0.000504
6888 0.000504
6889 0.000504
6890 0.000504
6891 0.000504
6892 0.000504
6893 0.000504
6894 0.000504
6895 0.000504
6896 0.000504
6897 0.000504
6898 0.000504
6899 0.000504
6900 0.000503
6901 0.000503
6902 0.000503
6903 0.000503
6904 0.000503
6905 0.000503
6906 0.000503
6907 0.000503
6908 0.000503
6909 0.000503
6910 0.000503
6911 0.000503
6912 0.000503
6913 0.000502
6914 0.000502
6915 0.000502
6916 0.000502
6917 0.000502
6918 0.000502
6919 0.000502
6920 0.000502
6921 0.000502
6922 0.000502
6923 0.000502
6924 0.000502
6925 0.000502
6926 0.000502
6927 0.000501
6928 0.000501
6929 0.000501
6930 0.000501
6931 0.000501
6932 0.000501
6933 0.000501
6934 0.000501
6935 0.000501
6936 0.000501
6937 0.000501
6938 0.000501
6939 0.000501
6940 0.000500
6941 0.000500
6942 0.000500
6943 0.000500
6944 0.000500
6945 0.000500
6946 0.000500
