0 19.560740
1 17.639500
2 14.500564
3 10.555103
4 7.401790
5 5.251240
6 3.853031
7 2.934558
8 2.308679
9 1.865386
10 1.541354
11 1.298294
12 1.111832
13 0.965875
14 0.849523
15 0.755229
16 0.677672
17 0.613029
18 0.558506
19 0.512026
20 0.472023
21 0.437296
22 0.406916
23 0.380151
24 0.356419
25 0.335255
26 0.316279
27 0.299184
28 0.283712
29 0.269652
30 0.256826
31 0.245085
32 0.234300
33 0.224364
34 0.215183
35 0.206677
36 0.198778
37 0.191423
38 0.184561
39 0.178145
40 0.172133
41 0.166491
42 0.161186
43 0.156190
44 0.151477
45 0.147024
46 0.142811
47 0.138819
48 0.135033
49 0.131437
50 0.128016
51 0.124760
52 0.121657
53 0.118697
54 0.115869
55 0.113166
56 0.110580
57 0.108104
58 0.105730
59 0.103453
60 0.101267
61 0.099167
62 0.097148
63 0.095206
64 0.093336
65 0.091534
66 0.089797
67 0.088122
68 0.086505
69 0.084943
70 0.083434
71 0.081975
72 0.080564
73 0.079198
74 0.077876
75 0.076595
76 0.075354
77 0.074150
78 0.072982
79 0.071849
80 0.070749
81 0.069680
82 0.068642
83 0.067633
84 0.066651
85 0.065697
86 0.064768
87 0.063864
88 0.062983
89 0.062126
90 0.061290
91 0.060476
92 0.059682
93 0.058908
94 0.058152
95 0.057415
96 0.056695
97 0.055993
98 0.055307
99 0.054637
100 0.053982
101 0.053342
102 0.052716
103 0.052104
104 0.051506
105 0.050920
106 0.050347
107 0.049787
108 0.049238
109 0.048701
110 0.048174
111 0.047659
112 0.047154
113 0.046659
114 0.046174
115 0.045698
116 0.045232
117 0.044774
118 0.044326
119 0.043886
120 0.043454
121 0.043031
122 0.042615
123 0.042207
124 0.041806
125 0.041412
126 0.041026
127 0.040646
128 0.040273
129 0.039907
130 0.039546
131 0.039192
132 0.038844
133 0.038502
134 0.038166
135 0.037835
136 0.037510
137 0.037190
138 0.036875
139 0.036565
140 0.036260
141 0.035960
142 0.035665
143 0.035375
144 0.035088
145 0.034807
146 0.034529
147 0.034256
148 0.033987
149 0.033722
150 0.033461
151 0.033203
152 0.032950
153 0.032700
154 0.032454
155 0.032211
156 0.031972
157 0.031736
158 0.031504
159 0.031274
160 0.031048
161 0.030825
162 0.030605
163 0.030388
164 0.030174
165 0.029963
166 0.029755
167 0.029549
168 0.029347
169 0.029146
170 0.028949
171 0.028754
172 0.028561
173 0.028371
174 0.028184
175 0.027998
176 0.027815
177 0.027635
178 0.027456
179 0.027280
180 0.027106
181 0.026934
182 0.026764
183 0.026596
184 0.026431
185 0.026267
186 0.026105
187 0.025945
188 0.025787
189 0.025631
190 0.025476
191 0.025324
192 0.025173
193 0.025023
194 0.024876
195 0.024730
196 0.024586
197 0.024443
198 0.024302
199 0.024163
200 0.024025
201 0.023888
202 0.023754
203 0.023620
204 0.023488
205 0.023357
206 0.023228
207 0.023100
208 0.022974
209 0.022849
210 0.022725
211 0.022602
212 0.022481
213 0.022361
214 0.022242
215 0.022124
216 0.022008
217 0.021892
218 0.021778
219 0.021665
220 0.021553
221 0.021443
222 0.021333
223 0.021224
224 0.021117
225 0.021010
226 0.020905
227 0.020800
228 0.020697
229 0.020595
230 0.020493
231 0.020393
232 0.020293
233 0.020194
234 0.020097
235 0.020000
236 0.019904
237 0.019809
238 0.019715
239 0.019621
240 0.019529
241 0.019437
242 0.019346
243 0.019256
244 0.019167
245 0.019079
246 0.018991
247 0.018904
248 0.018818
249 0.018733
250 0.018648
251 0.018565
252 0.018481
253 0.018399
254 0.018317
255 0.018236
256 0.018156
257 0.018076
258 0.017997
259 0.017919
260 0.017841
261 0.017764
262 0.017688
263 0.017612
264 0.017537
265 0.017463
266 0.017389
267 0.017315
268 0.017243
269 0.017171
270 0.017099
271 0.017028
272 0.016958
273 0.016888
274 0.016819
275 0.016750
276 0.016682
277 0.016614
278 0.016547
279 0.016480
280 0.016414
281 0.016348
282 0.016283
283 0.016219
284 0.016155
285 0.016091
286 0.016028
287 0.015965
288 0.015903
289 0.015841
290 0.015780
291 0.015719
292 0.015659
293 0.015599
294 0.015540
295 0.015481
296 0.015422
297 0.015364
298 0.015306
299 0.015249
300 0.015192
301 0.015135
302 0.015079
303 0.015024
304 0.014968
305 0.014913
306 0.014859
307 0.014805
308 0.014751
309 0.014697
310 0.014644
311 0.014592
312 0.014540
313 0.014488
314 0.014436
315 0.014385
316 0.014334
317 0.014283
318 0.014233
319 0.014183
320 0.014134
321 0.014085
322 0.014036
323 0.013987
324 0.013939
325 0.013891
326 0.013844
327 0.013797
328 0.013750
329 0.013703
330 0.013657
331 0.013611
332 0.013565
333 0.013520
334 0.013474
335 0.013430
336 0.013385
337 0.013341
338 0.013297
339 0.013253
340 0.013210
341 0.013166
342 0.013124
343 0.013081
344 0.013039
345 0.012997
346 0.012955
347 0.012913
348 0.012872
349 0.012831
350 0.012790
351 0.012749
352 0.012709
353 0.012669
354 0.012629
355 0.012590
356 0.012550
357 0.012511
358 0.012472
359 0.012434
360 0.012395
361 0.012357
362 0.012319
363 0.012282
364 0.012244
365 0.012207
366 0.012170
367 0.012133
368 0.012096
369 0.012060
370 0.012024
371 0.011988
372 0.011952
373 0.011916
374 0.011881
375 0.011846
376 0.011811
377 0.011776
378 0.011741
379 0.011707
380 0.011673
381 0.011639
382 0.011605
383 0.011571
384 0.011538
385 0.011505
386 0.011472
387 0.011439
388 0.011406
389 0.011374
390 0.011341
391 0.011309
392 0.011277
393 0.011245
394 0.011214
395 0.011182
396 0.011151
397 0.011120
398 0.011089
399 0.011058
400 0.011028
401 0.010997
402 0.010967
403 0.010937
404 0.010907
405 0.010877
406 0.010847
407 0.010818
408 0.010788
409 0.010759
410 0.010730
411 0.010701
412 0.010673
413 0.010644
414 0.010616
415 0.010587
416 0.010559
417 0.010531
418 0.010503
419 0.010476
420 0.010448
421 0.010421
422 0.010393
423 0.010366
424 0.010339
425 0.010312
426 0.010285
427 0.010259
428 0.010232
429 0.010206
430 0.010180
431 0.010154
432 0.010128
433 0.010102
434 0.010076
435 0.010051
436 0.010025
437 0.010000
438 0.009975
439 0.009949
440 0.009925
441 0.009900
442 0.009875
443 0.009850
444 0.009826
445 0.009801
446 0.009777
447 0.009753
448 0.009729
449 0.009705
450 0.009681
451 0.009658
452 0.009634
453 0.009611
454 0.009587
455 0.009564
456 0.009541
457 0.009518
458 0.009495
459 0.009472
460 0.009450
461 0.009427
462 0.009404
463 0.009382
464 0.009360
465 0.009338
466 0.009316
467 0.009294
468 0.009272
469 0.009250
470 0.009228
471 0.009207
472 0.009185
473 0.009164
474 0.009142
475 0.009121
476 0.009100
477 0.009079
478 0.009058
479 0.009037
480 0.009017
481 0.008996
482 0.008976
483 0.008955
484 0.008935
485 0.008914
486 0.008894
487 0.008874
488 0.008854
489 0.008834
490 0.008814
491 0.008795
492 0.008775
493 0.008755
494 0.008736
495 0.008717
496 0.008697
497 0.008678
498 0.008659
499 0.008640
500 0.008621
501 0.008602
502 0.008583
503 0.008564
504 0.008546
505 0.008527
506 0.008508
507 0.008490
508 0.008472
509 0.008453
510 0.008435
511 0.008417
512 0.008399
513 0.008381
514 0.008363
515 0.008345
516 0.008327
517 0.008310
518 0.008292
519 0.008275
520 0.008257
521 0.008240
522 0.008222
523 0.008205
524 0.008188
525 0.008171
526 0.008154
527 0.008137
528 0.008120
529 0.008103
530 0.008086
531 0.008069
532 0.008053
533 0.008036
534 0.008020
535 0.008003
536 0.007987
537 0.007971
538 0.007954
539 0.007938
540 0.007922
541 0.007906
542 0.007890
543 0.007874
544 0.007858
545 0.007842
546 0.007827
547 0.007811
548 0.007795
549 0.007780
550 0.007764
551 0.007749
552 0.007733
553 0.007718
554 0.007703
555 0.007688
556 0.007672
557 0.007657
558 0.007642
559 0.007627
560 0.007612
561 0.007597
562 0.007583
563 0.007568
564 0.007553
565 0.007539
566 0.007524
567 0.007509
568 0.007495
569 0.007481
570 0.007466
571 0.007452
572 0.007438
573 0.007423
574 0.007409
575 0.007395
576 0.007381
577 0.007367
578 0.007353
579 0.007339
580 0.007325
581 0.007312
582 0.007298
583 0.007284
584 0.007270
585 0.007257
586 0.007243
587 0.007230
588 0.007216
589 0.007203
590 0.007190
591 0.007176
592 0.007163
593 0.007150
594 0.007137
595 0.007123
596 0.007110
597 0.007097
598 0.007084
599 0.007071
600 0.007059
601 0.007046
602 0.007033
603 0.007020
604 0.007007
605 0.006995
606 0.006982
607 0.006970
608 0.006957
609 0.006945
610 0.006932
611 0.006920
612 0.006907
613 0.006895
614 0.006883
615 0.006871
616 0.006858
617 0.006846
618 0.006834
619 0.006822
620 0.006810
621 0.006798
622 0.006786
623 0.006774
624 0.006762
625 0.006751
626 0.006739
627 0.006727
628 0.006715
629 0.006704
630 0.006692
631 0.006680
632 0.006669
633 0.006657
634 0.006646
635 0.006635
636 0.006623
637 0.006612
638 0.006600
639 0.006589
640 0.006578
641 0.006567
642 0.006556
643 0.006544
644 0.006533
645 0.006522
646 0.006511
647 0.006500
648 0.006489
649 0.006478
650 0.006468
651 0.006457
652 0.006446
653 0.006435
654 0.006424
655 0.006414
656 0.006403
657 0.006392
658 0.006382
659 0.006371
660 0.006361
661 0.006350
662 0.006340
663 0.006329
664 0.006319
665 0.006309
666 0.006298
667 0.006288
668 0.006278
669 0.006267
670 0.006257
671 0.006247
672 0.006237
673 0.006227
674 0.006217
675 0.006207
676 0.006197
677 0.006187
678 0.006177
679 0.006167
680 0.006157
681 0.006147
682 0.006137
683 0.006128
684 0.006118
685 0.006108
686 0.006098
687 0.006089
688 0.006079
689 0.006069
690 0.006060
691 0.006050
692 0.006041
693 0.006031
694 0.006022
695 0.006012
696 0.006003
697 0.005994
698 0.005984
699 0.005975
700 0.005966
701 0.005956
702 0.005947
703 0.005938
704 0.005929
705 0.005920
706 0.005910
707 0.005901
708 0.005892
709 0.005883
710 0.005874
711 0.005865
712 0.005856
713 0.005847
714 0.005838
715 0.005829
716 0.005821
717 0.005812
718 0.005803
719 0.005794
720 0.005785
721 0.005777
722 0.005768
723 0.005759
724 0.005751
725 0.005742
726 0.005733
727 0.005725
728 0.005716
729 0.005708
730 0.005699
731 0.005691
732 0.005682
733 0.005674
734 0.005665
735 0.005657
736 0.005649
737 0.005640
738 0.005632
739 0.005624
740 0.005615
741 0.005607
742 0.005599
743 0.005591
744 0.005583
745 0.005574
746 0.005566
747 0.005558
748 0.005550
749 0.005542
750 0.005534
751 0.005526
752 0.005518
753 0.005510
754 0.005502
755 0.005494
756 0.005486
757 0.005478
758 0.005471
759 0.005463
760 0.005455
761 0.005447
762 0.005439
763 0.005432
764 0.005424
765 0.005416
766 0.005409
767 0.005401
768 0.005393
769 0.005386
770 0.005378
771 0.005370
772 0.005363
773 0.005355
774 0.005348
775 0.005340
776 0.005333
777 0.005325
778 0.005318
779 0.005311
780 0.005303
781 0.005296
782 0.005288
783 0.005281
784 0.005274
785 0.005266
786 0.005259
787 0.005252
788 0.005245
789 0.005238
790 0.005230
791 0.005223
792 0.005216
793 0.005209
794 0.005202
795 0.005195
796 0.005188
797 0.005180
798 0.005173
799 0.005166
800 0.005159
801 0.005152
802 0.005145
803 0.005138
804 0.005132
805 0.005125
806 0.005118
807 0.005111
808 0.005104
809 0.005097
810 0.005090
811 0.005083
812 0.005077
813 0.005070
814 0.005063
815 0.005056
816 0.005050
817 0.005043
818 0.005036
819 0.005030
820 0.005023
821 0.005016
822 0.005010
823 0.005003
824 0.004996
825 0.004990
826 0.004983
827 0.004977
828 0.004970
829 0.004964
830 0.004957
831 0.004951
832 0.004944
833 0.004938
834 0.004932
835 0.004925
836 0.004919
837 0.004912
838 0.004906
839 0.004900
840 0.004893
841 0.004887
842 0.004881
843 0.004874
844 0.004868
845 0.004862
846 0.004856
847 0.004850
848 0.004843
849 0.004837
850 0.004831
851 0.004825
852 0.004819
853 0.004813
854 0.004806
855 0.004800
856 0.004794
857 0.004788
858 0.004782
859 0.004776
860 0.004770
861 0.004764
862 0.004758
863 0.004752
864 0.004746
865 0.004740
866 0.004734
867 0.004728
868 0.004722
869 0.004717
870 0.004711
871 0.004705
872 0.004699
873 0.004693
874 0.004687
875 0.004682
876 0.004676
877 0.004670
878 0.004664
879 0.004659
880 0.004653
881 0.004647
882 0.004641
883 0.004636
884 0.004630
885 0.004624
886 0.004619
887 0.004613
888 0.004607
889 0.004602
890 0.004596
891 0.004591
892 0.004585
893 0.004579
894 0.004574
895 0.004568
896 0.004563
897 0.004557
898 0.004552
899 0.004546
900 0.004541
901 0.004535
902 0.004530
903 0.004525
904 0.004519
905 0.004514
906 0.004508
907 0.004503
908 0.004498
909 0.004492
910 0.004487
911 0.004482
912 0.004476
913 0.004471
914 0.004466
915 0.004460
916 0.004455
917 0.004450
918 0.004445
919 0.004439
920 0.004434
921 0.004429
922 0.004424
923 0.004419
924 0.004413
925 0.004408
926 0.004403
927 0.004398
928 0.004393
929 0.004388
930 0.004383
931 0.004378
932 0.004372
933 0.004367
934 0.004362
935 0.004357
936 0.004352
937 0.004347
938 0.004342
939 0.004337
940 0.004332
941 0.004327
942 0.004322
943 0.004317
944 0.004312
945 0.004307
946 0.004302
947 0.004298
948 0.004293
949 0.004288
950 0.004283
951 0.004278
952 0.004273
953 0.004268
954 0.004263
955 0.004259
956 0.004254
957 0.004249
958 0.004244
959 0.004239
960 0.004235
961 0.004230
962 0.004225
963 0.004220
964 0.004216
965 0.004211
966 0.004206
967 0.004202
968 0.004197
969 0.004192
970 0.004188
971 0.004183
972 0.004178
973 0.004174
974 0.004169
975 0.004164
976 0.004160
977 0.004155
978 0.004150
979 0.004146
980 0.004141
981 0.004137
982 0.004132
983 0.004128
984 0.004123
985 0.004119
986 0.004114
987 0.004110
988 0.004105
989 0.004101
990 0.004096
991 0.004092
992 0.004087
993 0.004083
994 0.004078
995 0.004074
996 0.004070
997 0.004065
998 0.004061
999 0.004056
1000 0.004052
1001 0.004048
1002 0.004043
1003 0.004039
1004 0.004035
1005 0.004030
1006 0.004026
1007 0.004022
1008 0.004017
1009 0.004013
1010 0.004009
1011 0.004004
1012 0.004000
1013 0.003996
1014 0.003992
1015 0.003987
1016 0.003983
1017 0.003979
1018 0.003975
1019 0.003970
1020 0.003966
1021 0.003962
1022 0.003958
1023 0.003954
1024 0.003949
1025 0.003945
1026 0.003941
1027 0.003937
1028 0.003933
1029 0.003929
1030 0.003925
1031 0.003921
1032 0.003916
1033 0.003912
1034 0.003908
1035 0.003904
1036 0.003900
1037 0.003896
1038 0.003892
1039 0.003888
1040 0.003884
1041 0.003880
1042 0.003876
1043 0.003872
1044 0.003868
1045 0.003864
1046 0.003860
1047 0.003856
1048 0.003852
1049 0.003848
1050 0.003844
1051 0.003840
1052 0.003836
1053 0.003832
1054 0.003828
1055 0.003824
1056 0.003820
1057 0.003817
1058 0.003813
1059 0.003809
1060 0.003805
1061 0.003801
1062 0.003797
1063 0.003793
1064 0.003789
1065 0.003786
1066 0.003782
1067 0.003778
1068 0.003774
1069 0.003770
1070 0.003767
1071 0.003763
1072 0.003759
1073 0.003755
1074 0.003751
1075 0.003748
1076 0.003744
1077 0.003740
1078 0.003736
1079 0.003733
1080 0.003729
1081 0.003725
1082 0.003722
1083 0.003718
1084 0.003714
1085 0.003710
1086 0.003707
1087 0.003703
1088 0.003699
1089 0.003696
1090 0.003692
1091 0.003688
1092 0.003685
1093 0.003681
1094 0.003678
1095 0.003674
1096 0.003670
1097 0.003667
1098 0.003663
1099 0.003660
1100 0.003656
1101 0.003652
1102 0.003649
1103 0.003645
1104 0.003642
1105 0.003638
1106 0.003635
1107 0.003631
1108 0.003627
1109 0.003624
1110 0.003620
1111 0.003617
1112 0.003613
1113 0.003610
1114 0.003606
1115 0.003603
1116 0.003599
1117 0.003596
1118 0.003593
1119 0.003589
1120 0.003586
1121 0.003582
1122 0.003579
1123 0.003575
1124 0.003572
1125 0.003568
1126 0.003565
1127 0.003562
1128 0.003558
1129 0.003555
1130 0.003551
1131 0.003548
1132 0.003545
1133 0.003541
1134 0.003538
1135 0.003535
1136 0.003531
1137 0.003528
1138 0.003525
1139 0.003521
1140 0.003518
1141 0.003515
1142 0.003511
1143 0.003508
1144 0.003505
1145 0.003501
1146 0.003498
1147 0.003495
1148 0.003491
1149 0.003488
1150 0.003485
1151 0.003482
1152 0.003478
1153 0.003475
1154 0.003472
1155 0.003469
1156 0.003465
1157 0.003462
1158 0.003459
1159 0.003456
1160 0.003453
1161 0.003449
1162 0.003446
1163 0.003443
1164 0.003440
1165 0.003437
1166 0.003433
1167 0.003430
1168 0.003427
1169 0.003424
1170 0.003421
1171 0.003418
1172 0.003415
1173 0.003411
1174 0.003408
1175 0.003405
1176 0.003402
1177 0.003399
1178 0.003396
1179 0.003393
1180 0.003390
1181 0.003387
1182 0.003383
1183 0.003380
1184 0.003377
1185 0.003374
1186 0.003371
1187 0.003368
1188 0.003365
1189 0.003362
1190 0.003359
1191 0.003356
1192 0.003353
1193 0.003350
1194 0.003347
1195 0.003344
1196 0.003341
1197 0.003338
1198 0.003335
1199 0.003332
1200 0.003329
1201 0.003326
1202 0.003323
1203 0.003320
1204 0.003317
1205 0.003314
1206 0.003311
1207 0.003308
1208 0.003305
1209 0.003302
1210 0.003299
1211 0.003296
1212 0.003293
1213 0.003291
1214 0.003288
1215 0.003285
1216 0.003282
1217 0.003279
1218 0.003276
1219 0.003273
1220 0.003270
1221 0.003267
1222 0.003264
1223 0.003262
1224 0.003259
1225 0.003256
1226 0.003253
1227 0.003250
1228 0.003247
1229 0.003244
1230 0.003242
1231 0.003239
1232 0.003236
1233 0.003233
1234 0.003230
1235 0.003228
1236 0.003225
1237 0.003222
1238 0.003219
1239 0.003216
1240 0.003214
1241 0.003211
1242 0.003208
1243 0.003205
1244 0.003202
1245 0.003200
1246 0.003197
1247 0.003194
1248 0.003191
1249 0.003189
1250 0.003186
1251 0.003183
1252 0.003180
1253 0.003178
1254 0.003175
1255 0.003172
1256 0.003170
1257 0.003167
1258 0.003164
1259 0.003161
1260 0.003159
1261 0.003156
1262 0.003153
1263 0.003151
1264 0.003148
1265 0.003145
1266 0.003143
1267 0.003140
1268 0.003137
1269 0.003135
1270 0.003132
1271 0.003129
1272 0.003127
1273 0.003124
1274 0.003121
1275 0.003119
1276 0.003116
1277 0.003114
1278 0.003111
1279 0.003108
1280 0.003106
1281 0.003103
1282 0.003100
1283 0.003098
1284 0.003095
1285 0.003093
1286 0.003090
1287 0.003088
1288 0.003085
1289 0.003082
1290 0.003080
1291 0.003077
1292 0.003075
1293 0.003072
1294 0.003070
1295 0.003067
1296 0.003064
1297 0.003062
1298 0.003059
1299 0.003057
1300 0.003054
1301 0.003052
1302 0.003049
1303 0.003047
1304 0.003044
1305 0.003042
1306 0.003039
1307 0.003037
1308 0.003034
1309 0.003032
1310 0.003029
1311 0.003027
1312 0.003024
1313 0.003022
1314 0.003019
1315 0.003017
1316 0.003014
1317 0.003012
1318 0.003010
1319 0.003007
1320 0.003005
1321 0.003002
1322 0.003000
1323 0.002997
1324 0.002995
1325 0.002993
1326 0.002990
1327 0.002988
1328 0.002985
1329 0.002983
1330 0.002980
1331 0.002978
1332 0.002976
1333 0.002973
1334 0.002971
1335 0.002968
1336 0.002966
1337 0.002964
1338 0.002961
1339 0.002959
1340 0.002957
1341 0.002954
1342 0.002952
1343 0.002949
1344 0.002947
1345 0.002945
1346 0.002942
1347 0.002940
1348 0.002938
1349 0.002935
1350 0.002933
1351 0.002931
1352 0.002928
1353 0.002926
1354 0.002924
1355 0.002921
1356 0.002919
1357 0.002917
1358 0.002914
1359 0.002912
1360 0.002910
1361 0.002908
1362 0.002905
1363 0.002903
1364 0.002901
1365 0.002898
1366 0.002896
1367 0.002894
1368 0.002892
1369 0.002889
1370 0.002887
1371 0.002885
1372 0.002883
1373 0.002880
1374 0.002878
1375 0.002876
1376 0.002874
1377 0.002871
1378 0.002869
1379 0.002867
1380 0.002865
1381 0.002862
1382 0.002860
1383 0.002858
1384 0.002856
1385 0.002854
1386 0.002851
1387 0.002849
1388 0.002847
1389 0.002845
1390 0.002843
1391 0.002840
1392 0.002838
1393 0.002836
1394 0.002834
1395 0.002832
1396 0.002829
1397 0.002827
1398 0.002825
1399 0.002823
1400 0.002821
1401 0.002819
1402 0.002816
1403 0.002814
1404 0.002812
1405 0.002810
1406 0.002808
1407 0.002806
1408 0.002804
1409 0.002801
1410 0.002799
1411 0.002797
1412 0.002795
1413 0.002793
1414 0.002791
1415 0.002789
1416 0.002787
1417 0.002784
1418 0.002782
1419 0.002780
1420 0.002778
1421 0.002776
1422 0.002774
1423 0.002772
1424 0.002770
1425 0.002768
1426 0.002766
1427 0.002764
1428 0.002761
1429 0.002759
1430 0.002757
1431 0.002755
1432 0.002753
1433 0.002751
1434 0.002749
1435 0.002747
1436 0.002745
1437 0.002743
1438 0.002741
1439 0.002739
1440 0.002737
1441 0.002735
1442 0.002733
1443 0.002731
1444 0.002729
1445 0.002727
1446 0.002725
1447 0.002723
1448 0.002721
1449 0.002719
1450 0.002717
1451 0.002715
1452 0.002713
1453 0.002711
1454 0.002709
1455 0.002707
1456 0.002705
1457 0.002703
1458 0.002701
1459 0.002699
1460 0.002697
1461 0.002695
1462 0.002693
1463 0.002691
1464 0.002689
1465 0.002687
1466 0.002685
1467 0.002683
1468 0.002681
1469 0.002679
1470 0.002677
1471 0.002675
1472 0.002673
1473 0.002671
1474 0.002669
1475 0.002667
1476 0.002665
1477 0.002663
1478 0.002661
1479 0.002659
1480 0.002658
1481 0.002656
1482 0.002654
1483 0.002652
1484 0.002650
1485 0.002648
1486 0.002646
1487 0.002644
1488 0.002642
1489 0.002640
1490 0.002638
1491 0.002637
1492 0.002635
1493 0.002633
1494 0.002631
1495 0.002629
1496 0.002627
1497 0.002625
1498 0.002623
1499 0.002621
1500 0.002620
1501 0.002618
1502 0.002616
1503 0.002614
1504 0.002612
1505 0.002610
1506 0.002608
1507 0.002607
1508 0.002605
1509 0.002603
1510 0.002601
1511 0.002599
1512 0.002597
1513 0.002595
1514 0.002594
1515 0.002592
1516 0.002590
1517 0.002588
1518 0.002586
1519 0.002585
1520 0.002583
1521 0.002581
1522 0.002579
1523 0.002577
1524 0.002575
1525 0.002574
1526 0.002572
1527 0.002570
1528 0.002568
1529 0.002566
1530 0.002565
1531 0.002563
1532 0.002561
1533 0.002559
1534 0.002557
1535 0.002556
1536 0.002554
1537 0.002552
1538 0.002550
1539 0.002549
1540 0.002547
1541 0.002545
1542 0.002543
1543 0.002541
1544 0.002540
1545 0.002538
1546 0.002536
1547 0.002534
1548 0.002533
1549 0.002531
1550 0.002529
1551 0.002527
1552 0.002526
1553 0.002524
1554 0.002522
1555 0.002520
1556 0.002519
1557 0.002517
1558 0.002515
1559 0.002514
1560 0.002512
1561 0.002510
1562 0.002508
1563 0.002507
1564 0.002505
1565 0.002503
1566 0.002502
1567 0.002500
1568 0.002498
1569 0.002496
1570 0.002495
1571 0.002493
1572 0.002491
1573 0.002490
1574 0.002488
1575 0.002486
1576 0.002485
1577 0.002483
1578 0.002481
1579 0.002479
1580 0.002478
1581 0.002476
1582 0.002474
1583 0.002473
1584 0.002471
1585 0.002469
1586 0.002468
1587 0.002466
1588 0.002464
1589 0.002463
1590 0.002461
1591 0.002459
1592 0.002458
1593 0.002456
1594 0.002454
1595 0.002453
1596 0.002451
1597 0.002450
1598 0.002448
1599 0.002446
1600 0.002445
1601 0.002443
1602 0.002441
1603 0.002440
1604 0.002438
1605 0.002436
1606 0.002435
1607 0.002433
1608 0.002432
1609 0.002430
1610 0.002428
1611 0.002427
1612 0.002425
1613 0.002424
1614 0.002422
1615 0.002420
1616 0.002419
1617 0.002417
1618 0.002416
1619 0.002414
1620 0.002412
1621 0.002411
1622 0.002409
1623 0.002408
1624 0.002406
1625 0.002404
1626 0.002403
1627 0.002401
1628 0.002400
1629 0.002398
1630 0.002397
1631 0.002395
1632 0.002393
1633 0.002392
1634 0.002390
1635 0.002389
1636 0.002387
1637 0.002386
1638 0.002384
1639 0.002382
1640 0.002381
1641 0.002379
1642 0.002378
1643 0.002376
1644 0.002375
1645 0.002373
1646 0.002372
1647 0.002370
1648 0.002369
1649 0.002367
1650 0.002365
1651 0.002364
1652 0.002362
1653 0.002361
1654 0.002359
1655 0.002358
1656 0.002356
1657 0.002355
1658 0.002353
1659 0.002352
1660 0.002350
1661 0.002349
1662 0.002347
1663 0.002346
1664 0.002344
1665 0.002343
1666 0.002341
1667 0.002340
1668 0.002338
1669 0.002337
1670 0.002335
1671 0.002334
1672 0.002332
1673 0.002331
1674 0.002329
1675 0.002328
1676 0.002326
1677 0.002325
1678 0.002323
1679 0.002322
1680 0.002320
1681 0.002319
1682 0.002317
1683 0.002316
1684 0.002314
1685 0.002313
1686 0.002311
1687 0.002310
1688 0.002309
1689 0.002307
1690 0.002306
1691 0.002304
1692 0.002303
1693 0.002301
1694 0.002300
1695 0.002298
1696 0.002297
1697 0.002295
1698 0.002294
1699 0.002293
1700 0.002291
1701 0.002290
1702 0.002288
1703 0.002287
1704 0.002285
1705 0.002284
1706 0.002282
1707 0.002281
1708 0.002280
1709 0.002278
1710 0.002277
1711 0.002275
1712 0.002274
1713 0.002273
1714 0.002271
1715 0.002270
1716 0.002268
1717 0.002267
1718 0.002265
1719 0.002264
1720 0.002263
1721 0.002261
1722 0.002260
1723 0.002258
1724 0.002257
1725 0.002256
1726 0.002254
1727 0.002253
1728 0.002251
1729 0.002250
1730 0.002249
1731 0.002247
1732 0.002246
1733 0.002244
1734 0.002243
1735 0.002242
1736 0.002240
1737 0.002239
1738 0.002238
1739 0.002236
1740 0.002235
1741 0.002233
1742 0.002232
1743 0.002231
1744 0.002229
1745 0.002228
1746 0.002227
1747 0.002225
1748 0.002224
1749 0.002223
1750 0.002221
1751 0.002220
1752 0.002218
1753 0.002217
1754 0.002216
1755 0.002214
1756 0.002213
1757 0.002212
1758 0.002210
1759 0.002209
1760 0.002208
1761 0.002206
1762 0.002205
1763 0.002204
1764 0.002202
1765 0.002201
1766 0.002200
1767 0.002198
1768 0.002197
1769 0.002196
1770 0.002194
1771 0.002193
1772 0.002192
1773 0.002190
1774 0.002189
1775 0.002188
1776 0.002186
1777 0.002185
1778 0.002184
1779 0.002183
1780 0.002181
1781 0.002180
1782 0.002179
1783 0.002177
1784 0.002176
1785 0.002175
1786 0.002173
1787 0.002172
1788 0.002171
1789 0.002169
1790 0.002168
1791 0.002167
1792 0.002166
1793 0.002164
1794 0.002163
1795 0.002162
1796 0.002160
1797 0.002159
1798 0.002158
1799 0.002157
1800 0.002155
1801 0.002154
1802 0.002153
1803 0.002151
1804 0.002150
1805 0.002149
1806 0.002148
1807 0.002146
1808 0.002145
1809 0.002144
1810 0.002143
1811 0.002141
1812 0.002140
1813 0.002139
1814 0.002138
1815 0.002136
1816 0.002135
1817 0.002134
1818 0.002133
1819 0.002131
1820 0.002130
1821 0.002129
1822 0.002128
1823 0.002126
1824 0.002125
1825 0.002124
1826 0.002123
1827 0.002121
1828 0.002120
1829 0.002119
1830 0.002118
1831 0.002116
1832 0.002115
1833 0.002114
1834 0.002113
1835 0.002111
1836 0.002110
1837 0.002109
1838 0.002108
1839 0.002107
1840 0.002105
1841 0.002104
1842 0.002103
1843 0.002102
1844 0.002100
1845 0.002099
1846 0.002098
1847 0.002097
1848 0.002096
1849 0.002094
1850 0.002093
1851 0.002092
1852 0.002091
1853 0.002090
1854 0.002088
1855 0.002087
1856 0.002086
1857 0.002085
1858 0.002084
1859 0.002082
1860 0.002081
1861 0.002080
1862 0.002079
1863 0.002078
1864 0.002076
1865 0.002075
1866 0.002074
1867 0.002073
1868 0.002072
1869 0.002070
1870 0.002069
1871 0.002068
1872 0.002067
1873 0.002066
1874 0.002065
1875 0.002063
1876 0.002062
1877 0.002061
1878 0.002060
1879 0.002059
1880 0.002058
1881 0.002056
1882 0.002055
1883 0.002054
1884 0.002053
1885 0.002052
1886 0.002051
1887 0.002049
1888 0.002048
1889 0.002047
1890 0.002046
1891 0.002045
1892 0.002044
1893 0.002042
1894 0.002041
1895 0.002040
1896 0.002039
1897 0.002038
1898 0.002037
1899 0.002036
1900 0.002034
1901 0.002033
1902 0.002032
1903 0.002031
1904 0.002030
1905 0.002029
1906 0.002028
1907 0.002026
1908 0.002025
1909 0.002024
1910 0.002023
1911 0.002022
1912 0.002021
1913 0.002020
1914 0.002019
1915 0.002017
1916 0.002016
1917 0.002015
1918 0.002014
1919 0.002013
1920 0.002012
1921 0.002011
1922 0.002010
1923 0.002008
1924 0.002007
1925 0.002006
1926 0.002005
1927 0.002004
1928 0.002003
1929 0.002002
1930 0.002001
1931 0.002000
1932 0.001998
1933 0.001997
1934 0.001996
1935 0.001995
1936 0.001994
1937 0.001993
1938 0.001992
1939 0.001991
1940 0.001990
1941 0.001989
1942 0.001987
1943 0.001986
1944 0.001985
1945 0.001984
1946 0.001983
1947 0.001982
1948 0.001981
1949 0.001980
1950 0.001979
1951 0.001978
1952 0.001977
1953 0.001976
1954 0.001974
1955 0.001973
1956 0.001972
1957 0.001971
1958 0.001970
1959 0.001969
1960 0.001968
1961 0.001967
1962 0.001966
1963 0.001965
1964 0.001964
1965 0.001963
1966 0.001962
1967 0.001961
1968 0.001959
1969 0.001958
1970 0.001957
1971 0.001956
1972 0.001955
1973 0.001954
1974 0.001953
1975 0.001952
1976 0.001951
1977 0.001950
1978 0.001949
1979 0.001948
1980 0.001947
1981 0.001946
1982 0.001945
1983 0.001944
1984 0.001943
1985 0.001942
1986 0.001941
1987 0.001940
1988 0.001938
1989 0.001937
1990 0.001936
1991 0.001935
1992 0.001934
1993 0.001933
1994 0.001932
1995 0.001931
1996 0.001930
1997 0.001929
1998 0.001928
1999 0.001927
2000 0.001926
2001 0.001925
2002 0.001924
2003 0.001923
2004 0.001922
2005 0.001921
2006 0.001920
2007 0.001919
2008 0.001918
2009 0.001917
2010 0.001916
2011 0.001915
2012 0.001914
2013 0.001913
2014 0.001912
2015 0.001911
2016 0.001910
2017 0.001909
2018 0.001908
2019 0.001907
2020 0.001906
2021 0.001905
2022 0.001904
2023 0.001903
2024 0.001902
2025 0.001901
2026 0.001900
2027 0.001899
2028 0.001898
2029 0.001897
2030 0.001896
2031 0.001895
2032 0.001894
2033 0.001893
2034 0.001892
2035 0.001891
2036 0.001890
2037 0.001889
2038 0.001888
2039 0.001887
2040 0.001886
2041 0.001885
2042 0.001884
2043 0.001883
2044 0.001882
2045 0.001881
2046 0.001880
2047 0.001879
2048 0.001878
2049 0.001877
2050 0.001876
2051 0.001875
2052 0.001874
2053 0.001873
2054 0.001872
2055 0.001871
2056 0.001870
2057 0.001869
2058 0.001868
2059 0.001867
2060 0.001866
2061 0.001865
2062 0.001864
2063 0.001863
2064 0.001862
2065 0.001861
2066 0.001861
2067 0.001860
2068 0.001859
2069 0.001858
2070 0.001857
2071 0.001856
2072 0.001855
2073 0.001854
2074 0.001853
2075 0.001852
2076 0.001851
2077 0.001850
2078 0.001849
2079 0.001848
2080 0.001847
2081 0.001846
2082 0.001845
2083 0.001844
2084 0.001843
2085 0.001842
2086 0.001842
2087 0.001841
2088 0.001840
2089 0.001839
2090 0.001838
2091 0.001837
2092 0.001836
2093 0.001835
2094 0.001834
2095 0.001833
2096 0.001832
2097 0.001831
2098 0.001830
2099 0.001829
2100 0.001828
2101 0.001828
2102 0.001827
2103 0.001826
2104 0.001825
2105 0.001824
2106 0.001823
2107 0.001822
2108 0.001821
2109 0.001820
2110 0.001819
2111 0.001818
2112 0.001817
2113 0.001816
2114 0.001816
2115 0.001815
2116 0.001814
2117 0.001813
2118 0.001812
2119 0.001811
2120 0.001810
2121 0.001809
2122 0.001808
2123 0.001807
2124 0.001806
2125 0.001806
2126 0.001805
2127 0.001804
2128 0.001803
2129 0.001802
2130 0.001801
2131 0.001800
2132 0.001799
2133 0.001798
2134 0.001797
2135 0.001797
2136 0.001796
2137 0.001795
2138 0.001794
2139 0.001793
2140 0.001792
2141 0.001791
2142 0.001790
2143 0.001789
2144 0.001788
2145 0.001788
2146 0.001787
2147 0.001786
2148 0.001785
2149 0.001784
2150 0.001783
2151 0.001782
2152 0.001781
2153 0.001781
2154 0.001780
2155 0.001779
2156 0.001778
2157 0.001777
2158 0.001776
2159 0.001775
2160 0.001774
2161 0.001773
2162 0.001773
2163 0.001772
2164 0.001771
2165 0.001770
2166 0.001769
2167 0.001768
2168 0.001767
2169 0.001767
2170 0.001766
2171 0.001765
2172 0.001764
2173 0.001763
2174 0.001762
2175 0.001761
2176 0.001760
2177 0.001760
2178 0.001759
2179 0.001758
2180 0.001757
2181 0.001756
2182 0.001755
2183 0.001754
2184 0.001754
2185 0.001753
2186 0.001752
2187 0.001751
2188 0.001750
2189 0.001749
2190 0.001748
2191 0.001748
2192 0.001747
2193 0.001746
2194 0.001745
2195 0.001744
2196 0.001743
2197 0.001743
2198 0.001742
2199 0.001741
2200 0.001740
2201 0.001739
2202 0.001738
2203 0.001738
2204 0.001737
2205 0.001736
2206 0.001735
2207 0.001734
2208 0.001733
2209 0.001732
2210 0.001732
2211 0.001731
2212 0.001730
2213 0.001729
2214 0.001728
2215 0.001727
2216 0.001727
2217 0.001726
2218 0.001725
2219 0.001724
2220 0.001723
2221 0.001723
2222 0.001722
2223 0.001721
2224 0.001720
2225 0.001719
2226 0.001718
2227 0.001718
2228 0.001717
2229 0.001716
2230 0.001715
2231 0.001714
2232 0.001713
2233 0.001713
2234 0.001712
2235 0.001711
2236 0.001710
2237 0.001709
2238 0.001709
2239 0.001708
2240 0.001707
2241 0.001706
2242 0.001705
2243 0.001705
2244 0.001704
2245 0.001703
2246 0.001702
2247 0.001701
2248 0.001700
2249 0.001700
2250 0.001699
2251 0.001698
2252 0.001697
2253 0.001696
2254 0.001696
2255 0.001695
2256 0.001694
2257 0.001693
2258 0.001692
2259 0.001692
2260 0.001691
2261 0.001690
2262 0.001689
2263 0.001688
2264 0.001688
2265 0.001687
2266 0.001686
2267 0.001685
2268 0.001685
2269 0.001684
2270 0.001683
2271 0.001682
2272 0.001681
2273 0.001681
2274 0.001680
2275 0.001679
2276 0.001678
2277 0.001677
2278 0.001677
2279 0.001676
2280 0.001675
2281 0.001674
2282 0.001674
2283 0.001673
2284 0.001672
2285 0.001671
2286 0.001670
2287 0.001670
2288 0.001669
2289 0.001668
2290 0.001667
2291 0.001667
2292 0.001666
2293 0.001665
2294 0.001664
2295 0.001663
2296 0.001663
2297 0.001662
2298 0.001661
2299 0.001660
2300 0.001660
2301 0.001659
2302 0.001658
2303 0.001657
2304 0.001657
2305 0.001656
2306 0.001655
2307 0.001654
2308 0.001653
2309 0.001653
2310 0.001652
2311 0.001651
2312 0.001650
2313 0.001650
2314 0.001649
2315 0.001648
2316 0.001647
2317 0.001647
2318 0.001646
2319 0.001645
2320 0.001644
2321 0.001644
2322 0.001643
2323 0.001642
2324 0.001641
2325 0.001641
2326 0.001640
2327 0.001639
2328 0.001638
2329 0.001638
2330 0.001637
2331 0.001636
2332 0.001635
2333 0.001635
2334 0.001634
2335 0.001633
2336 0.001632
2337 0.001632
2338 0.001631
2339 0.001630
2340 0.001629
2341 0.001629
2342 0.001628
2343 0.001627
2344 0.001626
2345 0.001626
2346 0.001625
2347 0.001624
2348 0.001624
2349 0.001623
2350 0.001622
2351 0.001621
2352 0.001621
2353 0.001620
2354 0.001619
2355 0.001618
2356 0.001618
2357 0.001617
2358 0.001616
2359 0.001615
2360 0.001615
2361 0.001614
2362 0.001613
2363 0.001613
2364 0.001612
2365 0.001611
2366 0.001610
2367 0.001610
2368 0.001609
2369 0.001608
2370 0.001607
2371 0.001607
2372 0.001606
2373 0.001605
2374 0.001605
2375 0.001604
2376 0.001603
2377 0.001602
2378 0.001602
2379 0.001601
2380 0.001600
2381 0.001600
2382 0.001599
2383 0.001598
2384 0.001597
2385 0.001597
2386 0.001596
2387 0.001595
2388 0.001595
2389 0.001594
2390 0.001593
2391 0.001592
2392 0.001592
2393 0.001591
2394 0.001590
2395 0.001590
2396 0.001589
2397 0.001588
2398 0.001588
2399 0.001587
2400 0.001586
2401 0.001585
2402 0.001585
2403 0.001584
2404 0.001583
2405 0.001583
2406 0.001582
2407 0.001581
2408 0.001581
2409 0.001580
2410 0.001579
2411 0.001578
2412 0.001578
2413 0.001577
2414 0.001576
2415 0.001576
2416 0.001575
2417 0.001574
2418 0.001574
2419 0.001573
2420 0.001572
2421 0.001571
2422 0.001571
2423 0.001570
2424 0.001569
2425 0.001569
2426 0.001568
2427 0.001567
2428 0.001567
2429 0.001566
2430 0.001565
2431 0.001565
2432 0.001564
2433 0.001563
2434 0.001563
2435 0.001562
2436 0.001561
2437 0.001561
2438 0.001560
2439 0.001559
2440 0.001558
2441 0.001558
2442 0.001557
2443 0.001556
2444 0.001556
2445 0.001555
2446 0.001554
2447 0.001554
2448 0.001553
2449 0.001552
2450 0.001552
2451 0.001551
2452 0.001550
2453 0.001550
2454 0.001549
2455 0.001548
2456 0.001548
2457 0.001547
2458 0.001546
2459 0.001546
2460 0.001545
2461 0.001544
2462 0.001544
2463 0.001543
2464 0.001542
2465 0.001542
2466 0.001541
2467 0.001540
2468 0.001540
2469 0.001539
2470 0.001538
2471 0.001538
2472 0.001537
2473 0.001536
2474 0.001536
2475 0.001535
2476 0.001534
2477 0.001534
2478 0.001533
2479 0.001532
2480 0.001532
2481 0.001531
2482 0.001530
2483 0.001530
2484 0.001529
2485 0.001528
2486 0.001528
2487 0.001527
2488 0.001527
2489 0.001526
2490 0.001525
2491 0.001525
2492 0.001524
2493 0.001523
2494 0.001523
2495 0.001522
2496 0.001521
2497 0.001521
2498 0.001520
2499 0.001519
2500 0.001519
2501 0.001518
2502 0.001517
2503 0.001517
2504 0.001516
2505 0.001516
2506 0.001515
2507 0.001514
2508 0.001514
2509 0.001513
2510 0.001512
2511 0.001512
2512 0.001511
2513 0.001510
2514 0.001510
2515 0.001509
2516 0.001508
2517 0.001508
2518 0.001507
2519 0.001507
2520 0.001506
2521 0.001505
2522 0.001505
2523 0.001504
2524 0.001503
2525 0.001503
2526 0.001502
2527 0.001502
2528 0.001501
2529 0.001500
2530 0.001500
2531 0.001499
2532 0.001498
2533 0.001498
2534 0.001497
2535 0.001496
2536 0.001496
2537 0.001495
2538 0.001495
2539 0.001494
2540 0.001493
2541 0.001493
2542 0.001492
2543 0.001491
2544 0.001491
2545 0.001490
2546 0.001490
2547 0.001489
2548 0.001488
2549 0.001488
2550 0.001487
2551 0.001486
2552 0.001486
2553 0.001485
2554 0.001485
2555 0.001484
2556 0.001483
2557 0.001483
2558 0.001482
2559 0.001482
2560 0.001481
2561 0.001480
2562 0.001480
2563 0.001479
2564 0.001478
2565 0.001478
2566 0.001477
2567 0.001477
2568 0.001476
2569 0.001475
2570 0.001475
2571 0.001474
2572 0.001474
2573 0.001473
2574 0.001472
2575 0.001472
2576 0.001471
2577 0.001471
2578 0.001470
2579 0.001469
2580 0.001469
2581 0.001468
2582 0.001468
2583 0.001467
2584 0.001466
2585 0.001466
2586 0.001465
2587 0.001465
2588 0.001464
2589 0.001463
2590 0.001463
2591 0.001462
2592 0.001462
2593 0.001461
2594 0.001460
2595 0.001460
2596 0.001459
2597 0.001459
2598 0.001458
2599 0.001457
2600 0.001457
2601 0.001456
2602 0.001456
2603 0.001455
2604 0.001454
2605 0.001454
2606 0.001453
2607 0.001453
2608 0.001452
2609 0.001451
2610 0.001451
2611 0.001450
2612 0.001450
2613 0.001449
2614 0.001448
2615 0.001448
2616 0.001447
2617 0.001447
2618 0.001446
2619 0.001446
2620 0.001445
2621 0.001444
2622 0.001444
2623 0.001443
2624 0.001443
2625 0.001442
2626 0.001441
2627 0.001441
2628 0.001440
2629 0.001440
2630 0.001439
2631 0.001439
2632 0.001438
2633 0.001437
2634 0.001437
2635 0.001436
2636 0.001436
2637 0.001435
2638 0.001434
2639 0.001434
2640 0.001433
2641 0.001433
2642 0.001432
2643 0.001432
2644 0.001431
2645 0.001430
2646 0.001430
2647 0.001429
2648 0.001429
2649 0.001428
2650 0.001428
2651 0.001427
2652 0.001426
2653 0.001426
2654 0.001425
2655 0.001425
2656 0.001424
2657 0.001424
2658 0.001423
2659 0.001422
2660 0.001422
2661 0.001421
2662 0.001421
2663 0.001420
2664 0.001420
2665 0.001419
2666 0.001418
2667 0.001418
2668 0.001417
2669 0.001417
2670 0.001416
2671 0.001416
2672 0.001415
2673 0.001415
2674 0.001414
2675 0.001413
2676 0.001413
2677 0.001412
2678 0.001412
2679 0.001411
2680 0.001411
2681 0.001410
2682 0.001409
2683 0.001409
2684 0.001408
2685 0.001408
2686 0.001407
2687 0.001407
2688 0.001406
2689 0.001406
2690 0.001405
2691 0.001404
2692 0.001404
2693 0.001403
2694 0.001403
2695 0.001402
2696 0.001402
2697 0.001401
2698 0.001401
2699 0.001400
2700 0.001400
2701 0.001399
2702 0.001398
2703 0.001398
2704 0.001397
2705 0.001397
2706 0.001396
2707 0.001396
2708 0.001395
2709 0.001395
2710 0.001394
2711 0.001393
2712 0.001393
2713 0.001392
2714 0.001392
2715 0.001391
2716 0.001391
2717 0.001390
2718 0.001390
2719 0.001389
2720 0.001389
2721 0.001388
2722 0.001387
2723 0.001387
2724 0.001386
2725 0.001386
2726 0.001385
2727 0.001385
2728 0.001384
2729 0.001384
2730 0.001383
2731 0.001383
2732 0.001382
2733 0.001382
2734 0.001381
2735 0.001380
2736 0.001380
2737 0.001379
2738 0.001379
2739 0.001378
2740 0.001378
2741 0.001377
2742 0.001377
2743 0.001376
2744 0.001376
2745 0.001375
2746 0.001375
2747 0.001374
2748 0.001374
2749 0.001373
2750 0.001373
2751 0.001372
2752 0.001371
2753 0.001371
2754 0.001370
2755 0.001370
2756 0.001369
2757 0.001369
2758 0.001368
2759 0.001368
2760 0.001367
2761 0.001367
2762 0.001366
2763 0.001366
2764 0.001365
2765 0.001365
2766 0.001364
2767 0.001364
2768 0.001363
2769 0.001363
2770 0.001362
2771 0.001361
2772 0.001361
2773 0.001360
2774 0.001360
2775 0.001359
2776 0.001359
2777 0.001358
2778 0.001358
2779 0.001357
2780 0.001357
2781 0.001356
2782 0.001356
2783 0.001355
2784 0.001355
2785 0.001354
2786 0.001354
2787 0.001353
2788 0.001353
2789 0.001352
2790 0.001352
2791 0.001351
2792 0.001351
2793 0.001350
2794 0.001350
2795 0.001349
2796 0.001349
2797 0.001348
2798 0.001348
2799 0.001347
2800 0.001347
2801 0.001346
2802 0.001345
2803 0.001345
2804 0.001344
2805 0.001344
2806 0.001343
2807 0.001343
2808 0.001342
2809 0.001342
2810 0.001341
2811 0.001341
2812 0.001340
2813 0.001340
2814 0.001339
2815 0.001339
2816 0.001338
2817 0.001338
2818 0.001337
2819 0.001337
2820 0.001336
2821 0.001336
2822 0.001335
2823 0.001335
2824 0.001334
2825 0.001334
2826 0.001333
2827 0.001333
2828 0.001332
2829 0.001332
2830 0.001331
2831 0.001331
2832 0.001330
2833 0.001330
2834 0.001329
2835 0.001329
2836 0.001328
2837 0.001328
2838 0.001327
2839 0.001327
2840 0.001326
2841 0.001326
2842 0.001325
2843 0.001325
2844 0.001324
2845 0.001324
2846 0.001323
2847 0.001323
2848 0.001322
2849 0.001322
2850 0.001321
2851 0.001321
2852 0.001320
2853 0.001320
2854 0.001319
2855 0.001319
2856 0.001319
2857 0.001318
2858 0.001318
2859 0.001317
2860 0.001317
2861 0.001316
2862 0.001316
2863 0.001315
2864 0.001315
2865 0.001314
2866 0.001314
2867 0.001313
2868 0.001313
2869 0.001312
2870 0.001312
2871 0.001311
2872 0.001311
2873 0.001310
2874 0.001310
2875 0.001309
2876 0.001309
2877 0.001308
2878 0.001308
2879 0.001307
2880 0.001307
2881 0.001306
2882 0.001306
2883 0.001305
2884 0.001305
2885 0.001304
2886 0.001304
2887 0.001303
2888 0.001303
2889 0.001303
2890 0.001302
2891 0.001302
2892 0.001301
2893 0.001301
2894 0.001300
2895 0.001300
2896 0.001299
2897 0.001299
2898 0.001298
2899 0.001298
2900 0.001297
2901 0.001297
2902 0.001296
2903 0.001296
2904 0.001295
2905 0.001295
2906 0.001294
2907 0.001294
2908 0.001294
2909 0.001293
2910 0.001293
2911 0.001292
2912 0.001292
2913 0.001291
2914 0.001291
2915 0.001290
2916 0.001290
2917 0.001289
2918 0.001289
2919 0.001288
2920 0.001288
2921 0.001287
2922 0.001287
2923 0.001286
2924 0.001286
2925 0.001286
2926 0.001285
2927 0.001285
2928 0.001284
2929 0.001284
2930 0.001283
2931 0.001283
2932 0.001282
2933 0.001282
2934 0.001281
2935 0.001281
2936 0.001280
2937 0.001280
2938 0.001279
2939 0.001279
2940 0.001279
2941 0.001278
2942 0.001278
2943 0.001277
2944 0.001277
2945 0.001276
2946 0.001276
2947 0.001275
2948 0.001275
2949 0.001274
2950 0.001274
2951 0.001274
2952 0.001273
2953 0.001273
2954 0.001272
2955 0.001272
2956 0.001271
2957 0.001271
2958 0.001270
2959 0.001270
2960 0.001269
2961 0.001269
2962 0.001269
2963 0.001268
2964 0.001268
2965 0.001267
2966 0.001267
2967 0.001266
2968 0.001266
2969 0.001265
2970 0.001265
2971 0.001264
2972 0.001264
2973 0.001264
2974 0.001263
2975 0.001263
2976 0.001262
2977 0.001262
2978 0.001261
2979 0.001261
2980 0.001260
2981 0.001260
2982 0.001259
2983 0.001259
2984 0.001259
2985 0.001258
2986 0.001258
2987 0.001257
2988 0.001257
2989 0.001256
2990 0.001256
2991 0.001255
2992 0.001255
2993 0.001255
2994 0.001254
2995 0.001254
2996 0.001253
2997 0.001253
2998 0.001252
2999 0.001252
3000 0.001251
3001 0.001251
3002 0.001251
3003 0.001250
3004 0.001250
3005 0.001249
3006 0.001249
3007 0.001248
3008 0.001248
3009 0.001248
3010 0.001247
3011 0.001247
3012 0.001246
3013 0.001246
3014 0.001245
3015 0.001245
3016 0.001244
3017 0.001244
3018 0.001244
3019 0.001243
3020 0.001243
3021 0.001242
3022 0.001242
3023 0.001241
3024 0.001241
3025 0.001241
3026 0.001240
3027 0.001240
3028 0.001239
3029 0.001239
3030 0.001238
3031 0.001238
3032 0.001237
3033 0.001237
3034 0.001237
3035 0.001236
3036 0.001236
3037 0.001235
3038 0.001235
3039 0.001234
3040 0.001234
3041 0.001234
3042 0.001233
3043 0.001233
3044 0.001232
3045 0.001232
3046 0.001231
3047 0.001231
3048 0.001231
3049 0.001230
3050 0.001230
3051 0.001229
3052 0.001229
3053 0.001228
3054 0.001228
3055 0.001228
3056 0.001227
3057 0.001227
3058 0.001226
3059 0.001226
3060 0.001225
3061 0.001225
3062 0.001225
3063 0.001224
3064 0.001224
3065 0.001223
3066 0.001223
3067 0.001223
3068 0.001222
3069 0.001222
3070 0.001221
3071 0.001221
3072 0.001220
3073 0.001220
3074 0.001220
3075 0.001219
3076 0.001219
3077 0.001218
3078 0.001218
3079 0.001217
3080 0.001217
3081 0.001217
3082 0.001216
3083 0.001216
3084 0.001215
3085 0.001215
3086 0.001215
3087 0.001214
3088 0.001214
3089 0.001213
3090 0.001213
3091 0.001212
3092 0.001212
3093 0.001212
3094 0.001211
3095 0.001211
3096 0.001210
3097 0.001210
3098 0.001210
3099 0.001209
3100 0.001209
3101 0.001208
3102 0.001208
3103 0.001207
3104 0.001207
3105 0.001207
3106 0.001206
3107 0.001206
3108 0.001205
3109 0.001205
3110 0.001205
3111 0.001204
3112 0.001204
3113 0.001203
3114 0.001203
3115 0.001203
3116 0.001202
3117 0.001202
3118 0.001201
3119 0.001201
3120 0.001201
3121 0.001200
3122 0.001200
3123 0.001199
3124 0.001199
3125 0.001198
3126 0.001198
3127 0.001198
3128 0.001197
3129 0.001197
3130 0.001196
3131 0.001196
3132 0.001196
3133 0.001195
3134 0.001195
3135 0.001194
3136 0.001194
3137 0.001194
3138 0.001193
3139 0.001193
3140 0.001192
3141 0.001192
3142 0.001192
3143 0.001191
3144 0.001191
3145 0.001190
3146 0.001190
3147 0.001190
3148 0.001189
3149 0.001189
3150 0.001188
3151 0.001188
3152 0.001188
3153 0.001187
3154 0.001187
3155 0.001186
3156 0.001186
3157 0.001186
3158 0.001185
3159 0.001185
3160 0.001184
3161 0.001184
3162 0.001184
3163 0.001183
3164 0.001183
3165 0.001182
3166 0.001182
3167 0.001182
3168 0.001181
3169 0.001181
3170 0.001180
3171 0.001180
3172 0.001180
3173 0.001179
3174 0.001179
3175 0.001178
3176 0.001178
3177 0.001178
3178 0.001177
3179 0.001177
3180 0.001177
3181 0.001176
3182 0.001176
3183 0.001175
3184 0.001175
3185 0.001175
3186 0.001174
3187 0.001174
3188 0.001173
3189 0.001173
3190 0.001173
3191 0.001172
3192 0.001172
3193 0.001171
3194 0.001171
3195 0.001171
3196 0.001170
3197 0.001170
3198 0.001170
3199 0.001169
3200 0.001169
3201 0.001168
3202 0.001168
3203 0.001168
3204 0.001167
3205 0.001167
3206 0.001166
3207 0.001166
3208 0.001166
3209 0.001165
3210 0.001165
3211 0.001164
3212 0.001164
3213 0.001164
3214 0.001163
3215 0.001163
3216 0.001163
3217 0.001162
3218 0.001162
3219 0.001161
3220 0.001161
3221 0.001161
3222 0.001160
3223 0.001160
3224 0.001160
3225 0.001159
3226 0.001159
3227 0.001158
3228 0.001158
3229 0.001158
3230 0.001157
3231 0.001157
3232 0.001156
3233 0.001156
3234 0.001156
3235 0.001155
3236 0.001155
3237 0.001155
3238 0.001154
3239 0.001154
3240 0.001153
3241 0.001153
3242 0.001153
3243 0.001152
3244 0.001152
3245 0.001152
3246 0.001151
3247 0.001151
3248 0.001150
3249 0.001150
3250 0.001150
3251 0.001149
3252 0.001149
3253 0.001149
3254 0.001148
3255 0.001148
3256 0.001147
3257 0.001147
3258 0.001147
3259 0.001146
3260 0.001146
3261 0.001146
3262 0.001145
3263 0.001145
3264 0.001144
3265 0.001144
3266 0.001144
3267 0.001143
3268 0.001143
3269 0.001143
3270 0.001142
3271 0.001142
3272 0.001142
3273 0.001141
3274 0.001141
3275 0.001140
3276 0.001140
3277 0.001140
3278 0.001139
3279 0.001139
3280 0.001139
3281 0.001138
3282 0.001138
3283 0.001137
3284 0.001137
3285 0.001137
3286 0.001136
3287 0.001136
3288 0.001136
3289 0.001135
3290 0.001135
3291 0.001135
3292 0.001134
3293 0.001134
3294 0.001133
3295 0.001133
3296 0.001133
3297 0.001132
3298 0.001132
3299 0.001132
3300 0.001131
3301 0.001131
3302 0.001131
3303 0.001130
3304 0.001130
3305 0.001129
3306 0.001129
3307 0.001129
3308 0.001128
3309 0.001128
3310 0.001128
3311 0.001127
3312 0.001127
3313 0.001127
3314 0.001126
3315 0.001126
3316 0.001125
3317 0.001125
3318 0.001125
3319 0.001124
3320 0.001124
3321 0.001124
3322 0.001123
3323 0.001123
3324 0.001123
3325 0.001122
3326 0.001122
3327 0.001122
3328 0.001121
3329 0.001121
3330 0.001120
3331 0.001120
3332 0.001120
3333 0.001119
3334 0.001119
3335 0.001119
3336 0.001118
3337 0.001118
3338 0.001118
3339 0.001117
3340 0.001117
3341 0.001117
3342 0.001116
3343 0.001116
3344 0.001115
3345 0.001115
3346 0.001115
3347 0.001114
3348 0.001114
3349 0.001114
3350 0.001113
3351 0.001113
3352 0.001113
3353 0.001112
3354 0.001112
3355 0.001112
3356 0.001111
3357 0.001111
3358 0.001111
3359 0.001110
3360 0.001110
3361 0.001110
3362 0.001109
3363 0.001109
3364 0.001108
3365 0.001108
3366 0.001108
3367 0.001107
3368 0.001107
3369 0.001107
3370 0.001106
3371 0.001106
3372 0.001106
3373 0.001105
3374 0.001105
3375 0.001105
3376 0.001104
3377 0.001104
3378 0.001104
3379 0.001103
3380 0.001103
3381 0.001103
3382 0.001102
3383 0.001102
3384 0.001102
3385 0.001101
3386 0.001101
3387 0.001101
3388 0.001100
3389 0.001100
3390 0.001099
3391 0.001099
3392 0.001099
3393 0.001098
3394 0.001098
3395 0.001098
3396 0.001097
3397 0.001097
3398 0.001097
3399 0.001096
3400 0.001096
3401 0.001096
3402 0.001095
3403 0.001095
3404 0.001095
3405 0.001094
3406 0.001094
3407 0.001094
3408 0.001093
3409 0.001093
3410 0.001093
3411 0.001092
3412 0.001092
3413 0.001092
3414 0.001091
3415 0.001091
3416 0.001091
3417 0.001090
3418 0.001090
3419 0.001090
3420 0.001089
3421 0.001089
3422 0.001089
3423 0.001088
3424 0.001088
3425 0.001088
3426 0.001087
3427 0.001087
3428 0.001087
3429 0.001086
3430 0.001086
3431 0.001086
3432 0.001085
3433 0.001085
3434 0.001085
3435 0.001084
3436 0.001084
3437 0.001084
3438 0.001083
3439 0.001083
3440 0.001083
3441 0.001082
3442 0.001082
3443 0.001082
3444 0.001081
3445 0.001081
3446 0.001081
3447 0.001080
3448 0.001080
3449 0.001080
3450 0.001079
3451 0.001079
3452 0.001079
3453 0.001078
3454 0.001078
3455 0.001078
3456 0.001077
3457 0.001077
3458 0.001077
3459 0.001076
3460 0.001076
3461 0.001076
3462 0.001075
3463 0.001075
3464 0.001075
3465 0.001074
3466 0.001074
3467 0.001074
3468 0.001073
3469 0.001073
3470 0.001073
3471 0.001072
3472 0.001072
3473 0.001072
3474 0.001071
3475 0.001071
3476 0.001071
3477 0.001070
3478 0.001070
3479 0.001070
3480 0.001069
3481 0.001069
3482 0.001069
3483 0.001068
3484 0.001068
3485 0.001068
3486 0.001067
3487 0.001067
3488 0.001067
3489 0.001066
3490 0.001066
3491 0.001066
3492 0.001066
3493 0.001065
3494 0.001065
3495 0.001065
3496 0.001064
3497 0.001064
3498 0.001064
3499 0.001063
3500 0.001063
3501 0.001063
3502 0.001062
3503 0.001062
3504 0.001062
3505 0.001061
3506 0.001061
3507 0.001061
3508 0.001060
3509 0.001060
3510 0.001060
3511 0.001059
3512 0.001059
3513 0.001059
3514 0.001058
3515 0.001058
3516 0.001058
3517 0.001057
3518 0.001057
3519 0.001057
3520 0.001057
3521 0.001056
3522 0.001056
3523 0.001056
3524 0.001055
3525 0.001055
3526 0.001055
3527 0.001054
3528 0.001054
3529 0.001054
3530 0.001053
3531 0.001053
3532 0.001053
3533 0.001052
3534 0.001052
3535 0.001052
3536 0.001051
3537 0.001051
3538 0.001051
3539 0.001051
3540 0.001050
3541 0.001050
3542 0.001050
3543 0.001049
3544 0.001049
3545 0.001049
3546 0.001048
3547 0.001048
3548 0.001048
3549 0.001047
3550 0.001047
3551 0.001047
3552 0.001046
3553 0.001046
3554 0.001046
3555 0.001046
3556 0.001045
3557 0.001045
3558 0.001045
3559 0.001044
3560 0.001044
3561 0.001044
3562 0.001043
3563 0.001043
3564 0.001043
3565 0.001042
3566 0.001042
3567 0.001042
3568 0.001042
3569 0.001041
3570 0.001041
3571 0.001041
3572 0.001040
3573 0.001040
3574 0.001040
3575 0.001039
3576 0.001039
3577 0.001039
3578 0.001038
3579 0.001038
3580 0.001038
3581 0.001038
3582 0.001037
3583 0.001037
3584 0.001037
3585 0.001036
3586 0.001036
3587 0.001036
3588 0.001035
3589 0.001035
3590 0.001035
3591 0.001034
3592 0.001034
3593 0.001034
3594 0.001034
3595 0.001033
3596 0.001033
3597 0.001033
3598 0.001032
3599 0.001032
3600 0.001032
3601 0.001031
3602 0.001031
3603 0.001031
3604 0.001031
3605 0.001030
3606 0.001030
3607 0.001030
3608 0.001029
3609 0.001029
3610 0.001029
3611 0.001028
3612 0.001028
3613 0.001028
3614 0.001027
3615 0.001027
3616 0.001027
3617 0.001027
3618 0.001026
3619 0.001026
3620 0.001026
3621 0.001025
3622 0.001025
3623 0.001025
3624 0.001024
3625 0.001024
3626 0.001024
3627 0.001024
3628 0.001023
3629 0.001023
3630 0.001023
3631 0.001022
3632 0.001022
3633 0.001022
3634 0.001022
3635 0.001021
3636 0.001021
3637 0.001021
3638 0.001020
3639 0.001020
3640 0.001020
3641 0.001019
3642 0.001019
3643 0.001019
3644 0.001019
3645 0.001018
3646 0.001018
3647 0.001018
3648 0.001017
3649 0.001017
3650 0.001017
3651 0.001016
3652 0.001016
3653 0.001016
3654 0.001016
3655 0.001015
3656 0.001015
3657 0.001015
3658 0.001014
3659 0.001014
3660 0.001014
3661 0.001014
3662 0.001013
3663 0.001013
3664 0.001013
3665 0.001012
3666 0.001012
3667 0.001012
3668 0.001011
3669 0.001011
3670 0.001011
3671 0.001011
3672 0.001010
3673 0.001010
3674 0.001010
3675 0.001009
3676 0.001009
3677 0.001009
3678 0.001009
3679 0.001008
3680 0.001008
3681 0.001008
3682 0.001007
3683 0.001007
3684 0.001007
3685 0.001007
3686 0.001006
3687 0.001006
3688 0.001006
3689 0.001005
3690 0.001005
3691 0.001005
3692 0.001005
3693 0.001004
3694 0.001004
3695 0.001004
3696 0.001003
3697 0.001003
3698 0.001003
3699 0.001003
3700 0.001002
3701 0.001002
3702 0.001002
3703 0.001001
3704 0.001001
3705 0.001001
3706 0.001001
3707 0.001000
3708 0.001000
3709 0.001000
3710 0.000999
3711 0.000999
3712 0.000999
3713 0.000999
3714 0.000998
3715 0.000998
3716 0.000998
3717 0.000997
3718 0.000997
3719 0.000997
3720 0.000997
3721 0.000996
3722 0.000996
3723 0.000996
3724 0.000995
3725 0.000995
3726 0.000995
3727 0.000995
3728 0.000994
3729 0.000994
3730 0.000994
3731 0.000993
3732 0.000993
3733 0.000993
3734 0.000993
3735 0.000992
3736 0.000992
3737 0.000992
3738 0.000991
3739 0.000991
3740 0.000991
3741 0.000991
3742 0.000990
3743 0.000990
3744 0.000990
3745 0.000990
3746 0.000989
3747 0.000989
3748 0.000989
3749 0.000988
3750 0.000988
3751 0.000988
3752 0.000988
3753 0.000987
3754 0.000987
3755 0.000987
3756 0.000986
3757 0.000986
3758 0.000986
3759 0.000986
3760 0.000985
3761 0.000985
3762 0.000985
3763 0.000985
3764 0.000984
3765 0.000984
3766 0.000984
3767 0.000983
3768 0.000983
3769 0.000983
3770 0.000983
3771 0.000982
3772 0.000982
3773 0.000982
3774 0.000981
3775 0.000981
3776 0.000981
3777 0.000981
3778 0.000980
3779 0.000980
3780 0.000980
3781 0.000980
3782 0.000979
3783 0.000979
3784 0.000979
3785 0.000978
3786 0.000978
3787 0.000978
3788 0.000978
3789 0.000977
3790 0.000977
3791 0.000977
3792 0.000977
3793 0.000976
3794 0.000976
3795 0.000976
3796 0.000975
3797 0.000975
3798 0.000975
3799 0.000975
3800 0.000974
3801 0.000974
3802 0.000974
3803 0.000974
3804 0.000973
3805 0.000973
3806 0.000973
3807 0.000972
3808 0.000972
3809 0.000972
3810 0.000972
3811 0.000971
3812 0.000971
3813 0.000971
3814 0.000971
3815 0.000970
3816 0.000970
3817 0.000970
3818 0.000970
3819 0.000969
3820 0.000969
3821 0.000969
3822 0.000968
3823 0.000968
3824 0.000968
3825 0.000968
3826 0.000967
3827 0.000967
3828 0.000967
3829 0.000967
3830 0.000966
3831 0.000966
3832 0.000966
3833 0.000966
3834 0.000965
3835 0.000965
3836 0.000965
3837 0.000964
3838 0.000964
3839 0.000964
3840 0.000964
3841 0.000963
3842 0.000963
3843 0.000963
3844 0.000963
3845 0.000962
3846 0.000962
3847 0.000962
3848 0.000962
3849 0.000961
3850 0.000961
3851 0.000961
3852 0.000960
3853 0.000960
3854 0.000960
3855 0.000960
3856 0.000959
3857 0.000959
3858 0.000959
3859 0.000959
3860 0.000958
3861 0.000958
3862 0.000958
3863 0.000958
3864 0.000957
3865 0.000957
3866 0.000957
3867 0.000957
3868 0.000956
3869 0.000956
3870 0.000956
3871 0.000955
3872 0.000955
3873 0.000955
3874 0.000955
3875 0.000954
3876 0.000954
3877 0.000954
3878 0.000954
3879 0.000953
3880 0.000953
3881 0.000953
3882 0.000953
3883 0.000952
3884 0.000952
3885 0.000952
3886 0.000952
3887 0.000951
3888 0.000951
3889 0.000951
3890 0.000951
3891 0.000950
3892 0.000950
3893 0.000950
3894 0.000950
3895 0.000949
3896 0.000949
3897 0.000949
3898 0.000949
3899 0.000948
3900 0.000948
3901 0.000948
3902 0.000947
3903 0.000947
3904 0.000947
3905 0.000947
3906 0.000946
3907 0.000946
3908 0.000946
3909 0.000946
3910 0.000945
3911 0.000945
3912 0.000945
3913 0.000945
3914 0.000944
3915 0.000944
3916 0.000944
3917 0.000944
3918 0.000943
3919 0.000943
3920 0.000943
3921 0.000943
3922 0.000942
3923 0.000942
3924 0.000942
3925 0.000942
3926 0.000941
3927 0.000941
3928 0.000941
3929 0.000941
3930 0.000940
3931 0.000940
3932 0.000940
3933 0.000940
3934 0.000939
3935 0.000939
3936 0.000939
3937 0.000939
3938 0.000938
3939 0.000938
3940 0.000938
3941 0.000938
3942 0.000937
3943 0.000937
3944 0.000937
3945 0.000937
3946 0.000936
3947 0.000936
3948 0.000936
3949 0.000936
3950 0.000935
3951 0.000935
3952 0.000935
3953 0.000935
3954 0.000934
3955 0.000934
3956 0.000934
3957 0.000934
3958 0.000933
3959 0.000933
3960 0.000933
3961 0.000933
3962 0.000932
3963 0.000932
3964 0.000932
3965 0.000932
3966 0.000931
3967 0.000931
3968 0.000931
3969 0.000931
3970 0.000930
3971 0.000930
3972 0.000930
3973 0.000930
3974 0.000929
3975 0.000929
3976 0.000929
3977 0.000929
3978 0.000928
3979 0.000928
3980 0.000928
3981 0.000928
3982 0.000927
3983 0.000927
3984 0.000927
3985 0.000927
3986 0.000926
3987 0.000926
3988 0.000926
3989 0.000926
3990 0.000925
3991 0.000925
3992 0.000925
3993 0.000925
3994 0.000924
3995 0.000924
3996 0.000924
3997 0.000924
3998 0.000923
3999 0.000923
4000 0.000923
4001 0.000923
4002 0.000922
4003 0.000922
4004 0.000922
4005 0.000922
4006 0.000922
4007 0.000921
4008 0.000921
4009 0.000921
4010 0.000921
4011 0.000920
4012 0.000920
4013 0.000920
4014 0.000920
4015 0.000919
4016 0.000919
4017 0.000919
4018 0.000919
4019 0.000918
4020 0.000918
4021 0.000918
4022 0.000918
4023 0.000917
4024 0.000917
4025 0.000917
4026 0.000917
4027 0.000916
4028 0.000916
4029 0.000916
4030 0.000916
4031 0.000915
4032 0.000915
4033 0.000915
4034 0.000915
4035 0.000915
4036 0.000914
4037 0.000914
4038 0.000914
4039 0.000914
4040 0.000913
4041 0.000913
4042 0.000913
4043 0.000913
4044 0.000912
4045 0.000912
4046 0.000912
4047 0.000912
4048 0.000911
4049 0.000911
4050 0.000911
4051 0.000911
4052 0.000910
4053 0.000910
4054 0.000910
4055 0.000910
4056 0.000910
4057 0.000909
4058 0.000909
4059 0.000909
4060 0.000909
4061 0.000908
4062 0.000908
4063 0.000908
4064 0.000908
4065 0.000907
4066 0.000907
4067 0.000907
4068 0.000907
4069 0.000906
4070 0.000906
4071 0.000906
4072 0.000906
4073 0.000905
4074 0.000905
4075 0.000905
4076 0.000905
4077 0.000905
4078 0.000904
4079 0.000904
4080 0.000904
4081 0.000904
4082 0.000903
4083 0.000903
4084 0.000903
4085 0.000903
4086 0.000902
4087 0.000902
4088 0.000902
4089 0.000902
4090 0.000902
4091 0.000901
4092 0.000901
4093 0.000901
4094 0.000901
4095 0.000900
4096 0.000900
4097 0.000900
4098 0.000900
4099 0.000899
4100 0.000899
4101 0.000899
4102 0.000899
4103 0.000899
4104 0.000898
4105 0.000898
4106 0.000898
4107 0.000898
4108 0.000897
4109 0.000897
4110 0.000897
4111 0.000897
4112 0.000896
4113 0.000896
4114 0.000896
4115 0.000896
4116 0.000896
4117 0.000895
4118 0.000895
4119 0.000895
4120 0.000895
4121 0.000894
4122 0.000894
4123 0.000894
4124 0.000894
4125 0.000893
4126 0.000893
4127 0.000893
4128 0.000893
4129 0.000893
4130 0.000892
4131 0.000892
4132 0.000892
4133 0.000892
4134 0.000891
4135 0.000891
4136 0.000891
4137 0.000891
4138 0.000890
4139 0.000890
4140 0.000890
4141 0.000890
4142 0.000890
4143 0.000889
4144 0.000889
4145 0.000889
4146 0.000889
4147 0.000888
4148 0.000888
4149 0.000888
4150 0.000888
4151 0.000888
4152 0.000887
4153 0.000887
4154 0.000887
4155 0.000887
4156 0.000886
4157 0.000886
4158 0.000886
4159 0.000886
4160 0.000886
4161 0.000885
4162 0.000885
4163 0.000885
4164 0.000885
4165 0.000884
4166 0.000884
4167 0.000884
4168 0.000884
4169 0.000883
4170 0.000883
4171 0.000883
4172 0.000883
4173 0.000883
4174 0.000882
4175 0.000882
4176 0.000882
4177 0.000882
4178 0.000881
4179 0.000881
4180 0.000881
4181 0.000881
4182 0.000881
4183 0.000880
4184 0.000880
4185 0.000880
4186 0.000880
4187 0.000879
4188 0.000879
4189 0.000879
4190 0.000879
4191 0.000879
4192 0.000878
4193 0.000878
4194 0.000878
4195 0.000878
4196 0.000877
4197 0.000877
4198 0.000877
4199 0.000877
4200 0.000877
4201 0.000876
4202 0.000876
4203 0.000876
4204 0.000876
4205 0.000876
4206 0.000875
4207 0.000875
4208 0.000875
4209 0.000875
4210 0.000874
4211 0.000874
4212 0.000874
4213 0.000874
4214 0.000874
4215 0.000873
4216 0.000873
4217 0.000873
4218 0.000873
4219 0.000872
4220 0.000872
4221 0.000872
4222 0.000872
4223 0.000872
4224 0.000871
4225 0.000871
4226 0.000871
4227 0.000871
4228 0.000870
4229 0.000870
4230 0.000870
4231 0.000870
4232 0.000870
4233 0.000869
4234 0.000869
4235 0.000869
4236 0.000869
4237 0.000869
4238 0.000868
4239 0.000868
4240 0.000868
4241 0.000868
4242 0.000867
4243 0.000867
4244 0.000867
4245 0.000867
4246 0.000867
4247 0.000866
4248 0.000866
4249 0.000866
4250 0.000866
4251 0.000866
4252 0.000865
4253 0.000865
4254 0.000865
4255 0.000865
4256 0.000864
4257 0.000864
4258 0.000864
4259 0.000864
4260 0.000864
4261 0.000863
4262 0.000863
4263 0.000863
4264 0.000863
4265 0.000863
4266 0.000862
4267 0.000862
4268 0.000862
4269 0.000862
4270 0.000861
4271 0.000861
4272 0.000861
4273 0.000861
4274 0.000861
4275 0.000860
4276 0.000860
4277 0.000860
4278 0.000860
4279 0.000860
4280 0.000859
4281 0.000859
4282 0.000859
4283 0.000859
4284 0.000858
4285 0.000858
4286 0.000858
4287 0.000858
4288 0.000858
4289 0.000857
4290 0.000857
4291 0.000857
4292 0.000857
4293 0.000857
4294 0.000856
4295 0.000856
4296 0.000856
4297 0.000856
4298 0.000856
4299 0.000855
4300 0.000855
4301 0.000855
4302 0.000855
4303 0.000854
4304 0.000854
4305 0.000854
4306 0.000854
4307 0.000854
4308 0.000853
4309 0.000853
4310 0.000853
4311 0.000853
4312 0.000853
4313 0.000852
4314 0.000852
4315 0.000852
4316 0.000852
4317 0.000852
4318 0.000851
4319 0.000851
4320 0.000851
4321 0.000851
4322 0.000850
4323 0.000850
4324 0.000850
4325 0.000850
4326 0.000850
4327 0.000849
4328 0.000849
4329 0.000849
4330 0.000849
4331 0.000849
4332 0.000848
4333 0.000848
4334 0.000848
4335 0.000848
4336 0.000848
4337 0.000847
4338 0.000847
4339 0.000847
4340 0.000847
4341 0.000847
4342 0.000846
4343 0.000846
4344 0.000846
4345 0.000846
4346 0.000846
4347 0.000845
4348 0.000845
4349 0.000845
4350 0.000845
4351 0.000845
4352 0.000844
4353 0.000844
4354 0.000844
4355 0.000844
4356 0.000843
4357 0.000843
4358 0.000843
4359 0.000843
4360 0.000843
4361 0.000842
4362 0.000842
4363 0.000842
4364 0.000842
4365 0.000842
4366 0.000841
4367 0.000841
4368 0.000841
4369 0.000841
4370 0.000841
4371 0.000840
4372 0.000840
4373 0.000840
4374 0.000840
4375 0.000840
4376 0.000839
4377 0.000839
4378 0.000839
4379 0.000839
4380 0.000839
4381 0.000838
4382 0.000838
4383 0.000838
4384 0.000838
4385 0.000838
4386 0.000837
4387 0.000837
4388 0.000837
4389 0.000837
4390 0.000837
4391 0.000836
4392 0.000836
4393 0.000836
4394 0.000836
4395 0.000836
4396 0.000835
4397 0.000835
4398 0.000835
4399 0.000835
4400 0.000835
4401 0.000834
4402 0.000834
4403 0.000834
4404 0.000834
4405 0.000834
4406 0.000833
4407 0.000833
4408 0.000833
4409 0.000833
4410 0.000833
4411 0.000832
4412 0.000832
4413 0.000832
4414 0.000832
4415 0.000832
4416 0.000831
4417 0.000831
4418 0.000831
4419 0.000831
4420 0.000831
4421 0.000830
4422 0.000830
4423 0.000830
4424 0.000830
4425 0.000830
4426 0.000829
4427 0.000829
4428 0.000829
4429 0.000829
4430 0.000829
4431 0.000828
4432 0.000828
4433 0.000828
4434 0.000828
4435 0.000828
4436 0.000827
4437 0.000827
4438 0.000827
4439 0.000827
4440 0.000827
4441 0.000826
4442 0.000826
4443 0.000826
4444 0.000826
4445 0.000826
4446 0.000825
4447 0.000825
4448 0.000825
4449 0.000825
4450 0.000825
4451 0.000825
4452 0.000824
4453 0.000824
4454 0.000824
4455 0.000824
4456 0.000824
4457 0.000823
4458 0.000823
4459 0.000823
4460 0.000823
4461 0.000823
4462 0.000822
4463 0.000822
4464 0.000822
4465 0.000822
4466 0.000822
4467 0.000821
4468 0.000821
4469 0.000821
4470 0.000821
4471 0.000821
4472 0.000820
4473 0.000820
4474 0.000820
4475 0.000820
4476 0.000820
4477 0.000819
4478 0.000819
4479 0.000819
4480 0.000819
4481 0.000819
4482 0.000818
4483 0.000818
4484 0.000818
4485 0.000818
4486 0.000818
4487 0.000818
4488 0.000817
4489 0.000817
4490 0.000817
4491 0.000817
4492 0.000817
4493 0.000816
4494 0.000816
4495 0.000816
4496 0.000816
4497 0.000816
4498 0.000815
4499 0.000815
4500 0.000815
4501 0.000815
4502 0.000815
4503 0.000814
4504 0.000814
4505 0.000814
4506 0.000814
4507 0.000814
4508 0.000814
4509 0.000813
4510 0.000813
4511 0.000813
4512 0.000813
4513 0.000813
4514 0.000812
4515 0.000812
4516 0.000812
4517 0.000812
4518 0.000812
4519 0.000811
4520 0.000811
4521 0.000811
4522 0.000811
4523 0.000811
4524 0.000810
4525 0.000810
4526 0.000810
4527 0.000810
4528 0.000810
4529 0.000810
4530 0.000809
4531 0.000809
4532 0.000809
4533 0.000809
4534 0.000809
4535 0.000808
4536 0.000808
4537 0.000808
4538 0.000808
4539 0.000808
4540 0.000807
4541 0.000807
4542 0.000807
4543 0.000807
4544 0.000807
4545 0.000807
4546 0.000806
4547 0.000806
4548 0.000806
4549 0.000806
4550 0.000806
4551 0.000805
4552 0.000805
4553 0.000805
4554 0.000805
4555 0.000805
4556 0.000804
4557 0.000804
4558 0.000804
4559 0.000804
4560 0.000804
4561 0.000804
4562 0.000803
4563 0.000803
4564 0.000803
4565 0.000803
4566 0.000803
4567 0.000802
4568 0.000802
4569 0.000802
4570 0.000802
4571 0.000802
4572 0.000801
4573 0.000801
4574 0.000801
4575 0.000801
4576 0.000801
4577 0.000801
4578 0.000800
4579 0.000800
4580 0.000800
4581 0.000800
4582 0.000800
4583 0.000799
4584 0.000799
4585 0.000799
4586 0.000799
4587 0.000799
4588 0.000799
4589 0.000798
4590 0.000798
4591 0.000798
4592 0.000798
4593 0.000798
4594 0.000797
4595 0.000797
4596 0.000797
4597 0.000797
4598 0.000797
4599 0.000797
4600 0.000796
4601 0.000796
4602 0.000796
4603 0.000796
4604 0.000796
4605 0.000795
4606 0.000795
4607 0.000795
4608 0.000795
4609 0.000795
4610 0.000795
4611 0.000794
4612 0.000794
4613 0.000794
4614 0.000794
4615 0.000794
4616 0.000793
4617 0.000793
4618 0.000793
4619 0.000793
4620 0.000793
4621 0.000793
4622 0.000792
4623 0.000792
4624 0.000792
4625 0.000792
4626 0.000792
4627 0.000791
4628 0.000791
4629 0.000791
4630 0.000791
4631 0.000791
4632 0.000791
4633 0.000790
4634 0.000790
4635 0.000790
4636 0.000790
4637 0.000790
4638 0.000789
4639 0.000789
4640 0.000789
4641 0.000789
4642 0.000789
4643 0.000789
4644 0.000788
4645 0.000788
4646 0.000788
4647 0.000788
4648 0.000788
4649 0.000788
4650 0.000787
4651 0.000787
4652 0.000787
4653 0.000787
4654 0.000787
4655 0.000786
4656 0.000786
4657 0.000786
4658 0.000786
4659 0.000786
4660 0.000786
4661 0.000785
4662 0.000785
4663 0.000785
4664 0.000785
4665 0.000785
4666 0.000784
4667 0.000784
4668 0.000784
4669 0.000784
4670 0.000784
4671 0.000784
4672 0.000783
4673 0.000783
4674 0.000783
4675 0.000783
4676 0.000783
4677 0.000783
4678 0.000782
4679 0.000782
4680 0.000782
4681 0.000782
4682 0.000782
4683 0.000781
4684 0.000781
4685 0.000781
4686 0.000781
4687 0.000781
4688 0.000781
4689 0.000780
4690 0.000780
4691 0.000780
4692 0.000780
4693 0.000780
4694 0.000780
4695 0.000779
4696 0.000779
4697 0.000779
4698 0.000779
4699 0.000779
4700 0.000778
4701 0.000778
4702 0.000778
4703 0.000778
4704 0.000778
4705 0.000778
4706 0.000777
4707 0.000777
4708 0.000777
4709 0.000777
4710 0.000777
4711 0.000777
4712 0.000776
4713 0.000776
4714 0.000776
4715 0.000776
4716 0.000776
4717 0.000776
4718 0.000775
4719 0.000775
4720 0.000775
4721 0.000775
4722 0.000775
4723 0.000774
4724 0.000774
4725 0.000774
4726 0.000774
4727 0.000774
4728 0.000774
4729 0.000773
4730 0.000773
4731 0.000773
4732 0.000773
4733 0.000773
4734 0.000773
4735 0.000772
4736 0.000772
4737 0.000772
4738 0.000772
4739 0.000772
4740 0.000772
4741 0.000771
4742 0.000771
4743 0.000771
4744 0.000771
4745 0.000771
4746 0.000771
4747 0.000770
4748 0.000770
4749 0.000770
4750 0.000770
4751 0.000770
4752 0.000770
4753 0.000769
4754 0.000769
4755 0.000769
4756 0.000769
4757 0.000769
4758 0.000768
4759 0.000768
4760 0.000768
4761 0.000768
4762 0.000768
4763 0.000768
4764 0.000767
4765 0.000767
4766 0.000767
4767 0.000767
4768 0.000767
4769 0.000767
4770 0.000766
4771 0.000766
4772 0.000766
4773 0.000766
4774 0.000766
4775 0.000766
4776 0.000765
4777 0.000765
4778 0.000765
4779 0.000765
4780 0.000765
4781 0.000765
4782 0.000764
4783 0.000764
4784 0.000764
4785 0.000764
4786 0.000764
4787 0.000764
4788 0.000763
4789 0.000763
4790 0.000763
4791 0.000763
4792 0.000763
4793 0.000763
4794 0.000762
4795 0.000762
4796 0.000762
4797 0.000762
4798 0.000762
4799 0.000762
4800 0.000761
4801 0.000761
4802 0.000761
4803 0.000761
4804 0.000761
4805 0.000761
4806 0.000760
4807 0.000760
4808 0.000760
4809 0.000760
4810 0.000760
4811 0.000760
4812 0.000759
4813 0.000759
4814 0.000759
4815 0.000759
4816 0.000759
4817 0.000759
4818 0.000758
4819 0.000758
4820 0.000758
4821 0.000758
4822 0.000758
4823 0.000758
4824 0.000757
4825 0.000757
4826 0.000757
4827 0.000757
4828 0.000757
4829 0.000757
4830 0.000756
4831 0.000756
4832 0.000756
4833 0.000756
4834 0.000756
4835 0.000756
4836 0.000755
4837 0.000755
4838 0.000755
4839 0.000755
4840 0.000755
4841 0.000755
4842 0.000754
4843 0.000754
4844 0.000754
4845 0.000754
4846 0.000754
4847 0.000754
4848 0.000753
4849 0.000753
4850 0.000753
4851 0.000753
4852 0.000753
4853 0.000753
4854 0.000752
4855 0.000752
4856 0.000752
4857 0.000752
4858 0.000752
4859 0.000752
4860 0.000751
4861 0.000751
4862 0.000751
4863 0.000751
4864 0.000751
4865 0.000751
4866 0.000751
4867 0.000750
4868 0.000750
4869 0.000750
4870 0.000750
4871 0.000750
4872 0.000750
4873 0.000749
4874 0.000749
4875 0.000749
4876 0.000749
4877 0.000749
4878 0.000749
4879 0.000748
4880 0.000748
4881 0.000748
4882 0.000748
4883 0.000748
4884 0.000748
4885 0.000747
4886 0.000747
4887 0.000747
4888 0.000747
4889 0.000747
4890 0.000747
4891 0.000746
4892 0.000746
4893 0.000746
4894 0.000746
4895 0.000746
4896 0.000746
4897 0.000746
4898 0.000745
4899 0.000745
4900 0.000745
4901 0.000745
4902 0.000745
4903 0.000745
4904 0.000744
4905 0.000744
4906 0.000744
4907 0.000744
4908 0.000744
4909 0.000744
4910 0.000743
4911 0.000743
4912 0.000743
4913 0.000743
4914 0.000743
4915 0.000743
4916 0.000742
4917 0.000742
4918 0.000742
4919 0.000742
4920 0.000742
4921 0.000742
4922 0.000742
4923 0.000741
4924 0.000741
4925 0.000741
4926 0.000741
4927 0.000741
4928 0.000741
4929 0.000740
4930 0.000740
4931 0.000740
4932 0.000740
4933 0.000740
4934 0.000740
4935 0.000739
4936 0.000739
4937 0.000739
4938 0.000739
4939 0.000739
4940 0.000739
4941 0.000739
4942 0.000738
4943 0.000738
4944 0.000738
4945 0.000738
4946 0.000738
4947 0.000738
4948 0.000737
4949 0.000737
4950 0.000737
4951 0.000737
4952 0.000737
4953 0.000737
4954 0.000736
4955 0.000736
4956 0.000736
4957 0.000736
4958 0.000736
4959 0.000736
4960 0.000736
4961 0.000735
4962 0.000735
4963 0.000735
4964 0.000735
4965 0.000735
4966 0.000735
4967 0.000734
4968 0.000734
4969 0.000734
4970 0.000734
4971 0.000734
4972 0.000734
4973 0.000734
4974 0.000733
4975 0.000733
4976 0.000733
4977 0.000733
4978 0.000733
4979 0.000733
4980 0.000732
4981 0.000732
4982 0.000732
4983 0.000732
4984 0.000732
4985 0.000732
4986 0.000731
4987 0.000731
4988 0.000731
4989 0.000731
4990 0.000731
4991 0.000731
4992 0.000731
4993 0.000730
4994 0.000730
4995 0.000730
4996 0.000730
4997 0.000730
4998 0.000730
4999 0.000729
5000 0.000729
5001 0.000729
5002 0.000729
5003 0.000729
5004 0.000729
5005 0.000729
5006 0.000728
5007 0.000728
5008 0.000728
5009 0.000728
5010 0.000728
5011 0.000728
5012 0.000727
5013 0.000727
5014 0.000727
5015 0.000727
5016 0.000727
5017 0.000727
5018 0.000727
5019 0.000726
5020 0.000726
5021 0.000726
5022 0.000726
5023 0.000726
5024 0.000726
5025 0.000726
5026 0.000725
5027 0.000725
5028 0.000725
5029 0.000725
5030 0.000725
5031 0.000725
5032 0.000724
5033 0.000724
5034 0.000724
5035 0.000724
5036 0.000724
5037 0.000724
5038 0.000724
5039 0.000723
5040 0.000723
5041 0.000723
5042 0.000723
5043 0.000723
5044 0.000723
5045 0.000722
5046 0.000722
5047 0.000722
5048 0.000722
5049 0.000722
5050 0.000722
5051 0.000722
5052 0.000721
5053 0.000721
5054 0.000721
5055 0.000721
5056 0.000721
5057 0.000721
5058 0.000721
5059 0.000720
5060 0.000720
5061 0.000720
5062 0.000720
5063 0.000720
5064 0.000720
5065 0.000719
5066 0.000719
5067 0.000719
5068 0.000719
5069 0.000719
5070 0.000719
5071 0.000719
5072 0.000718
5073 0.000718
5074 0.000718
5075 0.000718
5076 0.000718
5077 0.000718
5078 0.000718
5079 0.000717
5080 0.000717
5081 0.000717
5082 0.000717
5083 0.000717
5084 0.000717
5085 0.000716
5086 0.000716
5087 0.000716
5088 0.000716
5089 0.000716
5090 0.000716
5091 0.000716
5092 0.000715
5093 0.000715
5094 0.000715
5095 0.000715
5096 0.000715
5097 0.000715
5098 0.000715
5099 0.000714
5100 0.000714
5101 0.000714
5102 0.000714
5103 0.000714
5104 0.000714
5105 0.000714
5106 0.000713
5107 0.000713
5108 0.000713
5109 0.000713
5110 0.000713
5111 0.000713
5112 0.000713
5113 0.000712
5114 0.000712
5115 0.000712
5116 0.000712
5117 0.000712
5118 0.000712
5119 0.000711
5120 0.000711
5121 0.000711
5122 0.000711
5123 0.000711
5124 0.000711
5125 0.000711
5126 0.000710
5127 0.000710
5128 0.000710
5129 0.000710
5130 0.000710
5131 0.000710
5132 0.000710
5133 0.000709
5134 0.000709
5135 0.000709
5136 0.000709
5137 0.000709
5138 0.000709
5139 0.000709
5140 0.000708
5141 0.000708
5142 0.000708
5143 0.000708
5144 0.000708
5145 0.000708
5146 0.000708
5147 0.000707
5148 0.000707
5149 0.000707
5150 0.000707
5151 0.000707
5152 0.000707
5153 0.000707
5154 0.000706
5155 0.000706
5156 0.000706
5157 0.000706
5158 0.000706
5159 0.000706
5160 0.000706
5161 0.000705
5162 0.000705
5163 0.000705
5164 0.000705
5165 0.000705
5166 0.000705
5167 0.000705
5168 0.000704
5169 0.000704
5170 0.000704
5171 0.000704
5172 0.000704
5173 0.000704
5174 0.000704
5175 0.000703
5176 0.000703
5177 0.000703
5178 0.000703
5179 0.000703
5180 0.000703
5181 0.000703
5182 0.000702
5183 0.000702
5184 0.000702
5185 0.000702
5186 0.000702
5187 0.000702
5188 0.000702
5189 0.000701
5190 0.000701
5191 0.000701
5192 0.000701
5193 0.000701
5194 0.000701
5195 0.000701
5196 0.000700
5197 0.000700
5198 0.000700
5199 0.000700
5200 0.000700
5201 0.000700
5202 0.000700
5203 0.000699
5204 0.000699
5205 0.000699
5206 0.000699
5207 0.000699
5208 0.000699
5209 0.000699
5210 0.000698
5211 0.000698
5212 0.000698
5213 0.000698
5214 0.000698
5215 0.000698
5216 0.000698
5217 0.000697
5218 0.000697
5219 0.000697
5220 0.000697
5221 0.000697
5222 0.000697
5223 0.000697
5224 0.000696
5225 0.000696
5226 0.000696
5227 0.000696
5228 0.000696
5229 0.000696
5230 0.000696
5231 0.000695
5232 0.000695
5233 0.000695
5234 0.000695
5235 0.000695
5236 0.000695
5237 0.000695
5238 0.000694
5239 0.000694
5240 0.000694
5241 0.000694
5242 0.000694
5243 0.000694
5244 0.000694
5245 0.000693
5246 0.000693
5247 0.000693
5248 0.000693
5249 0.000693
5250 0.000693
5251 0.000693
5252 0.000693
5253 0.000692
5254 0.000692
5255 0.000692
5256 0.000692
5257 0.000692
5258 0.000692
5259 0.000692
5260 0.000691
5261 0.000691
5262 0.000691
5263 0.000691
5264 0.000691
5265 0.000691
5266 0.000691
5267 0.000690
5268 0.000690
5269 0.000690
5270 0.000690
5271 0.000690
5272 0.000690
5273 0.000690
5274 0.000689
5275 0.000689
5276 0.000689
5277 0.000689
5278 0.000689
5279 0.000689
5280 0.000689
5281 0.000689
5282 0.000688
5283 0.000688
5284 0.000688
5285 0.000688
5286 0.000688
5287 0.000688
5288 0.000688
5289 0.000687
5290 0.000687
5291 0.000687
5292 0.000687
5293 0.000687
5294 0.000687
5295 0.000687
5296 0.000686
5297 0.000686
5298 0.000686
5299 0.000686
5300 0.000686
5301 0.000686
5302 0.000686
5303 0.000685
5304 0.000685
5305 0.000685
5306 0.000685
5307 0.000685
5308 0.000685
5309 0.000685
5310 0.000685
5311 0.000684
5312 0.000684
5313 0.000684
5314 0.000684
5315 0.000684
5316 0.000684
5317 0.000684
5318 0.000683
5319 0.000683
5320 0.000683
5321 0.000683
5322 0.000683
5323 0.000683
5324 0.000683
5325 0.000683
5326 0.000682
5327 0.000682
5328 0.000682
5329 0.000682
5330 0.000682
5331 0.000682
5332 0.000682
5333 0.000681
5334 0.000681
5335 0.000681
5336 0.000681
5337 0.000681
5338 0.000681
5339 0.000681
5340 0.000680
5341 0.000680
5342 0.000680
5343 0.000680
5344 0.000680
5345 0.000680
5346 0.000680
5347 0.000680
5348 0.000679
5349 0.000679
5350 0.000679
5351 0.000679
5352 0.000679
5353 0.000679
5354 0.000679
5355 0.000678
5356 0.000678
5357 0.000678
5358 0.000678
5359 0.000678
5360 0.000678
5361 0.000678
5362 0.000678
5363 0.000677
5364 0.000677
5365 0.000677
5366 0.000677
5367 0.000677
5368 0.000677
5369 0.000677
5370 0.000676
5371 0.000676
5372 0.000676
5373 0.000676
5374 0.000676
5375 0.000676
5376 0.000676
5377 0.000676
5378 0.000675
5379 0.000675
5380 0.000675
5381 0.000675
5382 0.000675
5383 0.000675
5384 0.000675
5385 0.000675
5386 0.000674
5387 0.000674
5388 0.000674
5389 0.000674
5390 0.000674
5391 0.000674
5392 0.000674
5393 0.000673
5394 0.000673
5395 0.000673
5396 0.000673
5397 0.000673
5398 0.000673
5399 0.000673
5400 0.000673
5401 0.000672
5402 0.000672
5403 0.000672
5404 0.000672
5405 0.000672
5406 0.000672
5407 0.000672
5408 0.000671
5409 0.000671
5410 0.000671
5411 0.000671
5412 0.000671
5413 0.000671
5414 0.000671
5415 0.000671
5416 0.000670
5417 0.000670
5418 0.000670
5419 0.000670
5420 0.000670
5421 0.000670
5422 0.000670
5423 0.000670
5424 0.000669
5425 0.000669
5426 0.000669
5427 0.000669
5428 0.000669
5429 0.000669
5430 0.000669
5431 0.000668
5432 0.000668
5433 0.000668
5434 0.000668
5435 0.000668
5436 0.000668
5437 0.000668
5438 0.000668
5439 0.000667
5440 0.000667
5441 0.000667
5442 0.000667
5443 0.000667
5444 0.000667
5445 0.000667
5446 0.000667
5447 0.000666
5448 0.000666
5449 0.000666
5450 0.000666
5451 0.000666
5452 0.000666
5453 0.000666
5454 0.000666
5455 0.000665
5456 0.000665
5457 0.000665
5458 0.000665
5459 0.000665
5460 0.000665
5461 0.000665
5462 0.000665
5463 0.000664
5464 0.000664
5465 0.000664
5466 0.000664
5467 0.000664
5468 0.000664
5469 0.000664
5470 0.000663
5471 0.000663
5472 0.000663
5473 0.000663
5474 0.000663
5475 0.000663
5476 0.000663
5477 0.000663
5478 0.000662
5479 0.000662
5480 0.000662
5481 0.000662
5482 0.000662
5483 0.000662
5484 0.000662
5485 0.000662
5486 0.000661
5487 0.000661
5488 0.000661
5489 0.000661
5490 0.000661
5491 0.000661
5492 0.000661
5493 0.000661
5494 0.000660
5495 0.000660
5496 0.000660
5497 0.000660
5498 0.000660
5499 0.000660
5500 0.000660
5501 0.000660
5502 0.000659
5503 0.000659
5504 0.000659
5505 0.000659
5506 0.000659
5507 0.000659
5508 0.000659
5509 0.000659
5510 0.000658
5511 0.000658
5512 0.000658
5513 0.000658
5514 0.000658
5515 0.000658
5516 0.000658
5517 0.000658
5518 0.000657
5519 0.000657
5520 0.000657
5521 0.000657
5522 0.000657
5523 0.000657
5524 0.000657
5525 0.000657
5526 0.000656
5527 0.000656
5528 0.000656
5529 0.000656
5530 0.000656
5531 0.000656
5532 0.000656
5533 0.000656
5534 0.000655
5535 0.000655
5536 0.000655
5537 0.000655
5538 0.000655
5539 0.000655
5540 0.000655
5541 0.000655
5542 0.000654
5543 0.000654
5544 0.000654
5545 0.000654
5546 0.000654
5547 0.000654
5548 0.000654
5549 0.000654
5550 0.000653
5551 0.000653
5552 0.000653
5553 0.000653
5554 0.000653
5555 0.000653
5556 0.000653
5557 0.000653
5558 0.000652
5559 0.000652
5560 0.000652
5561 0.000652
5562 0.000652
5563 0.000652
5564 0.000652
5565 0.000652
5566 0.000651
5567 0.000651
5568 0.000651
5569 0.000651
5570 0.000651
5571 0.000651
5572 0.000651
5573 0.000651
5574 0.000650
5575 0.000650
5576 0.000650
5577 0.000650
5578 0.000650
5579 0.000650
5580 0.000650
5581 0.000650
5582 0.000649
5583 0.000649
5584 0.000649
5585 0.000649
5586 0.000649
5587 0.000649
5588 0.000649
5589 0.000649
5590 0.000648
5591 0.000648
5592 0.000648
5593 0.000648
5594 0.000648
5595 0.000648
5596 0.000648
5597 0.000648
5598 0.000648
5599 0.000647
5600 0.000647
5601 0.000647
5602 0.000647
5603 0.000647
5604 0.000647
5605 0.000647
5606 0.000647
5607 0.000646
5608 0.000646
5609 0.000646
5610 0.000646
5611 0.000646
5612 0.000646
5613 0.000646
5614 0.000646
5615 0.000645
5616 0.000645
5617 0.000645
5618 0.000645
5619 0.000645
5620 0.000645
5621 0.000645
5622 0.000645
5623 0.000644
5624 0.000644
5625 0.000644
5626 0.000644
5627 0.000644
5628 0.000644
5629 0.000644
5630 0.000644
5631 0.000644
5632 0.000643
5633 0.000643
5634 0.000643
5635 0.000643
5636 0.000643
5637 0.000643
5638 0.000643
5639 0.000643
5640 0.000642
5641 0.000642
5642 0.000642
5643 0.000642
5644 0.000642
5645 0.000642
5646 0.000642
5647 0.000642
5648 0.000641
5649 0.000641
5650 0.000641
5651 0.000641
5652 0.000641
5653 0.000641
5654 0.000641
5655 0.000641
5656 0.000641
5657 0.000640
5658 0.000640
5659 0.000640
5660 0.000640
5661 0.000640
5662 0.000640
5663 0.000640
5664 0.000640
5665 0.000639
5666 0.000639
5667 0.000639
5668 0.000639
5669 0.000639
5670 0.000639
5671 0.000639
5672 0.000639
5673 0.000639
5674 0.000638
5675 0.000638
5676 0.000638
5677 0.000638
5678 0.000638
5679 0.000638
5680 0.000638
5681 0.000638
5682 0.000637
5683 0.000637
5684 0.000637
5685 0.000637
5686 0.000637
5687 0.000637
5688 0.000637
5689 0.000637
5690 0.000637
5691 0.000636
5692 0.000636
5693 0.000636
5694 0.000636
5695 0.000636
5696 0.000636
5697 0.000636
5698 0.000636
5699 0.000635
5700 0.000635
5701 0.000635
5702 0.000635
5703 0.000635
5704 0.000635
5705 0.000635
5706 0.000635
5707 0.000635
5708 0.000634
5709 0.000634
5710 0.000634
5711 0.000634
5712 0.000634
5713 0.000634
5714 0.000634
5715 0.000634
5716 0.000633
5717 0.000633
5718 0.000633
5719 0.000633
5720 0.000633
5721 0.000633
5722 0.000633
5723 0.000633
5724 0.000633
5725 0.000632
5726 0.000632
5727 0.000632
5728 0.000632
5729 0.000632
5730 0.000632
5731 0.000632
5732 0.000632
5733 0.000631
5734 0.000631
5735 0.000631
5736 0.000631
5737 0.000631
5738 0.000631
5739 0.000631
5740 0.000631
5741 0.000631
5742 0.000630
5743 0.000630
5744 0.000630
5745 0.000630
5746 0.000630
5747 0.000630
5748 0.000630
5749 0.000630
5750 0.000630
5751 0.000629
5752 0.000629
5753 0.000629
5754 0.000629
5755 0.000629
5756 0.000629
5757 0.000629
5758 0.000629
5759 0.000628
5760 0.000628
5761 0.000628
5762 0.000628
5763 0.000628
5764 0.000628
5765 0.000628
5766 0.000628
5767 0.000628
5768 0.000627
5769 0.000627
5770 0.000627
5771 0.000627
5772 0.000627
5773 0.000627
5774 0.000627
5775 0.000627
5776 0.000627
5777 0.000626
5778 0.000626
5779 0.000626
5780 0.000626
5781 0.000626
5782 0.000626
5783 0.000626
5784 0.000626
5785 0.000626
5786 0.000625
5787 0.000625
5788 0.000625
5789 0.000625
5790 0.000625
5791 0.000625
5792 0.000625
5793 0.000625
5794 0.000624
5795 0.000624
5796 0.000624
5797 0.000624
5798 0.000624
5799 0.000624
5800 0.000624
5801 0.000624
5802 0.000624
5803 0.000623
5804 0.000623
5805 0.000623
5806 0.000623
5807 0.000623
5808 0.000623
5809 0.000623
5810 0.000623
5811 0.000623
5812 0.000622
5813 0.000622
5814 0.000622
5815 0.000622
5816 0.000622
5817 0.000622
5818 0.000622
5819 0.000622
5820 0.000622
5821 0.000621
5822 0.000621
5823 0.000621
5824 0.000621
5825 0.000621
5826 0.000621
5827 0.000621
5828 0.000621
5829 0.000621
5830 0.000620
5831 0.000620
5832 0.000620
5833 0.000620
5834 0.000620
5835 0.000620
5836 0.000620
5837 0.000620
5838 0.000620
5839 0.000619
5840 0.000619
5841 0.000619
5842 0.000619
5843 0.000619
5844 0.000619
5845 0.000619
5846 0.000619
5847 0.000619
5848 0.000618
5849 0.000618
5850 0.000618
5851 0.000618
5852 0.000618
5853 0.000618
5854 0.000618
5855 0.000618
5856 0.000618
5857 0.000617
5858 0.000617
5859 0.000617
5860 0.000617
5861 0.000617
5862 0.000617
5863 0.000617
5864 0.000617
5865 0.000617
5866 0.000616
5867 0.000616
5868 0.000616
5869 0.000616
5870 0.000616
5871 0.000616
5872 0.000616
5873 0.000616
5874 0.000616
5875 0.000615
5876 0.000615
5877 0.000615
5878 0.000615
5879 0.000615
5880 0.000615
5881 0.000615
5882 0.000615
5883 0.000615
5884 0.000614
5885 0.000614
5886 0.000614
5887 0.000614
5888 0.000614
5889 0.000614
5890 0.000614
5891 0.000614
5892 0.000614
5893 0.000613
5894 0.000613
5895 0.000613
5896 0.000613
5897 0.000613
5898 0.000613
5899 0.000613
5900 0.000613
5901 0.000613
5902 0.000612
5903 0.000612
5904 0.000612
5905 0.000612
5906 0.000612
5907 0.000612
5908 0.000612
5909 0.000612
5910 0.000612
5911 0.000611
5912 0.000611
5913 0.000611
5914 0.000611
5915 0.000611
5916 0.000611
5917 0.000611
5918 0.000611
5919 0.000611
5920 0.000611
5921 0.000610
5922 0.000610
5923 0.000610
5924 0.000610
5925 0.000610
5926 0.000610
5927 0.000610
5928 0.000610
5929 0.000610
5930 0.000609
5931 0.000609
5932 0.000609
5933 0.000609
5934 0.000609
5935 0.000609
5936 0.000609
5937 0.000609
5938 0.000609
5939 0.000608
5940 0.000608
5941 0.000608
5942 0.000608
5943 0.000608
5944 0.000608
5945 0.000608
5946 0.000608
5947 0.000608
5948 0.000607
5949 0.000607
5950 0.000607
5951 0.000607
5952 0.000607
5953 0.000607
5954 0.000607
5955 0.000607
5956 0.000607
5957 0.000607
5958 0.000606
5959 0.000606
5960 0.000606
5961 0.000606
5962 0.000606
5963 0.000606
5964 0.000606
5965 0.000606
5966 0.000606
5967 0.000605
5968 0.000605
5969 0.000605
5970 0.000605
5971 0.000605
5972 0.000605
5973 0.000605
5974 0.000605
5975 0.000605
5976 0.000604
5977 0.000604
5978 0.000604
5979 0.000604
5980 0.000604
5981 0.000604
5982 0.000604
5983 0.000604
5984 0.000604
5985 0.000604
5986 0.000603
5987 0.000603
5988 0.000603
5989 0.000603
5990 0.000603
5991 0.000603
5992 0.000603
5993 0.000603
5994 0.000603
5995 0.000602
5996 0.000602
5997 0.000602
5998 0.000602
5999 0.000602
6000 0.000602
6001 0.000602
6002 0.000602
6003 0.000602
6004 0.000602
6005 0.000601
6006 0.000601
6007 0.000601
6008 0.000601
6009 0.000601
6010 0.000601
6011 0.000601
6012 0.000601
6013 0.000601
6014 0.000600
6015 0.000600
6016 0.000600
6017 0.000600
6018 0.000600
6019 0.000600
6020 0.000600
6021 0.000600
6022 0.000600
6023 0.000600
6024 0.000599
6025 0.000599
6026 0.000599
6027 0.000599
6028 0.000599
6029 0.000599
6030 0.000599
6031 0.000599
6032 0.000599
6033 0.000598
6034 0.000598
6035 0.000598
6036 0.000598
6037 0.000598
6038 0.000598
6039 0.000598
6040 0.000598
6041 0.000598
6042 0.000598
6043 0.000597
6044 0.000597
6045 0.000597
6046 0.000597
6047 0.000597
6048 0.000597
6049 0.000597
6050 0.000597
6051 0.000597
6052 0.000597
6053 0.000596
6054 0.000596
6055 0.000596
6056 0.000596
6057 0.000596
6058 0.000596
6059 0.000596
6060 0.000596
6061 0.000596
6062 0.000595
6063 0.000595
6064 0.000595
6065 0.000595
6066 0.000595
6067 0.000595
6068 0.000595
6069 0.000595
6070 0.000595
6071 0.000595
6072 0.000594
6073 0.000594
6074 0.000594
6075 0.000594
6076 0.000594
6077 0.000594
6078 0.000594
6079 0.000594
6080 0.000594
6081 0.000594
6082 0.000593
6083 0.000593
6084 0.000593
6085 0.000593
6086 0.000593
6087 0.000593
6088 0.000593
6089 0.000593
6090 0.000593
6091 0.000592
6092 0.000592
6093 0.000592
6094 0.000592
6095 0.000592
6096 0.000592
6097 0.000592
6098 0.000592
6099 0.000592
6100 0.000592
6101 0.000591
6102 0.000591
6103 0.000591
6104 0.000591
6105 0.000591
6106 0.000591
6107 0.000591
6108 0.000591
6109 0.000591
6110 0.000591
6111 0.000590
6112 0.000590
6113 0.000590
6114 0.000590
6115 0.000590
6116 0.000590
6117 0.000590
6118 0.000590
6119 0.000590
6120 0.000590
6121 0.000589
6122 0.000589
6123 0.000589
6124 0.000589
6125 0.000589
6126 0.000589
6127 0.000589
6128 0.000589
6129 0.000589
6130 0.000589
6131 0.000588
6132 0.000588
6133 0.000588
6134 0.000588
6135 0.000588
6136 0.000588
6137 0.000588
6138 0.000588
6139 0.000588
6140 0.000588
6141 0.000587
6142 0.000587
6143 0.000587
6144 0.000587
6145 0.000587
6146 0.000587
6147 0.000587
6148 0.000587
6149 0.000587
6150 0.000587
6151 0.000586
6152 0.000586
6153 0.000586
6154 0.000586
6155 0.000586
6156 0.000586
6157 0.000586
6158 0.000586
6159 0.000586
6160 0.000586
6161 0.000585
6162 0.000585
6163 0.000585
6164 0.000585
6165 0.000585
6166 0.000585
6167 0.000585
6168 0.000585
6169 0.000585
6170 0.000585
6171 0.000584
6172 0.000584
6173 0.000584
6174 0.000584
6175 0.000584
6176 0.000584
6177 0.000584
6178 0.000584
6179 0.000584
6180 0.000584
6181 0.000583
6182 0.000583
6183 0.000583
6184 0.000583
6185 0.000583
6186 0.000583
6187 0.000583
6188 0.000583
6189 0.000583
6190 0.000583
6191 0.000582
6192 0.000582
6193 0.000582
6194 0.000582
6195 0.000582
6196 0.000582
6197 0.000582
6198 0.000582
6199 0.000582
6200 0.000582
6201 0.000581
6202 0.000581
6203 0.000581
6204 0.000581
6205 0.000581
6206 0.000581
6207 0.000581
6208 0.000581
6209 0.000581
6210 0.000581
6211 0.000580
6212 0.000580
6213 0.000580
6214 0.000580
6215 0.000580
6216 0.000580
6217 0.000580
6218 0.000580
6219 0.000580
6220 0.000580
6221 0.000579
6222 0.000579
6223 0.000579
6224 0.000579
6225 0.000579
6226 0.000579
6227 0.000579
6228 0.000579
6229 0.000579
6230 0.000579
6231 0.000579
6232 0.000578
6233 0.000578
6234 0.000578
6235 0.000578
6236 0.000578
6237 0.000578
6238 0.000578
6239 0.000578
6240 0.000578
6241 0.000578
6242 0.000577
6243 0.000577
6244 0.000577
6245 0.000577
6246 0.000577
6247 0.000577
6248 0.000577
6249 0.000577
6250 0.000577
6251 0.000577
6252 0.000576
6253 0.000576
6254 0.000576
6255 0.000576
6256 0.000576
6257 0.000576
6258 0.000576
6259 0.000576
6260 0.000576
6261 0.000576
6262 0.000575
6263 0.000575
6264 0.000575
6265 0.000575
6266 0.000575
6267 0.000575
6268 0.000575
6269 0.000575
6270 0.000575
6271 0.000575
6272 0.000575
6273 0.000574
6274 0.000574
6275 0.000574
6276 0.000574
6277 0.000574
6278 0.000574
6279 0.000574
6280 0.000574
6281 0.000574
6282 0.000574
6283 0.000573
6284 0.000573
6285 0.000573
6286 0.000573
6287 0.000573
6288 0.000573
6289 0.000573
6290 0.000573
6291 0.000573
6292 0.000573
6293 0.000573
6294 0.000572
6295 0.000572
6296 0.000572
6297 0.000572
6298 0.000572
6299 0.000572
6300 0.000572
6301 0.000572
6302 0.000572
6303 0.000572
6304 0.000571
6305 0.000571
6306 0.000571
6307 0.000571
6308 0.000571
6309 0.000571
6310 0.000571
6311 0.000571
6312 0.000571
6313 0.000571
6314 0.000571
6315 0.000570
6316 0.000570
6317 0.000570
6318 0.000570
6319 0.000570
6320 0.000570
6321 0.000570
6322 0.000570
6323 0.000570
6324 0.000570
6325 0.000569
6326 0.000569
6327 0.000569
6328 0.000569
6329 0.000569
6330 0.000569
6331 0.000569
6332 0.000569
6333 0.000569
6334 0.000569
6335 0.000569
6336 0.000568
6337 0.000568
6338 0.000568
6339 0.000568
6340 0.000568
6341 0.000568
6342 0.000568
6343 0.000568
6344 0.000568
6345 0.000568
6346 0.000567
6347 0.000567
6348 0.000567
6349 0.000567
6350 0.000567
6351 0.000567
6352 0.000567
6353 0.000567
6354 0.000567
6355 0.000567
6356 0.000567
6357 0.000566
6358 0.000566
6359 0.000566
6360 0.000566
6361 0.000566
6362 0.000566
6363 0.000566
6364 0.000566
6365 0.000566
6366 0.000566
6367 0.000566
6368 0.000565
6369 0.000565
6370 0.000565
6371 0.000565
6372 0.000565
6373 0.000565
6374 0.000565
6375 0.000565
6376 0.000565
6377 0.000565
6378 0.000564
6379 0.000564
6380 0.000564
6381 0.000564
6382 0.000564
6383 0.000564
6384 0.000564
6385 0.000564
6386 0.000564
6387 0.000564
6388 0.000564
6389 0.000563
6390 0.000563
6391 0.000563
6392 0.000563
6393 0.000563
6394 0.000563
6395 0.000563
6396 0.000563
6397 0.000563
6398 0.000563
6399 0.000563
6400 0.000562
6401 0.000562
6402 0.000562
6403 0.000562
6404 0.000562
6405 0.000562
6406 0.000562
6407 0.000562
6408 0.000562
6409 0.000562
6410 0.000562
6411 0.000561
6412 0.000561
6413 0.000561
6414 0.000561
6415 0.000561
6416 0.000561
6417 0.000561
6418 0.000561
6419 0.000561
6420 0.000561
6421 0.000561
6422 0.000560
6423 0.000560
6424 0.000560
6425 0.000560
6426 0.000560
6427 0.000560
6428 0.000560
6429 0.000560
6430 0.000560
6431 0.000560
6432 0.000560
6433 0.000559
6434 0.000559
6435 0.000559
6436 0.000559
6437 0.000559
6438 0.000559
6439 0.000559
6440 0.000559
6441 0.000559
6442 0.000559
6443 0.000559
6444 0.000558
6445 0.000558
6446 0.000558
6447 0.000558
6448 0.000558
6449 0.000558
6450 0.000558
6451 0.000558
6452 0.000558
6453 0.000558
6454 0.000558
6455 0.000557
6456 0.000557
6457 0.000557
6458 0.000557
6459 0.000557
6460 0.000557
6461 0.000557
6462 0.000557
6463 0.000557
6464 0.000557
6465 0.000557
6466 0.000556
6467 0.000556
6468 0.000556
6469 0.000556
6470 0.000556
6471 0.000556
6472 0.000556
6473 0.000556
6474 0.000556
6475 0.000556
6476 0.000556
6477 0.000555
6478 0.000555
6479 0.000555
6480 0.000555
6481 0.000555
6482 0.000555
6483 0.000555
6484 0.000555
6485 0.000555
6486 0.000555
6487 0.000555
6488 0.000554
6489 0.000554
6490 0.000554
6491 0.000554
6492 0.000554
6493 0.000554
6494 0.000554
6495 0.000554
6496 0.000554
6497 0.000554
6498 0.000554
6499 0.000553
6500 0.000553
6501 0.000553
6502 0.000553
6503 0.000553
6504 0.000553
6505 0.000553
6506 0.000553
6507 0.000553
6508 0.000553
6509 0.000553
6510 0.000552
6511 0.000552
6512 0.000552
6513 0.000552
6514 0.000552
6515 0.000552
6516 0.000552
6517 0.000552
6518 0.000552
6519 0.000552
6520 0.000552
6521 0.000551
6522 0.000551
6523 0.000551
6524 0.000551
6525 0.000551
6526 0.000551
6527 0.000551
6528 0.000551
6529 0.000551
6530 0.000551
6531 0.000551
6532 0.000551
6533 0.000550
6534 0.000550
6535 0.000550
6536 0.000550
6537 0.000550
6538 0.000550
6539 0.000550
6540 0.000550
6541 0.000550
6542 0.000550
6543 0.000550
6544 0.000549
6545 0.000549
6546 0.000549
6547 0.000549
6548 0.000549
6549 0.000549
6550 0.000549
6551 0.000549
6552 0.000549
6553 0.000549
6554 0.000549
6555 0.000548
6556 0.000548
6557 0.000548
6558 0.000548
6559 0.000548
6560 0.000548
6561 0.000548
6562 0.000548
6563 0.000548
6564 0.000548
6565 0.000548
6566 0.000548
6567 0.000547
6568 0.000547
6569 0.000547
6570 0.000547
6571 0.000547
6572 0.000547
6573 0.000547
6574 0.000547
6575 0.000547
6576 0.000547
6577 0.000547
6578 0.000546
6579 0.000546
6580 0.000546
6581 0.000546
6582 0.000546
6583 0.000546
6584 0.000546
6585 0.000546
6586 0.000546
6587 0.000546
6588 0.000546
6589 0.000546
6590 0.000545
6591 0.000545
6592 0.000545
6593 0.000545
6594 0.000545
6595 0.000545
6596 0.000545
6597 0.000545
6598 0.000545
6599 0.000545
6600 0.000545
6601 0.000544
6602 0.000544
6603 0.000544
6604 0.000544
6605 0.000544
6606 0.000544
6607 0.000544
6608 0.000544
6609 0.000544
6610 0.000544
6611 0.000544
6612 0.000544
6613 0.000543
6614 0.000543
6615 0.000543
6616 0.000543
6617 0.000543
6618 0.000543
6619 0.000543
6620 0.000543
6621 0.000543
6622 0.000543
6623 0.000543
6624 0.000542
6625 0.000542
6626 0.000542
6627 0.000542
6628 0.000542
6629 0.000542
6630 0.000542
6631 0.000542
6632 0.000542
6633 0.000542
6634 0.000542
6635 0.000542
6636 0.000541
6637 0.000541
6638 0.000541
6639 0.000541
6640 0.000541
6641 0.000541
6642 0.000541
6643 0.000541
6644 0.000541
6645 0.000541
6646 0.000541
6647 0.000541
6648 0.000540
6649 0.000540
6650 0.000540
6651 0.000540
6652 0.000540
6653 0.000540
6654 0.000540
6655 0.000540
6656 0.000540
6657 0.000540
6658 0.000540
6659 0.000539
6660 0.000539
6661 0.000539
6662 0.000539
6663 0.000539
6664 0.000539
6665 0.000539
6666 0.000539
6667 0.000539
6668 0.000539
6669 0.000539
6670 0.000539
6671 0.000538
6672 0.000538
6673 0.000538
6674 0.000538
6675 0.000538
6676 0.000538
6677 0.000538
6678 0.000538
6679 0.000538
6680 0.000538
6681 0.000538
6682 0.000538
6683 0.000537
6684 0.000537
6685 0.000537
6686 0.000537
6687 0.000537
6688 0.000537
6689 0.000537
6690 0.000537
6691 0.000537
6692 0.000537
6693 0.000537
6694 0.000537
6695 0.000536
6696 0.000536
6697 0.000536
6698 0.000536
6699 0.000536
6700 0.000536
6701 0.000536
6702 0.000536
6703 0.000536
6704 0.000536
6705 0.000536
6706 0.000536
6707 0.000535
6708 0.000535
6709 0.000535
6710 0.000535
6711 0.000535
6712 0.000535
6713 0.000535
6714 0.000535
6715 0.000535
6716 0.000535
6717 0.000535
6718 0.000535
6719 0.000534
6720 0.000534
6721 0.000534
6722 0.000534
6723 0.000534
6724 0.000534
6725 0.000534
6726 0.000534
6727 0.000534
6728 0.000534
6729 0.000534
6730 0.000534
6731 0.000533
6732 0.000533
6733 0.000533
6734 0.000533
6735 0.000533
6736 0.000533
6737 0.000533
6738 0.000533
6739 0.000533
6740 0.000533
6741 0.000533
6742 0.000533
6743 0.000532
6744 0.000532
6745 0.000532
6746 0.000532
6747 0.000532
6748 0.000532
6749 0.000532
6750 0.000532
6751 0.000532
6752 0.000532
6753 0.000532
6754 0.000532
6755 0.000531
6756 0.000531
6757 0.000531
6758 0.000531
6759 0.000531
6760 0.000531
6761 0.000531
6762 0.000531
6763 0.000531
6764 0.000531
6765 0.000531
6766 0.000531
6767 0.000530
6768 0.000530
6769 0.000530
6770 0.000530
6771 0.000530
6772 0.000530
6773 0.000530
6774 0.000530
6775 0.000530
6776 0.000530
6777 0.000530
6778 0.000530
6779 0.000529
6780 0.000529
6781 0.000529
6782 0.000529
6783 0.000529
6784 0.000529
6785 0.000529
6786 0.000529
6787 0.000529
6788 0.000529
6789 0.000529
6790 0.000529
6791 0.000528
6792 0.000528
6793 0.000528
6794 0.000528
6795 0.000528
6796 0.000528
6797 0.000528
6798 0.000528
6799 0.000528
6800 0.000528
6801 0.000528
6802 0.000528
6803 0.000528
6804 0.000527
6805 0.000527
6806 0.000527
6807 0.000527
6808 0.000527
6809 0.000527
6810 0.000527
6811 0.000527
6812 0.000527
6813 0.000527
6814 0.000527
6815 0.000527
6816 0.000526
6817 0.000526
6818 0.000526
6819 0.000526
6820 0.000526
6821 0.000526
6822 0.000526
6823 0.000526
6824 0.000526
6825 0.000526
6826 0.000526
6827 0.000526
6828 0.000525
6829 0.000525
6830 0.000525
6831 0.000525
6832 0.000525
6833 0.000525
6834 0.000525
6835 0.000525
6836 0.000525
6837 0.000525
6838 0.000525
6839 0.000525
6840 0.000525
6841 0.000524
6842 0.000524
6843 0.000524
6844 0.000524
6845 0.000524
6846 0.000524
6847 0.000524
6848 0.000524
6849 0.000524
6850 0.000524
6851 0.000524
6852 0.000524
6853 0.000523
6854 0.000523
6855 0.000523
6856 0.000523
6857 0.000523
6858 0.000523
6859 0.000523
6860 0.000523
6861 0.000523
6862 0.000523
6863 0.000523
6864 0.000523
6865 0.000522
6866 0.000522
6867 0.000522
6868 0.000522
6869 0.000522
6870 0.000522
6871 0.000522
6872 0.000522
6873 0.000522
6874 0.000522
6875 0.000522
6876 0.000522
6877 0.000522
6878 0.000521
6879 0.000521
6880 0.000521
6881 0.000521
6882 0.000521
6883 0.000521
6884 0.000521
6885 0.000521
6886 0.000521
6887 0.000521
6888 0.000521
6889 0.000521
6890 0.000521
6891 0.000520
6892 0.000520
6893 0.000520
6894 0.000520
6895 0.000520
6896 0.000520
6897 0.000520
6898 0.000520
6899 0.000520
6900 0.000520
6901 0.000520
6902 0.000520
6903 0.000519
6904 0.000519
6905 0.000519
6906 0.000519
6907 0.000519
6908 0.000519
6909 0.000519
6910 0.000519
6911 0.000519
6912 0.000519
6913 0.000519
6914 0.000519
6915 0.000519
6916 0.000518
6917 0.000518
6918 0.000518
6919 0.000518
6920 0.000518
6921 0.000518
6922 0.000518
6923 0.000518
6924 0.000518
6925 0.000518
6926 0.000518
6927 0.000518
6928 0.000518
6929 0.000517
6930 0.000517
6931 0.000517
6932 0.000517
6933 0.000517
6934 0.000517
6935 0.000517
6936 0.000517
6937 0.000517
6938 0.000517
6939 0.000517
6940 0.000517
6941 0.000516
6942 0.000516
6943 0.000516
6944 0.000516
6945 0.000516
6946 0.000516
6947 0.000516
6948 0.000516
6949 0.000516
6950 0.000516
6951 0.000516
6952 0.000516
6953 0.000516
6954 0.000515
6955 0.000515
6956 0.000515
6957 0.000515
6958 0.000515
6959 0.000515
6960 0.000515
6961 0.000515
6962 0.000515
6963 0.000515
6964 0.000515
6965 0.000515
6966 0.000515
6967 0.000514
6968 0.000514
6969 0.000514
6970 0.000514
6971 0.000514
6972 0.000514
6973 0.000514
6974 0.000514
6975 0.000514
6976 0.000514
6977 0.000514
6978 0.000514
6979 0.000514
6980 0.000513
6981 0.000513
6982 0.000513
6983 0.000513
6984 0.000513
6985 0.000513
6986 0.000513
6987 0.000513
6988 0.000513
6989 0.000513
6990 0.000513
6991 0.000513
6992 0.000513
6993 0.000512
6994 0.000512
6995 0.000512
6996 0.000512
6997 0.000512
6998 0.000512
6999 0.000512
7000 0.000512
7001 0.000512
7002 0.000512
7003 0.000512
7004 0.000512
7005 0.000512
7006 0.000511
7007 0.000511
7008 0.000511
7009 0.000511
7010 0.000511
7011 0.000511
7012 0.000511
7013 0.000511
7014 0.000511
7015 0.000511
7016 0.000511
7017 0.000511
7018 0.000511
7019 0.000510
7020 0.000510
7021 0.000510
7022 0.000510
7023 0.000510
7024 0.000510
7025 0.000510
7026 0.000510
7027 0.000510
7028 0.000510
7029 0.000510
7030 0.000510
7031 0.000510
7032 0.000509
7033 0.000509
7034 0.000509
7035 0.000509
7036 0.000509
7037 0.000509
7038 0.000509
7039 0.000509
7040 0.000509
7041 0.000509
7042 0.000509
7043 0.000509
7044 0.000509
7045 0.000508
7046 0.000508
7047 0.000508
7048 0.000508
7049 0.000508
7050 0.000508
7051 0.000508
7052 0.000508
7053 0.000508
7054 0.000508
7055 0.000508
7056 0.000508
7057 0.000508
7058 0.000508
7059 0.000507
7060 0.000507
7061 0.000507
7062 0.000507
7063 0.000507
7064 0.000507
7065 0.000507
7066 0.000507
7067 0.000507
7068 0.000507
7069 0.000507
7070 0.000507
7071 0.000507
7072 0.000506
7073 0.000506
7074 0.000506
7075 0.000506
7076 0.000506
7077 0.000506
7078 0.000506
7079 0.000506
7080 0.000506
7081 0.000506
7082 0.000506
7083 0.000506
7084 0.000506
7085 0.000505
7086 0.000505
7087 0.000505
7088 0.000505
7089 0.000505
7090 0.000505
7091 0.000505
7092 0.000505
7093 0.000505
7094 0.000505
7095 0.000505
7096 0.000505
7097 0.000505
7098 0.000505
7099 0.000504
7100 0.000504
7101 0.000504
7102 0.000504
7103 0.000504
7104 0.000504
7105 0.000504
7106 0.000504
7107 0.000504
7108 0.000504
7109 0.000504
7110 0.000504
7111 0.000504
7112 0.000503
7113 0.000503
7114 0.000503
7115 0.000503
7116 0.000503
7117 0.000503
7118 0.000503
7119 0.000503
7120 0.000503
7121 0.000503
7122 0.000503
7123 0.000503
7124 0.000503
7125 0.000502
7126 0.000502
7127 0.000502
7128 0.000502
7129 0.000502
7130 0.000502
7131 0.000502
7132 0.000502
7133 0.000502
7134 0.000502
7135 0.000502
7136 0.000502
7137 0.000502
7138 0.000502
7139 0.000501
7140 0.000501
7141 0.000501
7142 0.000501
7143 0.000501
7144 0.000501
7145 0.000501
7146 0.000501
7147 0.000501
7148 0.000501
7149 0.000501
7150 0.000501
7151 0.000501
7152 0.000501
7153 0.000500
7154 0.000500
7155 0.000500
7156 0.000500
7157 0.000500
7158 0.000500
