0 14.464913
1 13.464260
2 12.641817
3 10.951269
4 8.979533
5 7.063706
6 5.427566
7 4.156392
8 3.218948
9 2.538703
10 2.042491
11 1.675235
12 1.398635
13 1.186538
14 1.021023
15 0.889684
16 0.783822
17 0.697256
18 0.625532
19 0.565392
20 0.514421
21 0.470805
22 0.433159
23 0.400414
24 0.371736
25 0.346461
26 0.324060
27 0.304102
28 0.286236
29 0.270171
30 0.255666
31 0.242518
32 0.230556
33 0.219636
34 0.209634
35 0.200445
36 0.191977
37 0.184153
38 0.176904
39 0.170172
40 0.163905
41 0.158057
42 0.152590
43 0.147468
44 0.142660
45 0.138140
46 0.133882
47 0.129865
48 0.126070
49 0.122479
50 0.119076
51 0.115848
52 0.112781
53 0.109864
54 0.107087
55 0.104439
56 0.101913
57 0.099499
58 0.097192
59 0.094984
60 0.092869
61 0.090841
62 0.088896
63 0.087028
64 0.085233
65 0.083507
66 0.081846
67 0.080247
68 0.078705
69 0.077219
70 0.075786
71 0.074402
72 0.073065
73 0.071773
74 0.070524
75 0.069315
76 0.068145
77 0.067012
78 0.065915
79 0.064851
80 0.063819
81 0.062818
82 0.061846
83 0.060903
84 0.059986
85 0.059096
86 0.058230
87 0.057388
88 0.056569
89 0.055772
90 0.054996
91 0.054241
92 0.053504
93 0.052787
94 0.052088
95 0.051406
96 0.050741
97 0.050092
98 0.049459
99 0.048841
100 0.048238
101 0.047648
102 0.047072
103 0.046510
104 0.045960
105 0.045422
106 0.044896
107 0.044382
108 0.043879
109 0.043386
110 0.042904
111 0.042432
112 0.041970
113 0.041518
114 0.041075
115 0.040640
116 0.040215
117 0.039797
118 0.039388
119 0.038987
120 0.038594
121 0.038208
122 0.037830
123 0.037458
124 0.037094
125 0.036736
126 0.036385
127 0.036040
128 0.035702
129 0.035369
130 0.035042
131 0.034721
132 0.034406
133 0.034096
134 0.033791
135 0.033492
136 0.033198
137 0.032908
138 0.032623
139 0.032343
140 0.032068
141 0.031797
142 0.031530
143 0.031268
144 0.031010
145 0.030756
146 0.030505
147 0.030259
148 0.030016
149 0.029778
150 0.029542
151 0.029311
152 0.029083
153 0.028858
154 0.028636
155 0.028418
156 0.028203
157 0.027991
158 0.027782
159 0.027576
160 0.027373
161 0.027173
162 0.026975
163 0.026780
164 0.026588
165 0.026399
166 0.026212
167 0.026028
168 0.025846
169 0.025667
170 0.025490
171 0.025315
172 0.025143
173 0.024972
174 0.024805
175 0.024639
176 0.024475
177 0.024313
178 0.024154
179 0.023996
180 0.023841
181 0.023687
182 0.023535
183 0.023385
184 0.023237
185 0.023091
186 0.022946
187 0.022804
188 0.022663
189 0.022523
190 0.022385
191 0.022249
192 0.022115
193 0.021982
194 0.021850
195 0.021720
196 0.021592
197 0.021464
198 0.021339
199 0.021215
200 0.021092
201 0.020970
202 0.020850
203 0.020731
204 0.020614
205 0.020498
206 0.020383
207 0.020269
208 0.020156
209 0.020045
210 0.019935
211 0.019826
212 0.019718
213 0.019611
214 0.019506
215 0.019401
216 0.019298
217 0.019195
218 0.019094
219 0.018994
220 0.018894
221 0.018796
222 0.018699
223 0.018602
224 0.018507
225 0.018412
226 0.018319
227 0.018226
228 0.018134
229 0.018044
230 0.017954
231 0.017864
232 0.017776
233 0.017689
234 0.017602
235 0.017516
236 0.017431
237 0.017347
238 0.017264
239 0.017181
240 0.017099
241 0.017018
242 0.016938
243 0.016858
244 0.016779
245 0.016701
246 0.016623
247 0.016546
248 0.016470
249 0.016395
250 0.016320
251 0.016246
252 0.016172
253 0.016099
254 0.016027
255 0.015956
256 0.015884
257 0.015814
258 0.015744
259 0.015675
260 0.015606
261 0.015538
262 0.015471
263 0.015404
264 0.015338
265 0.015272
266 0.015207
267 0.015142
268 0.015078
269 0.015014
270 0.014951
271 0.014888
272 0.014826
273 0.014764
274 0.014703
275 0.014643
276 0.014582
277 0.014523
278 0.014464
279 0.014405
280 0.014346
281 0.014289
282 0.014231
283 0.014174
284 0.014118
285 0.014062
286 0.014006
287 0.013951
288 0.013896
289 0.013842
290 0.013788
291 0.013734
292 0.013681
293 0.013628
294 0.013576
295 0.013524
296 0.013472
297 0.013421
298 0.013370
299 0.013319
300 0.013269
301 0.013220
302 0.013170
303 0.013121
304 0.013072
305 0.013024
306 0.012976
307 0.012928
308 0.012881
309 0.012834
310 0.012787
311 0.012741
312 0.012695
313 0.012649
314 0.012604
315 0.012559
316 0.012514
317 0.012470
318 0.012426
319 0.012382
320 0.012338
321 0.012295
322 0.012252
323 0.012209
324 0.012167
325 0.012125
326 0.012083
327 0.012042
328 0.012000
329 0.011959
330 0.011919
331 0.011878
332 0.011838
333 0.011798
334 0.011759
335 0.011719
336 0.011680
337 0.011641
338 0.011602
339 0.011564
340 0.011526
341 0.011488
342 0.011450
343 0.011413
344 0.011376
345 0.011339
346 0.011302
347 0.011266
348 0.011229
349 0.011193
350 0.011157
351 0.011122
352 0.011087
353 0.011051
354 0.011016
355 0.010982
356 0.010947
357 0.010913
358 0.010879
359 0.010845
360 0.010811
361 0.010778
362 0.010744
363 0.010711
364 0.010678
365 0.010646
366 0.010613
367 0.010581
368 0.010549
369 0.010517
370 0.010485
371 0.010453
372 0.010422
373 0.010391
374 0.010360
375 0.010329
376 0.010298
377 0.010268
378 0.010238
379 0.010207
380 0.010178
381 0.010148
382 0.010118
383 0.010089
384 0.010059
385 0.010030
386 0.010001
387 0.009972
388 0.009944
389 0.009915
390 0.009887
391 0.009859
392 0.009831
393 0.009803
394 0.009775
395 0.009748
396 0.009720
397 0.009693
398 0.009666
399 0.009639
400 0.009612
401 0.009585
402 0.009559
403 0.009533
404 0.009506
405 0.009480
406 0.009454
407 0.009428
408 0.009403
409 0.009377
410 0.009352
411 0.009326
412 0.009301
413 0.009276
414 0.009251
415 0.009227
416 0.009202
417 0.009177
418 0.009153
419 0.009129
420 0.009105
421 0.009081
422 0.009057
423 0.009033
424 0.009009
425 0.008986
426 0.008962
427 0.008939
428 0.008916
429 0.008893
430 0.008870
431 0.008847
432 0.008824
433 0.008802
434 0.008779
435 0.008757
436 0.008735
437 0.008712
438 0.008690
439 0.008668
440 0.008647
441 0.008625
442 0.008603
443 0.008582
444 0.008560
445 0.008539
446 0.008518
447 0.008497
448 0.008476
449 0.008455
450 0.008434
451 0.008413
452 0.008393
453 0.008372
454 0.008352
455 0.008331
456 0.008311
457 0.008291
458 0.008271
459 0.008251
460 0.008231
461 0.008212
462 0.008192
463 0.008172
464 0.008153
465 0.008133
466 0.008114
467 0.008095
468 0.008076
469 0.008057
470 0.008038
471 0.008019
472 0.008000
473 0.007982
474 0.007963
475 0.007944
476 0.007926
477 0.007908
478 0.007889
479 0.007871
480 0.007853
481 0.007835
482 0.007817
483 0.007799
484 0.007781
485 0.007764
486 0.007746
487 0.007729
488 0.007711
489 0.007694
490 0.007676
491 0.007659
492 0.007642
493 0.007625
494 0.007608
495 0.007591
496 0.007574
497 0.007557
498 0.007540
499 0.007524
500 0.007507
501 0.007491
502 0.007474
503 0.007458
504 0.007442
505 0.007425
506 0.007409
507 0.007393
508 0.007377
509 0.007361
510 0.007345
511 0.007329
512 0.007314
513 0.007298
514 0.007282
515 0.007267
516 0.007251
517 0.007236
518 0.007220
519 0.007205
520 0.007190
521 0.007175
522 0.007159
523 0.007144
524 0.007129
525 0.007114
526 0.007099
527 0.007085
528 0.007070
529 0.007055
530 0.007041
531 0.007026
532 0.007011
533 0.006997
534 0.006983
535 0.006968
536 0.006954
537 0.006940
538 0.006926
539 0.006911
540 0.006897
541 0.006883
542 0.006869
543 0.006855
544 0.006842
545 0.006828
546 0.006814
547 0.006800
548 0.006787
549 0.006773
550 0.006760
551 0.006746
552 0.006733
553 0.006719
554 0.006706
555 0.006693
556 0.006680
557 0.006666
558 0.006653
559 0.006640
560 0.006627
561 0.006614
562 0.006601
563 0.006588
564 0.006576
565 0.006563
566 0.006550
567 0.006537
568 0.006525
569 0.006512
570 0.006500
571 0.006487
572 0.006475
573 0.006462
574 0.006450
575 0.006438
576 0.006426
577 0.006413
578 0.006401
579 0.006389
580 0.006377
581 0.006365
582 0.006353
583 0.006341
584 0.006329
585 0.006317
586 0.006305
587 0.006294
588 0.006282
589 0.006270
590 0.006259
591 0.006247
592 0.006235
593 0.006224
594 0.006212
595 0.006201
596 0.006190
597 0.006178
598 0.006167
599 0.006156
600 0.006144
601 0.006133
602 0.006122
603 0.006111
604 0.006100
605 0.006089
606 0.006078
607 0.006067
608 0.006056
609 0.006045
610 0.006034
611 0.006023
612 0.006013
613 0.006002
614 0.005991
615 0.005981
616 0.005970
617 0.005959
618 0.005949
619 0.005938
620 0.005928
621 0.005917
622 0.005907
623 0.005897
624 0.005886
625 0.005876
626 0.005866
627 0.005855
628 0.005845
629 0.005835
630 0.005825
631 0.005815
632 0.005805
633 0.005795
634 0.005785
635 0.005775
636 0.005765
637 0.005755
638 0.005745
639 0.005735
640 0.005726
641 0.005716
642 0.005706
643 0.005696
644 0.005687
645 0.005677
646 0.005668
647 0.005658
648 0.005648
649 0.005639
650 0.005629
651 0.005620
652 0.005611
653 0.005601
654 0.005592
655 0.005583
656 0.005573
657 0.005564
658 0.005555
659 0.005546
660 0.005536
661 0.005527
662 0.005518
663 0.005509
664 0.005500
665 0.005491
666 0.005482
667 0.005473
668 0.005464
669 0.005455
670 0.005446
671 0.005437
672 0.005429
673 0.005420
674 0.005411
675 0.005402
676 0.005394
677 0.005385
678 0.005376
679 0.005368
680 0.005359
681 0.005350
682 0.005342
683 0.005333
684 0.005325
685 0.005316
686 0.005308
687 0.005300
688 0.005291
689 0.005283
690 0.005274
691 0.005266
692 0.005258
693 0.005250
694 0.005241
695 0.005233
696 0.005225
697 0.005217
698 0.005209
699 0.005200
700 0.005192
701 0.005184
702 0.005176
703 0.005168
704 0.005160
705 0.005152
706 0.005144
707 0.005136
708 0.005129
709 0.005121
710 0.005113
711 0.005105
712 0.005097
713 0.005089
714 0.005082
715 0.005074
716 0.005066
717 0.005058
718 0.005051
719 0.005043
720 0.005036
721 0.005028
722 0.005020
723 0.005013
724 0.005005
725 0.004998
726 0.004990
727 0.004983
728 0.004975
729 0.004968
730 0.004961
731 0.004953
732 0.004946
733 0.004938
734 0.004931
735 0.004924
736 0.004917
737 0.004909
738 0.004902
739 0.004895
740 0.004888
741 0.004880
742 0.004873
743 0.004866
744 0.004859
745 0.004852
746 0.004845
747 0.004838
748 0.004831
749 0.004824
750 0.004817
751 0.004810
752 0.004803
753 0.004796
754 0.004789
755 0.004782
756 0.004775
757 0.004768
758 0.004762
759 0.004755
760 0.004748
761 0.004741
762 0.004734
763 0.004728
764 0.004721
765 0.004714
766 0.004708
767 0.004701
768 0.004694
769 0.004688
770 0.004681
771 0.004674
772 0.004668
773 0.004661
774 0.004655
775 0.004648
776 0.004642
777 0.004635
778 0.004629
779 0.004622
780 0.004616
781 0.004610
782 0.004603
783 0.004597
784 0.004590
785 0.004584
786 0.004578
787 0.004571
788 0.004565
789 0.004559
790 0.004553
791 0.004546
792 0.004540
793 0.004534
794 0.004528
795 0.004522
796 0.004515
797 0.004509
798 0.004503
799 0.004497
800 0.004491
801 0.004485
802 0.004479
803 0.004473
804 0.004467
805 0.004461
806 0.004455
807 0.004449
808 0.004443
809 0.004437
810 0.004431
811 0.004425
812 0.004419
813 0.004413
814 0.004407
815 0.004401
816 0.004395
817 0.004390
818 0.004384
819 0.004378
820 0.004372
821 0.004366
822 0.004361
823 0.004355
824 0.004349
825 0.004343
826 0.004338
827 0.004332
828 0.004326
829 0.004321
830 0.004315
831 0.004310
832 0.004304
833 0.004298
834 0.004293
835 0.004287
836 0.004282
837 0.004276
838 0.004271
839 0.004265
840 0.004260
841 0.004254
842 0.004249
843 0.004243
844 0.004238
845 0.004232
846 0.004227
847 0.004221
848 0.004216
849 0.004211
850 0.004205
851 0.004200
852 0.004195
853 0.004189
854 0.004184
855 0.004179
856 0.004173
857 0.004168
858 0.004163
859 0.004158
860 0.004152
861 0.004147
862 0.004142
863 0.004137
864 0.004132
865 0.004126
866 0.004121
867 0.004116
868 0.004111
869 0.004106
870 0.004101
871 0.004096
872 0.004091
873 0.004085
874 0.004080
875 0.004075
876 0.004070
877 0.004065
878 0.004060
879 0.004055
880 0.004050
881 0.004045
882 0.004040
883 0.004035
884 0.004031
885 0.004026
886 0.004021
887 0.004016
888 0.004011
889 0.004006
890 0.004001
891 0.003996
892 0.003991
893 0.003987
894 0.003982
895 0.003977
896 0.003972
897 0.003967
898 0.003963
899 0.003958
900 0.003953
901 0.003948
902 0.003944
903 0.003939
904 0.003934
905 0.003929
906 0.003925
907 0.003920
908 0.003915
909 0.003911
910 0.003906
911 0.003902
912 0.003897
913 0.003892
914 0.003888
915 0.003883
916 0.003879
917 0.003874
918 0.003869
919 0.003865
920 0.003860
921 0.003856
922 0.003851
923 0.003847
924 0.003842
925 0.003838
926 0.003833
927 0.003829
928 0.003824
929 0.003820
930 0.003815
931 0.003811
932 0.003807
933 0.003802
934 0.003798
935 0.003793
936 0.003789
937 0.003785
938 0.003780
939 0.003776
940 0.003772
941 0.003767
942 0.003763
943 0.003759
944 0.003754
945 0.003750
946 0.003746
947 0.003742
948 0.003737
949 0.003733
950 0.003729
951 0.003725
952 0.003720
953 0.003716
954 0.003712
955 0.003708
956 0.003704
957 0.003699
958 0.003695
959 0.003691
960 0.003687
961 0.003683
962 0.003679
963 0.003675
964 0.003670
965 0.003666
966 0.003662
967 0.003658
968 0.003654
969 0.003650
970 0.003646
971 0.003642
972 0.003638
973 0.003634
974 0.003630
975 0.003626
976 0.003622
977 0.003618
978 0.003614
979 0.003610
980 0.003606
981 0.003602
982 0.003598
983 0.003594
984 0.003590
985 0.003586
986 0.003582
987 0.003578
988 0.003574
989 0.003570
990 0.003567
991 0.003563
992 0.003559
993 0.003555
994 0.003551
995 0.003547
996 0.003543
997 0.003540
998 0.003536
999 0.003532
1000 0.003528
1001 0.003524
1002 0.003521
1003 0.003517
1004 0.003513
1005 0.003509
1006 0.003505
1007 0.003502
1008 0.003498
1009 0.003494
1010 0.003490
1011 0.003487
1012 0.003483
1013 0.003479
1014 0.003476
1015 0.003472
1016 0.003468
1017 0.003465
1018 0.003461
1019 0.003457
1020 0.003454
1021 0.003450
1022 0.003446
1023 0.003443
1024 0.003439
1025 0.003435
1026 0.003432
1027 0.003428
1028 0.003425
1029 0.003421
1030 0.003418
1031 0.003414
1032 0.003410
1033 0.003407
1034 0.003403
1035 0.003400
1036 0.003396
1037 0.003393
1038 0.003389
1039 0.003386
1040 0.003382
1041 0.003379
1042 0.003375
1043 0.003372
1044 0.003368
1045 0.003365
1046 0.003361
1047 0.003358
1048 0.003354
1049 0.003351
1050 0.003347
1051 0.003344
1052 0.003341
1053 0.003337
1054 0.003334
1055 0.003330
1056 0.003327
1057 0.003324
1058 0.003320
1059 0.003317
1060 0.003313
1061 0.003310
1062 0.003307
1063 0.003303
1064 0.003300
1065 0.003297
1066 0.003293
1067 0.003290
1068 0.003287
1069 0.003283
1070 0.003280
1071 0.003277
1072 0.003274
1073 0.003270
1074 0.003267
1075 0.003264
1076 0.003260
1077 0.003257
1078 0.003254
1079 0.003251
1080 0.003247
1081 0.003244
1082 0.003241
1083 0.003238
1084 0.003235
1085 0.003231
1086 0.003228
1087 0.003225
1088 0.003222
1089 0.003219
1090 0.003215
1091 0.003212
1092 0.003209
1093 0.003206
1094 0.003203
1095 0.003200
1096 0.003197
1097 0.003193
1098 0.003190
1099 0.003187
1100 0.003184
1101 0.003181
1102 0.003178
1103 0.003175
1104 0.003172
1105 0.003169
1106 0.003165
1107 0.003162
1108 0.003159
1109 0.003156
1110 0.003153
1111 0.003150
1112 0.003147
1113 0.003144
1114 0.003141
1115 0.003138
1116 0.003135
1117 0.003132
1118 0.003129
1119 0.003126
1120 0.003123
1121 0.003120
1122 0.003117
1123 0.003114
1124 0.003111
1125 0.003108
1126 0.003105
1127 0.003102
1128 0.003099
1129 0.003096
1130 0.003093
1131 0.003090
1132 0.003087
1133 0.003084
1134 0.003082
1135 0.003079
1136 0.003076
1137 0.003073
1138 0.003070
1139 0.003067
1140 0.003064
1141 0.003061
1142 0.003058
1143 0.003055
1144 0.003053
1145 0.003050
1146 0.003047
1147 0.003044
1148 0.003041
1149 0.003038
1150 0.003036
1151 0.003033
1152 0.003030
1153 0.003027
1154 0.003024
1155 0.003021
1156 0.003019
1157 0.003016
1158 0.003013
1159 0.003010
1160 0.003007
1161 0.003005
1162 0.003002
1163 0.002999
1164 0.002996
1165 0.002994
1166 0.002991
1167 0.002988
1168 0.002985
1169 0.002983
1170 0.002980
1171 0.002977
1172 0.002974
1173 0.002972
1174 0.002969
1175 0.002966
1176 0.002963
1177 0.002961
1178 0.002958
1179 0.002955
1180 0.002953
1181 0.002950
1182 0.002947
1183 0.002945
1184 0.002942
1185 0.002939
1186 0.002937
1187 0.002934
1188 0.002931
1189 0.002929
1190 0.002926
1191 0.002923
1192 0.002921
1193 0.002918
1194 0.002916
1195 0.002913
1196 0.002910
1197 0.002908
1198 0.002905
1199 0.002903
1200 0.002900
1201 0.002897
1202 0.002895
1203 0.002892
1204 0.002890
1205 0.002887
1206 0.002884
1207 0.002882
1208 0.002879
1209 0.002877
1210 0.002874
1211 0.002872
1212 0.002869
1213 0.002867
1214 0.002864
1215 0.002862
1216 0.002859
1217 0.002856
1218 0.002854
1219 0.002851
1220 0.002849
1221 0.002846
1222 0.002844
1223 0.002841
1224 0.002839
1225 0.002836
1226 0.002834
1227 0.002832
1228 0.002829
1229 0.002827
1230 0.002824
1231 0.002822
1232 0.002819
1233 0.002817
1234 0.002814
1235 0.002812
1236 0.002809
1237 0.002807
1238 0.002805
1239 0.002802
1240 0.002800
1241 0.002797
1242 0.002795
1243 0.002792
1244 0.002790
1245 0.002788
1246 0.002785
1247 0.002783
1248 0.002780
1249 0.002778
1250 0.002776
1251 0.002773
1252 0.002771
1253 0.002769
1254 0.002766
1255 0.002764
1256 0.002761
1257 0.002759
1258 0.002757
1259 0.002754
1260 0.002752
1261 0.002750
1262 0.002747
1263 0.002745
1264 0.002743
1265 0.002740
1266 0.002738
1267 0.002736
1268 0.002734
1269 0.002731
1270 0.002729
1271 0.002727
1272 0.002724
1273 0.002722
1274 0.002720
1275 0.002717
1276 0.002715
1277 0.002713
1278 0.002711
1279 0.002708
1280 0.002706
1281 0.002704
1282 0.002702
1283 0.002699
1284 0.002697
1285 0.002695
1286 0.002693
1287 0.002690
1288 0.002688
1289 0.002686
1290 0.002684
1291 0.002681
1292 0.002679
1293 0.002677
1294 0.002675
1295 0.002672
1296 0.002670
1297 0.002668
1298 0.002666
1299 0.002664
1300 0.002661
1301 0.002659
1302 0.002657
1303 0.002655
1304 0.002653
1305 0.002651
1306 0.002648
1307 0.002646
1308 0.002644
1309 0.002642
1310 0.002640
1311 0.002638
1312 0.002635
1313 0.002633
1314 0.002631
1315 0.002629
1316 0.002627
1317 0.002625
1318 0.002623
1319 0.002620
1320 0.002618
1321 0.002616
1322 0.002614
1323 0.002612
1324 0.002610
1325 0.002608
1326 0.002606
1327 0.002604
1328 0.002601
1329 0.002599
1330 0.002597
1331 0.002595
1332 0.002593
1333 0.002591
1334 0.002589
1335 0.002587
1336 0.002585
1337 0.002583
1338 0.002581
1339 0.002579
1340 0.002577
1341 0.002574
1342 0.002572
1343 0.002570
1344 0.002568
1345 0.002566
1346 0.002564
1347 0.002562
1348 0.002560
1349 0.002558
1350 0.002556
1351 0.002554
1352 0.002552
1353 0.002550
1354 0.002548
1355 0.002546
1356 0.002544
1357 0.002542
1358 0.002540
1359 0.002538
1360 0.002536
1361 0.002534
1362 0.002532
1363 0.002530
1364 0.002528
1365 0.002526
1366 0.002524
1367 0.002522
1368 0.002520
1369 0.002518
1370 0.002516
1371 0.002514
1372 0.002512
1373 0.002510
1374 0.002508
1375 0.002506
1376 0.002504
1377 0.002503
1378 0.002501
1379 0.002499
1380 0.002497
1381 0.002495
1382 0.002493
1383 0.002491
1384 0.002489
1385 0.002487
1386 0.002485
1387 0.002483
1388 0.002481
1389 0.002479
1390 0.002477
1391 0.002476
1392 0.002474
1393 0.002472
1394 0.002470
1395 0.002468
1396 0.002466
1397 0.002464
1398 0.002462
1399 0.002460
1400 0.002459
1401 0.002457
1402 0.002455
1403 0.002453
1404 0.002451
1405 0.002449
1406 0.002447
1407 0.002446
1408 0.002444
1409 0.002442
1410 0.002440
1411 0.002438
1412 0.002436
1413 0.002434
1414 0.002433
1415 0.002431
1416 0.002429
1417 0.002427
1418 0.002425
1419 0.002423
1420 0.002422
1421 0.002420
1422 0.002418
1423 0.002416
1424 0.002414
1425 0.002412
1426 0.002411
1427 0.002409
1428 0.002407
1429 0.002405
1430 0.002403
1431 0.002402
1432 0.002400
1433 0.002398
1434 0.002396
1435 0.002395
1436 0.002393
1437 0.002391
1438 0.002389
1439 0.002387
1440 0.002386
1441 0.002384
1442 0.002382
1443 0.002380
1444 0.002379
1445 0.002377
1446 0.002375
1447 0.002373
1448 0.002372
1449 0.002370
1450 0.002368
1451 0.002366
1452 0.002365
1453 0.002363
1454 0.002361
1455 0.002359
1456 0.002358
1457 0.002356
1458 0.002354
1459 0.002352
1460 0.002351
1461 0.002349
1462 0.002347
1463 0.002346
1464 0.002344
1465 0.002342
1466 0.002340
1467 0.002339
1468 0.002337
1469 0.002335
1470 0.002334
1471 0.002332
1472 0.002330
1473 0.002329
1474 0.002327
1475 0.002325
1476 0.002324
1477 0.002322
1478 0.002320
1479 0.002319
1480 0.002317
1481 0.002315
1482 0.002314
1483 0.002312
1484 0.002310
1485 0.002309
1486 0.002307
1487 0.002305
1488 0.002304
1489 0.002302
1490 0.002300
1491 0.002299
1492 0.002297
1493 0.002295
1494 0.002294
1495 0.002292
1496 0.002290
1497 0.002289
1498 0.002287
1499 0.002286
1500 0.002284
1501 0.002282
1502 0.002281
1503 0.002279
1504 0.002277
1505 0.002276
1506 0.002274
1507 0.002273
1508 0.002271
1509 0.002269
1510 0.002268
1511 0.002266
1512 0.002265
1513 0.002263
1514 0.002261
1515 0.002260
1516 0.002258
1517 0.002257
1518 0.002255
1519 0.002253
1520 0.002252
1521 0.002250
1522 0.002249
1523 0.002247
1524 0.002246
1525 0.002244
1526 0.002242
1527 0.002241
1528 0.002239
1529 0.002238
1530 0.002236
1531 0.002235
1532 0.002233
1533 0.002231
1534 0.002230
1535 0.002228
1536 0.002227
1537 0.002225
1538 0.002224
1539 0.002222
1540 0.002221
1541 0.002219
1542 0.002218
1543 0.002216
1544 0.002214
1545 0.002213
1546 0.002211
1547 0.002210
1548 0.002208
1549 0.002207
1550 0.002205
1551 0.002204
1552 0.002202
1553 0.002201
1554 0.002199
1555 0.002198
1556 0.002196
1557 0.002195
1558 0.002193
1559 0.002192
1560 0.002190
1561 0.002189
1562 0.002187
1563 0.002186
1564 0.002184
1565 0.002183
1566 0.002181
1567 0.002180
1568 0.002178
1569 0.002177
1570 0.002175
1571 0.002174
1572 0.002172
1573 0.002171
1574 0.002169
1575 0.002168
1576 0.002167
1577 0.002165
1578 0.002164
1579 0.002162
1580 0.002161
1581 0.002159
1582 0.002158
1583 0.002156
1584 0.002155
1585 0.002153
1586 0.002152
1587 0.002151
1588 0.002149
1589 0.002148
1590 0.002146
1591 0.002145
1592 0.002143
1593 0.002142
1594 0.002140
1595 0.002139
1596 0.002138
1597 0.002136
1598 0.002135
1599 0.002133
1600 0.002132
1601 0.002131
1602 0.002129
1603 0.002128
1604 0.002126
1605 0.002125
1606 0.002123
1607 0.002122
1608 0.002121
1609 0.002119
1610 0.002118
1611 0.002116
1612 0.002115
1613 0.002114
1614 0.002112
1615 0.002111
1616 0.002109
1617 0.002108
1618 0.002107
1619 0.002105
1620 0.002104
1621 0.002102
1622 0.002101
1623 0.002100
1624 0.002098
1625 0.002097
1626 0.002096
1627 0.002094
1628 0.002093
1629 0.002091
1630 0.002090
1631 0.002089
1632 0.002087
1633 0.002086
1634 0.002085
1635 0.002083
1636 0.002082
1637 0.002081
1638 0.002079
1639 0.002078
1640 0.002077
1641 0.002075
1642 0.002074
1643 0.002073
1644 0.002071
1645 0.002070
1646 0.002068
1647 0.002067
1648 0.002066
1649 0.002064
1650 0.002063
1651 0.002062
1652 0.002060
1653 0.002059
1654 0.002058
1655 0.002056
1656 0.002055
1657 0.002054
1658 0.002053
1659 0.002051
1660 0.002050
1661 0.002049
1662 0.002047
1663 0.002046
1664 0.002045
1665 0.002043
1666 0.002042
1667 0.002041
1668 0.002039
1669 0.002038
1670 0.002037
1671 0.002036
1672 0.002034
1673 0.002033
1674 0.002032
1675 0.002030
1676 0.002029
1677 0.002028
1678 0.002026
1679 0.002025
1680 0.002024
1681 0.002023
1682 0.002021
1683 0.002020
1684 0.002019
1685 0.002018
1686 0.002016
1687 0.002015
1688 0.002014
1689 0.002012
1690 0.002011
1691 0.002010
1692 0.002009
1693 0.002007
1694 0.002006
1695 0.002005
1696 0.002004
1697 0.002002
1698 0.002001
1699 0.002000
1700 0.001999
1701 0.001997
1702 0.001996
1703 0.001995
1704 0.001994
1705 0.001992
1706 0.001991
1707 0.001990
1708 0.001989
1709 0.001987
1710 0.001986
1711 0.001985
1712 0.001984
1713 0.001982
1714 0.001981
1715 0.001980
1716 0.001979
1717 0.001978
1718 0.001976
1719 0.001975
1720 0.001974
1721 0.001973
1722 0.001971
1723 0.001970
1724 0.001969
1725 0.001968
1726 0.001967
1727 0.001965
1728 0.001964
1729 0.001963
1730 0.001962
1731 0.001960
1732 0.001959
1733 0.001958
1734 0.001957
1735 0.001956
1736 0.001954
1737 0.001953
1738 0.001952
1739 0.001951
1740 0.001950
1741 0.001949
1742 0.001947
1743 0.001946
1744 0.001945
1745 0.001944
1746 0.001943
1747 0.001941
1748 0.001940
1749 0.001939
1750 0.001938
1751 0.001937
1752 0.001935
1753 0.001934
1754 0.001933
1755 0.001932
1756 0.001931
1757 0.001930
1758 0.001928
1759 0.001927
1760 0.001926
1761 0.001925
1762 0.001924
1763 0.001923
1764 0.001921
1765 0.001920
1766 0.001919
1767 0.001918
1768 0.001917
1769 0.001916
1770 0.001915
1771 0.001913
1772 0.001912
1773 0.001911
1774 0.001910
1775 0.001909
1776 0.001908
1777 0.001907
1778 0.001905
1779 0.001904
1780 0.001903
1781 0.001902
1782 0.001901
1783 0.001900
1784 0.001899
1785 0.001897
1786 0.001896
1787 0.001895
1788 0.001894
1789 0.001893
1790 0.001892
1791 0.001891
1792 0.001890
1793 0.001888
1794 0.001887
1795 0.001886
1796 0.001885
1797 0.001884
1798 0.001883
1799 0.001882
1800 0.001881
1801 0.001880
1802 0.001878
1803 0.001877
1804 0.001876
1805 0.001875
1806 0.001874
1807 0.001873
1808 0.001872
1809 0.001871
1810 0.001870
1811 0.001868
1812 0.001867
1813 0.001866
1814 0.001865
1815 0.001864
1816 0.001863
1817 0.001862
1818 0.001861
1819 0.001860
1820 0.001859
1821 0.001858
1822 0.001856
1823 0.001855
1824 0.001854
1825 0.001853
1826 0.001852
1827 0.001851
1828 0.001850
1829 0.001849
1830 0.001848
1831 0.001847
1832 0.001846
1833 0.001845
1834 0.001844
1835 0.001843
1836 0.001841
1837 0.001840
1838 0.001839
1839 0.001838
1840 0.001837
1841 0.001836
1842 0.001835
1843 0.001834
1844 0.001833
1845 0.001832
1846 0.001831
1847 0.001830
1848 0.001829
1849 0.001828
1850 0.001827
1851 0.001826
1852 0.001825
1853 0.001823
1854 0.001822
1855 0.001821
1856 0.001820
1857 0.001819
1858 0.001818
1859 0.001817
1860 0.001816
1861 0.001815
1862 0.001814
1863 0.001813
1864 0.001812
1865 0.001811
1866 0.001810
1867 0.001809
1868 0.001808
1869 0.001807
1870 0.001806
1871 0.001805
1872 0.001804
1873 0.001803
1874 0.001802
1875 0.001801
1876 0.001800
1877 0.001799
1878 0.001798
1879 0.001797
1880 0.001796
1881 0.001795
1882 0.001794
1883 0.001793
1884 0.001792
1885 0.001791
1886 0.001790
1887 0.001789
1888 0.001788
1889 0.001787
1890 0.001786
1891 0.001785
1892 0.001784
1893 0.001783
1894 0.001782
1895 0.001781
1896 0.001780
1897 0.001779
1898 0.001778
1899 0.001777
1900 0.001776
1901 0.001775
1902 0.001774
1903 0.001773
1904 0.001772
1905 0.001771
1906 0.001770
1907 0.001769
1908 0.001768
1909 0.001767
1910 0.001766
1911 0.001765
1912 0.001764
1913 0.001763
1914 0.001762
1915 0.001761
1916 0.001760
1917 0.001759
1918 0.001758
1919 0.001757
1920 0.001756
1921 0.001755
1922 0.001754
1923 0.001753
1924 0.001752
1925 0.001751
1926 0.001750
1927 0.001749
1928 0.001748
1929 0.001747
1930 0.001746
1931 0.001745
1932 0.001744
1933 0.001743
1934 0.001742
1935 0.001741
1936 0.001741
1937 0.001740
1938 0.001739
1939 0.001738
1940 0.001737
1941 0.001736
1942 0.001735
1943 0.001734
1944 0.001733
1945 0.001732
1946 0.001731
1947 0.001730
1948 0.001729
1949 0.001728
1950 0.001727
1951 0.001726
1952 0.001725
1953 0.001724
1954 0.001724
1955 0.001723
1956 0.001722
1957 0.001721
1958 0.001720
1959 0.001719
1960 0.001718
1961 0.001717
1962 0.001716
1963 0.001715
1964 0.001714
1965 0.001713
1966 0.001712
1967 0.001711
1968 0.001710
1969 0.001710
1970 0.001709
1971 0.001708
1972 0.001707
1973 0.001706
1974 0.001705
1975 0.001704
1976 0.001703
1977 0.001702
1978 0.001701
1979 0.001700
1980 0.001699
1981 0.001699
1982 0.001698
1983 0.001697
1984 0.001696
1985 0.001695
1986 0.001694
1987 0.001693
1988 0.001692
1989 0.001691
1990 0.001690
1991 0.001690
1992 0.001689
1993 0.001688
1994 0.001687
1995 0.001686
1996 0.001685
1997 0.001684
1998 0.001683
1999 0.001682
2000 0.001681
2001 0.001681
2002 0.001680
2003 0.001679
2004 0.001678
2005 0.001677
2006 0.001676
2007 0.001675
2008 0.001674
2009 0.001673
2010 0.001673
2011 0.001672
2012 0.001671
2013 0.001670
2014 0.001669
2015 0.001668
2016 0.001667
2017 0.001666
2018 0.001666
2019 0.001665
2020 0.001664
2021 0.001663
2022 0.001662
2023 0.001661
2024 0.001660
2025 0.001659
2026 0.001659
2027 0.001658
2028 0.001657
2029 0.001656
2030 0.001655
2031 0.001654
2032 0.001653
2033 0.001653
2034 0.001652
2035 0.001651
2036 0.001650
2037 0.001649
2038 0.001648
2039 0.001647
2040 0.001646
2041 0.001646
2042 0.001645
2043 0.001644
2044 0.001643
2045 0.001642
2046 0.001641
2047 0.001641
2048 0.001640
2049 0.001639
2050 0.001638
2051 0.001637
2052 0.001636
2053 0.001635
2054 0.001635
2055 0.001634
2056 0.001633
2057 0.001632
2058 0.001631
2059 0.001630
2060 0.001630
2061 0.001629
2062 0.001628
2063 0.001627
2064 0.001626
2065 0.001625
2066 0.001625
2067 0.001624
2068 0.001623
2069 0.001622
2070 0.001621
2071 0.001620
2072 0.001620
2073 0.001619
2074 0.001618
2075 0.001617
2076 0.001616
2077 0.001615
2078 0.001615
2079 0.001614
2080 0.001613
2081 0.001612
2082 0.001611
2083 0.001610
2084 0.001610
2085 0.001609
2086 0.001608
2087 0.001607
2088 0.001606
2089 0.001606
2090 0.001605
2091 0.001604
2092 0.001603
2093 0.001602
2094 0.001601
2095 0.001601
2096 0.001600
2097 0.001599
2098 0.001598
2099 0.001597
2100 0.001597
2101 0.001596
2102 0.001595
2103 0.001594
2104 0.001593
2105 0.001593
2106 0.001592
2107 0.001591
2108 0.001590
2109 0.001589
2110 0.001589
2111 0.001588
2112 0.001587
2113 0.001586
2114 0.001585
2115 0.001585
2116 0.001584
2117 0.001583
2118 0.001582
2119 0.001581
2120 0.001581
2121 0.001580
2122 0.001579
2123 0.001578
2124 0.001578
2125 0.001577
2126 0.001576
2127 0.001575
2128 0.001574
2129 0.001574
2130 0.001573
2131 0.001572
2132 0.001571
2133 0.001570
2134 0.001570
2135 0.001569
2136 0.001568
2137 0.001567
2138 0.001567
2139 0.001566
2140 0.001565
2141 0.001564
2142 0.001563
2143 0.001563
2144 0.001562
2145 0.001561
2146 0.001560
2147 0.001560
2148 0.001559
2149 0.001558
2150 0.001557
2151 0.001557
2152 0.001556
2153 0.001555
2154 0.001554
2155 0.001553
2156 0.001553
2157 0.001552
2158 0.001551
2159 0.001550
2160 0.001550
2161 0.001549
2162 0.001548
2163 0.001547
2164 0.001547
2165 0.001546
2166 0.001545
2167 0.001544
2168 0.001544
2169 0.001543
2170 0.001542
2171 0.001541
2172 0.001541
2173 0.001540
2174 0.001539
2175 0.001538
2176 0.001538
2177 0.001537
2178 0.001536
2179 0.001535
2180 0.001535
2181 0.001534
2182 0.001533
2183 0.001532
2184 0.001532
2185 0.001531
2186 0.001530
2187 0.001529
2188 0.001529
2189 0.001528
2190 0.001527
2191 0.001526
2192 0.001526
2193 0.001525
2194 0.001524
2195 0.001523
2196 0.001523
2197 0.001522
2198 0.001521
2199 0.001521
2200 0.001520
2201 0.001519
2202 0.001518
2203 0.001518
2204 0.001517
2205 0.001516
2206 0.001515
2207 0.001515
2208 0.001514
2209 0.001513
2210 0.001513
2211 0.001512
2212 0.001511
2213 0.001510
2214 0.001510
2215 0.001509
2216 0.001508
2217 0.001507
2218 0.001507
2219 0.001506
2220 0.001505
2221 0.001505
2222 0.001504
2223 0.001503
2224 0.001502
2225 0.001502
2226 0.001501
2227 0.001500
2228 0.001500
2229 0.001499
2230 0.001498
2231 0.001497
2232 0.001497
2233 0.001496
2234 0.001495
2235 0.001495
2236 0.001494
2237 0.001493
2238 0.001492
2239 0.001492
2240 0.001491
2241 0.001490
2242 0.001490
2243 0.001489
2244 0.001488
2245 0.001488
2246 0.001487
2247 0.001486
2248 0.001485
2249 0.001485
2250 0.001484
2251 0.001483
2252 0.001483
2253 0.001482
2254 0.001481
2255 0.001481
2256 0.001480
2257 0.001479
2258 0.001478
2259 0.001478
2260 0.001477
2261 0.001476
2262 0.001476
2263 0.001475
2264 0.001474
2265 0.001474
2266 0.001473
2267 0.001472
2268 0.001472
2269 0.001471
2270 0.001470
2271 0.001470
2272 0.001469
2273 0.001468
2274 0.001467
2275 0.001467
2276 0.001466
2277 0.001465
2278 0.001465
2279 0.001464
2280 0.001463
2281 0.001463
2282 0.001462
2283 0.001461
2284 0.001461
2285 0.001460
2286 0.001459
2287 0.001459
2288 0.001458
2289 0.001457
2290 0.001457
2291 0.001456
2292 0.001455
2293 0.001455
2294 0.001454
2295 0.001453
2296 0.001453
2297 0.001452
2298 0.001451
2299 0.001451
2300 0.001450
2301 0.001449
2302 0.001449
2303 0.001448
2304 0.001447
2305 0.001447
2306 0.001446
2307 0.001445
2308 0.001445
2309 0.001444
2310 0.001443
2311 0.001443
2312 0.001442
2313 0.001441
2314 0.001441
2315 0.001440
2316 0.001439
2317 0.001439
2318 0.001438
2319 0.001437
2320 0.001437
2321 0.001436
2322 0.001435
2323 0.001435
2324 0.001434
2325 0.001433
2326 0.001433
2327 0.001432
2328 0.001431
2329 0.001431
2330 0.001430
2331 0.001430
2332 0.001429
2333 0.001428
2334 0.001428
2335 0.001427
2336 0.001426
2337 0.001426
2338 0.001425
2339 0.001424
2340 0.001424
2341 0.001423
2342 0.001422
2343 0.001422
2344 0.001421
2345 0.001420
2346 0.001420
2347 0.001419
2348 0.001419
2349 0.001418
2350 0.001417
2351 0.001417
2352 0.001416
2353 0.001415
2354 0.001415
2355 0.001414
2356 0.001413
2357 0.001413
2358 0.001412
2359 0.001412
2360 0.001411
2361 0.001410
2362 0.001410
2363 0.001409
2364 0.001408
2365 0.001408
2366 0.001407
2367 0.001407
2368 0.001406
2369 0.001405
2370 0.001405
2371 0.001404
2372 0.001403
2373 0.001403
2374 0.001402
2375 0.001401
2376 0.001401
2377 0.001400
2378 0.001400
2379 0.001399
2380 0.001398
2381 0.001398
2382 0.001397
2383 0.001397
2384 0.001396
2385 0.001395
2386 0.001395
2387 0.001394
2388 0.001393
2389 0.001393
2390 0.001392
2391 0.001392
2392 0.001391
2393 0.001390
2394 0.001390
2395 0.001389
2396 0.001388
2397 0.001388
2398 0.001387
2399 0.001387
2400 0.001386
2401 0.001385
2402 0.001385
2403 0.001384
2404 0.001384
2405 0.001383
2406 0.001382
2407 0.001382
2408 0.001381
2409 0.001381
2410 0.001380
2411 0.001379
2412 0.001379
2413 0.001378
2414 0.001378
2415 0.001377
2416 0.001376
2417 0.001376
2418 0.001375
2419 0.001375
2420 0.001374
2421 0.001373
2422 0.001373
2423 0.001372
2424 0.001372
2425 0.001371
2426 0.001370
2427 0.001370
2428 0.001369
2429 0.001369
2430 0.001368
2431 0.001367
2432 0.001367
2433 0.001366
2434 0.001366
2435 0.001365
2436 0.001364
2437 0.001364
2438 0.001363
2439 0.001363
2440 0.001362
2441 0.001361
2442 0.001361
2443 0.001360
2444 0.001360
2445 0.001359
2446 0.001358
2447 0.001358
2448 0.001357
2449 0.001357
2450 0.001356
2451 0.001356
2452 0.001355
2453 0.001354
2454 0.001354
2455 0.001353
2456 0.001353
2457 0.001352
2458 0.001351
2459 0.001351
2460 0.001350
2461 0.001350
2462 0.001349
2463 0.001349
2464 0.001348
2465 0.001347
2466 0.001347
2467 0.001346
2468 0.001346
2469 0.001345
2470 0.001345
2471 0.001344
2472 0.001343
2473 0.001343
2474 0.001342
2475 0.001342
2476 0.001341
2477 0.001341
2478 0.001340
2479 0.001339
2480 0.001339
2481 0.001338
2482 0.001338
2483 0.001337
2484 0.001337
2485 0.001336
2486 0.001335
2487 0.001335
2488 0.001334
2489 0.001334
2490 0.001333
2491 0.001333
2492 0.001332
2493 0.001331
2494 0.001331
2495 0.001330
2496 0.001330
2497 0.001329
2498 0.001329
2499 0.001328
2500 0.001327
2501 0.001327
2502 0.001326
2503 0.001326
2504 0.001325
2505 0.001325
2506 0.001324
2507 0.001324
2508 0.001323
2509 0.001322
2510 0.001322
2511 0.001321
2512 0.001321
2513 0.001320
2514 0.001320
2515 0.001319
2516 0.001319
2517 0.001318
2518 0.001317
2519 0.001317
2520 0.001316
2521 0.001316
2522 0.001315
2523 0.001315
2524 0.001314
2525 0.001314
2526 0.001313
2527 0.001312
2528 0.001312
2529 0.001311
2530 0.001311
2531 0.001310
2532 0.001310
2533 0.001309
2534 0.001309
2535 0.001308
2536 0.001308
2537 0.001307
2538 0.001306
2539 0.001306
2540 0.001305
2541 0.001305
2542 0.001304
2543 0.001304
2544 0.001303
2545 0.001303
2546 0.001302
2547 0.001302
2548 0.001301
2549 0.001301
2550 0.001300
2551 0.001299
2552 0.001299
2553 0.001298
2554 0.001298
2555 0.001297
2556 0.001297
2557 0.001296
2558 0.001296
2559 0.001295
2560 0.001295
2561 0.001294
2562 0.001294
2563 0.001293
2564 0.001292
2565 0.001292
2566 0.001291
2567 0.001291
2568 0.001290
2569 0.001290
2570 0.001289
2571 0.001289
2572 0.001288
2573 0.001288
2574 0.001287
2575 0.001287
2576 0.001286
2577 0.001286
2578 0.001285
2579 0.001285
2580 0.001284
2581 0.001283
2582 0.001283
2583 0.001282
2584 0.001282
2585 0.001281
2586 0.001281
2587 0.001280
2588 0.001280
2589 0.001279
2590 0.001279
2591 0.001278
2592 0.001278
2593 0.001277
2594 0.001277
2595 0.001276
2596 0.001276
2597 0.001275
2598 0.001275
2599 0.001274
2600 0.001274
2601 0.001273
2602 0.001273
2603 0.001272
2604 0.001272
2605 0.001271
2606 0.001270
2607 0.001270
2608 0.001269
2609 0.001269
2610 0.001268
2611 0.001268
2612 0.001267
2613 0.001267
2614 0.001266
2615 0.001266
2616 0.001265
2617 0.001265
2618 0.001264
2619 0.001264
2620 0.001263
2621 0.001263
2622 0.001262
2623 0.001262
2624 0.001261
2625 0.001261
2626 0.001260
2627 0.001260
2628 0.001259
2629 0.001259
2630 0.001258
2631 0.001258
2632 0.001257
2633 0.001257
2634 0.001256
2635 0.001256
2636 0.001255
2637 0.001255
2638 0.001254
2639 0.001254
2640 0.001253
2641 0.001253
2642 0.001252
2643 0.001252
2644 0.001251
2645 0.001251
2646 0.001250
2647 0.001250
2648 0.001249
2649 0.001249
2650 0.001248
2651 0.001248
2652 0.001247
2653 0.001247
2654 0.001246
2655 0.001246
2656 0.001245
2657 0.001245
2658 0.001244
2659 0.001244
2660 0.001243
2661 0.001243
2662 0.001242
2663 0.001242
2664 0.001241
2665 0.001241
2666 0.001240
2667 0.001240
2668 0.001239
2669 0.001239
2670 0.001238
2671 0.001238
2672 0.001237
2673 0.001237
2674 0.001236
2675 0.001236
2676 0.001235
2677 0.001235
2678 0.001234
2679 0.001234
2680 0.001233
2681 0.001233
2682 0.001232
2683 0.001232
2684 0.001232
2685 0.001231
2686 0.001231
2687 0.001230
2688 0.001230
2689 0.001229
2690 0.001229
2691 0.001228
2692 0.001228
2693 0.001227
2694 0.001227
2695 0.001226
2696 0.001226
2697 0.001225
2698 0.001225
2699 0.001224
2700 0.001224
2701 0.001223
2702 0.001223
2703 0.001222
2704 0.001222
2705 0.001221
2706 0.001221
2707 0.001220
2708 0.001220
2709 0.001220
2710 0.001219
2711 0.001219
2712 0.001218
2713 0.001218
2714 0.001217
2715 0.001217
2716 0.001216
2717 0.001216
2718 0.001215
2719 0.001215
2720 0.001214
2721 0.001214
2722 0.001213
2723 0.001213
2724 0.001212
2725 0.001212
2726 0.001211
2727 0.001211
2728 0.001211
2729 0.001210
2730 0.001210
2731 0.001209
2732 0.001209
2733 0.001208
2734 0.001208
2735 0.001207
2736 0.001207
2737 0.001206
2738 0.001206
2739 0.001205
2740 0.001205
2741 0.001204
2742 0.001204
2743 0.001204
2744 0.001203
2745 0.001203
2746 0.001202
2747 0.001202
2748 0.001201
2749 0.001201
2750 0.001200
2751 0.001200
2752 0.001199
2753 0.001199
2754 0.001198
2755 0.001198
2756 0.001198
2757 0.001197
2758 0.001197
2759 0.001196
2760 0.001196
2761 0.001195
2762 0.001195
2763 0.001194
2764 0.001194
2765 0.001193
2766 0.001193
2767 0.001193
2768 0.001192
2769 0.001192
2770 0.001191
2771 0.001191
2772 0.001190
2773 0.001190
2774 0.001189
2775 0.001189
2776 0.001188
2777 0.001188
2778 0.001188
2779 0.001187
2780 0.001187
2781 0.001186
2782 0.001186
2783 0.001185
2784 0.001185
2785 0.001184
2786 0.001184
2787 0.001184
2788 0.001183
2789 0.001183
2790 0.001182
2791 0.001182
2792 0.001181
2793 0.001181
2794 0.001180
2795 0.001180
2796 0.001179
2797 0.001179
2798 0.001179
2799 0.001178
2800 0.001178
2801 0.001177
2802 0.001177
2803 0.001176
2804 0.001176
2805 0.001176
2806 0.001175
2807 0.001175
2808 0.001174
2809 0.001174
2810 0.001173
2811 0.001173
2812 0.001172
2813 0.001172
2814 0.001172
2815 0.001171
2816 0.001171
2817 0.001170
2818 0.001170
2819 0.001169
2820 0.001169
2821 0.001168
2822 0.001168
2823 0.001168
2824 0.001167
2825 0.001167
2826 0.001166
2827 0.001166
2828 0.001165
2829 0.001165
2830 0.001165
2831 0.001164
2832 0.001164
2833 0.001163
2834 0.001163
2835 0.001162
2836 0.001162
2837 0.001162
2838 0.001161
2839 0.001161
2840 0.001160
2841 0.001160
2842 0.001159
2843 0.001159
2844 0.001159
2845 0.001158
2846 0.001158
2847 0.001157
2848 0.001157
2849 0.001156
2850 0.001156
2851 0.001156
2852 0.001155
2853 0.001155
2854 0.001154
2855 0.001154
2856 0.001153
2857 0.001153
2858 0.001153
2859 0.001152
2860 0.001152
2861 0.001151
2862 0.001151
2863 0.001150
2864 0.001150
2865 0.001150
2866 0.001149
2867 0.001149
2868 0.001148
2869 0.001148
2870 0.001147
2871 0.001147
2872 0.001147
2873 0.001146
2874 0.001146
2875 0.001145
2876 0.001145
2877 0.001144
2878 0.001144
2879 0.001144
2880 0.001143
2881 0.001143
2882 0.001142
2883 0.001142
2884 0.001142
2885 0.001141
2886 0.001141
2887 0.001140
2888 0.001140
2889 0.001139
2890 0.001139
2891 0.001139
2892 0.001138
2893 0.001138
2894 0.001137
2895 0.001137
2896 0.001137
2897 0.001136
2898 0.001136
2899 0.001135
2900 0.001135
2901 0.001135
2902 0.001134
2903 0.001134
2904 0.001133
2905 0.001133
2906 0.001132
2907 0.001132
2908 0.001132
2909 0.001131
2910 0.001131
2911 0.001130
2912 0.001130
2913 0.001130
2914 0.001129
2915 0.001129
2916 0.001128
2917 0.001128
2918 0.001128
2919 0.001127
2920 0.001127
2921 0.001126
2922 0.001126
2923 0.001125
2924 0.001125
2925 0.001125
2926 0.001124
2927 0.001124
2928 0.001123
2929 0.001123
2930 0.001123
2931 0.001122
2932 0.001122
2933 0.001121
2934 0.001121
2935 0.001121
2936 0.001120
2937 0.001120
2938 0.001119
2939 0.001119
2940 0.001119
2941 0.001118
2942 0.001118
2943 0.001117
2944 0.001117
2945 0.001117
2946 0.001116
2947 0.001116
2948 0.001115
2949 0.001115
2950 0.001115
2951 0.001114
2952 0.001114
2953 0.001113
2954 0.001113
2955 0.001113
2956 0.001112
2957 0.001112
2958 0.001111
2959 0.001111
2960 0.001111
2961 0.001110
2962 0.001110
2963 0.001109
2964 0.001109
2965 0.001109
2966 0.001108
2967 0.001108
2968 0.001108
2969 0.001107
2970 0.001107
2971 0.001106
2972 0.001106
2973 0.001106
2974 0.001105
2975 0.001105
2976 0.001104
2977 0.001104
2978 0.001104
2979 0.001103
2980 0.001103
2981 0.001102
2982 0.001102
2983 0.001102
2984 0.001101
2985 0.001101
2986 0.001100
2987 0.001100
2988 0.001100
2989 0.001099
2990 0.001099
2991 0.001099
2992 0.001098
2993 0.001098
2994 0.001097
2995 0.001097
2996 0.001097
2997 0.001096
2998 0.001096
2999 0.001095
3000 0.001095
3001 0.001095
3002 0.001094
3003 0.001094
3004 0.001094
3005 0.001093
3006 0.001093
3007 0.001092
3008 0.001092
3009 0.001092
3010 0.001091
3011 0.001091
3012 0.001090
3013 0.001090
3014 0.001090
3015 0.001089
3016 0.001089
3017 0.001089
3018 0.001088
3019 0.001088
3020 0.001087
3021 0.001087
3022 0.001087
3023 0.001086
3024 0.001086
3025 0.001086
3026 0.001085
3027 0.001085
3028 0.001084
3029 0.001084
3030 0.001084
3031 0.001083
3032 0.001083
3033 0.001083
3034 0.001082
3035 0.001082
3036 0.001081
3037 0.001081
3038 0.001081
3039 0.001080
3040 0.001080
3041 0.001080
3042 0.001079
3043 0.001079
3044 0.001078
3045 0.001078
3046 0.001078
3047 0.001077
3048 0.001077
3049 0.001077
3050 0.001076
3051 0.001076
3052 0.001075
3053 0.001075
3054 0.001075
3055 0.001074
3056 0.001074
3057 0.001074
3058 0.001073
3059 0.001073
3060 0.001072
3061 0.001072
3062 0.001072
3063 0.001071
3064 0.001071
3065 0.001071
3066 0.001070
3067 0.001070
3068 0.001069
3069 0.001069
3070 0.001069
3071 0.001068
3072 0.001068
3073 0.001068
3074 0.001067
3075 0.001067
3076 0.001067
3077 0.001066
3078 0.001066
3079 0.001065
3080 0.001065
3081 0.001065
3082 0.001064
3083 0.001064
3084 0.001064
3085 0.001063
3086 0.001063
3087 0.001063
3088 0.001062
3089 0.001062
3090 0.001061
3091 0.001061
3092 0.001061
3093 0.001060
3094 0.001060
3095 0.001060
3096 0.001059
3097 0.001059
3098 0.001059
3099 0.001058
3100 0.001058
3101 0.001058
3102 0.001057
3103 0.001057
3104 0.001056
3105 0.001056
3106 0.001056
3107 0.001055
3108 0.001055
3109 0.001055
3110 0.001054
3111 0.001054
3112 0.001054
3113 0.001053
3114 0.001053
3115 0.001053
3116 0.001052
3117 0.001052
3118 0.001051
3119 0.001051
3120 0.001051
3121 0.001050
3122 0.001050
3123 0.001050
3124 0.001049
3125 0.001049
3126 0.001049
3127 0.001048
3128 0.001048
3129 0.001048
3130 0.001047
3131 0.001047
3132 0.001046
3133 0.001046
3134 0.001046
3135 0.001045
3136 0.001045
3137 0.001045
3138 0.001044
3139 0.001044
3140 0.001044
3141 0.001043
3142 0.001043
3143 0.001043
3144 0.001042
3145 0.001042
3146 0.001042
3147 0.001041
3148 0.001041
3149 0.001041
3150 0.001040
3151 0.001040
3152 0.001039
3153 0.001039
3154 0.001039
3155 0.001038
3156 0.001038
3157 0.001038
3158 0.001037
3159 0.001037
3160 0.001037
3161 0.001036
3162 0.001036
3163 0.001036
3164 0.001035
3165 0.001035
3166 0.001035
3167 0.001034
3168 0.001034
3169 0.001034
3170 0.001033
3171 0.001033
3172 0.001033
3173 0.001032
3174 0.001032
3175 0.001032
3176 0.001031
3177 0.001031
3178 0.001031
3179 0.001030
3180 0.001030
3181 0.001030
3182 0.001029
3183 0.001029
3184 0.001028
3185 0.001028
3186 0.001028
3187 0.001027
3188 0.001027
3189 0.001027
3190 0.001026
3191 0.001026
3192 0.001026
3193 0.001025
3194 0.001025
3195 0.001025
3196 0.001024
3197 0.001024
3198 0.001024
3199 0.001023
3200 0.001023
3201 0.001023
3202 0.001022
3203 0.001022
3204 0.001022
3205 0.001021
3206 0.001021
3207 0.001021
3208 0.001020
3209 0.001020
3210 0.001020
3211 0.001019
3212 0.001019
3213 0.001019
3214 0.001018
3215 0.001018
3216 0.001018
3217 0.001017
3218 0.001017
3219 0.001017
3220 0.001016
3221 0.001016
3222 0.001016
3223 0.001015
3224 0.001015
3225 0.001015
3226 0.001014
3227 0.001014
3228 0.001014
3229 0.001013
3230 0.001013
3231 0.001013
3232 0.001012
3233 0.001012
3234 0.001012
3235 0.001011
3236 0.001011
3237 0.001011
3238 0.001010
3239 0.001010
3240 0.001010
3241 0.001009
3242 0.001009
3243 0.001009
3244 0.001008
3245 0.001008
3246 0.001008
3247 0.001007
3248 0.001007
3249 0.001007
3250 0.001007
3251 0.001006
3252 0.001006
3253 0.001006
3254 0.001005
3255 0.001005
3256 0.001005
3257 0.001004
3258 0.001004
3259 0.001004
3260 0.001003
3261 0.001003
3262 0.001003
3263 0.001002
3264 0.001002
3265 0.001002
3266 0.001001
3267 0.001001
3268 0.001001
3269 0.001000
3270 0.001000
3271 0.001000
3272 0.000999
3273 0.000999
3274 0.000999
3275 0.000998
3276 0.000998
3277 0.000998
3278 0.000997
3279 0.000997
3280 0.000997
3281 0.000996
3282 0.000996
3283 0.000996
3284 0.000996
3285 0.000995
3286 0.000995
3287 0.000995
3288 0.000994
3289 0.000994
3290 0.000994
3291 0.000993
3292 0.000993
3293 0.000993
3294 0.000992
3295 0.000992
3296 0.000992
3297 0.000991
3298 0.000991
3299 0.000991
3300 0.000990
3301 0.000990
3302 0.000990
3303 0.000990
3304 0.000989
3305 0.000989
3306 0.000989
3307 0.000988
3308 0.000988
3309 0.000988
3310 0.000987
3311 0.000987
3312 0.000987
3313 0.000986
3314 0.000986
3315 0.000986
3316 0.000985
3317 0.000985
3318 0.000985
3319 0.000984
3320 0.000984
3321 0.000984
3322 0.000984
3323 0.000983
3324 0.000983
3325 0.000983
3326 0.000982
3327 0.000982
3328 0.000982
3329 0.000981
3330 0.000981
3331 0.000981
3332 0.000980
3333 0.000980
3334 0.000980
3335 0.000980
3336 0.000979
3337 0.000979
3338 0.000979
3339 0.000978
3340 0.000978
3341 0.000978
3342 0.000977
3343 0.000977
3344 0.000977
3345 0.000976
3346 0.000976
3347 0.000976
3348 0.000976
3349 0.000975
3350 0.000975
3351 0.000975
3352 0.000974
3353 0.000974
3354 0.000974
3355 0.000973
3356 0.000973
3357 0.000973
3358 0.000972
3359 0.000972
3360 0.000972
3361 0.000972
3362 0.000971
3363 0.000971
3364 0.000971
3365 0.000970
3366 0.000970
3367 0.000970
3368 0.000969
3369 0.000969
3370 0.000969
3371 0.000969
3372 0.000968
3373 0.000968
3374 0.000968
3375 0.000967
3376 0.000967
3377 0.000967
3378 0.000966
3379 0.000966
3380 0.000966
3381 0.000966
3382 0.000965
3383 0.000965
3384 0.000965
3385 0.000964
3386 0.000964
3387 0.000964
3388 0.000963
3389 0.000963
3390 0.000963
3391 0.000963
3392 0.000962
3393 0.000962
3394 0.000962
3395 0.000961
3396 0.000961
3397 0.000961
3398 0.000960
3399 0.000960
3400 0.000960
3401 0.000960
3402 0.000959
3403 0.000959
3404 0.000959
3405 0.000958
3406 0.000958
3407 0.000958
3408 0.000957
3409 0.000957
3410 0.000957
3411 0.000957
3412 0.000956
3413 0.000956
3414 0.000956
3415 0.000955
3416 0.000955
3417 0.000955
3418 0.000955
3419 0.000954
3420 0.000954
3421 0.000954
3422 0.000953
3423 0.000953
3424 0.000953
3425 0.000952
3426 0.000952
3427 0.000952
3428 0.000952
3429 0.000951
3430 0.000951
3431 0.000951
3432 0.000950
3433 0.000950
3434 0.000950
3435 0.000950
3436 0.000949
3437 0.000949
3438 0.000949
3439 0.000948
3440 0.000948
3441 0.000948
3442 0.000948
3443 0.000947
3444 0.000947
3445 0.000947
3446 0.000946
3447 0.000946
3448 0.000946
3449 0.000945
3450 0.000945
3451 0.000945
3452 0.000945
3453 0.000944
3454 0.000944
3455 0.000944
3456 0.000943
3457 0.000943
3458 0.000943
3459 0.000943
3460 0.000942
3461 0.000942
3462 0.000942
3463 0.000941
3464 0.000941
3465 0.000941
3466 0.000941
3467 0.000940
3468 0.000940
3469 0.000940
3470 0.000939
3471 0.000939
3472 0.000939
3473 0.000939
3474 0.000938
3475 0.000938
3476 0.000938
3477 0.000937
3478 0.000937
3479 0.000937
3480 0.000937
3481 0.000936
3482 0.000936
3483 0.000936
3484 0.000935
3485 0.000935
3486 0.000935
3487 0.000935
3488 0.000934
3489 0.000934
3490 0.000934
3491 0.000934
3492 0.000933
3493 0.000933
3494 0.000933
3495 0.000932
3496 0.000932
3497 0.000932
3498 0.000932
3499 0.000931
3500 0.000931
3501 0.000931
3502 0.000930
3503 0.000930
3504 0.000930
3505 0.000930
3506 0.000929
3507 0.000929
3508 0.000929
3509 0.000928
3510 0.000928
3511 0.000928
3512 0.000928
3513 0.000927
3514 0.000927
3515 0.000927
3516 0.000927
3517 0.000926
3518 0.000926
3519 0.000926
3520 0.000925
3521 0.000925
3522 0.000925
3523 0.000925
3524 0.000924
3525 0.000924
3526 0.000924
3527 0.000924
3528 0.000923
3529 0.000923
3530 0.000923
3531 0.000922
3532 0.000922
3533 0.000922
3534 0.000922
3535 0.000921
3536 0.000921
3537 0.000921
3538 0.000920
3539 0.000920
3540 0.000920
3541 0.000920
3542 0.000919
3543 0.000919
3544 0.000919
3545 0.000919
3546 0.000918
3547 0.000918
3548 0.000918
3549 0.000917
3550 0.000917
3551 0.000917
3552 0.000917
3553 0.000916
3554 0.000916
3555 0.000916
3556 0.000916
3557 0.000915
3558 0.000915
3559 0.000915
3560 0.000915
3561 0.000914
3562 0.000914
3563 0.000914
3564 0.000913
3565 0.000913
3566 0.000913
3567 0.000913
3568 0.000912
3569 0.000912
3570 0.000912
3571 0.000912
3572 0.000911
3573 0.000911
3574 0.000911
3575 0.000910
3576 0.000910
3577 0.000910
3578 0.000910
3579 0.000909
3580 0.000909
3581 0.000909
3582 0.000909
3583 0.000908
3584 0.000908
3585 0.000908
3586 0.000908
3587 0.000907
3588 0.000907
3589 0.000907
3590 0.000906
3591 0.000906
3592 0.000906
3593 0.000906
3594 0.000905
3595 0.000905
3596 0.000905
3597 0.000905
3598 0.000904
3599 0.000904
3600 0.000904
3601 0.000904
3602 0.000903
3603 0.000903
3604 0.000903
3605 0.000903
3606 0.000902
3607 0.000902
3608 0.000902
3609 0.000901
3610 0.000901
3611 0.000901
3612 0.000901
3613 0.000900
3614 0.000900
3615 0.000900
3616 0.000900
3617 0.000899
3618 0.000899
3619 0.000899
3620 0.000899
3621 0.000898
3622 0.000898
3623 0.000898
3624 0.000898
3625 0.000897
3626 0.000897
3627 0.000897
3628 0.000896
3629 0.000896
3630 0.000896
3631 0.000896
3632 0.000895
3633 0.000895
3634 0.000895
3635 0.000895
3636 0.000894
3637 0.000894
3638 0.000894
3639 0.000894
3640 0.000893
3641 0.000893
3642 0.000893
3643 0.000893
3644 0.000892
3645 0.000892
3646 0.000892
3647 0.000892
3648 0.000891
3649 0.000891
3650 0.000891
3651 0.000891
3652 0.000890
3653 0.000890
3654 0.000890
3655 0.000890
3656 0.000889
3657 0.000889
3658 0.000889
3659 0.000889
3660 0.000888
3661 0.000888
3662 0.000888
3663 0.000887
3664 0.000887
3665 0.000887
3666 0.000887
3667 0.000886
3668 0.000886
3669 0.000886
3670 0.000886
3671 0.000885
3672 0.000885
3673 0.000885
3674 0.000885
3675 0.000884
3676 0.000884
3677 0.000884
3678 0.000884
3679 0.000883
3680 0.000883
3681 0.000883
3682 0.000883
3683 0.000882
3684 0.000882
3685 0.000882
3686 0.000882
3687 0.000881
3688 0.000881
3689 0.000881
3690 0.000881
3691 0.000880
3692 0.000880
3693 0.000880
3694 0.000880
3695 0.000879
3696 0.000879
3697 0.000879
3698 0.000879
3699 0.000878
3700 0.000878
3701 0.000878
3702 0.000878
3703 0.000877
3704 0.000877
3705 0.000877
3706 0.000877
3707 0.000876
3708 0.000876
3709 0.000876
3710 0.000876
3711 0.000875
3712 0.000875
3713 0.000875
3714 0.000875
3715 0.000874
3716 0.000874
3717 0.000874
3718 0.000874
3719 0.000873
3720 0.000873
3721 0.000873
3722 0.000873
3723 0.000872
3724 0.000872
3725 0.000872
3726 0.000872
3727 0.000871
3728 0.000871
3729 0.000871
3730 0.000871
3731 0.000870
3732 0.000870
3733 0.000870
3734 0.000870
3735 0.000870
3736 0.000869
3737 0.000869
3738 0.000869
3739 0.000869
3740 0.000868
3741 0.000868
3742 0.000868
3743 0.000868
3744 0.000867
3745 0.000867
3746 0.000867
3747 0.000867
3748 0.000866
3749 0.000866
3750 0.000866
3751 0.000866
3752 0.000865
3753 0.000865
3754 0.000865
3755 0.000865
3756 0.000864
3757 0.000864
3758 0.000864
3759 0.000864
3760 0.000863
3761 0.000863
3762 0.000863
3763 0.000863
3764 0.000862
3765 0.000862
3766 0.000862
3767 0.000862
3768 0.000862
3769 0.000861
3770 0.000861
3771 0.000861
3772 0.000861
3773 0.000860
3774 0.000860
3775 0.000860
3776 0.000860
3777 0.000859
3778 0.000859
3779 0.000859
3780 0.000859
3781 0.000858
3782 0.000858
3783 0.000858
3784 0.000858
3785 0.000857
3786 0.000857
3787 0.000857
3788 0.000857
3789 0.000857
3790 0.000856
3791 0.000856
3792 0.000856
3793 0.000856
3794 0.000855
3795 0.000855
3796 0.000855
3797 0.000855
3798 0.000854
3799 0.000854
3800 0.000854
3801 0.000854
3802 0.000853
3803 0.000853
3804 0.000853
3805 0.000853
3806 0.000852
3807 0.000852
3808 0.000852
3809 0.000852
3810 0.000852
3811 0.000851
3812 0.000851
3813 0.000851
3814 0.000851
3815 0.000850
3816 0.000850
3817 0.000850
3818 0.000850
3819 0.000849
3820 0.000849
3821 0.000849
3822 0.000849
3823 0.000849
3824 0.000848
3825 0.000848
3826 0.000848
3827 0.000848
3828 0.000847
3829 0.000847
3830 0.000847
3831 0.000847
3832 0.000846
3833 0.000846
3834 0.000846
3835 0.000846
3836 0.000845
3837 0.000845
3838 0.000845
3839 0.000845
3840 0.000845
3841 0.000844
3842 0.000844
3843 0.000844
3844 0.000844
3845 0.000843
3846 0.000843
3847 0.000843
3848 0.000843
3849 0.000842
3850 0.000842
3851 0.000842
3852 0.000842
3853 0.000842
3854 0.000841
3855 0.000841
3856 0.000841
3857 0.000841
3858 0.000840
3859 0.000840
3860 0.000840
3861 0.000840
3862 0.000840
3863 0.000839
3864 0.000839
3865 0.000839
3866 0.000839
3867 0.000838
3868 0.000838
3869 0.000838
3870 0.000838
3871 0.000837
3872 0.000837
3873 0.000837
3874 0.000837
3875 0.000837
3876 0.000836
3877 0.000836
3878 0.000836
3879 0.000836
3880 0.000835
3881 0.000835
3882 0.000835
3883 0.000835
3884 0.000835
3885 0.000834
3886 0.000834
3887 0.000834
3888 0.000834
3889 0.000833
3890 0.000833
3891 0.000833
3892 0.000833
3893 0.000832
3894 0.000832
3895 0.000832
3896 0.000832
3897 0.000832
3898 0.000831
3899 0.000831
3900 0.000831
3901 0.000831
3902 0.000830
3903 0.000830
3904 0.000830
3905 0.000830
3906 0.000830
3907 0.000829
3908 0.000829
3909 0.000829
3910 0.000829
3911 0.000828
3912 0.000828
3913 0.000828
3914 0.000828
3915 0.000828
3916 0.000827
3917 0.000827
3918 0.000827
3919 0.000827
3920 0.000826
3921 0.000826
3922 0.000826
3923 0.000826
3924 0.000826
3925 0.000825
3926 0.000825
3927 0.000825
3928 0.000825
3929 0.000824
3930 0.000824
3931 0.000824
3932 0.000824
3933 0.000824
3934 0.000823
3935 0.000823
3936 0.000823
3937 0.000823
3938 0.000823
3939 0.000822
3940 0.000822
3941 0.000822
3942 0.000822
3943 0.000821
3944 0.000821
3945 0.000821
3946 0.000821
3947 0.000821
3948 0.000820
3949 0.000820
3950 0.000820
3951 0.000820
3952 0.000819
3953 0.000819
3954 0.000819
3955 0.000819
3956 0.000819
3957 0.000818
3958 0.000818
3959 0.000818
3960 0.000818
3961 0.000817
3962 0.000817
3963 0.000817
3964 0.000817
3965 0.000817
3966 0.000816
3967 0.000816
3968 0.000816
3969 0.000816
3970 0.000816
3971 0.000815
3972 0.000815
3973 0.000815
3974 0.000815
3975 0.000814
3976 0.000814
3977 0.000814
3978 0.000814
3979 0.000814
3980 0.000813
3981 0.000813
3982 0.000813
3983 0.000813
3984 0.000813
3985 0.000812
3986 0.000812
3987 0.000812
3988 0.000812
3989 0.000811
3990 0.000811
3991 0.000811
3992 0.000811
3993 0.000811
3994 0.000810
3995 0.000810
3996 0.000810
3997 0.000810
3998 0.000810
3999 0.000809
4000 0.000809
4001 0.000809
4002 0.000809
4003 0.000808
4004 0.000808
4005 0.000808
4006 0.000808
4007 0.000808
4008 0.000807
4009 0.000807
4010 0.000807
4011 0.000807
4012 0.000807
4013 0.000806
4014 0.000806
4015 0.000806
4016 0.000806
4017 0.000806
4018 0.000805
4019 0.000805
4020 0.000805
4021 0.000805
4022 0.000804
4023 0.000804
4024 0.000804
4025 0.000804
4026 0.000804
4027 0.000803
4028 0.000803
4029 0.000803
4030 0.000803
4031 0.000803
4032 0.000802
4033 0.000802
4034 0.000802
4035 0.000802
4036 0.000802
4037 0.000801
4038 0.000801
4039 0.000801
4040 0.000801
4041 0.000801
4042 0.000800
4043 0.000800
4044 0.000800
4045 0.000800
4046 0.000799
4047 0.000799
4048 0.000799
4049 0.000799
4050 0.000799
4051 0.000798
4052 0.000798
4053 0.000798
4054 0.000798
4055 0.000798
4056 0.000797
4057 0.000797
4058 0.000797
4059 0.000797
4060 0.000797
4061 0.000796
4062 0.000796
4063 0.000796
4064 0.000796
4065 0.000796
4066 0.000795
4067 0.000795
4068 0.000795
4069 0.000795
4070 0.000795
4071 0.000794
4072 0.000794
4073 0.000794
4074 0.000794
4075 0.000793
4076 0.000793
4077 0.000793
4078 0.000793
4079 0.000793
4080 0.000792
4081 0.000792
4082 0.000792
4083 0.000792
4084 0.000792
4085 0.000791
4086 0.000791
4087 0.000791
4088 0.000791
4089 0.000791
4090 0.000790
4091 0.000790
4092 0.000790
4093 0.000790
4094 0.000790
4095 0.000789
4096 0.000789
4097 0.000789
4098 0.000789
4099 0.000789
4100 0.000788
4101 0.000788
4102 0.000788
4103 0.000788
4104 0.000788
4105 0.000787
4106 0.000787
4107 0.000787
4108 0.000787
4109 0.000787
4110 0.000786
4111 0.000786
4112 0.000786
4113 0.000786
4114 0.000786
4115 0.000785
4116 0.000785
4117 0.000785
4118 0.000785
4119 0.000785
4120 0.000784
4121 0.000784
4122 0.000784
4123 0.000784
4124 0.000784
4125 0.000783
4126 0.000783
4127 0.000783
4128 0.000783
4129 0.000783
4130 0.000782
4131 0.000782
4132 0.000782
4133 0.000782
4134 0.000782
4135 0.000781
4136 0.000781
4137 0.000781
4138 0.000781
4139 0.000781
4140 0.000780
4141 0.000780
4142 0.000780
4143 0.000780
4144 0.000780
4145 0.000779
4146 0.000779
4147 0.000779
4148 0.000779
4149 0.000779
4150 0.000778
4151 0.000778
4152 0.000778
4153 0.000778
4154 0.000778
4155 0.000777
4156 0.000777
4157 0.000777
4158 0.000777
4159 0.000777
4160 0.000776
4161 0.000776
4162 0.000776
4163 0.000776
4164 0.000776
4165 0.000776
4166 0.000775
4167 0.000775
4168 0.000775
4169 0.000775
4170 0.000775
4171 0.000774
4172 0.000774
4173 0.000774
4174 0.000774
4175 0.000774
4176 0.000773
4177 0.000773
4178 0.000773
4179 0.000773
4180 0.000773
4181 0.000772
4182 0.000772
4183 0.000772
4184 0.000772
4185 0.000772
4186 0.000771
4187 0.000771
4188 0.000771
4189 0.000771
4190 0.000771
4191 0.000770
4192 0.000770
4193 0.000770
4194 0.000770
4195 0.000770
4196 0.000770
4197 0.000769
4198 0.000769
4199 0.000769
4200 0.000769
4201 0.000769
4202 0.000768
4203 0.000768
4204 0.000768
4205 0.000768
4206 0.000768
4207 0.000767
4208 0.000767
4209 0.000767
4210 0.000767
4211 0.000767
4212 0.000766
4213 0.000766
4214 0.000766
4215 0.000766
4216 0.000766
4217 0.000765
4218 0.000765
4219 0.000765
4220 0.000765
4221 0.000765
4222 0.000765
4223 0.000764
4224 0.000764
4225 0.000764
4226 0.000764
4227 0.000764
4228 0.000763
4229 0.000763
4230 0.000763
4231 0.000763
4232 0.000763
4233 0.000762
4234 0.000762
4235 0.000762
4236 0.000762
4237 0.000762
4238 0.000762
4239 0.000761
4240 0.000761
4241 0.000761
4242 0.000761
4243 0.000761
4244 0.000760
4245 0.000760
4246 0.000760
4247 0.000760
4248 0.000760
4249 0.000759
4250 0.000759
4251 0.000759
4252 0.000759
4253 0.000759
4254 0.000759
4255 0.000758
4256 0.000758
4257 0.000758
4258 0.000758
4259 0.000758
4260 0.000757
4261 0.000757
4262 0.000757
4263 0.000757
4264 0.000757
4265 0.000756
4266 0.000756
4267 0.000756
4268 0.000756
4269 0.000756
4270 0.000756
4271 0.000755
4272 0.000755
4273 0.000755
4274 0.000755
4275 0.000755
4276 0.000754
4277 0.000754
4278 0.000754
4279 0.000754
4280 0.000754
4281 0.000753
4282 0.000753
4283 0.000753
4284 0.000753
4285 0.000753
4286 0.000753
4287 0.000752
4288 0.000752
4289 0.000752
4290 0.000752
4291 0.000752
4292 0.000751
4293 0.000751
4294 0.000751
4295 0.000751
4296 0.000751
4297 0.000751
4298 0.000750
4299 0.000750
4300 0.000750
4301 0.000750
4302 0.000750
4303 0.000749
4304 0.000749
4305 0.000749
4306 0.000749
4307 0.000749
4308 0.000749
4309 0.000748
4310 0.000748
4311 0.000748
4312 0.000748
4313 0.000748
4314 0.000747
4315 0.000747
4316 0.000747
4317 0.000747
4318 0.000747
4319 0.000747
4320 0.000746
4321 0.000746
4322 0.000746
4323 0.000746
4324 0.000746
4325 0.000745
4326 0.000745
4327 0.000745
4328 0.000745
4329 0.000745
4330 0.000745
4331 0.000744
4332 0.000744
4333 0.000744
4334 0.000744
4335 0.000744
4336 0.000743
4337 0.000743
4338 0.000743
4339 0.000743
4340 0.000743
4341 0.000743
4342 0.000742
4343 0.000742
4344 0.000742
4345 0.000742
4346 0.000742
4347 0.000741
4348 0.000741
4349 0.000741
4350 0.000741
4351 0.000741
4352 0.000741
4353 0.000740
4354 0.000740
4355 0.000740
4356 0.000740
4357 0.000740
4358 0.000740
4359 0.000739
4360 0.000739
4361 0.000739
4362 0.000739
4363 0.000739
4364 0.000738
4365 0.000738
4366 0.000738
4367 0.000738
4368 0.000738
4369 0.000738
4370 0.000737
4371 0.000737
4372 0.000737
4373 0.000737
4374 0.000737
4375 0.000737
4376 0.000736
4377 0.000736
4378 0.000736
4379 0.000736
4380 0.000736
4381 0.000735
4382 0.000735
4383 0.000735
4384 0.000735
4385 0.000735
4386 0.000735
4387 0.000734
4388 0.000734
4389 0.000734
4390 0.000734
4391 0.000734
4392 0.000734
4393 0.000733
4394 0.000733
4395 0.000733
4396 0.000733
4397 0.000733
4398 0.000732
4399 0.000732
4400 0.000732
4401 0.000732
4402 0.000732
4403 0.000732
4404 0.000731
4405 0.000731
4406 0.000731
4407 0.000731
4408 0.000731
4409 0.000731
4410 0.000730
4411 0.000730
4412 0.000730
4413 0.000730
4414 0.000730
4415 0.000730
4416 0.000729
4417 0.000729
4418 0.000729
4419 0.000729
4420 0.000729
4421 0.000728
4422 0.000728
4423 0.000728
4424 0.000728
4425 0.000728
4426 0.000728
4427 0.000727
4428 0.000727
4429 0.000727
4430 0.000727
4431 0.000727
4432 0.000727
4433 0.000726
4434 0.000726
4435 0.000726
4436 0.000726
4437 0.000726
4438 0.000726
4439 0.000725
4440 0.000725
4441 0.000725
4442 0.000725
4443 0.000725
4444 0.000725
4445 0.000724
4446 0.000724
4447 0.000724
4448 0.000724
4449 0.000724
4450 0.000724
4451 0.000723
4452 0.000723
4453 0.000723
4454 0.000723
4455 0.000723
4456 0.000722
4457 0.000722
4458 0.000722
4459 0.000722
4460 0.000722
4461 0.000722
4462 0.000721
4463 0.000721
4464 0.000721
4465 0.000721
4466 0.000721
4467 0.000721
4468 0.000720
4469 0.000720
4470 0.000720
4471 0.000720
4472 0.000720
4473 0.000720
4474 0.000719
4475 0.000719
4476 0.000719
4477 0.000719
4478 0.000719
4479 0.000719
4480 0.000718
4481 0.000718
4482 0.000718
4483 0.000718
4484 0.000718
4485 0.000718
4486 0.000717
4487 0.000717
4488 0.000717
4489 0.000717
4490 0.000717
4491 0.000717
4492 0.000716
4493 0.000716
4494 0.000716
4495 0.000716
4496 0.000716
4497 0.000716
4498 0.000715
4499 0.000715
4500 0.000715
4501 0.000715
4502 0.000715
4503 0.000715
4504 0.000714
4505 0.000714
4506 0.000714
4507 0.000714
4508 0.000714
4509 0.000714
4510 0.000713
4511 0.000713
4512 0.000713
4513 0.000713
4514 0.000713
4515 0.000713
4516 0.000712
4517 0.000712
4518 0.000712
4519 0.000712
4520 0.000712
4521 0.000712
4522 0.000711
4523 0.000711
4524 0.000711
4525 0.000711
4526 0.000711
4527 0.000711
4528 0.000710
4529 0.000710
4530 0.000710
4531 0.000710
4532 0.000710
4533 0.000710
4534 0.000709
4535 0.000709
4536 0.000709
4537 0.000709
4538 0.000709
4539 0.000709
4540 0.000708
4541 0.000708
4542 0.000708
4543 0.000708
4544 0.000708
4545 0.000708
4546 0.000708
4547 0.000707
4548 0.000707
4549 0.000707
4550 0.000707
4551 0.000707
4552 0.000707
4553 0.000706
4554 0.000706
4555 0.000706
4556 0.000706
4557 0.000706
4558 0.000706
4559 0.000705
4560 0.000705
4561 0.000705
4562 0.000705
4563 0.000705
4564 0.000705
4565 0.000704
4566 0.000704
4567 0.000704
4568 0.000704
4569 0.000704
4570 0.000704
4571 0.000703
4572 0.000703
4573 0.000703
4574 0.000703
4575 0.000703
4576 0.000703
4577 0.000702
4578 0.000702
4579 0.000702
4580 0.000702
4581 0.000702
4582 0.000702
4583 0.000702
4584 0.000701
4585 0.000701
4586 0.000701
4587 0.000701
4588 0.000701
4589 0.000701
4590 0.000700
4591 0.000700
4592 0.000700
4593 0.000700
4594 0.000700
4595 0.000700
4596 0.000699
4597 0.000699
4598 0.000699
4599 0.000699
4600 0.000699
4601 0.000699
4602 0.000698
4603 0.000698
4604 0.000698
4605 0.000698
4606 0.000698
4607 0.000698
4608 0.000698
4609 0.000697
4610 0.000697
4611 0.000697
4612 0.000697
4613 0.000697
4614 0.000697
4615 0.000696
4616 0.000696
4617 0.000696
4618 0.000696
4619 0.000696
4620 0.000696
4621 0.000695
4622 0.000695
4623 0.000695
4624 0.000695
4625 0.000695
4626 0.000695
4627 0.000695
4628 0.000694
4629 0.000694
4630 0.000694
4631 0.000694
4632 0.000694
4633 0.000694
4634 0.000693
4635 0.000693
4636 0.000693
4637 0.000693
4638 0.000693
4639 0.000693
4640 0.000692
4641 0.000692
4642 0.000692
4643 0.000692
4644 0.000692
4645 0.000692
4646 0.000692
4647 0.000691
4648 0.000691
4649 0.000691
4650 0.000691
4651 0.000691
4652 0.000691
4653 0.000690
4654 0.000690
4655 0.000690
4656 0.000690
4657 0.000690
4658 0.000690
4659 0.000690
4660 0.000689
4661 0.000689
4662 0.000689
4663 0.000689
4664 0.000689
4665 0.000689
4666 0.000688
4667 0.000688
4668 0.000688
4669 0.000688
4670 0.000688
4671 0.000688
4672 0.000688
4673 0.000687
4674 0.000687
4675 0.000687
4676 0.000687
4677 0.000687
4678 0.000687
4679 0.000686
4680 0.000686
4681 0.000686
4682 0.000686
4683 0.000686
4684 0.000686
4685 0.000686
4686 0.000685
4687 0.000685
4688 0.000685
4689 0.000685
4690 0.000685
4691 0.000685
4692 0.000684
4693 0.000684
4694 0.000684
4695 0.000684
4696 0.000684
4697 0.000684
4698 0.000684
4699 0.000683
4700 0.000683
4701 0.000683
4702 0.000683
4703 0.000683
4704 0.000683
4705 0.000682
4706 0.000682
4707 0.000682
4708 0.000682
4709 0.000682
4710 0.000682
4711 0.000682
4712 0.000681
4713 0.000681
4714 0.000681
4715 0.000681
4716 0.000681
4717 0.000681
4718 0.000681
4719 0.000680
4720 0.000680
4721 0.000680
4722 0.000680
4723 0.000680
4724 0.000680
4725 0.000679
4726 0.000679
4727 0.000679
4728 0.000679
4729 0.000679
4730 0.000679
4731 0.000679
4732 0.000678
4733 0.000678
4734 0.000678
4735 0.000678
4736 0.000678
4737 0.000678
4738 0.000677
4739 0.000677
4740 0.000677
4741 0.000677
4742 0.000677
4743 0.000677
4744 0.000677
4745 0.000676
4746 0.000676
4747 0.000676
4748 0.000676
4749 0.000676
4750 0.000676
4751 0.000676
4752 0.000675
4753 0.000675
4754 0.000675
4755 0.000675
4756 0.000675
4757 0.000675
4758 0.000675
4759 0.000674
4760 0.000674
4761 0.000674
4762 0.000674
4763 0.000674
4764 0.000674
4765 0.000673
4766 0.000673
4767 0.000673
4768 0.000673
4769 0.000673
4770 0.000673
4771 0.000673
4772 0.000672
4773 0.000672
4774 0.000672
4775 0.000672
4776 0.000672
4777 0.000672
4778 0.000672
4779 0.000671
4780 0.000671
4781 0.000671
4782 0.000671
4783 0.000671
4784 0.000671
4785 0.000671
4786 0.000670
4787 0.000670
4788 0.000670
4789 0.000670
4790 0.000670
4791 0.000670
4792 0.000669
4793 0.000669
4794 0.000669
4795 0.000669
4796 0.000669
4797 0.000669
4798 0.000669
4799 0.000668
4800 0.000668
4801 0.000668
4802 0.000668
4803 0.000668
4804 0.000668
4805 0.000668
4806 0.000667
4807 0.000667
4808 0.000667
4809 0.000667
4810 0.000667
4811 0.000667
4812 0.000667
4813 0.000666
4814 0.000666
4815 0.000666
4816 0.000666
4817 0.000666
4818 0.000666
4819 0.000666
4820 0.000665
4821 0.000665
4822 0.000665
4823 0.000665
4824 0.000665
4825 0.000665
4826 0.000665
4827 0.000664
4828 0.000664
4829 0.000664
4830 0.000664
4831 0.000664
4832 0.000664
4833 0.000664
4834 0.000663
4835 0.000663
4836 0.000663
4837 0.000663
4838 0.000663
4839 0.000663
4840 0.000663
4841 0.000662
4842 0.000662
4843 0.000662
4844 0.000662
4845 0.000662
4846 0.000662
4847 0.000662
4848 0.000661
4849 0.000661
4850 0.000661
4851 0.000661
4852 0.000661
4853 0.000661
4854 0.000661
4855 0.000660
4856 0.000660
4857 0.000660
4858 0.000660
4859 0.000660
4860 0.000660
4861 0.000660
4862 0.000659
4863 0.000659
4864 0.000659
4865 0.000659
4866 0.000659
4867 0.000659
4868 0.000659
4869 0.000658
4870 0.000658
4871 0.000658
4872 0.000658
4873 0.000658
4874 0.000658
4875 0.000658
4876 0.000657
4877 0.000657
4878 0.000657
4879 0.000657
4880 0.000657
4881 0.000657
4882 0.000657
4883 0.000656
4884 0.000656
4885 0.000656
4886 0.000656
4887 0.000656
4888 0.000656
4889 0.000656
4890 0.000655
4891 0.000655
4892 0.000655
4893 0.000655
4894 0.000655
4895 0.000655
4896 0.000655
4897 0.000654
4898 0.000654
4899 0.000654
4900 0.000654
4901 0.000654
4902 0.000654
4903 0.000654
4904 0.000653
4905 0.000653
4906 0.000653
4907 0.000653
4908 0.000653
4909 0.000653
4910 0.000653
4911 0.000653
4912 0.000652
4913 0.000652
4914 0.000652
4915 0.000652
4916 0.000652
4917 0.000652
4918 0.000652
4919 0.000651
4920 0.000651
4921 0.000651
4922 0.000651
4923 0.000651
4924 0.000651
4925 0.000651
4926 0.000650
4927 0.000650
4928 0.000650
4929 0.000650
4930 0.000650
4931 0.000650
4932 0.000650
4933 0.000649
4934 0.000649
4935 0.000649
4936 0.000649
4937 0.000649
4938 0.000649
4939 0.000649
4940 0.000649
4941 0.000648
4942 0.000648
4943 0.000648
4944 0.000648
4945 0.000648
4946 0.000648
4947 0.000648
4948 0.000647
4949 0.000647
4950 0.000647
4951 0.000647
4952 0.000647
4953 0.000647
4954 0.000647
4955 0.000646
4956 0.000646
4957 0.000646
4958 0.000646
4959 0.000646
4960 0.000646
4961 0.000646
4962 0.000646
4963 0.000645
4964 0.000645
4965 0.000645
4966 0.000645
4967 0.000645
4968 0.000645
4969 0.000645
4970 0.000644
4971 0.000644
4972 0.000644
4973 0.000644
4974 0.000644
4975 0.000644
4976 0.000644
4977 0.000643
4978 0.000643
4979 0.000643
4980 0.000643
4981 0.000643
4982 0.000643
4983 0.000643
4984 0.000643
4985 0.000642
4986 0.000642
4987 0.000642
4988 0.000642
4989 0.000642
4990 0.000642
4991 0.000642
4992 0.000641
4993 0.000641
4994 0.000641
4995 0.000641
4996 0.000641
4997 0.000641
4998 0.000641
4999 0.000641
5000 0.000640
5001 0.000640
5002 0.000640
5003 0.000640
5004 0.000640
5005 0.000640
5006 0.000640
5007 0.000639
5008 0.000639
5009 0.000639
5010 0.000639
5011 0.000639
5012 0.000639
5013 0.000639
5014 0.000638
5015 0.000638
5016 0.000638
5017 0.000638
5018 0.000638
5019 0.000638
5020 0.000638
5021 0.000638
5022 0.000637
5023 0.000637
5024 0.000637
5025 0.000637
5026 0.000637
5027 0.000637
5028 0.000637
5029 0.000637
5030 0.000636
5031 0.000636
5032 0.000636
5033 0.000636
5034 0.000636
5035 0.000636
5036 0.000636
5037 0.000635
5038 0.000635
5039 0.000635
5040 0.000635
5041 0.000635
5042 0.000635
5043 0.000635
5044 0.000635
5045 0.000634
5046 0.000634
5047 0.000634
5048 0.000634
5049 0.000634
5050 0.000634
5051 0.000634
5052 0.000633
5053 0.000633
5054 0.000633
5055 0.000633
5056 0.000633
5057 0.000633
5058 0.000633
5059 0.000633
5060 0.000632
5061 0.000632
5062 0.000632
5063 0.000632
5064 0.000632
5065 0.000632
5066 0.000632
5067 0.000632
5068 0.000631
5069 0.000631
5070 0.000631
5071 0.000631
5072 0.000631
5073 0.000631
5074 0.000631
5075 0.000630
5076 0.000630
5077 0.000630
5078 0.000630
5079 0.000630
5080 0.000630
5081 0.000630
5082 0.000630
5083 0.000629
5084 0.000629
5085 0.000629
5086 0.000629
5087 0.000629
5088 0.000629
5089 0.000629
5090 0.000629
5091 0.000628
5092 0.000628
5093 0.000628
5094 0.000628
5095 0.000628
5096 0.000628
5097 0.000628
5098 0.000627
5099 0.000627
5100 0.000627
5101 0.000627
5102 0.000627
5103 0.000627
5104 0.000627
5105 0.000627
5106 0.000626
5107 0.000626
5108 0.000626
5109 0.000626
5110 0.000626
5111 0.000626
5112 0.000626
5113 0.000626
5114 0.000625
5115 0.000625
5116 0.000625
5117 0.000625
5118 0.000625
5119 0.000625
5120 0.000625
5121 0.000625
5122 0.000624
5123 0.000624
5124 0.000624
5125 0.000624
5126 0.000624
5127 0.000624
5128 0.000624
5129 0.000624
5130 0.000623
5131 0.000623
5132 0.000623
5133 0.000623
5134 0.000623
5135 0.000623
5136 0.000623
5137 0.000623
5138 0.000622
5139 0.000622
5140 0.000622
5141 0.000622
5142 0.000622
5143 0.000622
5144 0.000622
5145 0.000621
5146 0.000621
5147 0.000621
5148 0.000621
5149 0.000621
5150 0.000621
5151 0.000621
5152 0.000621
5153 0.000620
5154 0.000620
5155 0.000620
5156 0.000620
5157 0.000620
5158 0.000620
5159 0.000620
5160 0.000620
5161 0.000619
5162 0.000619
5163 0.000619
5164 0.000619
5165 0.000619
5166 0.000619
5167 0.000619
5168 0.000619
5169 0.000618
5170 0.000618
5171 0.000618
5172 0.000618
5173 0.000618
5174 0.000618
5175 0.000618
5176 0.000618
5177 0.000617
5178 0.000617
5179 0.000617
5180 0.000617
5181 0.000617
5182 0.000617
5183 0.000617
5184 0.000617
5185 0.000616
5186 0.000616
5187 0.000616
5188 0.000616
5189 0.000616
5190 0.000616
5191 0.000616
5192 0.000616
5193 0.000615
5194 0.000615
5195 0.000615
5196 0.000615
5197 0.000615
5198 0.000615
5199 0.000615
5200 0.000615
5201 0.000614
5202 0.000614
5203 0.000614
5204 0.000614
5205 0.000614
5206 0.000614
5207 0.000614
5208 0.000614
5209 0.000614
5210 0.000613
5211 0.000613
5212 0.000613
5213 0.000613
5214 0.000613
5215 0.000613
5216 0.000613
5217 0.000613
5218 0.000612
5219 0.000612
5220 0.000612
5221 0.000612
5222 0.000612
5223 0.000612
5224 0.000612
5225 0.000612
5226 0.000611
5227 0.000611
5228 0.000611
5229 0.000611
5230 0.000611
5231 0.000611
5232 0.000611
5233 0.000611
5234 0.000610
5235 0.000610
5236 0.000610
5237 0.000610
5238 0.000610
5239 0.000610
5240 0.000610
5241 0.000610
5242 0.000609
5243 0.000609
5244 0.000609
5245 0.000609
5246 0.000609
5247 0.000609
5248 0.000609
5249 0.000609
5250 0.000608
5251 0.000608
5252 0.000608
5253 0.000608
5254 0.000608
5255 0.000608
5256 0.000608
5257 0.000608
5258 0.000608
5259 0.000607
5260 0.000607
5261 0.000607
5262 0.000607
5263 0.000607
5264 0.000607
5265 0.000607
5266 0.000607
5267 0.000606
5268 0.000606
5269 0.000606
5270 0.000606
5271 0.000606
5272 0.000606
5273 0.000606
5274 0.000606
5275 0.000605
5276 0.000605
5277 0.000605
5278 0.000605
5279 0.000605
5280 0.000605
5281 0.000605
5282 0.000605
5283 0.000605
5284 0.000604
5285 0.000604
5286 0.000604
5287 0.000604
5288 0.000604
5289 0.000604
5290 0.000604
5291 0.000604
5292 0.000603
5293 0.000603
5294 0.000603
5295 0.000603
5296 0.000603
5297 0.000603
5298 0.000603
5299 0.000603
5300 0.000602
5301 0.000602
5302 0.000602
5303 0.000602
5304 0.000602
5305 0.000602
5306 0.000602
5307 0.000602
5308 0.000602
5309 0.000601
5310 0.000601
5311 0.000601
5312 0.000601
5313 0.000601
5314 0.000601
5315 0.000601
5316 0.000601
5317 0.000600
5318 0.000600
5319 0.000600
5320 0.000600
5321 0.000600
5322 0.000600
5323 0.000600
5324 0.000600
5325 0.000600
5326 0.000599
5327 0.000599
5328 0.000599
5329 0.000599
5330 0.000599
5331 0.000599
5332 0.000599
5333 0.000599
5334 0.000598
5335 0.000598
5336 0.000598
5337 0.000598
5338 0.000598
5339 0.000598
5340 0.000598
5341 0.000598
5342 0.000598
5343 0.000597
5344 0.000597
5345 0.000597
5346 0.000597
5347 0.000597
5348 0.000597
5349 0.000597
5350 0.000597
5351 0.000596
5352 0.000596
5353 0.000596
5354 0.000596
5355 0.000596
5356 0.000596
5357 0.000596
5358 0.000596
5359 0.000596
5360 0.000595
5361 0.000595
5362 0.000595
5363 0.000595
5364 0.000595
5365 0.000595
5366 0.000595
5367 0.000595
5368 0.000595
5369 0.000594
5370 0.000594
5371 0.000594
5372 0.000594
5373 0.000594
5374 0.000594
5375 0.000594
5376 0.000594
5377 0.000593
5378 0.000593
5379 0.000593
5380 0.000593
5381 0.000593
5382 0.000593
5383 0.000593
5384 0.000593
5385 0.000593
5386 0.000592
5387 0.000592
5388 0.000592
5389 0.000592
5390 0.000592
5391 0.000592
5392 0.000592
5393 0.000592
5394 0.000592
5395 0.000591
5396 0.000591
5397 0.000591
5398 0.000591
5399 0.000591
5400 0.000591
5401 0.000591
5402 0.000591
5403 0.000590
5404 0.000590
5405 0.000590
5406 0.000590
5407 0.000590
5408 0.000590
5409 0.000590
5410 0.000590
5411 0.000590
5412 0.000589
5413 0.000589
5414 0.000589
5415 0.000589
5416 0.000589
5417 0.000589
5418 0.000589
5419 0.000589
5420 0.000589
5421 0.000588
5422 0.000588
5423 0.000588
5424 0.000588
5425 0.000588
5426 0.000588
5427 0.000588
5428 0.000588
5429 0.000588
5430 0.000587
5431 0.000587
5432 0.000587
5433 0.000587
5434 0.000587
5435 0.000587
5436 0.000587
5437 0.000587
5438 0.000587
5439 0.000586
5440 0.000586
5441 0.000586
5442 0.000586
5443 0.000586
5444 0.000586
5445 0.000586
5446 0.000586
5447 0.000585
5448 0.000585
5449 0.000585
5450 0.000585
5451 0.000585
5452 0.000585
5453 0.000585
5454 0.000585
5455 0.000585
5456 0.000584
5457 0.000584
5458 0.000584
5459 0.000584
5460 0.000584
5461 0.000584
5462 0.000584
5463 0.000584
5464 0.000584
5465 0.000583
5466 0.000583
5467 0.000583
5468 0.000583
5469 0.000583
5470 0.000583
5471 0.000583
5472 0.000583
5473 0.000583
5474 0.000582
5475 0.000582
5476 0.000582
5477 0.000582
5478 0.000582
5479 0.000582
5480 0.000582
5481 0.000582
5482 0.000582
5483 0.000581
5484 0.000581
5485 0.000581
5486 0.000581
5487 0.000581
5488 0.000581
5489 0.000581
5490 0.000581
5491 0.000581
5492 0.000580
5493 0.000580
5494 0.000580
5495 0.000580
5496 0.000580
5497 0.000580
5498 0.000580
5499 0.000580
5500 0.000580
5501 0.000579
5502 0.000579
5503 0.000579
5504 0.000579
5505 0.000579
5506 0.000579
5507 0.000579
5508 0.000579
5509 0.000579
5510 0.000578
5511 0.000578
5512 0.000578
5513 0.000578
5514 0.000578
5515 0.000578
5516 0.000578
5517 0.000578
5518 0.000578
5519 0.000578
5520 0.000577
5521 0.000577
5522 0.000577
5523 0.000577
5524 0.000577
5525 0.000577
5526 0.000577
5527 0.000577
5528 0.000577
5529 0.000576
5530 0.000576
5531 0.000576
5532 0.000576
5533 0.000576
5534 0.000576
5535 0.000576
5536 0.000576
5537 0.000576
5538 0.000575
5539 0.000575
5540 0.000575
5541 0.000575
5542 0.000575
5543 0.000575
5544 0.000575
5545 0.000575
5546 0.000575
5547 0.000574
5548 0.000574
5549 0.000574
5550 0.000574
5551 0.000574
5552 0.000574
5553 0.000574
5554 0.000574
5555 0.000574
5556 0.000573
5557 0.000573
5558 0.000573
5559 0.000573
5560 0.000573
5561 0.000573
5562 0.000573
5563 0.000573
5564 0.000573
5565 0.000573
5566 0.000572
5567 0.000572
5568 0.000572
5569 0.000572
5570 0.000572
5571 0.000572
5572 0.000572
5573 0.000572
5574 0.000572
5575 0.000571
5576 0.000571
5577 0.000571
5578 0.000571
5579 0.000571
5580 0.000571
5581 0.000571
5582 0.000571
5583 0.000571
5584 0.000570
5585 0.000570
5586 0.000570
5587 0.000570
5588 0.000570
5589 0.000570
5590 0.000570
5591 0.000570
5592 0.000570
5593 0.000570
5594 0.000569
5595 0.000569
5596 0.000569
5597 0.000569
5598 0.000569
5599 0.000569
5600 0.000569
5601 0.000569
5602 0.000569
5603 0.000568
5604 0.000568
5605 0.000568
5606 0.000568
5607 0.000568
5608 0.000568
5609 0.000568
5610 0.000568
5611 0.000568
5612 0.000568
5613 0.000567
5614 0.000567
5615 0.000567
5616 0.000567
5617 0.000567
5618 0.000567
5619 0.000567
5620 0.000567
5621 0.000567
5622 0.000566
5623 0.000566
5624 0.000566
5625 0.000566
5626 0.000566
5627 0.000566
5628 0.000566
5629 0.000566
5630 0.000566
5631 0.000566
5632 0.000565
5633 0.000565
5634 0.000565
5635 0.000565
5636 0.000565
5637 0.000565
5638 0.000565
5639 0.000565
5640 0.000565
5641 0.000564
5642 0.000564
5643 0.000564
5644 0.000564
5645 0.000564
5646 0.000564
5647 0.000564
5648 0.000564
5649 0.000564
5650 0.000564
5651 0.000563
5652 0.000563
5653 0.000563
5654 0.000563
5655 0.000563
5656 0.000563
5657 0.000563
5658 0.000563
5659 0.000563
5660 0.000562
5661 0.000562
5662 0.000562
5663 0.000562
5664 0.000562
5665 0.000562
5666 0.000562
5667 0.000562
5668 0.000562
5669 0.000562
5670 0.000561
5671 0.000561
5672 0.000561
5673 0.000561
5674 0.000561
5675 0.000561
5676 0.000561
5677 0.000561
5678 0.000561
5679 0.000561
5680 0.000560
5681 0.000560
5682 0.000560
5683 0.000560
5684 0.000560
5685 0.000560
5686 0.000560
5687 0.000560
5688 0.000560
5689 0.000559
5690 0.000559
5691 0.000559
5692 0.000559
5693 0.000559
5694 0.000559
5695 0.000559
5696 0.000559
5697 0.000559
5698 0.000559
5699 0.000558
5700 0.000558
5701 0.000558
5702 0.000558
5703 0.000558
5704 0.000558
5705 0.000558
5706 0.000558
5707 0.000558
5708 0.000558
5709 0.000557
5710 0.000557
5711 0.000557
5712 0.000557
5713 0.000557
5714 0.000557
5715 0.000557
5716 0.000557
5717 0.000557
5718 0.000557
5719 0.000556
5720 0.000556
5721 0.000556
5722 0.000556
5723 0.000556
5724 0.000556
5725 0.000556
5726 0.000556
5727 0.000556
5728 0.000556
5729 0.000555
5730 0.000555
5731 0.000555
5732 0.000555
5733 0.000555
5734 0.000555
5735 0.000555
5736 0.000555
5737 0.000555
5738 0.000554
5739 0.000554
5740 0.000554
5741 0.000554
5742 0.000554
5743 0.000554
5744 0.000554
5745 0.000554
5746 0.000554
5747 0.000554
5748 0.000553
5749 0.000553
5750 0.000553
5751 0.000553
5752 0.000553
5753 0.000553
5754 0.000553
5755 0.000553
5756 0.000553
5757 0.000553
5758 0.000552
5759 0.000552
5760 0.000552
5761 0.000552
5762 0.000552
5763 0.000552
5764 0.000552
5765 0.000552
5766 0.000552
5767 0.000552
5768 0.000551
5769 0.000551
5770 0.000551
5771 0.000551
5772 0.000551
5773 0.000551
5774 0.000551
5775 0.000551
5776 0.000551
5777 0.000551
5778 0.000550
5779 0.000550
5780 0.000550
5781 0.000550
5782 0.000550
5783 0.000550
5784 0.000550
5785 0.000550
5786 0.000550
5787 0.000550
5788 0.000549
5789 0.000549
5790 0.000549
5791 0.000549
5792 0.000549
5793 0.000549
5794 0.000549
5795 0.000549
5796 0.000549
5797 0.000549
5798 0.000548
5799 0.000548
5800 0.000548
5801 0.000548
5802 0.000548
5803 0.000548
5804 0.000548
5805 0.000548
5806 0.000548
5807 0.000548
5808 0.000548
5809 0.000547
5810 0.000547
5811 0.000547
5812 0.000547
5813 0.000547
5814 0.000547
5815 0.000547
5816 0.000547
5817 0.000547
5818 0.000547
5819 0.000546
5820 0.000546
5821 0.000546
5822 0.000546
5823 0.000546
5824 0.000546
5825 0.000546
5826 0.000546
5827 0.000546
5828 0.000546
5829 0.000545
5830 0.000545
5831 0.000545
5832 0.000545
5833 0.000545
5834 0.000545
5835 0.000545
5836 0.000545
5837 0.000545
5838 0.000545
5839 0.000544
5840 0.000544
5841 0.000544
5842 0.000544
5843 0.000544
5844 0.000544
5845 0.000544
5846 0.000544
5847 0.000544
5848 0.000544
5849 0.000544
5850 0.000543
5851 0.000543
5852 0.000543
5853 0.000543
5854 0.000543
5855 0.000543
5856 0.000543
5857 0.000543
5858 0.000543
5859 0.000543
5860 0.000542
5861 0.000542
5862 0.000542
5863 0.000542
5864 0.000542
5865 0.000542
5866 0.000542
5867 0.000542
5868 0.000542
5869 0.000542
5870 0.000541
5871 0.000541
5872 0.000541
5873 0.000541
5874 0.000541
5875 0.000541
5876 0.000541
5877 0.000541
5878 0.000541
5879 0.000541
5880 0.000541
5881 0.000540
5882 0.000540
5883 0.000540
5884 0.000540
5885 0.000540
5886 0.000540
5887 0.000540
5888 0.000540
5889 0.000540
5890 0.000540
5891 0.000539
5892 0.000539
5893 0.000539
5894 0.000539
5895 0.000539
5896 0.000539
5897 0.000539
5898 0.000539
5899 0.000539
5900 0.000539
5901 0.000538
5902 0.000538
5903 0.000538
5904 0.000538
5905 0.000538
5906 0.000538
5907 0.000538
5908 0.000538
5909 0.000538
5910 0.000538
5911 0.000538
5912 0.000537
5913 0.000537
5914 0.000537
5915 0.000537
5916 0.000537
5917 0.000537
5918 0.000537
5919 0.000537
5920 0.000537
5921 0.000537
5922 0.000537
5923 0.000536
5924 0.000536
5925 0.000536
5926 0.000536
5927 0.000536
5928 0.000536
5929 0.000536
5930 0.000536
5931 0.000536
5932 0.000536
5933 0.000535
5934 0.000535
5935 0.000535
5936 0.000535
5937 0.000535
5938 0.000535
5939 0.000535
5940 0.000535
5941 0.000535
5942 0.000535
5943 0.000535
5944 0.000534
5945 0.000534
5946 0.000534
5947 0.000534
5948 0.000534
5949 0.000534
5950 0.000534
5951 0.000534
5952 0.000534
5953 0.000534
5954 0.000533
5955 0.000533
5956 0.000533
5957 0.000533
5958 0.000533
5959 0.000533
5960 0.000533
5961 0.000533
5962 0.000533
5963 0.000533
5964 0.000533
5965 0.000532
5966 0.000532
5967 0.000532
5968 0.000532
5969 0.000532
5970 0.000532
5971 0.000532
5972 0.000532
5973 0.000532
5974 0.000532
5975 0.000532
5976 0.000531
5977 0.000531
5978 0.000531
5979 0.000531
5980 0.000531
5981 0.000531
5982 0.000531
5983 0.000531
5984 0.000531
5985 0.000531
5986 0.000531
5987 0.000530
5988 0.000530
5989 0.000530
5990 0.000530
5991 0.000530
5992 0.000530
5993 0.000530
5994 0.000530
5995 0.000530
5996 0.000530
5997 0.000529
5998 0.000529
5999 0.000529
6000 0.000529
6001 0.000529
6002 0.000529
6003 0.000529
6004 0.000529
6005 0.000529
6006 0.000529
6007 0.000529
6008 0.000528
6009 0.000528
6010 0.000528
6011 0.000528
6012 0.000528
6013 0.000528
6014 0.000528
6015 0.000528
6016 0.000528
6017 0.000528
6018 0.000528
6019 0.000527
6020 0.000527
6021 0.000527
6022 0.000527
6023 0.000527
6024 0.000527
6025 0.000527
6026 0.000527
6027 0.000527
6028 0.000527
6029 0.000527
6030 0.000526
6031 0.000526
6032 0.000526
6033 0.000526
6034 0.000526
6035 0.000526
6036 0.000526
6037 0.000526
6038 0.000526
6039 0.000526
6040 0.000526
6041 0.000525
6042 0.000525
6043 0.000525
6044 0.000525
6045 0.000525
6046 0.000525
6047 0.000525
6048 0.000525
6049 0.000525
6050 0.000525
6051 0.000525
6052 0.000524
6053 0.000524
6054 0.000524
6055 0.000524
6056 0.000524
6057 0.000524
6058 0.000524
6059 0.000524
6060 0.000524
6061 0.000524
6062 0.000524
6063 0.000523
6064 0.000523
6065 0.000523
6066 0.000523
6067 0.000523
6068 0.000523
6069 0.000523
6070 0.000523
6071 0.000523
6072 0.000523
6073 0.000523
6074 0.000522
6075 0.000522
6076 0.000522
6077 0.000522
6078 0.000522
6079 0.000522
6080 0.000522
6081 0.000522
6082 0.000522
6083 0.000522
6084 0.000522
6085 0.000522
6086 0.000521
6087 0.000521
6088 0.000521
6089 0.000521
6090 0.000521
6091 0.000521
6092 0.000521
6093 0.000521
6094 0.000521
6095 0.000521
6096 0.000521
6097 0.000520
6098 0.000520
6099 0.000520
6100 0.000520
6101 0.000520
6102 0.000520
6103 0.000520
6104 0.000520
6105 0.000520
6106 0.000520
6107 0.000520
6108 0.000519
6109 0.000519
6110 0.000519
6111 0.000519
6112 0.000519
6113 0.000519
6114 0.000519
6115 0.000519
6116 0.000519
6117 0.000519
6118 0.000519
6119 0.000518
6120 0.000518
6121 0.000518
6122 0.000518
6123 0.000518
6124 0.000518
6125 0.000518
6126 0.000518
6127 0.000518
6128 0.000518
6129 0.000518
6130 0.000518
6131 0.000517
6132 0.000517
6133 0.000517
6134 0.000517
6135 0.000517
6136 0.000517
6137 0.000517
6138 0.000517
6139 0.000517
6140 0.000517
6141 0.000517
6142 0.000516
6143 0.000516
6144 0.000516
6145 0.000516
6146 0.000516
6147 0.000516
6148 0.000516
6149 0.000516
6150 0.000516
6151 0.000516
6152 0.000516
6153 0.000515
6154 0.000515
6155 0.000515
6156 0.000515
6157 0.000515
6158 0.000515
6159 0.000515
6160 0.000515
6161 0.000515
6162 0.000515
6163 0.000515
6164 0.000515
6165 0.000514
6166 0.000514
6167 0.000514
6168 0.000514
6169 0.000514
6170 0.000514
6171 0.000514
6172 0.000514
6173 0.000514
6174 0.000514
6175 0.000514
6176 0.000513
6177 0.000513
6178 0.000513
6179 0.000513
6180 0.000513
6181 0.000513
6182 0.000513
6183 0.000513
6184 0.000513
6185 0.000513
6186 0.000513
6187 0.000513
6188 0.000512
6189 0.000512
6190 0.000512
6191 0.000512
6192 0.000512
6193 0.000512
6194 0.000512
6195 0.000512
6196 0.000512
6197 0.000512
6198 0.000512
6199 0.000511
6200 0.000511
6201 0.000511
6202 0.000511
6203 0.000511
6204 0.000511
6205 0.000511
6206 0.000511
6207 0.000511
6208 0.000511
6209 0.000511
6210 0.000511
6211 0.000510
6212 0.000510
6213 0.000510
6214 0.000510
6215 0.000510
6216 0.000510
6217 0.000510
6218 0.000510
6219 0.000510
6220 0.000510
6221 0.000510
6222 0.000510
6223 0.000509
6224 0.000509
6225 0.000509
6226 0.000509
6227 0.000509
6228 0.000509
6229 0.000509
6230 0.000509
6231 0.000509
6232 0.000509
6233 0.000509
6234 0.000508
6235 0.000508
6236 0.000508
6237 0.000508
6238 0.000508
6239 0.000508
6240 0.000508
6241 0.000508
6242 0.000508
6243 0.000508
6244 0.000508
6245 0.000508
6246 0.000507
6247 0.000507
6248 0.000507
6249 0.000507
6250 0.000507
6251 0.000507
6252 0.000507
6253 0.000507
6254 0.000507
6255 0.000507
6256 0.000507
6257 0.000507
6258 0.000506
6259 0.000506
6260 0.000506
6261 0.000506
6262 0.000506
6263 0.000506
6264 0.000506
6265 0.000506
6266 0.000506
6267 0.000506
6268 0.000506
6269 0.000506
6270 0.000505
6271 0.000505
6272 0.000505
6273 0.000505
6274 0.000505
6275 0.000505
6276 0.000505
6277 0.000505
6278 0.000505
6279 0.000505
6280 0.000505
6281 0.000505
6282 0.000504
6283 0.000504
6284 0.000504
6285 0.000504
6286 0.000504
6287 0.000504
6288 0.000504
6289 0.000504
6290 0.000504
6291 0.000504
6292 0.000504
6293 0.000504
6294 0.000503
6295 0.000503
6296 0.000503
6297 0.000503
6298 0.000503
6299 0.000503
6300 0.000503
6301 0.000503
6302 0.000503
6303 0.000503
6304 0.000503
6305 0.000503
6306 0.000502
6307 0.000502
6308 0.000502
6309 0.000502
6310 0.000502
6311 0.000502
6312 0.000502
6313 0.000502
6314 0.000502
6315 0.000502
6316 0.000502
6317 0.000502
6318 0.000501
6319 0.000501
6320 0.000501
6321 0.000501
6322 0.000501
6323 0.000501
6324 0.000501
6325 0.000501
6326 0.000501
6327 0.000501
6328 0.000501
6329 0.000501
6330 0.000500
6331 0.000500
6332 0.000500
6333 0.000500
6334 0.000500
6335 0.000500
