0 15.893618
1 15.230155
2 11.578432
3 8.076517
4 5.611165
5 4.013498
6 2.988408
7 2.308855
8 1.838015
9 1.499487
10 1.249022
11 1.059276
12 0.912499
13 0.796789
14 0.703980
15 0.628362
16 0.565872
17 0.513567
18 0.469282
19 0.431400
20 0.398692
21 0.370216
22 0.345236
23 0.323172
24 0.303562
25 0.286034
26 0.270285
27 0.256067
28 0.243175
29 0.231438
30 0.220712
31 0.210877
32 0.201829
33 0.193481
34 0.185755
35 0.178589
36 0.171923
37 0.165711
38 0.159906
39 0.154473
40 0.149378
41 0.144590
42 0.140084
43 0.135835
44 0.131824
45 0.128030
46 0.124438
47 0.121032
48 0.117799
49 0.114725
50 0.111800
51 0.109013
52 0.106355
53 0.103818
54 0.101393
55 0.099073
56 0.096853
57 0.094725
58 0.092685
59 0.090726
60 0.088845
61 0.087037
62 0.085297
63 0.083623
64 0.082010
65 0.080456
66 0.078957
67 0.077510
68 0.076113
69 0.074764
70 0.073459
71 0.072198
72 0.070977
73 0.069795
74 0.068650
75 0.067540
76 0.066464
77 0.065421
78 0.064408
79 0.063426
80 0.062471
81 0.061544
82 0.060642
83 0.059766
84 0.058913
85 0.058084
86 0.057277
87 0.056490
88 0.055725
89 0.054979
90 0.054252
91 0.053543
92 0.052852
93 0.052178
94 0.051520
95 0.050877
96 0.050250
97 0.049638
98 0.049040
99 0.048455
100 0.047884
101 0.047326
102 0.046780
103 0.046246
104 0.045723
105 0.045212
106 0.044712
107 0.044222
108 0.043743
109 0.043273
110 0.042813
111 0.042362
112 0.041921
113 0.041488
114 0.041064
115 0.040648
116 0.040240
117 0.039839
118 0.039447
119 0.039062
120 0.038684
121 0.038313
122 0.037949
123 0.037591
124 0.037240
125 0.036895
126 0.036556
127 0.036223
128 0.035896
129 0.035575
130 0.035259
131 0.034949
132 0.034643
133 0.034343
134 0.034048
135 0.033758
136 0.033472
137 0.033191
138 0.032915
139 0.032643
140 0.032375
141 0.032111
142 0.031852
143 0.031597
144 0.031345
145 0.031098
146 0.030854
147 0.030613
148 0.030377
149 0.030144
150 0.029914
151 0.029688
152 0.029465
153 0.029245
154 0.029028
155 0.028815
156 0.028604
157 0.028397
158 0.028192
159 0.027990
160 0.027791
161 0.027595
162 0.027401
163 0.027210
164 0.027021
165 0.026835
166 0.026652
167 0.026471
168 0.026292
169 0.026115
170 0.025941
171 0.025769
172 0.025599
173 0.025432
174 0.025266
175 0.025103
176 0.024942
177 0.024782
178 0.024625
179 0.024469
180 0.024316
181 0.024164
182 0.024014
183 0.023866
184 0.023720
185 0.023575
186 0.023432
187 0.023291
188 0.023151
189 0.023013
190 0.022877
191 0.022742
192 0.022608
193 0.022477
194 0.022346
195 0.022217
196 0.022090
197 0.021964
198 0.021839
199 0.021716
200 0.021594
201 0.021473
202 0.021354
203 0.021236
204 0.021119
205 0.021004
206 0.020889
207 0.020776
208 0.020664
209 0.020553
210 0.020444
211 0.020335
212 0.020228
213 0.020122
214 0.020016
215 0.019912
216 0.019809
217 0.019707
218 0.019606
219 0.019506
220 0.019407
221 0.019309
222 0.019211
223 0.019115
224 0.019020
225 0.018926
226 0.018832
227 0.018740
228 0.018648
229 0.018557
230 0.018467
231 0.018378
232 0.018290
233 0.018202
234 0.018116
235 0.018030
236 0.017945
237 0.017860
238 0.017777
239 0.017694
240 0.017612
241 0.017531
242 0.017450
243 0.017370
244 0.017291
245 0.017213
246 0.017135
247 0.017058
248 0.016981
249 0.016906
250 0.016831
251 0.016756
252 0.016682
253 0.016609
254 0.016537
255 0.016465
256 0.016393
257 0.016323
258 0.016252
259 0.016183
260 0.016114
261 0.016045
262 0.015978
263 0.015910
264 0.015844
265 0.015777
266 0.015712
267 0.015647
268 0.015582
269 0.015518
270 0.015454
271 0.015391
272 0.015329
273 0.015266
274 0.015205
275 0.015144
276 0.015083
277 0.015023
278 0.014963
279 0.014904
280 0.014845
281 0.014787
282 0.014729
283 0.014671
284 0.014614
285 0.014558
286 0.014502
287 0.014446
288 0.014390
289 0.014336
290 0.014281
291 0.014227
292 0.014173
293 0.014120
294 0.014067
295 0.014014
296 0.013962
297 0.013910
298 0.013859
299 0.013808
300 0.013757
301 0.013707
302 0.013657
303 0.013607
304 0.013558
305 0.013509
306 0.013460
307 0.013412
308 0.013364
309 0.013317
310 0.013269
311 0.013223
312 0.013176
313 0.013130
314 0.013084
315 0.013038
316 0.012993
317 0.012948
318 0.012903
319 0.012858
320 0.012814
321 0.012770
322 0.012727
323 0.012684
324 0.012641
325 0.012598
326 0.012556
327 0.012513
328 0.012472
329 0.012430
330 0.012389
331 0.012348
332 0.012307
333 0.012266
334 0.012226
335 0.012186
336 0.012146
337 0.012107
338 0.012067
339 0.012028
340 0.011990
341 0.011951
342 0.011913
343 0.011875
344 0.011837
345 0.011799
346 0.011762
347 0.011725
348 0.011688
349 0.011651
350 0.011615
351 0.011579
352 0.011543
353 0.011507
354 0.011471
355 0.011436
356 0.011401
357 0.011366
358 0.011331
359 0.011297
360 0.011262
361 0.011228
362 0.011194
363 0.011161
364 0.011127
365 0.011094
366 0.011061
367 0.011028
368 0.010995
369 0.010963
370 0.010930
371 0.010898
372 0.010866
373 0.010834
374 0.010803
375 0.010771
376 0.010740
377 0.010709
378 0.010678
379 0.010647
380 0.010616
381 0.010586
382 0.010556
383 0.010526
384 0.010496
385 0.010466
386 0.010437
387 0.010407
388 0.010378
389 0.010349
390 0.010320
391 0.010291
392 0.010263
393 0.010234
394 0.010206
395 0.010178
396 0.010150
397 0.010122
398 0.010094
399 0.010066
400 0.010039
401 0.010012
402 0.009985
403 0.009958
404 0.009931
405 0.009904
406 0.009878
407 0.009851
408 0.009825
409 0.009799
410 0.009773
411 0.009747
412 0.009721
413 0.009696
414 0.009670
415 0.009645
416 0.009619
417 0.009594
418 0.009569
419 0.009545
420 0.009520
421 0.009495
422 0.009471
423 0.009447
424 0.009422
425 0.009398
426 0.009374
427 0.009350
428 0.009327
429 0.009303
430 0.009279
431 0.009256
432 0.009233
433 0.009210
434 0.009187
435 0.009164
436 0.009141
437 0.009118
438 0.009096
439 0.009073
440 0.009051
441 0.009028
442 0.009006
443 0.008984
444 0.008962
445 0.008940
446 0.008919
447 0.008897
448 0.008875
449 0.008854
450 0.008833
451 0.008811
452 0.008790
453 0.008769
454 0.008748
455 0.008727
456 0.008707
457 0.008686
458 0.008665
459 0.008645
460 0.008625
461 0.008604
462 0.008584
463 0.008564
464 0.008544
465 0.008524
466 0.008504
467 0.008485
468 0.008465
469 0.008445
470 0.008426
471 0.008406
472 0.008387
473 0.008368
474 0.008349
475 0.008330
476 0.008311
477 0.008292
478 0.008273
479 0.008255
480 0.008236
481 0.008217
482 0.008199
483 0.008181
484 0.008162
485 0.008144
486 0.008126
487 0.008108
488 0.008090
489 0.008072
490 0.008054
491 0.008036
492 0.008019
493 0.008001
494 0.007984
495 0.007966
496 0.007949
497 0.007932
498 0.007914
499 0.007897
500 0.007880
501 0.007863
502 0.007846
503 0.007829
504 0.007813
505 0.007796
506 0.007779
507 0.007763
508 0.007746
509 0.007730
510 0.007713
511 0.007697
512 0.007681
513 0.007665
514 0.007648
515 0.007632
516 0.007616
517 0.007600
518 0.007585
519 0.007569
520 0.007553
521 0.007537
522 0.007522
523 0.007506
524 0.007491
525 0.007476
526 0.007460
527 0.007445
528 0.007430
529 0.007415
530 0.007399
531 0.007384
532 0.007369
533 0.007354
534 0.007340
535 0.007325
536 0.007310
537 0.007295
538 0.007281
539 0.007266
540 0.007252
541 0.007237
542 0.007223
543 0.007208
544 0.007194
545 0.007180
546 0.007166
547 0.007152
548 0.007138
549 0.007124
550 0.007110
551 0.007096
552 0.007082
553 0.007068
554 0.007054
555 0.007041
556 0.007027
557 0.007013
558 0.007000
559 0.006986
560 0.006973
561 0.006959
562 0.006946
563 0.006933
564 0.006920
565 0.006906
566 0.006893
567 0.006880
568 0.006867
569 0.006854
570 0.006841
571 0.006828
572 0.006815
573 0.006803
574 0.006790
575 0.006777
576 0.006764
577 0.006752
578 0.006739
579 0.006727
580 0.006714
581 0.006702
582 0.006689
583 0.006677
584 0.006665
585 0.006653
586 0.006640
587 0.006628
588 0.006616
589 0.006604
590 0.006592
591 0.006580
592 0.006568
593 0.006556
594 0.006544
595 0.006532
596 0.006521
597 0.006509
598 0.006497
599 0.006485
600 0.006474
601 0.006462
602 0.006451
603 0.006439
604 0.006428
605 0.006416
606 0.006405
607 0.006394
608 0.006382
609 0.006371
610 0.006360
611 0.006349
612 0.006337
613 0.006326
614 0.006315
615 0.006304
616 0.006293
617 0.006282
618 0.006271
619 0.006260
620 0.006250
621 0.006239
622 0.006228
623 0.006217
624 0.006207
625 0.006196
626 0.006185
627 0.006175
628 0.006164
629 0.006154
630 0.006143
631 0.006133
632 0.006122
633 0.006112
634 0.006101
635 0.006091
636 0.006081
637 0.006071
638 0.006060
639 0.006050
640 0.006040
641 0.006030
642 0.006020
643 0.006010
644 0.006000
645 0.005990
646 0.005980
647 0.005970
648 0.005960
649 0.005950
650 0.005940
651 0.005931
652 0.005921
653 0.005911
654 0.005901
655 0.005892
656 0.005882
657 0.005873
658 0.005863
659 0.005853
660 0.005844
661 0.005834
662 0.005825
663 0.005816
664 0.005806
665 0.005797
666 0.005787
667 0.005778
668 0.005769
669 0.005760
670 0.005750
671 0.005741
672 0.005732
673 0.005723
674 0.005714
675 0.005705
676 0.005696
677 0.005687
678 0.005678
679 0.005669
680 0.005660
681 0.005651
682 0.005642
683 0.005633
684 0.005624
685 0.005616
686 0.005607
687 0.005598
688 0.005589
689 0.005581
690 0.005572
691 0.005563
692 0.005555
693 0.005546
694 0.005538
695 0.005529
696 0.005521
697 0.005512
698 0.005504
699 0.005495
700 0.005487
701 0.005478
702 0.005470
703 0.005462
704 0.005453
705 0.005445
706 0.005437
707 0.005429
708 0.005420
709 0.005412
710 0.005404
711 0.005396
712 0.005388
713 0.005380
714 0.005372
715 0.005364
716 0.005356
717 0.005348
718 0.005340
719 0.005332
720 0.005324
721 0.005316
722 0.005308
723 0.005300
724 0.005292
725 0.005285
726 0.005277
727 0.005269
728 0.005261
729 0.005254
730 0.005246
731 0.005238
732 0.005230
733 0.005223
734 0.005215
735 0.005208
736 0.005200
737 0.005193
738 0.005185
739 0.005178
740 0.005170
741 0.005163
742 0.005155
743 0.005148
744 0.005140
745 0.005133
746 0.005126
747 0.005118
748 0.005111
749 0.005104
750 0.005096
751 0.005089
752 0.005082
753 0.005075
754 0.005067
755 0.005060
756 0.005053
757 0.005046
758 0.005039
759 0.005032
760 0.005025
761 0.005018
762 0.005011
763 0.005004
764 0.004997
765 0.004990
766 0.004983
767 0.004976
768 0.004969
769 0.004962
770 0.004955
771 0.004948
772 0.004941
773 0.004934
774 0.004928
775 0.004921
776 0.004914
777 0.004907
778 0.004901
779 0.004894
780 0.004887
781 0.004881
782 0.004874
783 0.004867
784 0.004861
785 0.004854
786 0.004847
787 0.004841
788 0.004834
789 0.004828
790 0.004821
791 0.004815
792 0.004808
793 0.004802
794 0.004795
795 0.004789
796 0.004782
797 0.004776
798 0.004770
799 0.004763
800 0.004757
801 0.004751
802 0.004744
803 0.004738
804 0.004732
805 0.004725
806 0.004719
807 0.004713
808 0.004707
809 0.004700
810 0.004694
811 0.004688
812 0.004682
813 0.004676
814 0.004670
815 0.004664
816 0.004657
817 0.004651
818 0.004645
819 0.004639
820 0.004633
821 0.004627
822 0.004621
823 0.004615
824 0.004609
825 0.004603
826 0.004597
827 0.004591
828 0.004585
829 0.004580
830 0.004574
831 0.004568
832 0.004562
833 0.004556
834 0.004550
835 0.004544
836 0.004539
837 0.004533
838 0.004527
839 0.004521
840 0.004516
841 0.004510
842 0.004504
843 0.004499
844 0.004493
845 0.004487
846 0.004482
847 0.004476
848 0.004470
849 0.004465
850 0.004459
851 0.004453
852 0.004448
853 0.004442
854 0.004437
855 0.004431
856 0.004426
857 0.004420
858 0.004415
859 0.004409
860 0.004404
861 0.004398
862 0.004393
863 0.004387
864 0.004382
865 0.004377
866 0.004371
867 0.004366
868 0.004361
869 0.004355
870 0.004350
871 0.004345
872 0.004339
873 0.004334
874 0.004329
875 0.004323
876 0.004318
877 0.004313
878 0.004308
879 0.004302
880 0.004297
881 0.004292
882 0.004287
883 0.004282
884 0.004277
885 0.004271
886 0.004266
887 0.004261
888 0.004256
889 0.004251
890 0.004246
891 0.004241
892 0.004236
893 0.004231
894 0.004226
895 0.004221
896 0.004216
897 0.004211
898 0.004206
899 0.004201
900 0.004196
901 0.004191
902 0.004186
903 0.004181
904 0.004176
905 0.004171
906 0.004166
907 0.004161
908 0.004156
909 0.004151
910 0.004147
911 0.004142
912 0.004137
913 0.004132
914 0.004127
915 0.004123
916 0.004118
917 0.004113
918 0.004108
919 0.004103
920 0.004099
921 0.004094
922 0.004089
923 0.004085
924 0.004080
925 0.004075
926 0.004070
927 0.004066
928 0.004061
929 0.004056
930 0.004052
931 0.004047
932 0.004043
933 0.004038
934 0.004033
935 0.004029
936 0.004024
937 0.004020
938 0.004015
939 0.004011
940 0.004006
941 0.004001
942 0.003997
943 0.003992
944 0.003988
945 0.003983
946 0.003979
947 0.003975
948 0.003970
949 0.003966
950 0.003961
951 0.003957
952 0.003952
953 0.003948
954 0.003944
955 0.003939
956 0.003935
957 0.003930
958 0.003926
959 0.003922
960 0.003917
961 0.003913
962 0.003909
963 0.003904
964 0.003900
965 0.003896
966 0.003891
967 0.003887
968 0.003883
969 0.003879
970 0.003874
971 0.003870
972 0.003866
973 0.003862
974 0.003858
975 0.003853
976 0.003849
977 0.003845
978 0.003841
979 0.003837
980 0.003832
981 0.003828
982 0.003824
983 0.003820
984 0.003816
985 0.003812
986 0.003808
987 0.003804
988 0.003799
989 0.003795
990 0.003791
991 0.003787
992 0.003783
993 0.003779
994 0.003775
995 0.003771
996 0.003767
997 0.003763
998 0.003759
999 0.003755
1000 0.003751
1001 0.003747
1002 0.003743
1003 0.003739
1004 0.003735
1005 0.003731
1006 0.003727
1007 0.003723
1008 0.003719
1009 0.003716
1010 0.003712
1011 0.003708
1012 0.003704
1013 0.003700
1014 0.003696
1015 0.003692
1016 0.003688
1017 0.003685
1018 0.003681
1019 0.003677
1020 0.003673
1021 0.003669
1022 0.003665
1023 0.003662
1024 0.003658
1025 0.003654
1026 0.003650
1027 0.003646
1028 0.003643
1029 0.003639
1030 0.003635
1031 0.003631
1032 0.003628
1033 0.003624
1034 0.003620
1035 0.003617
1036 0.003613
1037 0.003609
1038 0.003605
1039 0.003602
1040 0.003598
1041 0.003594
1042 0.003591
1043 0.003587
1044 0.003583
1045 0.003580
1046 0.003576
1047 0.003573
1048 0.003569
1049 0.003565
1050 0.003562
1051 0.003558
1052 0.003555
1053 0.003551
1054 0.003547
1055 0.003544
1056 0.003540
1057 0.003537
1058 0.003533
1059 0.003530
1060 0.003526
1061 0.003523
1062 0.003519
1063 0.003516
1064 0.003512
1065 0.003509
1066 0.003505
1067 0.003502
1068 0.003498
1069 0.003495
1070 0.003491
1071 0.003488
1072 0.003484
1073 0.003481
1074 0.003477
1075 0.003474
1076 0.003471
1077 0.003467
1078 0.003464
1079 0.003460
1080 0.003457
1081 0.003454
1082 0.003450
1083 0.003447
1084 0.003443
1085 0.003440
1086 0.003437
1087 0.003433
1088 0.003430
1089 0.003427
1090 0.003423
1091 0.003420
1092 0.003417
1093 0.003413
1094 0.003410
1095 0.003407
1096 0.003403
1097 0.003400
1098 0.003397
1099 0.003394
1100 0.003390
1101 0.003387
1102 0.003384
1103 0.003381
1104 0.003377
1105 0.003374
1106 0.003371
1107 0.003368
1108 0.003364
1109 0.003361
1110 0.003358
1111 0.003355
1112 0.003352
1113 0.003348
1114 0.003345
1115 0.003342
1116 0.003339
1117 0.003336
1118 0.003333
1119 0.003329
1120 0.003326
1121 0.003323
1122 0.003320
1123 0.003317
1124 0.003314
1125 0.003311
1126 0.003307
1127 0.003304
1128 0.003301
1129 0.003298
1130 0.003295
1131 0.003292
1132 0.003289
1133 0.003286
1134 0.003283
1135 0.003280
1136 0.003277
1137 0.003274
1138 0.003271
1139 0.003267
1140 0.003264
1141 0.003261
1142 0.003258
1143 0.003255
1144 0.003252
1145 0.003249
1146 0.003246
1147 0.003243
1148 0.003240
1149 0.003237
1150 0.003234
1151 0.003231
1152 0.003228
1153 0.003225
1154 0.003223
1155 0.003220
1156 0.003217
1157 0.003214
1158 0.003211
1159 0.003208
1160 0.003205
1161 0.003202
1162 0.003199
1163 0.003196
1164 0.003193
1165 0.003190
1166 0.003187
1167 0.003185
1168 0.003182
1169 0.003179
1170 0.003176
1171 0.003173
1172 0.003170
1173 0.003167
1174 0.003164
1175 0.003162
1176 0.003159
1177 0.003156
1178 0.003153
1179 0.003150
1180 0.003147
1181 0.003145
1182 0.003142
1183 0.003139
1184 0.003136
1185 0.003133
1186 0.003131
1187 0.003128
1188 0.003125
1189 0.003122
1190 0.003119
1191 0.003117
1192 0.003114
1193 0.003111
1194 0.003108
1195 0.003106
1196 0.003103
1197 0.003100
1198 0.003097
1199 0.003095
1200 0.003092
1201 0.003089
1202 0.003086
1203 0.003084
1204 0.003081
1205 0.003078
1206 0.003076
1207 0.003073
1208 0.003070
1209 0.003068
1210 0.003065
1211 0.003062
1212 0.003060
1213 0.003057
1214 0.003054
1215 0.003052
1216 0.003049
1217 0.003046
1218 0.003044
1219 0.003041
1220 0.003038
1221 0.003036
1222 0.003033
1223 0.003030
1224 0.003028
1225 0.003025
1226 0.003023
1227 0.003020
1228 0.003017
1229 0.003015
1230 0.003012
1231 0.003010
1232 0.003007
1233 0.003004
1234 0.003002
1235 0.002999
1236 0.002997
1237 0.002994
1238 0.002992
1239 0.002989
1240 0.002987
1241 0.002984
1242 0.002981
1243 0.002979
1244 0.002976
1245 0.002974
1246 0.002971
1247 0.002969
1248 0.002966
1249 0.002964
1250 0.002961
1251 0.002959
1252 0.002956
1253 0.002954
1254 0.002951
1255 0.002949
1256 0.002946
1257 0.002944
1258 0.002941
1259 0.002939
1260 0.002936
1261 0.002934
1262 0.002932
1263 0.002929
1264 0.002927
1265 0.002924
1266 0.002922
1267 0.002919
1268 0.002917
1269 0.002914
1270 0.002912
1271 0.002910
1272 0.002907
1273 0.002905
1274 0.002902
1275 0.002900
1276 0.002898
1277 0.002895
1278 0.002893
1279 0.002890
1280 0.002888
1281 0.002886
1282 0.002883
1283 0.002881
1284 0.002878
1285 0.002876
1286 0.002874
1287 0.002871
1288 0.002869
1289 0.002867
1290 0.002864
1291 0.002862
1292 0.002860
1293 0.002857
1294 0.002855
1295 0.002853
1296 0.002850
1297 0.002848
1298 0.002846
1299 0.002843
1300 0.002841
1301 0.002839
1302 0.002836
1303 0.002834
1304 0.002832
1305 0.002830
1306 0.002827
1307 0.002825
1308 0.002823
1309 0.002820
1310 0.002818
1311 0.002816
1312 0.002814
1313 0.002811
1314 0.002809
1315 0.002807
1316 0.002805
1317 0.002802
1318 0.002800
1319 0.002798
1320 0.002796
1321 0.002793
1322 0.002791
1323 0.002789
1324 0.002787
1325 0.002784
1326 0.002782
1327 0.002780
1328 0.002778
1329 0.002776
1330 0.002773
1331 0.002771
1332 0.002769
1333 0.002767
1334 0.002765
1335 0.002762
1336 0.002760
1337 0.002758
1338 0.002756
1339 0.002754
1340 0.002752
1341 0.002749
1342 0.002747
1343 0.002745
1344 0.002743
1345 0.002741
1346 0.002739
1347 0.002736
1348 0.002734
1349 0.002732
1350 0.002730
1351 0.002728
1352 0.002726
1353 0.002724
1354 0.002722
1355 0.002719
1356 0.002717
1357 0.002715
1358 0.002713
1359 0.002711
1360 0.002709
1361 0.002707
1362 0.002705
1363 0.002703
1364 0.002701
1365 0.002698
1366 0.002696
1367 0.002694
1368 0.002692
1369 0.002690
1370 0.002688
1371 0.002686
1372 0.002684
1373 0.002682
1374 0.002680
1375 0.002678
1376 0.002676
1377 0.002674
1378 0.002672
1379 0.002670
1380 0.002667
1381 0.002665
1382 0.002663
1383 0.002661
1384 0.002659
1385 0.002657
1386 0.002655
1387 0.002653
1388 0.002651
1389 0.002649
1390 0.002647
1391 0.002645
1392 0.002643
1393 0.002641
1394 0.002639
1395 0.002637
1396 0.002635
1397 0.002633
1398 0.002631
1399 0.002629
1400 0.002627
1401 0.002625
1402 0.002623
1403 0.002621
1404 0.002619
1405 0.002617
1406 0.002615
1407 0.002614
1408 0.002612
1409 0.002610
1410 0.002608
1411 0.002606
1412 0.002604
1413 0.002602
1414 0.002600
1415 0.002598
1416 0.002596
1417 0.002594
1418 0.002592
1419 0.002590
1420 0.002588
1421 0.002586
1422 0.002584
1423 0.002583
1424 0.002581
1425 0.002579
1426 0.002577
1427 0.002575
1428 0.002573
1429 0.002571
1430 0.002569
1431 0.002567
1432 0.002565
1433 0.002564
1434 0.002562
1435 0.002560
1436 0.002558
1437 0.002556
1438 0.002554
1439 0.002552
1440 0.002550
1441 0.002549
1442 0.002547
1443 0.002545
1444 0.002543
1445 0.002541
1446 0.002539
1447 0.002537
1448 0.002536
1449 0.002534
1450 0.002532
1451 0.002530
1452 0.002528
1453 0.002526
1454 0.002524
1455 0.002523
1456 0.002521
1457 0.002519
1458 0.002517
1459 0.002515
1460 0.002514
1461 0.002512
1462 0.002510
1463 0.002508
1464 0.002506
1465 0.002505
1466 0.002503
1467 0.002501
1468 0.002499
1469 0.002497
1470 0.002496
1471 0.002494
1472 0.002492
1473 0.002490
1474 0.002488
1475 0.002487
1476 0.002485
1477 0.002483
1478 0.002481
1479 0.002480
1480 0.002478
1481 0.002476
1482 0.002474
1483 0.002472
1484 0.002471
1485 0.002469
1486 0.002467
1487 0.002465
1488 0.002464
1489 0.002462
1490 0.002460
1491 0.002459
1492 0.002457
1493 0.002455
1494 0.002453
1495 0.002452
1496 0.002450
1497 0.002448
1498 0.002446
1499 0.002445
1500 0.002443
1501 0.002441
1502 0.002440
1503 0.002438
1504 0.002436
1505 0.002434
1506 0.002433
1507 0.002431
1508 0.002429
1509 0.002428
1510 0.002426
1511 0.002424
1512 0.002423
1513 0.002421
1514 0.002419
1515 0.002417
1516 0.002416
1517 0.002414
1518 0.002412
1519 0.002411
1520 0.002409
1521 0.002407
1522 0.002406
1523 0.002404
1524 0.002402
1525 0.002401
1526 0.002399
1527 0.002397
1528 0.002396
1529 0.002394
1530 0.002393
1531 0.002391
1532 0.002389
1533 0.002388
1534 0.002386
1535 0.002384
1536 0.002383
1537 0.002381
1538 0.002379
1539 0.002378
1540 0.002376
1541 0.002375
1542 0.002373
1543 0.002371
1544 0.002370
1545 0.002368
1546 0.002366
1547 0.002365
1548 0.002363
1549 0.002362
1550 0.002360
1551 0.002358
1552 0.002357
1553 0.002355
1554 0.002354
1555 0.002352
1556 0.002350
1557 0.002349
1558 0.002347
1559 0.002346
1560 0.002344
1561 0.002343
1562 0.002341
1563 0.002339
1564 0.002338
1565 0.002336
1566 0.002335
1567 0.002333
1568 0.002332
1569 0.002330
1570 0.002328
1571 0.002327
1572 0.002325
1573 0.002324
1574 0.002322
1575 0.002321
1576 0.002319
1577 0.002318
1578 0.002316
1579 0.002314
1580 0.002313
1581 0.002311
1582 0.002310
1583 0.002308
1584 0.002307
1585 0.002305
1586 0.002304
1587 0.002302
1588 0.002301
1589 0.002299
1590 0.002298
1591 0.002296
1592 0.002295
1593 0.002293
1594 0.002292
1595 0.002290
1596 0.002288
1597 0.002287
1598 0.002285
1599 0.002284
1600 0.002282
1601 0.002281
1602 0.002279
1603 0.002278
1604 0.002276
1605 0.002275
1606 0.002273
1607 0.002272
1608 0.002271
1609 0.002269
1610 0.002268
1611 0.002266
1612 0.002265
1613 0.002263
1614 0.002262
1615 0.002260
1616 0.002259
1617 0.002257
1618 0.002256
1619 0.002254
1620 0.002253
1621 0.002251
1622 0.002250
1623 0.002248
1624 0.002247
1625 0.002246
1626 0.002244
1627 0.002243
1628 0.002241
1629 0.002240
1630 0.002238
1631 0.002237
1632 0.002235
1633 0.002234
1634 0.002233
1635 0.002231
1636 0.002230
1637 0.002228
1638 0.002227
1639 0.002225
1640 0.002224
1641 0.002223
1642 0.002221
1643 0.002220
1644 0.002218
1645 0.002217
1646 0.002215
1647 0.002214
1648 0.002213
1649 0.002211
1650 0.002210
1651 0.002208
1652 0.002207
1653 0.002206
1654 0.002204
1655 0.002203
1656 0.002201
1657 0.002200
1658 0.002199
1659 0.002197
1660 0.002196
1661 0.002194
1662 0.002193
1663 0.002192
1664 0.002190
1665 0.002189
1666 0.002187
1667 0.002186
1668 0.002185
1669 0.002183
1670 0.002182
1671 0.002181
1672 0.002179
1673 0.002178
1674 0.002176
1675 0.002175
1676 0.002174
1677 0.002172
1678 0.002171
1679 0.002170
1680 0.002168
1681 0.002167
1682 0.002166
1683 0.002164
1684 0.002163
1685 0.002162
1686 0.002160
1687 0.002159
1688 0.002157
1689 0.002156
1690 0.002155
1691 0.002153
1692 0.002152
1693 0.002151
1694 0.002149
1695 0.002148
1696 0.002147
1697 0.002145
1698 0.002144
1699 0.002143
1700 0.002141
1701 0.002140
1702 0.002139
1703 0.002137
1704 0.002136
1705 0.002135
1706 0.002134
1707 0.002132
1708 0.002131
1709 0.002130
1710 0.002128
1711 0.002127
1712 0.002126
1713 0.002124
1714 0.002123
1715 0.002122
1716 0.002120
1717 0.002119
1718 0.002118
1719 0.002117
1720 0.002115
1721 0.002114
1722 0.002113
1723 0.002111
1724 0.002110
1725 0.002109
1726 0.002108
1727 0.002106
1728 0.002105
1729 0.002104
1730 0.002102
1731 0.002101
1732 0.002100
1733 0.002099
1734 0.002097
1735 0.002096
1736 0.002095
1737 0.002094
1738 0.002092
1739 0.002091
1740 0.002090
1741 0.002088
1742 0.002087
1743 0.002086
1744 0.002085
1745 0.002083
1746 0.002082
1747 0.002081
1748 0.002080
1749 0.002078
1750 0.002077
1751 0.002076
1752 0.002075
1753 0.002073
1754 0.002072
1755 0.002071
1756 0.002070
1757 0.002068
1758 0.002067
1759 0.002066
1760 0.002065
1761 0.002064
1762 0.002062
1763 0.002061
1764 0.002060
1765 0.002059
1766 0.002057
1767 0.002056
1768 0.002055
1769 0.002054
1770 0.002053
1771 0.002051
1772 0.002050
1773 0.002049
1774 0.002048
1775 0.002046
1776 0.002045
1777 0.002044
1778 0.002043
1779 0.002042
1780 0.002040
1781 0.002039
1782 0.002038
1783 0.002037
1784 0.002036
1785 0.002034
1786 0.002033
1787 0.002032
1788 0.002031
1789 0.002030
1790 0.002028
1791 0.002027
1792 0.002026
1793 0.002025
1794 0.002024
1795 0.002023
1796 0.002021
1797 0.002020
1798 0.002019
1799 0.002018
1800 0.002017
1801 0.002015
1802 0.002014
1803 0.002013
1804 0.002012
1805 0.002011
1806 0.002010
1807 0.002008
1808 0.002007
1809 0.002006
1810 0.002005
1811 0.002004
1812 0.002003
1813 0.002001
1814 0.002000
1815 0.001999
1816 0.001998
1817 0.001997
1818 0.001996
1819 0.001994
1820 0.001993
1821 0.001992
1822 0.001991
1823 0.001990
1824 0.001989
1825 0.001988
1826 0.001986
1827 0.001985
1828 0.001984
1829 0.001983
1830 0.001982
1831 0.001981
1832 0.001980
1833 0.001979
1834 0.001977
1835 0.001976
1836 0.001975
1837 0.001974
1838 0.001973
1839 0.001972
1840 0.001971
1841 0.001969
1842 0.001968
1843 0.001967
1844 0.001966
1845 0.001965
1846 0.001964
1847 0.001963
1848 0.001962
1849 0.001961
1850 0.001959
1851 0.001958
1852 0.001957
1853 0.001956
1854 0.001955
1855 0.001954
1856 0.001953
1857 0.001952
1858 0.001951
1859 0.001949
1860 0.001948
1861 0.001947
1862 0.001946
1863 0.001945
1864 0.001944
1865 0.001943
1866 0.001942
1867 0.001941
1868 0.001940
1869 0.001939
1870 0.001937
1871 0.001936
1872 0.001935
1873 0.001934
1874 0.001933
1875 0.001932
1876 0.001931
1877 0.001930
1878 0.001929
1879 0.001928
1880 0.001927
1881 0.001926
1882 0.001924
1883 0.001923
1884 0.001922
1885 0.001921
1886 0.001920
1887 0.001919
1888 0.001918
1889 0.001917
1890 0.001916
1891 0.001915
1892 0.001914
1893 0.001913
1894 0.001912
1895 0.001911
1896 0.001910
1897 0.001908
1898 0.001907
1899 0.001906
1900 0.001905
1901 0.001904
1902 0.001903
1903 0.001902
1904 0.001901
1905 0.001900
1906 0.001899
1907 0.001898
1908 0.001897
1909 0.001896
1910 0.001895
1911 0.001894
1912 0.001893
1913 0.001892
1914 0.001891
1915 0.001890
1916 0.001889
1917 0.001888
1918 0.001887
1919 0.001886
1920 0.001885
1921 0.001883
1922 0.001882
1923 0.001881
1924 0.001880
1925 0.001879
1926 0.001878
1927 0.001877
1928 0.001876
1929 0.001875
1930 0.001874
1931 0.001873
1932 0.001872
1933 0.001871
1934 0.001870
1935 0.001869
1936 0.001868
1937 0.001867
1938 0.001866
1939 0.001865
1940 0.001864
1941 0.001863
1942 0.001862
1943 0.001861
1944 0.001860
1945 0.001859
1946 0.001858
1947 0.001857
1948 0.001856
1949 0.001855
1950 0.001854
1951 0.001853
1952 0.001852
1953 0.001851
1954 0.001850
1955 0.001849
1956 0.001848
1957 0.001847
1958 0.001846
1959 0.001845
1960 0.001844
1961 0.001843
1962 0.001842
1963 0.001841
1964 0.001840
1965 0.001839
1966 0.001838
1967 0.001837
1968 0.001836
1969 0.001835
1970 0.001834
1971 0.001833
1972 0.001832
1973 0.001831
1974 0.001830
1975 0.001829
1976 0.001829
1977 0.001828
1978 0.001827
1979 0.001826
1980 0.001825
1981 0.001824
1982 0.001823
1983 0.001822
1984 0.001821
1985 0.001820
1986 0.001819
1987 0.001818
1988 0.001817
1989 0.001816
1990 0.001815
1991 0.001814
1992 0.001813
1993 0.001812
1994 0.001811
1995 0.001810
1996 0.001809
1997 0.001808
1998 0.001807
1999 0.001806
2000 0.001806
2001 0.001805
2002 0.001804
2003 0.001803
2004 0.001802
2005 0.001801
2006 0.001800
2007 0.001799
2008 0.001798
2009 0.001797
2010 0.001796
2011 0.001795
2012 0.001794
2013 0.001793
2014 0.001792
2015 0.001791
2016 0.001790
2017 0.001790
2018 0.001789
2019 0.001788
2020 0.001787
2021 0.001786
2022 0.001785
2023 0.001784
2024 0.001783
2025 0.001782
2026 0.001781
2027 0.001780
2028 0.001779
2029 0.001778
2030 0.001778
2031 0.001777
2032 0.001776
2033 0.001775
2034 0.001774
2035 0.001773
2036 0.001772
2037 0.001771
2038 0.001770
2039 0.001769
2040 0.001768
2041 0.001767
2042 0.001767
2043 0.001766
2044 0.001765
2045 0.001764
2046 0.001763
2047 0.001762
2048 0.001761
2049 0.001760
2050 0.001759
2051 0.001758
2052 0.001758
2053 0.001757
2054 0.001756
2055 0.001755
2056 0.001754
2057 0.001753
2058 0.001752
2059 0.001751
2060 0.001750
2061 0.001750
2062 0.001749
2063 0.001748
2064 0.001747
2065 0.001746
2066 0.001745
2067 0.001744
2068 0.001743
2069 0.001742
2070 0.001742
2071 0.001741
2072 0.001740
2073 0.001739
2074 0.001738
2075 0.001737
2076 0.001736
2077 0.001735
2078 0.001735
2079 0.001734
2080 0.001733
2081 0.001732
2082 0.001731
2083 0.001730
2084 0.001729
2085 0.001728
2086 0.001728
2087 0.001727
2088 0.001726
2089 0.001725
2090 0.001724
2091 0.001723
2092 0.001722
2093 0.001721
2094 0.001721
2095 0.001720
2096 0.001719
2097 0.001718
2098 0.001717
2099 0.001716
2100 0.001715
2101 0.001715
2102 0.001714
2103 0.001713
2104 0.001712
2105 0.001711
2106 0.001710
2107 0.001710
2108 0.001709
2109 0.001708
2110 0.001707
2111 0.001706
2112 0.001705
2113 0.001704
2114 0.001704
2115 0.001703
2116 0.001702
2117 0.001701
2118 0.001700
2119 0.001699
2120 0.001699
2121 0.001698
2122 0.001697
2123 0.001696
2124 0.001695
2125 0.001694
2126 0.001694
2127 0.001693
2128 0.001692
2129 0.001691
2130 0.001690
2131 0.001689
2132 0.001689
2133 0.001688
2134 0.001687
2135 0.001686
2136 0.001685
2137 0.001684
2138 0.001684
2139 0.001683
2140 0.001682
2141 0.001681
2142 0.001680
2143 0.001679
2144 0.001679
2145 0.001678
2146 0.001677
2147 0.001676
2148 0.001675
2149 0.001675
2150 0.001674
2151 0.001673
2152 0.001672
2153 0.001671
2154 0.001670
2155 0.001670
2156 0.001669
2157 0.001668
2158 0.001667
2159 0.001666
2160 0.001666
2161 0.001665
2162 0.001664
2163 0.001663
2164 0.001662
2165 0.001662
2166 0.001661
2167 0.001660
2168 0.001659
2169 0.001658
2170 0.001658
2171 0.001657
2172 0.001656
2173 0.001655
2174 0.001654
2175 0.001654
2176 0.001653
2177 0.001652
2178 0.001651
2179 0.001650
2180 0.001650
2181 0.001649
2182 0.001648
2183 0.001647
2184 0.001646
2185 0.001646
2186 0.001645
2187 0.001644
2188 0.001643
2189 0.001642
2190 0.001642
2191 0.001641
2192 0.001640
2193 0.001639
2194 0.001639
2195 0.001638
2196 0.001637
2197 0.001636
2198 0.001635
2199 0.001635
2200 0.001634
2201 0.001633
2202 0.001632
2203 0.001632
2204 0.001631
2205 0.001630
2206 0.001629
2207 0.001628
2208 0.001628
2209 0.001627
2210 0.001626
2211 0.001625
2212 0.001625
2213 0.001624
2214 0.001623
2215 0.001622
2216 0.001622
2217 0.001621
2218 0.001620
2219 0.001619
2220 0.001618
2221 0.001618
2222 0.001617
2223 0.001616
2224 0.001615
2225 0.001615
2226 0.001614
2227 0.001613
2228 0.001612
2229 0.001612
2230 0.001611
2231 0.001610
2232 0.001609
2233 0.001609
2234 0.001608
2235 0.001607
2236 0.001606
2237 0.001606
2238 0.001605
2239 0.001604
2240 0.001603
2241 0.001603
2242 0.001602
2243 0.001601
2244 0.001600
2245 0.001600
2246 0.001599
2247 0.001598
2248 0.001597
2249 0.001597
2250 0.001596
2251 0.001595
2252 0.001594
2253 0.001594
2254 0.001593
2255 0.001592
2256 0.001591
2257 0.001591
2258 0.001590
2259 0.001589
2260 0.001589
2261 0.001588
2262 0.001587
2263 0.001586
2264 0.001586
2265 0.001585
2266 0.001584
2267 0.001583
2268 0.001583
2269 0.001582
2270 0.001581
2271 0.001580
2272 0.001580
2273 0.001579
2274 0.001578
2275 0.001578
2276 0.001577
2277 0.001576
2278 0.001575
2279 0.001575
2280 0.001574
2281 0.001573
2282 0.001572
2283 0.001572
2284 0.001571
2285 0.001570
2286 0.001570
2287 0.001569
2288 0.001568
2289 0.001567
2290 0.001567
2291 0.001566
2292 0.001565
2293 0.001565
2294 0.001564
2295 0.001563
2296 0.001562
2297 0.001562
2298 0.001561
2299 0.001560
2300 0.001560
2301 0.001559
2302 0.001558
2303 0.001557
2304 0.001557
2305 0.001556
2306 0.001555
2307 0.001555
2308 0.001554
2309 0.001553
2310 0.001553
2311 0.001552
2312 0.001551
2313 0.001550
2314 0.001550
2315 0.001549
2316 0.001548
2317 0.001548
2318 0.001547
2319 0.001546
2320 0.001546
2321 0.001545
2322 0.001544
2323 0.001543
2324 0.001543
2325 0.001542
2326 0.001541
2327 0.001541
2328 0.001540
2329 0.001539
2330 0.001539
2331 0.001538
2332 0.001537
2333 0.001537
2334 0.001536
2335 0.001535
2336 0.001534
2337 0.001534
2338 0.001533
2339 0.001532
2340 0.001532
2341 0.001531
2342 0.001530
2343 0.001530
2344 0.001529
2345 0.001528
2346 0.001528
2347 0.001527
2348 0.001526
2349 0.001526
2350 0.001525
2351 0.001524
2352 0.001524
2353 0.001523
2354 0.001522
2355 0.001522
2356 0.001521
2357 0.001520
2358 0.001519
2359 0.001519
2360 0.001518
2361 0.001517
2362 0.001517
2363 0.001516
2364 0.001515
2365 0.001515
2366 0.001514
2367 0.001513
2368 0.001513
2369 0.001512
2370 0.001511
2371 0.001511
2372 0.001510
2373 0.001509
2374 0.001509
2375 0.001508
2376 0.001507
2377 0.001507
2378 0.001506
2379 0.001505
2380 0.001505
2381 0.001504
2382 0.001503
2383 0.001503
2384 0.001502
2385 0.001502
2386 0.001501
2387 0.001500
2388 0.001500
2389 0.001499
2390 0.001498
2391 0.001498
2392 0.001497
2393 0.001496
2394 0.001496
2395 0.001495
2396 0.001494
2397 0.001494
2398 0.001493
2399 0.001492
2400 0.001492
2401 0.001491
2402 0.001490
2403 0.001490
2404 0.001489
2405 0.001488
2406 0.001488
2407 0.001487
2408 0.001487
2409 0.001486
2410 0.001485
2411 0.001485
2412 0.001484
2413 0.001483
2414 0.001483
2415 0.001482
2416 0.001481
2417 0.001481
2418 0.001480
2419 0.001479
2420 0.001479
2421 0.001478
2422 0.001478
2423 0.001477
2424 0.001476
2425 0.001476
2426 0.001475
2427 0.001474
2428 0.001474
2429 0.001473
2430 0.001472
2431 0.001472
2432 0.001471
2433 0.001471
2434 0.001470
2435 0.001469
2436 0.001469
2437 0.001468
2438 0.001467
2439 0.001467
2440 0.001466
2441 0.001465
2442 0.001465
2443 0.001464
2444 0.001464
2445 0.001463
2446 0.001462
2447 0.001462
2448 0.001461
2449 0.001460
2450 0.001460
2451 0.001459
2452 0.001459
2453 0.001458
2454 0.001457
2455 0.001457
2456 0.001456
2457 0.001456
2458 0.001455
2459 0.001454
2460 0.001454
2461 0.001453
2462 0.001452
2463 0.001452
2464 0.001451
2465 0.001451
2466 0.001450
2467 0.001449
2468 0.001449
2469 0.001448
2470 0.001448
2471 0.001447
2472 0.001446
2473 0.001446
2474 0.001445
2475 0.001444
2476 0.001444
2477 0.001443
2478 0.001443
2479 0.001442
2480 0.001441
2481 0.001441
2482 0.001440
2483 0.001440
2484 0.001439
2485 0.001438
2486 0.001438
2487 0.001437
2488 0.001437
2489 0.001436
2490 0.001435
2491 0.001435
2492 0.001434
2493 0.001434
2494 0.001433
2495 0.001432
2496 0.001432
2497 0.001431
2498 0.001431
2499 0.001430
2500 0.001429
2501 0.001429
2502 0.001428
2503 0.001428
2504 0.001427
2505 0.001426
2506 0.001426
2507 0.001425
2508 0.001425
2509 0.001424
2510 0.001423
2511 0.001423
2512 0.001422
2513 0.001422
2514 0.001421
2515 0.001420
2516 0.001420
2517 0.001419
2518 0.001419
2519 0.001418
2520 0.001418
2521 0.001417
2522 0.001416
2523 0.001416
2524 0.001415
2525 0.001415
2526 0.001414
2527 0.001413
2528 0.001413
2529 0.001412
2530 0.001412
2531 0.001411
2532 0.001410
2533 0.001410
2534 0.001409
2535 0.001409
2536 0.001408
2537 0.001408
2538 0.001407
2539 0.001406
2540 0.001406
2541 0.001405
2542 0.001405
2543 0.001404
2544 0.001404
2545 0.001403
2546 0.001402
2547 0.001402
2548 0.001401
2549 0.001401
2550 0.001400
2551 0.001400
2552 0.001399
2553 0.001398
2554 0.001398
2555 0.001397
2556 0.001397
2557 0.001396
2558 0.001396
2559 0.001395
2560 0.001394
2561 0.001394
2562 0.001393
2563 0.001393
2564 0.001392
2565 0.001392
2566 0.001391
2567 0.001390
2568 0.001390
2569 0.001389
2570 0.001389
2571 0.001388
2572 0.001388
2573 0.001387
2574 0.001386
2575 0.001386
2576 0.001385
2577 0.001385
2578 0.001384
2579 0.001384
2580 0.001383
2581 0.001383
2582 0.001382
2583 0.001381
2584 0.001381
2585 0.001380
2586 0.001380
2587 0.001379
2588 0.001379
2589 0.001378
2590 0.001377
2591 0.001377
2592 0.001376
2593 0.001376
2594 0.001375
2595 0.001375
2596 0.001374
2597 0.001374
2598 0.001373
2599 0.001373
2600 0.001372
2601 0.001371
2602 0.001371
2603 0.001370
2604 0.001370
2605 0.001369
2606 0.001369
2607 0.001368
2608 0.001368
2609 0.001367
2610 0.001366
2611 0.001366
2612 0.001365
2613 0.001365
2614 0.001364
2615 0.001364
2616 0.001363
2617 0.001363
2618 0.001362
2619 0.001362
2620 0.001361
2621 0.001360
2622 0.001360
2623 0.001359
2624 0.001359
2625 0.001358
2626 0.001358
2627 0.001357
2628 0.001357
2629 0.001356
2630 0.001356
2631 0.001355
2632 0.001355
2633 0.001354
2634 0.001353
2635 0.001353
2636 0.001352
2637 0.001352
2638 0.001351
2639 0.001351
2640 0.001350
2641 0.001350
2642 0.001349
2643 0.001349
2644 0.001348
2645 0.001348
2646 0.001347
2647 0.001347
2648 0.001346
2649 0.001345
2650 0.001345
2651 0.001344
2652 0.001344
2653 0.001343
2654 0.001343
2655 0.001342
2656 0.001342
2657 0.001341
2658 0.001341
2659 0.001340
2660 0.001340
2661 0.001339
2662 0.001339
2663 0.001338
2664 0.001338
2665 0.001337
2666 0.001337
2667 0.001336
2668 0.001335
2669 0.001335
2670 0.001334
2671 0.001334
2672 0.001333
2673 0.001333
2674 0.001332
2675 0.001332
2676 0.001331
2677 0.001331
2678 0.001330
2679 0.001330
2680 0.001329
2681 0.001329
2682 0.001328
2683 0.001328
2684 0.001327
2685 0.001327
2686 0.001326
2687 0.001326
2688 0.001325
2689 0.001325
2690 0.001324
2691 0.001324
2692 0.001323
2693 0.001323
2694 0.001322
2695 0.001321
2696 0.001321
2697 0.001320
2698 0.001320
2699 0.001319
2700 0.001319
2701 0.001318
2702 0.001318
2703 0.001317
2704 0.001317
2705 0.001316
2706 0.001316
2707 0.001315
2708 0.001315
2709 0.001314
2710 0.001314
2711 0.001313
2712 0.001313
2713 0.001312
2714 0.001312
2715 0.001311
2716 0.001311
2717 0.001310
2718 0.001310
2719 0.001309
2720 0.001309
2721 0.001308
2722 0.001308
2723 0.001307
2724 0.001307
2725 0.001306
2726 0.001306
2727 0.001305
2728 0.001305
2729 0.001304
2730 0.001304
2731 0.001303
2732 0.001303
2733 0.001302
2734 0.001302
2735 0.001301
2736 0.001301
2737 0.001300
2738 0.001300
2739 0.001299
2740 0.001299
2741 0.001298
2742 0.001298
2743 0.001297
2744 0.001297
2745 0.001296
2746 0.001296
2747 0.001295
2748 0.001295
2749 0.001294
2750 0.001294
2751 0.001293
2752 0.001293
2753 0.001292
2754 0.001292
2755 0.001291
2756 0.001291
2757 0.001290
2758 0.001290
2759 0.001290
2760 0.001289
2761 0.001289
2762 0.001288
2763 0.001288
2764 0.001287
2765 0.001287
2766 0.001286
2767 0.001286
2768 0.001285
2769 0.001285
2770 0.001284
2771 0.001284
2772 0.001283
2773 0.001283
2774 0.001282
2775 0.001282
2776 0.001281
2777 0.001281
2778 0.001280
2779 0.001280
2780 0.001279
2781 0.001279
2782 0.001278
2783 0.001278
2784 0.001277
2785 0.001277
2786 0.001276
2787 0.001276
2788 0.001276
2789 0.001275
2790 0.001275
2791 0.001274
2792 0.001274
2793 0.001273
2794 0.001273
2795 0.001272
2796 0.001272
2797 0.001271
2798 0.001271
2799 0.001270
2800 0.001270
2801 0.001269
2802 0.001269
2803 0.001268
2804 0.001268
2805 0.001267
2806 0.001267
2807 0.001266
2808 0.001266
2809 0.001266
2810 0.001265
2811 0.001265
2812 0.001264
2813 0.001264
2814 0.001263
2815 0.001263
2816 0.001262
2817 0.001262
2818 0.001261
2819 0.001261
2820 0.001260
2821 0.001260
2822 0.001259
2823 0.001259
2824 0.001259
2825 0.001258
2826 0.001258
2827 0.001257
2828 0.001257
2829 0.001256
2830 0.001256
2831 0.001255
2832 0.001255
2833 0.001254
2834 0.001254
2835 0.001253
2836 0.001253
2837 0.001253
2838 0.001252
2839 0.001252
2840 0.001251
2841 0.001251
2842 0.001250
2843 0.001250
2844 0.001249
2845 0.001249
2846 0.001248
2847 0.001248
2848 0.001247
2849 0.001247
2850 0.001247
2851 0.001246
2852 0.001246
2853 0.001245
2854 0.001245
2855 0.001244
2856 0.001244
2857 0.001243
2858 0.001243
2859 0.001242
2860 0.001242
2861 0.001242
2862 0.001241
2863 0.001241
2864 0.001240
2865 0.001240
2866 0.001239
2867 0.001239
2868 0.001238
2869 0.001238
2870 0.001237
2871 0.001237
2872 0.001237
2873 0.001236
2874 0.001236
2875 0.001235
2876 0.001235
2877 0.001234
2878 0.001234
2879 0.001233
2880 0.001233
2881 0.001233
2882 0.001232
2883 0.001232
2884 0.001231
2885 0.001231
2886 0.001230
2887 0.001230
2888 0.001229
2889 0.001229
2890 0.001229
2891 0.001228
2892 0.001228
2893 0.001227
2894 0.001227
2895 0.001226
2896 0.001226
2897 0.001225
2898 0.001225
2899 0.001225
2900 0.001224
2901 0.001224
2902 0.001223
2903 0.001223
2904 0.001222
2905 0.001222
2906 0.001222
2907 0.001221
2908 0.001221
2909 0.001220
2910 0.001220
2911 0.001219
2912 0.001219
2913 0.001218
2914 0.001218
2915 0.001218
2916 0.001217
2917 0.001217
2918 0.001216
2919 0.001216
2920 0.001215
2921 0.001215
2922 0.001215
2923 0.001214
2924 0.001214
2925 0.001213
2926 0.001213
2927 0.001212
2928 0.001212
2929 0.001212
2930 0.001211
2931 0.001211
2932 0.001210
2933 0.001210
2934 0.001209
2935 0.001209
2936 0.001208
2937 0.001208
2938 0.001208
2939 0.001207
2940 0.001207
2941 0.001206
2942 0.001206
2943 0.001205
2944 0.001205
2945 0.001205
2946 0.001204
2947 0.001204
2948 0.001203
2949 0.001203
2950 0.001203
2951 0.001202
2952 0.001202
2953 0.001201
2954 0.001201
2955 0.001200
2956 0.001200
2957 0.001200
2958 0.001199
2959 0.001199
2960 0.001198
2961 0.001198
2962 0.001197
2963 0.001197
2964 0.001197
2965 0.001196
2966 0.001196
2967 0.001195
2968 0.001195
2969 0.001194
2970 0.001194
2971 0.001194
2972 0.001193
2973 0.001193
2974 0.001192
2975 0.001192
2976 0.001192
2977 0.001191
2978 0.001191
2979 0.001190
2980 0.001190
2981 0.001189
2982 0.001189
2983 0.001189
2984 0.001188
2985 0.001188
2986 0.001187
2987 0.001187
2988 0.001187
2989 0.001186
2990 0.001186
2991 0.001185
2992 0.001185
2993 0.001185
2994 0.001184
2995 0.001184
2996 0.001183
2997 0.001183
2998 0.001182
2999 0.001182
3000 0.001182
3001 0.001181
3002 0.001181
3003 0.001180
3004 0.001180
3005 0.001180
3006 0.001179
3007 0.001179
3008 0.001178
3009 0.001178
3010 0.001178
3011 0.001177
3012 0.001177
3013 0.001176
3014 0.001176
3015 0.001175
3016 0.001175
3017 0.001175
3018 0.001174
3019 0.001174
3020 0.001173
3021 0.001173
3022 0.001173
3023 0.001172
3024 0.001172
3025 0.001171
3026 0.001171
3027 0.001171
3028 0.001170
3029 0.001170
3030 0.001169
3031 0.001169
3032 0.001169
3033 0.001168
3034 0.001168
3035 0.001167
3036 0.001167
3037 0.001167
3038 0.001166
3039 0.001166
3040 0.001165
3041 0.001165
3042 0.001165
3043 0.001164
3044 0.001164
3045 0.001163
3046 0.001163
3047 0.001163
3048 0.001162
3049 0.001162
3050 0.001161
3051 0.001161
3052 0.001161
3053 0.001160
3054 0.001160
3055 0.001159
3056 0.001159
3057 0.001159
3058 0.001158
3059 0.001158
3060 0.001157
3061 0.001157
3062 0.001157
3063 0.001156
3064 0.001156
3065 0.001156
3066 0.001155
3067 0.001155
3068 0.001154
3069 0.001154
3070 0.001154
3071 0.001153
3072 0.001153
3073 0.001152
3074 0.001152
3075 0.001152
3076 0.001151
3077 0.001151
3078 0.001150
3079 0.001150
3080 0.001150
3081 0.001149
3082 0.001149
3083 0.001148
3084 0.001148
3085 0.001148
3086 0.001147
3087 0.001147
3088 0.001147
3089 0.001146
3090 0.001146
3091 0.001145
3092 0.001145
3093 0.001145
3094 0.001144
3095 0.001144
3096 0.001143
3097 0.001143
3098 0.001143
3099 0.001142
3100 0.001142
3101 0.001142
3102 0.001141
3103 0.001141
3104 0.001140
3105 0.001140
3106 0.001140
3107 0.001139
3108 0.001139
3109 0.001138
3110 0.001138
3111 0.001138
3112 0.001137
3113 0.001137
3114 0.001137
3115 0.001136
3116 0.001136
3117 0.001135
3118 0.001135
3119 0.001135
3120 0.001134
3121 0.001134
3122 0.001134
3123 0.001133
3124 0.001133
3125 0.001132
3126 0.001132
3127 0.001132
3128 0.001131
3129 0.001131
3130 0.001131
3131 0.001130
3132 0.001130
3133 0.001129
3134 0.001129
3135 0.001129
3136 0.001128
3137 0.001128
3138 0.001128
3139 0.001127
3140 0.001127
3141 0.001126
3142 0.001126
3143 0.001126
3144 0.001125
3145 0.001125
3146 0.001125
3147 0.001124
3148 0.001124
3149 0.001123
3150 0.001123
3151 0.001123
3152 0.001122
3153 0.001122
3154 0.001122
3155 0.001121
3156 0.001121
3157 0.001120
3158 0.001120
3159 0.001120
3160 0.001119
3161 0.001119
3162 0.001119
3163 0.001118
3164 0.001118
3165 0.001117
3166 0.001117
3167 0.001117
3168 0.001116
3169 0.001116
3170 0.001116
3171 0.001115
3172 0.001115
3173 0.001115
3174 0.001114
3175 0.001114
3176 0.001113
3177 0.001113
3178 0.001113
3179 0.001112
3180 0.001112
3181 0.001112
3182 0.001111
3183 0.001111
3184 0.001111
3185 0.001110
3186 0.001110
3187 0.001109
3188 0.001109
3189 0.001109
3190 0.001108
3191 0.001108
3192 0.001108
3193 0.001107
3194 0.001107
3195 0.001107
3196 0.001106
3197 0.001106
3198 0.001105
3199 0.001105
3200 0.001105
3201 0.001104
3202 0.001104
3203 0.001104
3204 0.001103
3205 0.001103
3206 0.001103
3207 0.001102
3208 0.001102
3209 0.001102
3210 0.001101
3211 0.001101
3212 0.001100
3213 0.001100
3214 0.001100
3215 0.001099
3216 0.001099
3217 0.001099
3218 0.001098
3219 0.001098
3220 0.001098
3221 0.001097
3222 0.001097
3223 0.001097
3224 0.001096
3225 0.001096
3226 0.001095
3227 0.001095
3228 0.001095
3229 0.001094
3230 0.001094
3231 0.001094
3232 0.001093
3233 0.001093
3234 0.001093
3235 0.001092
3236 0.001092
3237 0.001092
3238 0.001091
3239 0.001091
3240 0.001091
3241 0.001090
3242 0.001090
3243 0.001089
3244 0.001089
3245 0.001089
3246 0.001088
3247 0.001088
3248 0.001088
3249 0.001087
3250 0.001087
3251 0.001087
3252 0.001086
3253 0.001086
3254 0.001086
3255 0.001085
3256 0.001085
3257 0.001085
3258 0.001084
3259 0.001084
3260 0.001084
3261 0.001083
3262 0.001083
3263 0.001083
3264 0.001082
3265 0.001082
3266 0.001081
3267 0.001081
3268 0.001081
3269 0.001080
3270 0.001080
3271 0.001080
3272 0.001079
3273 0.001079
3274 0.001079
3275 0.001078
3276 0.001078
3277 0.001078
3278 0.001077
3279 0.001077
3280 0.001077
3281 0.001076
3282 0.001076
3283 0.001076
3284 0.001075
3285 0.001075
3286 0.001075
3287 0.001074
3288 0.001074
3289 0.001074
3290 0.001073
3291 0.001073
3292 0.001073
3293 0.001072
3294 0.001072
3295 0.001072
3296 0.001071
3297 0.001071
3298 0.001071
3299 0.001070
3300 0.001070
3301 0.001070
3302 0.001069
3303 0.001069
3304 0.001069
3305 0.001068
3306 0.001068
3307 0.001068
3308 0.001067
3309 0.001067
3310 0.001067
3311 0.001066
3312 0.001066
3313 0.001066
3314 0.001065
3315 0.001065
3316 0.001065
3317 0.001064
3318 0.001064
3319 0.001064
3320 0.001063
3321 0.001063
3322 0.001063
3323 0.001062
3324 0.001062
3325 0.001062
3326 0.001061
3327 0.001061
3328 0.001061
3329 0.001060
3330 0.001060
3331 0.001060
3332 0.001059
3333 0.001059
3334 0.001059
3335 0.001058
3336 0.001058
3337 0.001058
3338 0.001057
3339 0.001057
3340 0.001057
3341 0.001056
3342 0.001056
3343 0.001056
3344 0.001055
3345 0.001055
3346 0.001055
3347 0.001054
3348 0.001054
3349 0.001054
3350 0.001053
3351 0.001053
3352 0.001053
3353 0.001052
3354 0.001052
3355 0.001052
3356 0.001051
3357 0.001051
3358 0.001051
3359 0.001050
3360 0.001050
3361 0.001050
3362 0.001049
3363 0.001049
3364 0.001049
3365 0.001048
3366 0.001048
3367 0.001048
3368 0.001047
3369 0.001047
3370 0.001047
3371 0.001046
3372 0.001046
3373 0.001046
3374 0.001045
3375 0.001045
3376 0.001045
3377 0.001045
3378 0.001044
3379 0.001044
3380 0.001044
3381 0.001043
3382 0.001043
3383 0.001043
3384 0.001042
3385 0.001042
3386 0.001042
3387 0.001041
3388 0.001041
3389 0.001041
3390 0.001040
3391 0.001040
3392 0.001040
3393 0.001039
3394 0.001039
3395 0.001039
3396 0.001038
3397 0.001038
3398 0.001038
3399 0.001037
3400 0.001037
3401 0.001037
3402 0.001037
3403 0.001036
3404 0.001036
3405 0.001036
3406 0.001035
3407 0.001035
3408 0.001035
3409 0.001034
3410 0.001034
3411 0.001034
3412 0.001033
3413 0.001033
3414 0.001033
3415 0.001032
3416 0.001032
3417 0.001032
3418 0.001031
3419 0.001031
3420 0.001031
3421 0.001031
3422 0.001030
3423 0.001030
3424 0.001030
3425 0.001029
3426 0.001029
3427 0.001029
3428 0.001028
3429 0.001028
3430 0.001028
3431 0.001027
3432 0.001027
3433 0.001027
3434 0.001026
3435 0.001026
3436 0.001026
3437 0.001026
3438 0.001025
3439 0.001025
3440 0.001025
3441 0.001024
3442 0.001024
3443 0.001024
3444 0.001023
3445 0.001023
3446 0.001023
3447 0.001022
3448 0.001022
3449 0.001022
3450 0.001022
3451 0.001021
3452 0.001021
3453 0.001021
3454 0.001020
3455 0.001020
3456 0.001020
3457 0.001019
3458 0.001019
3459 0.001019
3460 0.001018
3461 0.001018
3462 0.001018
3463 0.001018
3464 0.001017
3465 0.001017
3466 0.001017
3467 0.001016
3468 0.001016
3469 0.001016
3470 0.001015
3471 0.001015
3472 0.001015
3473 0.001014
3474 0.001014
3475 0.001014
3476 0.001014
3477 0.001013
3478 0.001013
3479 0.001013
3480 0.001012
3481 0.001012
3482 0.001012
3483 0.001011
3484 0.001011
3485 0.001011
3486 0.001011
3487 0.001010
3488 0.001010
3489 0.001010
3490 0.001009
3491 0.001009
3492 0.001009
3493 0.001008
3494 0.001008
3495 0.001008
3496 0.001008
3497 0.001007
3498 0.001007
3499 0.001007
3500 0.001006
3501 0.001006
3502 0.001006
3503 0.001005
3504 0.001005
3505 0.001005
3506 0.001005
3507 0.001004
3508 0.001004
3509 0.001004
3510 0.001003
3511 0.001003
3512 0.001003
3513 0.001002
3514 0.001002
3515 0.001002
3516 0.001002
3517 0.001001
3518 0.001001
3519 0.001001
3520 0.001000
3521 0.001000
3522 0.001000
3523 0.000999
3524 0.000999
3525 0.000999
3526 0.000999
3527 0.000998
3528 0.000998
3529 0.000998
3530 0.000997
3531 0.000997
3532 0.000997
3533 0.000997
3534 0.000996
3535 0.000996
3536 0.000996
3537 0.000995
3538 0.000995
3539 0.000995
3540 0.000994
3541 0.000994
3542 0.000994
3543 0.000994
3544 0.000993
3545 0.000993
3546 0.000993
3547 0.000992
3548 0.000992
3549 0.000992
3550 0.000992
3551 0.000991
3552 0.000991
3553 0.000991
3554 0.000990
3555 0.000990
3556 0.000990
3557 0.000990
3558 0.000989
3559 0.000989
3560 0.000989
3561 0.000988
3562 0.000988
3563 0.000988
3564 0.000988
3565 0.000987
3566 0.000987
3567 0.000987
3568 0.000986
3569 0.000986
3570 0.000986
3571 0.000986
3572 0.000985
3573 0.000985
3574 0.000985
3575 0.000984
3576 0.000984
3577 0.000984
3578 0.000984
3579 0.000983
3580 0.000983
3581 0.000983
3582 0.000982
3583 0.000982
3584 0.000982
3585 0.000982
3586 0.000981
3587 0.000981
3588 0.000981
3589 0.000980
3590 0.000980
3591 0.000980
3592 0.000980
3593 0.000979
3594 0.000979
3595 0.000979
3596 0.000978
3597 0.000978
3598 0.000978
3599 0.000978
3600 0.000977
3601 0.000977
3602 0.000977
3603 0.000976
3604 0.000976
3605 0.000976
3606 0.000976
3607 0.000975
3608 0.000975
3609 0.000975
3610 0.000974
3611 0.000974
3612 0.000974
3613 0.000974
3614 0.000973
3615 0.000973
3616 0.000973
3617 0.000972
3618 0.000972
3619 0.000972
3620 0.000972
3621 0.000971
3622 0.000971
3623 0.000971
3624 0.000971
3625 0.000970
3626 0.000970
3627 0.000970
3628 0.000969
3629 0.000969
3630 0.000969
3631 0.000969
3632 0.000968
3633 0.000968
3634 0.000968
3635 0.000967
3636 0.000967
3637 0.000967
3638 0.000967
3639 0.000966
3640 0.000966
3641 0.000966
3642 0.000966
3643 0.000965
3644 0.000965
3645 0.000965
3646 0.000964
3647 0.000964
3648 0.000964
3649 0.000964
3650 0.000963
3651 0.000963
3652 0.000963
3653 0.000963
3654 0.000962
3655 0.000962
3656 0.000962
3657 0.000961
3658 0.000961
3659 0.000961
3660 0.000961
3661 0.000960
3662 0.000960
3663 0.000960
3664 0.000959
3665 0.000959
3666 0.000959
3667 0.000959
3668 0.000958
3669 0.000958
3670 0.000958
3671 0.000958
3672 0.000957
3673 0.000957
3674 0.000957
3675 0.000957
3676 0.000956
3677 0.000956
3678 0.000956
3679 0.000955
3680 0.000955
3681 0.000955
3682 0.000955
3683 0.000954
3684 0.000954
3685 0.000954
3686 0.000954
3687 0.000953
3688 0.000953
3689 0.000953
3690 0.000952
3691 0.000952
3692 0.000952
3693 0.000952
3694 0.000951
3695 0.000951
3696 0.000951
3697 0.000951
3698 0.000950
3699 0.000950
3700 0.000950
3701 0.000950
3702 0.000949
3703 0.000949
3704 0.000949
3705 0.000948
3706 0.000948
3707 0.000948
3708 0.000948
3709 0.000947
3710 0.000947
3711 0.000947
3712 0.000947
3713 0.000946
3714 0.000946
3715 0.000946
3716 0.000946
3717 0.000945
3718 0.000945
3719 0.000945
3720 0.000944
3721 0.000944
3722 0.000944
3723 0.000944
3724 0.000943
3725 0.000943
3726 0.000943
3727 0.000943
3728 0.000942
3729 0.000942
3730 0.000942
3731 0.000942
3732 0.000941
3733 0.000941
3734 0.000941
3735 0.000941
3736 0.000940
3737 0.000940
3738 0.000940
3739 0.000939
3740 0.000939
3741 0.000939
3742 0.000939
3743 0.000938
3744 0.000938
3745 0.000938
3746 0.000938
3747 0.000937
3748 0.000937
3749 0.000937
3750 0.000937
3751 0.000936
3752 0.000936
3753 0.000936
3754 0.000936
3755 0.000935
3756 0.000935
3757 0.000935
3758 0.000935
3759 0.000934
3760 0.000934
3761 0.000934
3762 0.000934
3763 0.000933
3764 0.000933
3765 0.000933
3766 0.000932
3767 0.000932
3768 0.000932
3769 0.000932
3770 0.000931
3771 0.000931
3772 0.000931
3773 0.000931
3774 0.000930
3775 0.000930
3776 0.000930
3777 0.000930
3778 0.000929
3779 0.000929
3780 0.000929
3781 0.000929
3782 0.000928
3783 0.000928
3784 0.000928
3785 0.000928
3786 0.000927
3787 0.000927
3788 0.000927
3789 0.000927
3790 0.000926
3791 0.000926
3792 0.000926
3793 0.000926
3794 0.000925
3795 0.000925
3796 0.000925
3797 0.000925
3798 0.000924
3799 0.000924
3800 0.000924
3801 0.000924
3802 0.000923
3803 0.000923
3804 0.000923
3805 0.000923
3806 0.000922
3807 0.000922
3808 0.000922
3809 0.000922
3810 0.000921
3811 0.000921
3812 0.000921
3813 0.000921
3814 0.000920
3815 0.000920
3816 0.000920
3817 0.000920
3818 0.000919
3819 0.000919
3820 0.000919
3821 0.000919
3822 0.000918
3823 0.000918
3824 0.000918
3825 0.000918
3826 0.000917
3827 0.000917
3828 0.000917
3829 0.000917
3830 0.000916
3831 0.000916
3832 0.000916
3833 0.000916
3834 0.000915
3835 0.000915
3836 0.000915
3837 0.000915
3838 0.000914
3839 0.000914
3840 0.000914
3841 0.000914
3842 0.000913
3843 0.000913
3844 0.000913
3845 0.000913
3846 0.000912
3847 0.000912
3848 0.000912
3849 0.000912
3850 0.000911
3851 0.000911
3852 0.000911
3853 0.000911
3854 0.000910
3855 0.000910
3856 0.000910
3857 0.000910
3858 0.000909
3859 0.000909
3860 0.000909
3861 0.000909
3862 0.000908
3863 0.000908
3864 0.000908
3865 0.000908
3866 0.000907
3867 0.000907
3868 0.000907
3869 0.000907
3870 0.000906
3871 0.000906
3872 0.000906
3873 0.000906
3874 0.000905
3875 0.000905
3876 0.000905
3877 0.000905
3878 0.000905
3879 0.000904
3880 0.000904
3881 0.000904
3882 0.000904
3883 0.000903
3884 0.000903
3885 0.000903
3886 0.000903
3887 0.000902
3888 0.000902
3889 0.000902
3890 0.000902
3891 0.000901
3892 0.000901
3893 0.000901
3894 0.000901
3895 0.000900
3896 0.000900
3897 0.000900
3898 0.000900
3899 0.000899
3900 0.000899
3901 0.000899
3902 0.000899
3903 0.000898
3904 0.000898
3905 0.000898
3906 0.000898
3907 0.000898
3908 0.000897
3909 0.000897
3910 0.000897
3911 0.000897
3912 0.000896
3913 0.000896
3914 0.000896
3915 0.000896
3916 0.000895
3917 0.000895
3918 0.000895
3919 0.000895
3920 0.000894
3921 0.000894
3922 0.000894
3923 0.000894
3924 0.000893
3925 0.000893
3926 0.000893
3927 0.000893
3928 0.000893
3929 0.000892
3930 0.000892
3931 0.000892
3932 0.000892
3933 0.000891
3934 0.000891
3935 0.000891
3936 0.000891
3937 0.000890
3938 0.000890
3939 0.000890
3940 0.000890
3941 0.000889
3942 0.000889
3943 0.000889
3944 0.000889
3945 0.000889
3946 0.000888
3947 0.000888
3948 0.000888
3949 0.000888
3950 0.000887
3951 0.000887
3952 0.000887
3953 0.000887
3954 0.000886
3955 0.000886
3956 0.000886
3957 0.000886
3958 0.000886
3959 0.000885
3960 0.000885
3961 0.000885
3962 0.000885
3963 0.000884
3964 0.000884
3965 0.000884
3966 0.000884
3967 0.000883
3968 0.000883
3969 0.000883
3970 0.000883
3971 0.000882
3972 0.000882
3973 0.000882
3974 0.000882
3975 0.000882
3976 0.000881
3977 0.000881
3978 0.000881
3979 0.000881
3980 0.000880
3981 0.000880
3982 0.000880
3983 0.000880
3984 0.000880
3985 0.000879
3986 0.000879
3987 0.000879
3988 0.000879
3989 0.000878
3990 0.000878
3991 0.000878
3992 0.000878
3993 0.000877
3994 0.000877
3995 0.000877
3996 0.000877
3997 0.000877
3998 0.000876
3999 0.000876
4000 0.000876
4001 0.000876
4002 0.000875
4003 0.000875
4004 0.000875
4005 0.000875
4006 0.000874
4007 0.000874
4008 0.000874
4009 0.000874
4010 0.000874
4011 0.000873
4012 0.000873
4013 0.000873
4014 0.000873
4015 0.000872
4016 0.000872
4017 0.000872
4018 0.000872
4019 0.000872
4020 0.000871
4021 0.000871
4022 0.000871
4023 0.000871
4024 0.000870
4025 0.000870
4026 0.000870
4027 0.000870
4028 0.000870
4029 0.000869
4030 0.000869
4031 0.000869
4032 0.000869
4033 0.000868
4034 0.000868
4035 0.000868
4036 0.000868
4037 0.000868
4038 0.000867
4039 0.000867
4040 0.000867
4041 0.000867
4042 0.000866
4043 0.000866
4044 0.000866
4045 0.000866
4046 0.000866
4047 0.000865
4048 0.000865
4049 0.000865
4050 0.000865
4051 0.000864
4052 0.000864
4053 0.000864
4054 0.000864
4055 0.000864
4056 0.000863
4057 0.000863
4058 0.000863
4059 0.000863
4060 0.000862
4061 0.000862
4062 0.000862
4063 0.000862
4064 0.000862
4065 0.000861
4066 0.000861
4067 0.000861
4068 0.000861
4069 0.000860
4070 0.000860
4071 0.000860
4072 0.000860
4073 0.000860
4074 0.000859
4075 0.000859
4076 0.000859
4077 0.000859
4078 0.000858
4079 0.000858
4080 0.000858
4081 0.000858
4082 0.000858
4083 0.000857
4084 0.000857
4085 0.000857
4086 0.000857
4087 0.000856
4088 0.000856
4089 0.000856
4090 0.000856
4091 0.000856
4092 0.000855
4093 0.000855
4094 0.000855
4095 0.000855
4096 0.000855
4097 0.000854
4098 0.000854
4099 0.000854
4100 0.000854
4101 0.000853
4102 0.000853
4103 0.000853
4104 0.000853
4105 0.000853
4106 0.000852
4107 0.000852
4108 0.000852
4109 0.000852
4110 0.000852
4111 0.000851
4112 0.000851
4113 0.000851
4114 0.000851
4115 0.000850
4116 0.000850
4117 0.000850
4118 0.000850
4119 0.000850
4120 0.000849
4121 0.000849
4122 0.000849
4123 0.000849
4124 0.000849
4125 0.000848
4126 0.000848
4127 0.000848
4128 0.000848
4129 0.000847
4130 0.000847
4131 0.000847
4132 0.000847
4133 0.000847
4134 0.000846
4135 0.000846
4136 0.000846
4137 0.000846
4138 0.000846
4139 0.000845
4140 0.000845
4141 0.000845
4142 0.000845
4143 0.000844
4144 0.000844
4145 0.000844
4146 0.000844
4147 0.000844
4148 0.000843
4149 0.000843
4150 0.000843
4151 0.000843
4152 0.000843
4153 0.000842
4154 0.000842
4155 0.000842
4156 0.000842
4157 0.000842
4158 0.000841
4159 0.000841
4160 0.000841
4161 0.000841
4162 0.000840
4163 0.000840
4164 0.000840
4165 0.000840
4166 0.000840
4167 0.000839
4168 0.000839
4169 0.000839
4170 0.000839
4171 0.000839
4172 0.000838
4173 0.000838
4174 0.000838
4175 0.000838
4176 0.000838
4177 0.000837
4178 0.000837
4179 0.000837
4180 0.000837
4181 0.000836
4182 0.000836
4183 0.000836
4184 0.000836
4185 0.000836
4186 0.000835
4187 0.000835
4188 0.000835
4189 0.000835
4190 0.000835
4191 0.000834
4192 0.000834
4193 0.000834
4194 0.000834
4195 0.000834
4196 0.000833
4197 0.000833
4198 0.000833
4199 0.000833
4200 0.000833
4201 0.000832
4202 0.000832
4203 0.000832
4204 0.000832
4205 0.000832
4206 0.000831
4207 0.000831
4208 0.000831
4209 0.000831
4210 0.000831
4211 0.000830
4212 0.000830
4213 0.000830
4214 0.000830
4215 0.000829
4216 0.000829
4217 0.000829
4218 0.000829
4219 0.000829
4220 0.000828
4221 0.000828
4222 0.000828
4223 0.000828
4224 0.000828
4225 0.000827
4226 0.000827
4227 0.000827
4228 0.000827
4229 0.000827
4230 0.000826
4231 0.000826
4232 0.000826
4233 0.000826
4234 0.000826
4235 0.000825
4236 0.000825
4237 0.000825
4238 0.000825
4239 0.000825
4240 0.000824
4241 0.000824
4242 0.000824
4243 0.000824
4244 0.000824
4245 0.000823
4246 0.000823
4247 0.000823
4248 0.000823
4249 0.000823
4250 0.000822
4251 0.000822
4252 0.000822
4253 0.000822
4254 0.000822
4255 0.000821
4256 0.000821
4257 0.000821
4258 0.000821
4259 0.000821
4260 0.000820
4261 0.000820
4262 0.000820
4263 0.000820
4264 0.000820
4265 0.000819
4266 0.000819
4267 0.000819
4268 0.000819
4269 0.000819
4270 0.000818
4271 0.000818
4272 0.000818
4273 0.000818
4274 0.000818
4275 0.000817
4276 0.000817
4277 0.000817
4278 0.000817
4279 0.000817
4280 0.000816
4281 0.000816
4282 0.000816
4283 0.000816
4284 0.000816
4285 0.000815
4286 0.000815
4287 0.000815
4288 0.000815
4289 0.000815
4290 0.000814
4291 0.000814
4292 0.000814
4293 0.000814
4294 0.000814
4295 0.000813
4296 0.000813
4297 0.000813
4298 0.000813
4299 0.000813
4300 0.000812
4301 0.000812
4302 0.000812
4303 0.000812
4304 0.000812
4305 0.000811
4306 0.000811
4307 0.000811
4308 0.000811
4309 0.000811
4310 0.000811
4311 0.000810
4312 0.000810
4313 0.000810
4314 0.000810
4315 0.000810
4316 0.000809
4317 0.000809
4318 0.000809
4319 0.000809
4320 0.000809
4321 0.000808
4322 0.000808
4323 0.000808
4324 0.000808
4325 0.000808
4326 0.000807
4327 0.000807
4328 0.000807
4329 0.000807
4330 0.000807
4331 0.000806
4332 0.000806
4333 0.000806
4334 0.000806
4335 0.000806
4336 0.000805
4337 0.000805
4338 0.000805
4339 0.000805
4340 0.000805
4341 0.000804
4342 0.000804
4343 0.000804
4344 0.000804
4345 0.000804
4346 0.000804
4347 0.000803
4348 0.000803
4349 0.000803
4350 0.000803
4351 0.000803
4352 0.000802
4353 0.000802
4354 0.000802
4355 0.000802
4356 0.000802
4357 0.000801
4358 0.000801
4359 0.000801
4360 0.000801
4361 0.000801
4362 0.000800
4363 0.000800
4364 0.000800
4365 0.000800
4366 0.000800
4367 0.000800
4368 0.000799
4369 0.000799
4370 0.000799
4371 0.000799
4372 0.000799
4373 0.000798
4374 0.000798
4375 0.000798
4376 0.000798
4377 0.000798
4378 0.000797
4379 0.000797
4380 0.000797
4381 0.000797
4382 0.000797
4383 0.000796
4384 0.000796
4385 0.000796
4386 0.000796
4387 0.000796
4388 0.000796
4389 0.000795
4390 0.000795
4391 0.000795
4392 0.000795
4393 0.000795
4394 0.000794
4395 0.000794
4396 0.000794
4397 0.000794
4398 0.000794
4399 0.000793
4400 0.000793
4401 0.000793
4402 0.000793
4403 0.000793
4404 0.000793
4405 0.000792
4406 0.000792
4407 0.000792
4408 0.000792
4409 0.000792
4410 0.000791
4411 0.000791
4412 0.000791
4413 0.000791
4414 0.000791
4415 0.000791
4416 0.000790
4417 0.000790
4418 0.000790
4419 0.000790
4420 0.000790
4421 0.000789
4422 0.000789
4423 0.000789
4424 0.000789
4425 0.000789
4426 0.000788
4427 0.000788
4428 0.000788
4429 0.000788
4430 0.000788
4431 0.000788
4432 0.000787
4433 0.000787
4434 0.000787
4435 0.000787
4436 0.000787
4437 0.000786
4438 0.000786
4439 0.000786
4440 0.000786
4441 0.000786
4442 0.000786
4443 0.000785
4444 0.000785
4445 0.000785
4446 0.000785
4447 0.000785
4448 0.000784
4449 0.000784
4450 0.000784
4451 0.000784
4452 0.000784
4453 0.000784
4454 0.000783
4455 0.000783
4456 0.000783
4457 0.000783
4458 0.000783
4459 0.000782
4460 0.000782
4461 0.000782
4462 0.000782
4463 0.000782
4464 0.000781
4465 0.000781
4466 0.000781
4467 0.000781
4468 0.000781
4469 0.000781
4470 0.000780
4471 0.000780
4472 0.000780
4473 0.000780
4474 0.000780
4475 0.000780
4476 0.000779
4477 0.000779
4478 0.000779
4479 0.000779
4480 0.000779
4481 0.000778
4482 0.000778
4483 0.000778
4484 0.000778
4485 0.000778
4486 0.000778
4487 0.000777
4488 0.000777
4489 0.000777
4490 0.000777
4491 0.000777
4492 0.000776
4493 0.000776
4494 0.000776
4495 0.000776
4496 0.000776
4497 0.000776
4498 0.000775
4499 0.000775
4500 0.000775
4501 0.000775
4502 0.000775
4503 0.000774
4504 0.000774
4505 0.000774
4506 0.000774
4507 0.000774
4508 0.000774
4509 0.000773
4510 0.000773
4511 0.000773
4512 0.000773
4513 0.000773
4514 0.000773
4515 0.000772
4516 0.000772
4517 0.000772
4518 0.000772
4519 0.000772
4520 0.000771
4521 0.000771
4522 0.000771
4523 0.000771
4524 0.000771
4525 0.000771
4526 0.000770
4527 0.000770
4528 0.000770
4529 0.000770
4530 0.000770
4531 0.000770
4532 0.000769
4533 0.000769
4534 0.000769
4535 0.000769
4536 0.000769
4537 0.000768
4538 0.000768
4539 0.000768
4540 0.000768
4541 0.000768
4542 0.000768
4543 0.000767
4544 0.000767
4545 0.000767
4546 0.000767
4547 0.000767
4548 0.000767
4549 0.000766
4550 0.000766
4551 0.000766
4552 0.000766
4553 0.000766
4554 0.000765
4555 0.000765
4556 0.000765
4557 0.000765
4558 0.000765
4559 0.000765
4560 0.000764
4561 0.000764
4562 0.000764
4563 0.000764
4564 0.000764
4565 0.000764
4566 0.000763
4567 0.000763
4568 0.000763
4569 0.000763
4570 0.000763
4571 0.000763
4572 0.000762
4573 0.000762
4574 0.000762
4575 0.000762
4576 0.000762
4577 0.000761
4578 0.000761
4579 0.000761
4580 0.000761
4581 0.000761
4582 0.000761
4583 0.000760
4584 0.000760
4585 0.000760
4586 0.000760
4587 0.000760
4588 0.000760
4589 0.000759
4590 0.000759
4591 0.000759
4592 0.000759
4593 0.000759
4594 0.000759
4595 0.000758
4596 0.000758
4597 0.000758
4598 0.000758
4599 0.000758
4600 0.000758
4601 0.000757
4602 0.000757
4603 0.000757
4604 0.000757
4605 0.000757
4606 0.000757
4607 0.000756
4608 0.000756
4609 0.000756
4610 0.000756
4611 0.000756
4612 0.000755
4613 0.000755
4614 0.000755
4615 0.000755
4616 0.000755
4617 0.000755
4618 0.000754
4619 0.000754
4620 0.000754
4621 0.000754
4622 0.000754
4623 0.000754
4624 0.000753
4625 0.000753
4626 0.000753
4627 0.000753
4628 0.000753
4629 0.000753
4630 0.000752
4631 0.000752
4632 0.000752
4633 0.000752
4634 0.000752
4635 0.000752
4636 0.000751
4637 0.000751
4638 0.000751
4639 0.000751
4640 0.000751
4641 0.000751
4642 0.000750
4643 0.000750
4644 0.000750
4645 0.000750
4646 0.000750
4647 0.000750
4648 0.000749
4649 0.000749
4650 0.000749
4651 0.000749
4652 0.000749
4653 0.000749
4654 0.000748
4655 0.000748
4656 0.000748
4657 0.000748
4658 0.000748
4659 0.000748
4660 0.000747
4661 0.000747
4662 0.000747
4663 0.000747
4664 0.000747
4665 0.000747
4666 0.000746
4667 0.000746
4668 0.000746
4669 0.000746
4670 0.000746
4671 0.000746
4672 0.000745
4673 0.000745
4674 0.000745
4675 0.000745
4676 0.000745
4677 0.000745
4678 0.000744
4679 0.000744
4680 0.000744
4681 0.000744
4682 0.000744
4683 0.000744
4684 0.000743
4685 0.000743
4686 0.000743
4687 0.000743
4688 0.000743
4689 0.000743
4690 0.000742
4691 0.000742
4692 0.000742
4693 0.000742
4694 0.000742
4695 0.000742
4696 0.000741
4697 0.000741
4698 0.000741
4699 0.000741
4700 0.000741
4701 0.000741
4702 0.000740
4703 0.000740
4704 0.000740
4705 0.000740
4706 0.000740
4707 0.000740
4708 0.000740
4709 0.000739
4710 0.000739
4711 0.000739
4712 0.000739
4713 0.000739
4714 0.000739
4715 0.000738
4716 0.000738
4717 0.000738
4718 0.000738
4719 0.000738
4720 0.000738
4721 0.000737
4722 0.000737
4723 0.000737
4724 0.000737
4725 0.000737
4726 0.000737
4727 0.000736
4728 0.000736
4729 0.000736
4730 0.000736
4731 0.000736
4732 0.000736
4733 0.000735
4734 0.000735
4735 0.000735
4736 0.000735
4737 0.000735
4738 0.000735
4739 0.000734
4740 0.000734
4741 0.000734
4742 0.000734
4743 0.000734
4744 0.000734
4745 0.000734
4746 0.000733
4747 0.000733
4748 0.000733
4749 0.000733
4750 0.000733
4751 0.000733
4752 0.000732
4753 0.000732
4754 0.000732
4755 0.000732
4756 0.000732
4757 0.000732
4758 0.000731
4759 0.000731
4760 0.000731
4761 0.000731
4762 0.000731
4763 0.000731
4764 0.000731
4765 0.000730
4766 0.000730
4767 0.000730
4768 0.000730
4769 0.000730
4770 0.000730
4771 0.000729
4772 0.000729
4773 0.000729
4774 0.000729
4775 0.000729
4776 0.000729
4777 0.000728
4778 0.000728
4779 0.000728
4780 0.000728
4781 0.000728
4782 0.000728
4783 0.000727
4784 0.000727
4785 0.000727
4786 0.000727
4787 0.000727
4788 0.000727
4789 0.000727
4790 0.000726
4791 0.000726
4792 0.000726
4793 0.000726
4794 0.000726
4795 0.000726
4796 0.000725
4797 0.000725
4798 0.000725
4799 0.000725
4800 0.000725
4801 0.000725
4802 0.000725
4803 0.000724
4804 0.000724
4805 0.000724
4806 0.000724
4807 0.000724
4808 0.000724
4809 0.000723
4810 0.000723
4811 0.000723
4812 0.000723
4813 0.000723
4814 0.000723
4815 0.000722
4816 0.000722
4817 0.000722
4818 0.000722
4819 0.000722
4820 0.000722
4821 0.000722
4822 0.000721
4823 0.000721
4824 0.000721
4825 0.000721
4826 0.000721
4827 0.000721
4828 0.000720
4829 0.000720
4830 0.000720
4831 0.000720
4832 0.000720
4833 0.000720
4834 0.000720
4835 0.000719
4836 0.000719
4837 0.000719
4838 0.000719
4839 0.000719
4840 0.000719
4841 0.000718
4842 0.000718
4843 0.000718
4844 0.000718
4845 0.000718
4846 0.000718
4847 0.000718
4848 0.000717
4849 0.000717
4850 0.000717
4851 0.000717
4852 0.000717
4853 0.000717
4854 0.000716
4855 0.000716
4856 0.000716
4857 0.000716
4858 0.000716
4859 0.000716
4860 0.000716
4861 0.000715
4862 0.000715
4863 0.000715
4864 0.000715
4865 0.000715
4866 0.000715
4867 0.000714
4868 0.000714
4869 0.000714
4870 0.000714
4871 0.000714
4872 0.000714
4873 0.000714
4874 0.000713
4875 0.000713
4876 0.000713
4877 0.000713
4878 0.000713
4879 0.000713
4880 0.000713
4881 0.000712
4882 0.000712
4883 0.000712
4884 0.000712
4885 0.000712
4886 0.000712
4887 0.000711
4888 0.000711
4889 0.000711
4890 0.000711
4891 0.000711
4892 0.000711
4893 0.000711
4894 0.000710
4895 0.000710
4896 0.000710
4897 0.000710
4898 0.000710
4899 0.000710
4900 0.000709
4901 0.000709
4902 0.000709
4903 0.000709
4904 0.000709
4905 0.000709
4906 0.000709
4907 0.000708
4908 0.000708
4909 0.000708
4910 0.000708
4911 0.000708
4912 0.000708
4913 0.000708
4914 0.000707
4915 0.000707
4916 0.000707
4917 0.000707
4918 0.000707
4919 0.000707
4920 0.000706
4921 0.000706
4922 0.000706
4923 0.000706
4924 0.000706
4925 0.000706
4926 0.000706
4927 0.000705
4928 0.000705
4929 0.000705
4930 0.000705
4931 0.000705
4932 0.000705
4933 0.000705
4934 0.000704
4935 0.000704
4936 0.000704
4937 0.000704
4938 0.000704
4939 0.000704
4940 0.000704
4941 0.000703
4942 0.000703
4943 0.000703
4944 0.000703
4945 0.000703
4946 0.000703
4947 0.000702
4948 0.000702
4949 0.000702
4950 0.000702
4951 0.000702
4952 0.000702
4953 0.000702
4954 0.000701
4955 0.000701
4956 0.000701
4957 0.000701
4958 0.000701
4959 0.000701
4960 0.000701
4961 0.000700
4962 0.000700
4963 0.000700
4964 0.000700
4965 0.000700
4966 0.000700
4967 0.000700
4968 0.000699
4969 0.000699
4970 0.000699
4971 0.000699
4972 0.000699
4973 0.000699
4974 0.000699
4975 0.000698
4976 0.000698
4977 0.000698
4978 0.000698
4979 0.000698
4980 0.000698
4981 0.000698
4982 0.000697
4983 0.000697
4984 0.000697
4985 0.000697
4986 0.000697
4987 0.000697
4988 0.000697
4989 0.000696
4990 0.000696
4991 0.000696
4992 0.000696
4993 0.000696
4994 0.000696
4995 0.000696
4996 0.000695
4997 0.000695
4998 0.000695
4999 0.000695
5000 0.000695
5001 0.000695
5002 0.000694
5003 0.000694
5004 0.000694
5005 0.000694
5006 0.000694
5007 0.000694
5008 0.000694
5009 0.000693
5010 0.000693
5011 0.000693
5012 0.000693
5013 0.000693
5014 0.000693
5015 0.000693
5016 0.000692
5017 0.000692
5018 0.000692
5019 0.000692
5020 0.000692
5021 0.000692
5022 0.000692
5023 0.000691
5024 0.000691
5025 0.000691
5026 0.000691
5027 0.000691
5028 0.000691
5029 0.000691
5030 0.000690
5031 0.000690
5032 0.000690
5033 0.000690
5034 0.000690
5035 0.000690
5036 0.000690
5037 0.000689
5038 0.000689
5039 0.000689
5040 0.000689
5041 0.000689
5042 0.000689
5043 0.000689
5044 0.000688
5045 0.000688
5046 0.000688
5047 0.000688
5048 0.000688
5049 0.000688
5050 0.000688
5051 0.000688
5052 0.000687
5053 0.000687
5054 0.000687
5055 0.000687
5056 0.000687
5057 0.000687
5058 0.000687
5059 0.000686
5060 0.000686
5061 0.000686
5062 0.000686
5063 0.000686
5064 0.000686
5065 0.000686
5066 0.000685
5067 0.000685
5068 0.000685
5069 0.000685
5070 0.000685
5071 0.000685
5072 0.000685
5073 0.000684
5074 0.000684
5075 0.000684
5076 0.000684
5077 0.000684
5078 0.000684
5079 0.000684
5080 0.000683
5081 0.000683
5082 0.000683
5083 0.000683
5084 0.000683
5085 0.000683
5086 0.000683
5087 0.000682
5088 0.000682
5089 0.000682
5090 0.000682
5091 0.000682
5092 0.000682
5093 0.000682
5094 0.000681
5095 0.000681
5096 0.000681
5097 0.000681
5098 0.000681
5099 0.000681
5100 0.000681
5101 0.000681
5102 0.000680
5103 0.000680
5104 0.000680
5105 0.000680
5106 0.000680
5107 0.000680
5108 0.000680
5109 0.000679
5110 0.000679
5111 0.000679
5112 0.000679
5113 0.000679
5114 0.000679
5115 0.000679
5116 0.000678
5117 0.000678
5118 0.000678
5119 0.000678
5120 0.000678
5121 0.000678
5122 0.000678
5123 0.000677
5124 0.000677
5125 0.000677
5126 0.000677
5127 0.000677
5128 0.000677
5129 0.000677
5130 0.000677
5131 0.000676
5132 0.000676
5133 0.000676
5134 0.000676
5135 0.000676
5136 0.000676
5137 0.000676
5138 0.000675
5139 0.000675
5140 0.000675
5141 0.000675
5142 0.000675
5143 0.000675
5144 0.000675
5145 0.000674
5146 0.000674
5147 0.000674
5148 0.000674
5149 0.000674
5150 0.000674
5151 0.000674
5152 0.000674
5153 0.000673
5154 0.000673
5155 0.000673
5156 0.000673
5157 0.000673
5158 0.000673
5159 0.000673
5160 0.000672
5161 0.000672
5162 0.000672
5163 0.000672
5164 0.000672
5165 0.000672
5166 0.000672
5167 0.000672
5168 0.000671
5169 0.000671
5170 0.000671
5171 0.000671
5172 0.000671
5173 0.000671
5174 0.000671
5175 0.000670
5176 0.000670
5177 0.000670
5178 0.000670
5179 0.000670
5180 0.000670
5181 0.000670
5182 0.000670
5183 0.000669
5184 0.000669
5185 0.000669
5186 0.000669
5187 0.000669
5188 0.000669
5189 0.000669
5190 0.000668
5191 0.000668
5192 0.000668
5193 0.000668
5194 0.000668
5195 0.000668
5196 0.000668
5197 0.000668
5198 0.000667
5199 0.000667
5200 0.000667
5201 0.000667
5202 0.000667
5203 0.000667
5204 0.000667
5205 0.000666
5206 0.000666
5207 0.000666
5208 0.000666
5209 0.000666
5210 0.000666
5211 0.000666
5212 0.000666
5213 0.000665
5214 0.000665
5215 0.000665
5216 0.000665
5217 0.000665
5218 0.000665
5219 0.000665
5220 0.000664
5221 0.000664
5222 0.000664
5223 0.000664
5224 0.000664
5225 0.000664
5226 0.000664
5227 0.000664
5228 0.000663
5229 0.000663
5230 0.000663
5231 0.000663
5232 0.000663
5233 0.000663
5234 0.000663
5235 0.000662
5236 0.000662
5237 0.000662
5238 0.000662
5239 0.000662
5240 0.000662
5241 0.000662
5242 0.000662
5243 0.000661
5244 0.000661
5245 0.000661
5246 0.000661
5247 0.000661
5248 0.000661
5249 0.000661
5250 0.000661
5251 0.000660
5252 0.000660
5253 0.000660
5254 0.000660
5255 0.000660
5256 0.000660
5257 0.000660
5258 0.000659
5259 0.000659
5260 0.000659
5261 0.000659
5262 0.000659
5263 0.000659
5264 0.000659
5265 0.000659
5266 0.000658
5267 0.000658
5268 0.000658
5269 0.000658
5270 0.000658
5271 0.000658
5272 0.000658
5273 0.000658
5274 0.000657
5275 0.000657
5276 0.000657
5277 0.000657
5278 0.000657
5279 0.000657
5280 0.000657
5281 0.000657
5282 0.000656
5283 0.000656
5284 0.000656
5285 0.000656
5286 0.000656
5287 0.000656
5288 0.000656
5289 0.000655
5290 0.000655
5291 0.000655
5292 0.000655
5293 0.000655
5294 0.000655
5295 0.000655
5296 0.000655
5297 0.000654
5298 0.000654
5299 0.000654
5300 0.000654
5301 0.000654
5302 0.000654
5303 0.000654
5304 0.000654
5305 0.000653
5306 0.000653
5307 0.000653
5308 0.000653
5309 0.000653
5310 0.000653
5311 0.000653
5312 0.000653
5313 0.000652
5314 0.000652
5315 0.000652
5316 0.000652
5317 0.000652
5318 0.000652
5319 0.000652
5320 0.000652
5321 0.000651
5322 0.000651
5323 0.000651
5324 0.000651
5325 0.000651
5326 0.000651
5327 0.000651
5328 0.000651
5329 0.000650
5330 0.000650
5331 0.000650
5332 0.000650
5333 0.000650
5334 0.000650
5335 0.000650
5336 0.000649
5337 0.000649
5338 0.000649
5339 0.000649
5340 0.000649
5341 0.000649
5342 0.000649
5343 0.000649
5344 0.000648
5345 0.000648
5346 0.000648
5347 0.000648
5348 0.000648
5349 0.000648
5350 0.000648
5351 0.000648
5352 0.000647
5353 0.000647
5354 0.000647
5355 0.000647
5356 0.000647
5357 0.000647
5358 0.000647
5359 0.000647
5360 0.000646
5361 0.000646
5362 0.000646
5363 0.000646
5364 0.000646
5365 0.000646
5366 0.000646
5367 0.000646
5368 0.000645
5369 0.000645
5370 0.000645
5371 0.000645
5372 0.000645
5373 0.000645
5374 0.000645
5375 0.000645
5376 0.000644
5377 0.000644
5378 0.000644
5379 0.000644
5380 0.000644
5381 0.000644
5382 0.000644
5383 0.000644
5384 0.000643
5385 0.000643
5386 0.000643
5387 0.000643
5388 0.000643
5389 0.000643
5390 0.000643
5391 0.000643
5392 0.000643
5393 0.000642
5394 0.000642
5395 0.000642
5396 0.000642
5397 0.000642
5398 0.000642
5399 0.000642
5400 0.000642
5401 0.000641
5402 0.000641
5403 0.000641
5404 0.000641
5405 0.000641
5406 0.000641
5407 0.000641
5408 0.000641
5409 0.000640
5410 0.000640
5411 0.000640
5412 0.000640
5413 0.000640
5414 0.000640
5415 0.000640
5416 0.000640
5417 0.000639
5418 0.000639
5419 0.000639
5420 0.000639
5421 0.000639
5422 0.000639
5423 0.000639
5424 0.000639
5425 0.000638
5426 0.000638
5427 0.000638
5428 0.000638
5429 0.000638
5430 0.000638
5431 0.000638
5432 0.000638
5433 0.000637
5434 0.000637
5435 0.000637
5436 0.000637
5437 0.000637
5438 0.000637
5439 0.000637
5440 0.000637
5441 0.000637
5442 0.000636
5443 0.000636
5444 0.000636
5445 0.000636
5446 0.000636
5447 0.000636
5448 0.000636
5449 0.000636
5450 0.000635
5451 0.000635
5452 0.000635
5453 0.000635
5454 0.000635
5455 0.000635
5456 0.000635
5457 0.000635
5458 0.000634
5459 0.000634
5460 0.000634
5461 0.000634
5462 0.000634
5463 0.000634
5464 0.000634
5465 0.000634
5466 0.000634
5467 0.000633
5468 0.000633
5469 0.000633
5470 0.000633
5471 0.000633
5472 0.000633
5473 0.000633
5474 0.000633
5475 0.000632
5476 0.000632
5477 0.000632
5478 0.000632
5479 0.000632
5480 0.000632
5481 0.000632
5482 0.000632
5483 0.000631
5484 0.000631
5485 0.000631
5486 0.000631
5487 0.000631
5488 0.000631
5489 0.000631
5490 0.000631
5491 0.000631
5492 0.000630
5493 0.000630
5494 0.000630
5495 0.000630
5496 0.000630
5497 0.000630
5498 0.000630
5499 0.000630
5500 0.000629
5501 0.000629
5502 0.000629
5503 0.000629
5504 0.000629
5505 0.000629
5506 0.000629
5507 0.000629
5508 0.000628
5509 0.000628
5510 0.000628
5511 0.000628
5512 0.000628
5513 0.000628
5514 0.000628
5515 0.000628
5516 0.000628
5517 0.000627
5518 0.000627
5519 0.000627
5520 0.000627
5521 0.000627
5522 0.000627
5523 0.000627
5524 0.000627
5525 0.000626
5526 0.000626
5527 0.000626
5528 0.000626
5529 0.000626
5530 0.000626
5531 0.000626
5532 0.000626
5533 0.000626
5534 0.000625
5535 0.000625
5536 0.000625
5537 0.000625
5538 0.000625
5539 0.000625
5540 0.000625
5541 0.000625
5542 0.000625
5543 0.000624
5544 0.000624
5545 0.000624
5546 0.000624
5547 0.000624
5548 0.000624
5549 0.000624
5550 0.000624
5551 0.000623
5552 0.000623
5553 0.000623
5554 0.000623
5555 0.000623
5556 0.000623
5557 0.000623
5558 0.000623
5559 0.000623
5560 0.000622
5561 0.000622
5562 0.000622
5563 0.000622
5564 0.000622
5565 0.000622
5566 0.000622
5567 0.000622
5568 0.000621
5569 0.000621
5570 0.000621
5571 0.000621
5572 0.000621
5573 0.000621
5574 0.000621
5575 0.000621
5576 0.000621
5577 0.000620
5578 0.000620
5579 0.000620
5580 0.000620
5581 0.000620
5582 0.000620
5583 0.000620
5584 0.000620
5585 0.000620
5586 0.000619
5587 0.000619
5588 0.000619
5589 0.000619
5590 0.000619
5591 0.000619
5592 0.000619
5593 0.000619
5594 0.000618
5595 0.000618
5596 0.000618
5597 0.000618
5598 0.000618
5599 0.000618
5600 0.000618
5601 0.000618
5602 0.000618
5603 0.000617
5604 0.000617
5605 0.000617
5606 0.000617
5607 0.000617
5608 0.000617
5609 0.000617
5610 0.000617
5611 0.000617
5612 0.000616
5613 0.000616
5614 0.000616
5615 0.000616
5616 0.000616
5617 0.000616
5618 0.000616
5619 0.000616
5620 0.000616
5621 0.000615
5622 0.000615
5623 0.000615
5624 0.000615
5625 0.000615
5626 0.000615
5627 0.000615
5628 0.000615
5629 0.000615
5630 0.000614
5631 0.000614
5632 0.000614
5633 0.000614
5634 0.000614
5635 0.000614
5636 0.000614
5637 0.000614
5638 0.000613
5639 0.000613
5640 0.000613
5641 0.000613
5642 0.000613
5643 0.000613
5644 0.000613
5645 0.000613
5646 0.000613
5647 0.000612
5648 0.000612
5649 0.000612
5650 0.000612
5651 0.000612
5652 0.000612
5653 0.000612
5654 0.000612
5655 0.000612
5656 0.000611
5657 0.000611
5658 0.000611
5659 0.000611
5660 0.000611
5661 0.000611
5662 0.000611
5663 0.000611
5664 0.000611
5665 0.000610
5666 0.000610
5667 0.000610
5668 0.000610
5669 0.000610
5670 0.000610
5671 0.000610
5672 0.000610
5673 0.000610
5674 0.000609
5675 0.000609
5676 0.000609
5677 0.000609
5678 0.000609
5679 0.000609
5680 0.000609
5681 0.000609
5682 0.000609
5683 0.000608
5684 0.000608
5685 0.000608
5686 0.000608
5687 0.000608
5688 0.000608
5689 0.000608
5690 0.000608
5691 0.000608
5692 0.000607
5693 0.000607
5694 0.000607
5695 0.000607
5696 0.000607
5697 0.000607
5698 0.000607
5699 0.000607
5700 0.000607
5701 0.000606
5702 0.000606
5703 0.000606
5704 0.000606
5705 0.000606
5706 0.000606
5707 0.000606
5708 0.000606
5709 0.000606
5710 0.000605
5711 0.000605
5712 0.000605
5713 0.000605
5714 0.000605
5715 0.000605
5716 0.000605
5717 0.000605
5718 0.000605
5719 0.000605
5720 0.000604
5721 0.000604
5722 0.000604
5723 0.000604
5724 0.000604
5725 0.000604
5726 0.000604
5727 0.000604
5728 0.000604
5729 0.000603
5730 0.000603
5731 0.000603
5732 0.000603
5733 0.000603
5734 0.000603
5735 0.000603
5736 0.000603
5737 0.000603
5738 0.000602
5739 0.000602
5740 0.000602
5741 0.000602
5742 0.000602
5743 0.000602
5744 0.000602
5745 0.000602
5746 0.000602
5747 0.000601
5748 0.000601
5749 0.000601
5750 0.000601
5751 0.000601
5752 0.000601
5753 0.000601
5754 0.000601
5755 0.000601
5756 0.000600
5757 0.000600
5758 0.000600
5759 0.000600
5760 0.000600
5761 0.000600
5762 0.000600
5763 0.000600
5764 0.000600
5765 0.000600
5766 0.000599
5767 0.000599
5768 0.000599
5769 0.000599
5770 0.000599
5771 0.000599
5772 0.000599
5773 0.000599
5774 0.000599
5775 0.000598
5776 0.000598
5777 0.000598
5778 0.000598
5779 0.000598
5780 0.000598
5781 0.000598
5782 0.000598
5783 0.000598
5784 0.000597
5785 0.000597
5786 0.000597
5787 0.000597
5788 0.000597
5789 0.000597
5790 0.000597
5791 0.000597
5792 0.000597
5793 0.000597
5794 0.000596
5795 0.000596
5796 0.000596
5797 0.000596
5798 0.000596
5799 0.000596
5800 0.000596
5801 0.000596
5802 0.000596
5803 0.000595
5804 0.000595
5805 0.000595
5806 0.000595
5807 0.000595
5808 0.000595
5809 0.000595
5810 0.000595
5811 0.000595
5812 0.000594
5813 0.000594
5814 0.000594
5815 0.000594
5816 0.000594
5817 0.000594
5818 0.000594
5819 0.000594
5820 0.000594
5821 0.000594
5822 0.000593
5823 0.000593
5824 0.000593
5825 0.000593
5826 0.000593
5827 0.000593
5828 0.000593
5829 0.000593
5830 0.000593
5831 0.000592
5832 0.000592
5833 0.000592
5834 0.000592
5835 0.000592
5836 0.000592
5837 0.000592
5838 0.000592
5839 0.000592
5840 0.000592
5841 0.000591
5842 0.000591
5843 0.000591
5844 0.000591
5845 0.000591
5846 0.000591
5847 0.000591
5848 0.000591
5849 0.000591
5850 0.000590
5851 0.000590
5852 0.000590
5853 0.000590
5854 0.000590
5855 0.000590
5856 0.000590
5857 0.000590
5858 0.000590
5859 0.000590
5860 0.000589
5861 0.000589
5862 0.000589
5863 0.000589
5864 0.000589
5865 0.000589
5866 0.000589
5867 0.000589
5868 0.000589
5869 0.000589
5870 0.000588
5871 0.000588
5872 0.000588
5873 0.000588
5874 0.000588
5875 0.000588
5876 0.000588
5877 0.000588
5878 0.000588
5879 0.000587
5880 0.000587
5881 0.000587
5882 0.000587
5883 0.000587
5884 0.000587
5885 0.000587
5886 0.000587
5887 0.000587
5888 0.000587
5889 0.000586
5890 0.000586
5891 0.000586
5892 0.000586
5893 0.000586
5894 0.000586
5895 0.000586
5896 0.000586
5897 0.000586
5898 0.000586
5899 0.000585
5900 0.000585
5901 0.000585
5902 0.000585
5903 0.000585
5904 0.000585
5905 0.000585
5906 0.000585
5907 0.000585
5908 0.000584
5909 0.000584
5910 0.000584
5911 0.000584
5912 0.000584
5913 0.000584
5914 0.000584
5915 0.000584
5916 0.000584
5917 0.000584
5918 0.000583
5919 0.000583
5920 0.000583
5921 0.000583
5922 0.000583
5923 0.000583
5924 0.000583
5925 0.000583
5926 0.000583
5927 0.000583
5928 0.000582
5929 0.000582
5930 0.000582
5931 0.000582
5932 0.000582
5933 0.000582
5934 0.000582
5935 0.000582
5936 0.000582
5937 0.000582
5938 0.000581
5939 0.000581
5940 0.000581
5941 0.000581
5942 0.000581
5943 0.000581
5944 0.000581
5945 0.000581
5946 0.000581
5947 0.000581
5948 0.000580
5949 0.000580
5950 0.000580
5951 0.000580
5952 0.000580
5953 0.000580
5954 0.000580
5955 0.000580
5956 0.000580
5957 0.000580
5958 0.000579
5959 0.000579
5960 0.000579
5961 0.000579
5962 0.000579
5963 0.000579
5964 0.000579
5965 0.000579
5966 0.000579
5967 0.000579
5968 0.000578
5969 0.000578
5970 0.000578
5971 0.000578
5972 0.000578
5973 0.000578
5974 0.000578
5975 0.000578
5976 0.000578
5977 0.000578
5978 0.000577
5979 0.000577
5980 0.000577
5981 0.000577
5982 0.000577
5983 0.000577
5984 0.000577
5985 0.000577
5986 0.000577
5987 0.000577
5988 0.000576
5989 0.000576
5990 0.000576
5991 0.000576
5992 0.000576
5993 0.000576
5994 0.000576
5995 0.000576
5996 0.000576
5997 0.000576
5998 0.000575
5999 0.000575
6000 0.000575
6001 0.000575
6002 0.000575
6003 0.000575
6004 0.000575
6005 0.000575
6006 0.000575
6007 0.000575
6008 0.000574
6009 0.000574
6010 0.000574
6011 0.000574
6012 0.000574
6013 0.000574
6014 0.000574
6015 0.000574
6016 0.000574
6017 0.000574
6018 0.000573
6019 0.000573
6020 0.000573
6021 0.000573
6022 0.000573
6023 0.000573
6024 0.000573
6025 0.000573
6026 0.000573
6027 0.000573
6028 0.000572
6029 0.000572
6030 0.000572
6031 0.000572
6032 0.000572
6033 0.000572
6034 0.000572
6035 0.000572
6036 0.000572
6037 0.000572
6038 0.000571
6039 0.000571
6040 0.000571
6041 0.000571
6042 0.000571
6043 0.000571
6044 0.000571
6045 0.000571
6046 0.000571
6047 0.000571
6048 0.000571
6049 0.000570
6050 0.000570
6051 0.000570
6052 0.000570
6053 0.000570
6054 0.000570
6055 0.000570
6056 0.000570
6057 0.000570
6058 0.000570
6059 0.000569
6060 0.000569
6061 0.000569
6062 0.000569
6063 0.000569
6064 0.000569
6065 0.000569
6066 0.000569
6067 0.000569
6068 0.000569
6069 0.000568
6070 0.000568
6071 0.000568
6072 0.000568
6073 0.000568
6074 0.000568
6075 0.000568
6076 0.000568
6077 0.000568
6078 0.000568
6079 0.000567
6080 0.000567
6081 0.000567
6082 0.000567
6083 0.000567
6084 0.000567
6085 0.000567
6086 0.000567
6087 0.000567
6088 0.000567
6089 0.000567
6090 0.000566
6091 0.000566
6092 0.000566
6093 0.000566
6094 0.000566
6095 0.000566
6096 0.000566
6097 0.000566
6098 0.000566
6099 0.000566
6100 0.000565
6101 0.000565
6102 0.000565
6103 0.000565
6104 0.000565
6105 0.000565
6106 0.000565
6107 0.000565
6108 0.000565
6109 0.000565
6110 0.000565
6111 0.000564
6112 0.000564
6113 0.000564
6114 0.000564
6115 0.000564
6116 0.000564
6117 0.000564
6118 0.000564
6119 0.000564
6120 0.000564
6121 0.000563
6122 0.000563
6123 0.000563
6124 0.000563
6125 0.000563
6126 0.000563
6127 0.000563
6128 0.000563
6129 0.000563
6130 0.000563
6131 0.000563
6132 0.000562
6133 0.000562
6134 0.000562
6135 0.000562
6136 0.000562
6137 0.000562
6138 0.000562
6139 0.000562
6140 0.000562
6141 0.000562
6142 0.000561
6143 0.000561
6144 0.000561
6145 0.000561
6146 0.000561
6147 0.000561
6148 0.000561
6149 0.000561
6150 0.000561
6151 0.000561
6152 0.000561
6153 0.000560
6154 0.000560
6155 0.000560
6156 0.000560
6157 0.000560
6158 0.000560
6159 0.000560
6160 0.000560
6161 0.000560
6162 0.000560
6163 0.000559
6164 0.000559
6165 0.000559
6166 0.000559
6167 0.000559
6168 0.000559
6169 0.000559
6170 0.000559
6171 0.000559
6172 0.000559
6173 0.000559
6174 0.000558
6175 0.000558
6176 0.000558
6177 0.000558
6178 0.000558
6179 0.000558
6180 0.000558
6181 0.000558
6182 0.000558
6183 0.000558
6184 0.000558
6185 0.000557
6186 0.000557
6187 0.000557
6188 0.000557
6189 0.000557
6190 0.000557
6191 0.000557
6192 0.000557
6193 0.000557
6194 0.000557
6195 0.000557
6196 0.000556
6197 0.000556
6198 0.000556
6199 0.000556
6200 0.000556
6201 0.000556
6202 0.000556
6203 0.000556
6204 0.000556
6205 0.000556
6206 0.000555
6207 0.000555
6208 0.000555
6209 0.000555
6210 0.000555
6211 0.000555
6212 0.000555
6213 0.000555
6214 0.000555
6215 0.000555
6216 0.000555
6217 0.000554
6218 0.000554
6219 0.000554
6220 0.000554
6221 0.000554
6222 0.000554
6223 0.000554
6224 0.000554
6225 0.000554
6226 0.000554
6227 0.000554
6228 0.000553
6229 0.000553
6230 0.000553
6231 0.000553
6232 0.000553
6233 0.000553
6234 0.000553
6235 0.000553
6236 0.000553
6237 0.000553
6238 0.000553
6239 0.000552
6240 0.000552
6241 0.000552
6242 0.000552
6243 0.000552
6244 0.000552
6245 0.000552
6246 0.000552
6247 0.000552
6248 0.000552
6249 0.000552
6250 0.000551
6251 0.000551
6252 0.000551
6253 0.000551
6254 0.000551
6255 0.000551
6256 0.000551
6257 0.000551
6258 0.000551
6259 0.000551
6260 0.000551
6261 0.000550
6262 0.000550
6263 0.000550
6264 0.000550
6265 0.000550
6266 0.000550
6267 0.000550
6268 0.000550
6269 0.000550
6270 0.000550
6271 0.000550
6272 0.000549
6273 0.000549
6274 0.000549
6275 0.000549
6276 0.000549
6277 0.000549
6278 0.000549
6279 0.000549
6280 0.000549
6281 0.000549
6282 0.000549
6283 0.000548
6284 0.000548
6285 0.000548
6286 0.000548
6287 0.000548
6288 0.000548
6289 0.000548
6290 0.000548
6291 0.000548
6292 0.000548
6293 0.000548
6294 0.000547
6295 0.000547
6296 0.000547
6297 0.000547
6298 0.000547
6299 0.000547
6300 0.000547
6301 0.000547
6302 0.000547
6303 0.000547
6304 0.000547
6305 0.000546
6306 0.000546
6307 0.000546
6308 0.000546
6309 0.000546
6310 0.000546
6311 0.000546
6312 0.000546
6313 0.000546
6314 0.000546
6315 0.000546
6316 0.000545
6317 0.000545
6318 0.000545
6319 0.000545
6320 0.000545
6321 0.000545
6322 0.000545
6323 0.000545
6324 0.000545
6325 0.000545
6326 0.000545
6327 0.000544
6328 0.000544
6329 0.000544
6330 0.000544
6331 0.000544
6332 0.000544
6333 0.000544
6334 0.000544
6335 0.000544
6336 0.000544
6337 0.000544
6338 0.000544
6339 0.000543
6340 0.000543
6341 0.000543
6342 0.000543
6343 0.000543
6344 0.000543
6345 0.000543
6346 0.000543
6347 0.000543
6348 0.000543
6349 0.000543
6350 0.000542
6351 0.000542
6352 0.000542
6353 0.000542
6354 0.000542
6355 0.000542
6356 0.000542
6357 0.000542
6358 0.000542
6359 0.000542
6360 0.000542
6361 0.000541
6362 0.000541
6363 0.000541
6364 0.000541
6365 0.000541
6366 0.000541
6367 0.000541
6368 0.000541
6369 0.000541
6370 0.000541
6371 0.000541
6372 0.000541
6373 0.000540
6374 0.000540
6375 0.000540
6376 0.000540
6377 0.000540
6378 0.000540
6379 0.000540
6380 0.000540
6381 0.000540
6382 0.000540
6383 0.000540
6384 0.000539
6385 0.000539
6386 0.000539
6387 0.000539
6388 0.000539
6389 0.000539
6390 0.000539
6391 0.000539
6392 0.000539
6393 0.000539
6394 0.000539
6395 0.000539
6396 0.000538
6397 0.000538
6398 0.000538
6399 0.000538
6400 0.000538
6401 0.000538
6402 0.000538
6403 0.000538
6404 0.000538
6405 0.000538
6406 0.000538
6407 0.000537
6408 0.000537
6409 0.000537
6410 0.000537
6411 0.000537
6412 0.000537
6413 0.000537
6414 0.000537
6415 0.000537
6416 0.000537
6417 0.000537
6418 0.000537
6419 0.000536
6420 0.000536
6421 0.000536
6422 0.000536
6423 0.000536
6424 0.000536
6425 0.000536
6426 0.000536
6427 0.000536
6428 0.000536
6429 0.000536
6430 0.000535
6431 0.000535
6432 0.000535
6433 0.000535
6434 0.000535
6435 0.000535
6436 0.000535
6437 0.000535
6438 0.000535
6439 0.000535
6440 0.000535
6441 0.000535
6442 0.000534
6443 0.000534
6444 0.000534
6445 0.000534
6446 0.000534
6447 0.000534
6448 0.000534
6449 0.000534
6450 0.000534
6451 0.000534
6452 0.000534
6453 0.000534
6454 0.000533
6455 0.000533
6456 0.000533
6457 0.000533
6458 0.000533
6459 0.000533
6460 0.000533
6461 0.000533
6462 0.000533
6463 0.000533
6464 0.000533
6465 0.000532
6466 0.000532
6467 0.000532
6468 0.000532
6469 0.000532
6470 0.000532
6471 0.000532
6472 0.000532
6473 0.000532
6474 0.000532
6475 0.000532
6476 0.000532
6477 0.000531
6478 0.000531
6479 0.000531
6480 0.000531
6481 0.000531
6482 0.000531
6483 0.000531
6484 0.000531
6485 0.000531
6486 0.000531
6487 0.000531
6488 0.000531
6489 0.000530
6490 0.000530
6491 0.000530
6492 0.000530
6493 0.000530
6494 0.000530
6495 0.000530
6496 0.000530
6497 0.000530
6498 0.000530
6499 0.000530
6500 0.000530
6501 0.000529
6502 0.000529
6503 0.000529
6504 0.000529
6505 0.000529
6506 0.000529
6507 0.000529
6508 0.000529
6509 0.000529
6510 0.000529
6511 0.000529
6512 0.000529
6513 0.000528
6514 0.000528
6515 0.000528
6516 0.000528
6517 0.000528
6518 0.000528
6519 0.000528
6520 0.000528
6521 0.000528
6522 0.000528
6523 0.000528
6524 0.000528
6525 0.000527
6526 0.000527
6527 0.000527
6528 0.000527
6529 0.000527
6530 0.000527
6531 0.000527
6532 0.000527
6533 0.000527
6534 0.000527
6535 0.000527
6536 0.000527
6537 0.000526
6538 0.000526
6539 0.000526
6540 0.000526
6541 0.000526
6542 0.000526
6543 0.000526
6544 0.000526
6545 0.000526
6546 0.000526
6547 0.000526
6548 0.000526
6549 0.000525
6550 0.000525
6551 0.000525
6552 0.000525
6553 0.000525
6554 0.000525
6555 0.000525
6556 0.000525
6557 0.000525
6558 0.000525
6559 0.000525
6560 0.000525
6561 0.000524
6562 0.000524
6563 0.000524
6564 0.000524
6565 0.000524
6566 0.000524
6567 0.000524
6568 0.000524
6569 0.000524
6570 0.000524
6571 0.000524
6572 0.000524
6573 0.000523
6574 0.000523
6575 0.000523
6576 0.000523
6577 0.000523
6578 0.000523
6579 0.000523
6580 0.000523
6581 0.000523
6582 0.000523
6583 0.000523
6584 0.000523
6585 0.000522
6586 0.000522
6587 0.000522
6588 0.000522
6589 0.000522
6590 0.000522
6591 0.000522
6592 0.000522
6593 0.000522
6594 0.000522
6595 0.000522
6596 0.000522
6597 0.000521
6598 0.000521
6599 0.000521
6600 0.000521
6601 0.000521
6602 0.000521
6603 0.000521
6604 0.000521
6605 0.000521
6606 0.000521
6607 0.000521
6608 0.000521
6609 0.000520
6610 0.000520
6611 0.000520
6612 0.000520
6613 0.000520
6614 0.000520
6615 0.000520
6616 0.000520
6617 0.000520
6618 0.000520
6619 0.000520
6620 0.000520
6621 0.000520
6622 0.000519
6623 0.000519
6624 0.000519
6625 0.000519
6626 0.000519
6627 0.000519
6628 0.000519
6629 0.000519
6630 0.000519
6631 0.000519
6632 0.000519
6633 0.000519
6634 0.000518
6635 0.000518
6636 0.000518
6637 0.000518
6638 0.000518
6639 0.000518
6640 0.000518
6641 0.000518
6642 0.000518
6643 0.000518
6644 0.000518
6645 0.000518
6646 0.000517
6647 0.000517
6648 0.000517
6649 0.000517
6650 0.000517
6651 0.000517
6652 0.000517
6653 0.000517
6654 0.000517
6655 0.000517
6656 0.000517
6657 0.000517
6658 0.000517
6659 0.000516
6660 0.000516
6661 0.000516
6662 0.000516
6663 0.000516
6664 0.000516
6665 0.000516
6666 0.000516
6667 0.000516
6668 0.000516
6669 0.000516
6670 0.000516
6671 0.000515
6672 0.000515
6673 0.000515
6674 0.000515
6675 0.000515
6676 0.000515
6677 0.000515
6678 0.000515
6679 0.000515
6680 0.000515
6681 0.000515
6682 0.000515
6683 0.000515
6684 0.000514
6685 0.000514
6686 0.000514
6687 0.000514
6688 0.000514
6689 0.000514
6690 0.000514
6691 0.000514
6692 0.000514
6693 0.000514
6694 0.000514
6695 0.000514
6696 0.000514
6697 0.000513
6698 0.000513
6699 0.000513
6700 0.000513
6701 0.000513
6702 0.000513
6703 0.000513
6704 0.000513
6705 0.000513
6706 0.000513
6707 0.000513
6708 0.000513
6709 0.000512
6710 0.000512
6711 0.000512
6712 0.000512
6713 0.000512
6714 0.000512
6715 0.000512
6716 0.000512
6717 0.000512
6718 0.000512
6719 0.000512
6720 0.000512
6721 0.000512
6722 0.000511
6723 0.000511
6724 0.000511
6725 0.000511
6726 0.000511
6727 0.000511
6728 0.000511
6729 0.000511
6730 0.000511
6731 0.000511
6732 0.000511
6733 0.000511
6734 0.000511
6735 0.000510
6736 0.000510
6737 0.000510
6738 0.000510
6739 0.000510
6740 0.000510
6741 0.000510
6742 0.000510
6743 0.000510
6744 0.000510
6745 0.000510
6746 0.000510
6747 0.000509
6748 0.000509
6749 0.000509
6750 0.000509
6751 0.000509
6752 0.000509
6753 0.000509
6754 0.000509
6755 0.000509
6756 0.000509
6757 0.000509
6758 0.000509
6759 0.000509
6760 0.000508
6761 0.000508
6762 0.000508
6763 0.000508
6764 0.000508
6765 0.000508
6766 0.000508
6767 0.000508
6768 0.000508
6769 0.000508
6770 0.000508
6771 0.000508
6772 0.000508
6773 0.000507
6774 0.000507
6775 0.000507
6776 0.000507
6777 0.000507
6778 0.000507
6779 0.000507
6780 0.000507
6781 0.000507
6782 0.000507
6783 0.000507
6784 0.000507
6785 0.000507
6786 0.000506
6787 0.000506
6788 0.000506
6789 0.000506
6790 0.000506
6791 0.000506
6792 0.000506
6793 0.000506
6794 0.000506
6795 0.000506
6796 0.000506
6797 0.000506
6798 0.000506
6799 0.000505
6800 0.000505
6801 0.000505
6802 0.000505
6803 0.000505
6804 0.000505
6805 0.000505
6806 0.000505
6807 0.000505
6808 0.000505
6809 0.000505
6810 0.000505
6811 0.000505
6812 0.000504
6813 0.000504
6814 0.000504
6815 0.000504
6816 0.000504
6817 0.000504
6818 0.000504
6819 0.000504
6820 0.000504
6821 0.000504
6822 0.000504
6823 0.000504
6824 0.000504
6825 0.000503
6826 0.000503
6827 0.000503
6828 0.000503
6829 0.000503
6830 0.000503
6831 0.000503
6832 0.000503
6833 0.000503
6834 0.000503
6835 0.000503
6836 0.000503
6837 0.000503
6838 0.000502
6839 0.000502
6840 0.000502
6841 0.000502
6842 0.000502
6843 0.000502
6844 0.000502
6845 0.000502
6846 0.000502
6847 0.000502
6848 0.000502
6849 0.000502
6850 0.000502
6851 0.000501
6852 0.000501
6853 0.000501
6854 0.000501
6855 0.000501
6856 0.000501
6857 0.000501
6858 0.000501
6859 0.000501
6860 0.000501
6861 0.000501
6862 0.000501
6863 0.000501
6864 0.000501
6865 0.000500
6866 0.000500
6867 0.000500
6868 0.000500
6869 0.000500
6870 0.000500
