0 14.716322
1 16.218366
2 15.123436
3 13.297006
4 11.216637
5 9.130473
6 7.250955
7 5.680061
8 4.422048
9 3.439926
10 2.702703
11 2.165771
12 1.773177
13 1.480564
14 1.257785
15 1.084631
16 0.947471
17 0.836960
18 0.746565
19 0.671624
20 0.608741
21 0.555403
22 0.509721
23 0.470250
24 0.435873
25 0.405717
26 0.379089
27 0.355433
28 0.334303
29 0.315334
30 0.298224
31 0.282726
32 0.268631
33 0.255765
34 0.243981
35 0.233152
36 0.223173
37 0.213950
38 0.205405
39 0.197466
40 0.190076
41 0.183180
42 0.176733
43 0.170693
44 0.165025
45 0.159696
46 0.154678
47 0.149945
48 0.145474
49 0.141245
50 0.137240
51 0.133441
52 0.129834
53 0.126404
54 0.123141
55 0.120031
56 0.117065
57 0.114233
58 0.111527
59 0.108938
60 0.106460
61 0.104086
62 0.101809
63 0.099624
64 0.097525
65 0.095508
66 0.093568
67 0.091701
68 0.089903
69 0.088170
70 0.086499
71 0.084887
72 0.083330
73 0.081827
74 0.080374
75 0.078968
76 0.077609
77 0.076293
78 0.075018
79 0.073784
80 0.072587
81 0.071426
82 0.070300
83 0.069207
84 0.068146
85 0.067115
86 0.066113
87 0.065139
88 0.064193
89 0.063271
90 0.062375
91 0.061502
92 0.060653
93 0.059825
94 0.059018
95 0.058232
96 0.057466
97 0.056718
98 0.055989
99 0.055277
100 0.054583
101 0.053904
102 0.053242
103 0.052595
104 0.051963
105 0.051345
106 0.050741
107 0.050150
108 0.049572
109 0.049007
110 0.048454
111 0.047912
112 0.047382
113 0.046864
114 0.046355
115 0.045858
116 0.045370
117 0.044892
118 0.044424
119 0.043965
120 0.043515
121 0.043073
122 0.042640
123 0.042215
124 0.041799
125 0.041390
126 0.040988
127 0.040594
128 0.040207
129 0.039828
130 0.039455
131 0.039088
132 0.038728
133 0.038374
134 0.038027
135 0.037685
136 0.037349
137 0.037019
138 0.036695
139 0.036376
140 0.036062
141 0.035753
142 0.035449
143 0.035150
144 0.034856
145 0.034567
146 0.034282
147 0.034002
148 0.033726
149 0.033454
150 0.033186
151 0.032923
152 0.032663
153 0.032408
154 0.032156
155 0.031908
156 0.031663
157 0.031422
158 0.031185
159 0.030951
160 0.030720
161 0.030493
162 0.030269
163 0.030048
164 0.029830
165 0.029615
166 0.029403
167 0.029194
168 0.028987
169 0.028784
170 0.028583
171 0.028385
172 0.028190
173 0.027997
174 0.027806
175 0.027618
176 0.027433
177 0.027250
178 0.027069
179 0.026890
180 0.026714
181 0.026540
182 0.026368
183 0.026198
184 0.026031
185 0.025865
186 0.025701
187 0.025540
188 0.025380
189 0.025222
190 0.025066
191 0.024912
192 0.024760
193 0.024610
194 0.024461
195 0.024314
196 0.024169
197 0.024025
198 0.023883
199 0.023743
200 0.023604
201 0.023466
202 0.023331
203 0.023196
204 0.023064
205 0.022932
206 0.022802
207 0.022674
208 0.022547
209 0.022421
210 0.022297
211 0.022174
212 0.022052
213 0.021931
214 0.021812
215 0.021694
216 0.021577
217 0.021462
218 0.021347
219 0.021234
220 0.021122
221 0.021011
222 0.020901
223 0.020793
224 0.020685
225 0.020579
226 0.020473
227 0.020369
228 0.020265
229 0.020163
230 0.020061
231 0.019961
232 0.019861
233 0.019763
234 0.019665
235 0.019568
236 0.019473
237 0.019378
238 0.019284
239 0.019191
240 0.019098
241 0.019007
242 0.018917
243 0.018827
244 0.018738
245 0.018650
246 0.018562
247 0.018476
248 0.018390
249 0.018305
250 0.018221
251 0.018137
252 0.018055
253 0.017973
254 0.017891
255 0.017811
256 0.017731
257 0.017652
258 0.017573
259 0.017495
260 0.017418
261 0.017342
262 0.017266
263 0.017190
264 0.017116
265 0.017042
266 0.016968
267 0.016896
268 0.016823
269 0.016752
270 0.016681
271 0.016610
272 0.016540
273 0.016471
274 0.016402
275 0.016334
276 0.016267
277 0.016200
278 0.016133
279 0.016067
280 0.016001
281 0.015936
282 0.015872
283 0.015808
284 0.015744
285 0.015681
286 0.015619
287 0.015557
288 0.015495
289 0.015434
290 0.015374
291 0.015313
292 0.015254
293 0.015194
294 0.015136
295 0.015077
296 0.015019
297 0.014962
298 0.014905
299 0.014848
300 0.014792
301 0.014736
302 0.014680
303 0.014625
304 0.014571
305 0.014516
306 0.014462
307 0.014409
308 0.014356
309 0.014303
310 0.014251
311 0.014199
312 0.014147
313 0.014096
314 0.014045
315 0.013994
316 0.013944
317 0.013894
318 0.013845
319 0.013796
320 0.013747
321 0.013698
322 0.013650
323 0.013602
324 0.013555
325 0.013508
326 0.013461
327 0.013414
328 0.013368
329 0.013322
330 0.013276
331 0.013231
332 0.013186
333 0.013141
334 0.013097
335 0.013053
336 0.013009
337 0.012965
338 0.012922
339 0.012879
340 0.012836
341 0.012794
342 0.012751
343 0.012710
344 0.012668
345 0.012626
346 0.012585
347 0.012544
348 0.012504
349 0.012463
350 0.012423
351 0.012383
352 0.012344
353 0.012304
354 0.012265
355 0.012226
356 0.012188
357 0.012149
358 0.012111
359 0.012073
360 0.012035
361 0.011998
362 0.011961
363 0.011923
364 0.011887
365 0.011850
366 0.011814
367 0.011777
368 0.011741
369 0.011706
370 0.011670
371 0.011635
372 0.011600
373 0.011565
374 0.011530
375 0.011496
376 0.011461
377 0.011427
378 0.011393
379 0.011359
380 0.011326
381 0.011293
382 0.011259
383 0.011226
384 0.011194
385 0.011161
386 0.011129
387 0.011096
388 0.011064
389 0.011032
390 0.011001
391 0.010969
392 0.010938
393 0.010907
394 0.010876
395 0.010845
396 0.010814
397 0.010784
398 0.010753
399 0.010723
400 0.010693
401 0.010663
402 0.010634
403 0.010604
404 0.010575
405 0.010546
406 0.010517
407 0.010488
408 0.010459
409 0.010430
410 0.010402
411 0.010374
412 0.010346
413 0.010318
414 0.010290
415 0.010262
416 0.010235
417 0.010207
418 0.010180
419 0.010153
420 0.010126
421 0.010099
422 0.010072
423 0.010046
424 0.010019
425 0.009993
426 0.009967
427 0.009941
428 0.009915
429 0.009889
430 0.009863
431 0.009838
432 0.009812
433 0.009787
434 0.009762
435 0.009737
436 0.009712
437 0.009687
438 0.009663
439 0.009638
440 0.009614
441 0.009590
442 0.009565
443 0.009541
444 0.009517
445 0.009494
446 0.009470
447 0.009446
448 0.009423
449 0.009400
450 0.009376
451 0.009353
452 0.009330
453 0.009307
454 0.009284
455 0.009262
456 0.009239
457 0.009217
458 0.009194
459 0.009172
460 0.009150
461 0.009128
462 0.009106
463 0.009084
464 0.009062
465 0.009041
466 0.009019
467 0.008998
468 0.008976
469 0.008955
470 0.008934
471 0.008913
472 0.008892
473 0.008871
474 0.008850
475 0.008830
476 0.008809
477 0.008788
478 0.008768
479 0.008748
480 0.008728
481 0.008707
482 0.008687
483 0.008667
484 0.008648
485 0.008628
486 0.008608
487 0.008588
488 0.008569
489 0.008550
490 0.008530
491 0.008511
492 0.008492
493 0.008473
494 0.008454
495 0.008435
496 0.008416
497 0.008397
498 0.008379
499 0.008360
500 0.008341
501 0.008323
502 0.008305
503 0.008286
504 0.008268
505 0.008250
506 0.008232
507 0.008214
508 0.008196
509 0.008178
510 0.008161
511 0.008143
512 0.008125
513 0.008108
514 0.008090
515 0.008073
516 0.008056
517 0.008038
518 0.008021
519 0.008004
520 0.007987
521 0.007970
522 0.007953
523 0.007937
524 0.007920
525 0.007903
526 0.007887
527 0.007870
528 0.007854
529 0.007837
530 0.007821
531 0.007805
532 0.007788
533 0.007772
534 0.007756
535 0.007740
536 0.007724
537 0.007708
538 0.007692
539 0.007677
540 0.007661
541 0.007645
542 0.007630
543 0.007614
544 0.007599
545 0.007583
546 0.007568
547 0.007553
548 0.007538
549 0.007523
550 0.007507
551 0.007492
552 0.007477
553 0.007463
554 0.007448
555 0.007433
556 0.007418
557 0.007403
558 0.007389
559 0.007374
560 0.007360
561 0.007345
562 0.007331
563 0.007317
564 0.007302
565 0.007288
566 0.007274
567 0.007260
568 0.007246
569 0.007232
570 0.007218
571 0.007204
572 0.007190
573 0.007176
574 0.007162
575 0.007149
576 0.007135
577 0.007121
578 0.007108
579 0.007094
580 0.007081
581 0.007067
582 0.007054
583 0.007041
584 0.007027
585 0.007014
586 0.007001
587 0.006988
588 0.006975
589 0.006962
590 0.006949
591 0.006936
592 0.006923
593 0.006910
594 0.006897
595 0.006885
596 0.006872
597 0.006859
598 0.006847
599 0.006834
600 0.006822
601 0.006809
602 0.006797
603 0.006784
604 0.006772
605 0.006760
606 0.006747
607 0.006735
608 0.006723
609 0.006711
610 0.006699
611 0.006687
612 0.006675
613 0.006663
614 0.006651
615 0.006639
616 0.006627
617 0.006615
618 0.006604
619 0.006592
620 0.006580
621 0.006569
622 0.006557
623 0.006546
624 0.006534
625 0.006523
626 0.006511
627 0.006500
628 0.006488
629 0.006477
630 0.006466
631 0.006455
632 0.006443
633 0.006432
634 0.006421
635 0.006410
636 0.006399
637 0.006388
638 0.006377
639 0.006366
640 0.006355
641 0.006344
642 0.006333
643 0.006323
644 0.006312
645 0.006301
646 0.006290
647 0.006280
648 0.006269
649 0.006259
650 0.006248
651 0.006237
652 0.006227
653 0.006217
654 0.006206
655 0.006196
656 0.006185
657 0.006175
658 0.006165
659 0.006155
660 0.006144
661 0.006134
662 0.006124
663 0.006114
664 0.006104
665 0.006094
666 0.006084
667 0.006074
668 0.006064
669 0.006054
670 0.006044
671 0.006034
672 0.006024
673 0.006015
674 0.006005
675 0.005995
676 0.005985
677 0.005976
678 0.005966
679 0.005956
680 0.005947
681 0.005937
682 0.005928
683 0.005918
684 0.005909
685 0.005899
686 0.005890
687 0.005881
688 0.005871
689 0.005862
690 0.005853
691 0.005843
692 0.005834
693 0.005825
694 0.005816
695 0.005807
696 0.005797
697 0.005788
698 0.005779
699 0.005770
700 0.005761
701 0.005752
702 0.005743
703 0.005734
704 0.005726
705 0.005717
706 0.005708
707 0.005699
708 0.005690
709 0.005681
710 0.005673
711 0.005664
712 0.005655
713 0.005647
714 0.005638
715 0.005629
716 0.005621
717 0.005612
718 0.005604
719 0.005595
720 0.005587
721 0.005578
722 0.005570
723 0.005561
724 0.005553
725 0.005545
726 0.005536
727 0.005528
728 0.005520
729 0.005511
730 0.005503
731 0.005495
732 0.005487
733 0.005479
734 0.005471
735 0.005462
736 0.005454
737 0.005446
738 0.005438
739 0.005430
740 0.005422
741 0.005414
742 0.005406
743 0.005398
744 0.005390
745 0.005382
746 0.005375
747 0.005367
748 0.005359
749 0.005351
750 0.005343
751 0.005336
752 0.005328
753 0.005320
754 0.005312
755 0.005305
756 0.005297
757 0.005290
758 0.005282
759 0.005274
760 0.005267
761 0.005259
762 0.005252
763 0.005244
764 0.005237
765 0.005229
766 0.005222
767 0.005214
768 0.005207
769 0.005200
770 0.005192
771 0.005185
772 0.005178
773 0.005170
774 0.005163
775 0.005156
776 0.005149
777 0.005141
778 0.005134
779 0.005127
780 0.005120
781 0.005113
782 0.005106
783 0.005099
784 0.005091
785 0.005084
786 0.005077
787 0.005070
788 0.005063
789 0.005056
790 0.005049
791 0.005042
792 0.005035
793 0.005029
794 0.005022
795 0.005015
796 0.005008
797 0.005001
798 0.004994
799 0.004987
800 0.004981
801 0.004974
802 0.004967
803 0.004960
804 0.004954
805 0.004947
806 0.004940
807 0.004934
808 0.004927
809 0.004920
810 0.004914
811 0.004907
812 0.004901
813 0.004894
814 0.004888
815 0.004881
816 0.004875
817 0.004868
818 0.004862
819 0.004855
820 0.004849
821 0.004842
822 0.004836
823 0.004830
824 0.004823
825 0.004817
826 0.004810
827 0.004804
828 0.004798
829 0.004792
830 0.004785
831 0.004779
832 0.004773
833 0.004767
834 0.004760
835 0.004754
836 0.004748
837 0.004742
838 0.004736
839 0.004730
840 0.004723
841 0.004717
842 0.004711
843 0.004705
844 0.004699
845 0.004693
846 0.004687
847 0.004681
848 0.004675
849 0.004669
850 0.004663
851 0.004657
852 0.004651
853 0.004645
854 0.004639
855 0.004634
856 0.004628
857 0.004622
858 0.004616
859 0.004610
860 0.004604
861 0.004599
862 0.004593
863 0.004587
864 0.004581
865 0.004575
866 0.004570
867 0.004564
868 0.004558
869 0.004553
870 0.004547
871 0.004541
872 0.004536
873 0.004530
874 0.004524
875 0.004519
876 0.004513
877 0.004508
878 0.004502
879 0.004496
880 0.004491
881 0.004485
882 0.004480
883 0.004474
884 0.004469
885 0.004463
886 0.004458
887 0.004452
888 0.004447
889 0.004442
890 0.004436
891 0.004431
892 0.004425
893 0.004420
894 0.004415
895 0.004409
896 0.004404
897 0.004399
898 0.004393
899 0.004388
900 0.004383
901 0.004378
902 0.004372
903 0.004367
904 0.004362
905 0.004357
906 0.004351
907 0.004346
908 0.004341
909 0.004336
910 0.004331
911 0.004325
912 0.004320
913 0.004315
914 0.004310
915 0.004305
916 0.004300
917 0.004295
918 0.004290
919 0.004285
920 0.004280
921 0.004275
922 0.004270
923 0.004265
924 0.004260
925 0.004255
926 0.004250
927 0.004245
928 0.004240
929 0.004235
930 0.004230
931 0.004225
932 0.004220
933 0.004215
934 0.004210
935 0.004205
936 0.004201
937 0.004196
938 0.004191
939 0.004186
940 0.004181
941 0.004176
942 0.004172
943 0.004167
944 0.004162
945 0.004157
946 0.004152
947 0.004148
948 0.004143
949 0.004138
950 0.004134
951 0.004129
952 0.004124
953 0.004119
954 0.004115
955 0.004110
956 0.004106
957 0.004101
958 0.004096
959 0.004092
960 0.004087
961 0.004082
962 0.004078
963 0.004073
964 0.004069
965 0.004064
966 0.004060
967 0.004055
968 0.004050
969 0.004046
970 0.004041
971 0.004037
972 0.004032
973 0.004028
974 0.004024
975 0.004019
976 0.004015
977 0.004010
978 0.004006
979 0.004001
980 0.003997
981 0.003992
982 0.003988
983 0.003984
984 0.003979
985 0.003975
986 0.003971
987 0.003966
988 0.003962
989 0.003958
990 0.003953
991 0.003949
992 0.003945
993 0.003940
994 0.003936
995 0.003932
996 0.003928
997 0.003923
998 0.003919
999 0.003915
1000 0.003911
1001 0.003906
1002 0.003902
1003 0.003898
1004 0.003894
1005 0.003890
1006 0.003885
1007 0.003881
1008 0.003877
1009 0.003873
1010 0.003869
1011 0.003865
1012 0.003861
1013 0.003856
1014 0.003852
1015 0.003848
1016 0.003844
1017 0.003840
1018 0.003836
1019 0.003832
1020 0.003828
1021 0.003824
1022 0.003820
1023 0.003816
1024 0.003812
1025 0.003808
1026 0.003804
1027 0.003800
1028 0.003796
1029 0.003792
1030 0.003788
1031 0.003784
1032 0.003780
1033 0.003776
1034 0.003772
1035 0.003768
1036 0.003764
1037 0.003760
1038 0.003756
1039 0.003752
1040 0.003748
1041 0.003745
1042 0.003741
1043 0.003737
1044 0.003733
1045 0.003729
1046 0.003725
1047 0.003721
1048 0.003718
1049 0.003714
1050 0.003710
1051 0.003706
1052 0.003702
1053 0.003699
1054 0.003695
1055 0.003691
1056 0.003687
1057 0.003683
1058 0.003680
1059 0.003676
1060 0.003672
1061 0.003668
1062 0.003665
1063 0.003661
1064 0.003657
1065 0.003654
1066 0.003650
1067 0.003646
1068 0.003643
1069 0.003639
1070 0.003635
1071 0.003632
1072 0.003628
1073 0.003624
1074 0.003621
1075 0.003617
1076 0.003613
1077 0.003610
1078 0.003606
1079 0.003602
1080 0.003599
1081 0.003595
1082 0.003592
1083 0.003588
1084 0.003585
1085 0.003581
1086 0.003577
1087 0.003574
1088 0.003570
1089 0.003567
1090 0.003563
1091 0.003560
1092 0.003556
1093 0.003553
1094 0.003549
1095 0.003546
1096 0.003542
1097 0.003539
1098 0.003535
1099 0.003532
1100 0.003528
1101 0.003525
1102 0.003522
1103 0.003518
1104 0.003515
1105 0.003511
1106 0.003508
1107 0.003504
1108 0.003501
1109 0.003498
1110 0.003494
1111 0.003491
1112 0.003487
1113 0.003484
1114 0.003481
1115 0.003477
1116 0.003474
1117 0.003471
1118 0.003467
1119 0.003464
1120 0.003461
1121 0.003457
1122 0.003454
1123 0.003451
1124 0.003447
1125 0.003444
1126 0.003441
1127 0.003437
1128 0.003434
1129 0.003431
1130 0.003428
1131 0.003424
1132 0.003421
1133 0.003418
1134 0.003415
1135 0.003411
1136 0.003408
1137 0.003405
1138 0.003402
1139 0.003398
1140 0.003395
1141 0.003392
1142 0.003389
1143 0.003386
1144 0.003382
1145 0.003379
1146 0.003376
1147 0.003373
1148 0.003370
1149 0.003367
1150 0.003364
1151 0.003360
1152 0.003357
1153 0.003354
1154 0.003351
1155 0.003348
1156 0.003345
1157 0.003342
1158 0.003339
1159 0.003335
1160 0.003332
1161 0.003329
1162 0.003326
1163 0.003323
1164 0.003320
1165 0.003317
1166 0.003314
1167 0.003311
1168 0.003308
1169 0.003305
1170 0.003302
1171 0.003299
1172 0.003296
1173 0.003293
1174 0.003290
1175 0.003287
1176 0.003284
1177 0.003281
1178 0.003278
1179 0.003275
1180 0.003272
1181 0.003269
1182 0.003266
1183 0.003263
1184 0.003260
1185 0.003257
1186 0.003254
1187 0.003251
1188 0.003248
1189 0.003245
1190 0.003242
1191 0.003239
1192 0.003236
1193 0.003233
1194 0.003230
1195 0.003227
1196 0.003225
1197 0.003222
1198 0.003219
1199 0.003216
1200 0.003213
1201 0.003210
1202 0.003207
1203 0.003204
1204 0.003202
1205 0.003199
1206 0.003196
1207 0.003193
1208 0.003190
1209 0.003187
1210 0.003184
1211 0.003182
1212 0.003179
1213 0.003176
1214 0.003173
1215 0.003170
1216 0.003168
1217 0.003165
1218 0.003162
1219 0.003159
1220 0.003156
1221 0.003154
1222 0.003151
1223 0.003148
1224 0.003145
1225 0.003143
1226 0.003140
1227 0.003137
1228 0.003134
1229 0.003132
1230 0.003129
1231 0.003126
1232 0.003123
1233 0.003121
1234 0.003118
1235 0.003115
1236 0.003113
1237 0.003110
1238 0.003107
1239 0.003104
1240 0.003102
1241 0.003099
1242 0.003096
1243 0.003094
1244 0.003091
1245 0.003088
1246 0.003086
1247 0.003083
1248 0.003080
1249 0.003078
1250 0.003075
1251 0.003072
1252 0.003070
1253 0.003067
1254 0.003065
1255 0.003062
1256 0.003059
1257 0.003057
1258 0.003054
1259 0.003052
1260 0.003049
1261 0.003046
1262 0.003044
1263 0.003041
1264 0.003039
1265 0.003036
1266 0.003033
1267 0.003031
1268 0.003028
1269 0.003026
1270 0.003023
1271 0.003021
1272 0.003018
1273 0.003016
1274 0.003013
1275 0.003010
1276 0.003008
1277 0.003005
1278 0.003003
1279 0.003000
1280 0.002998
1281 0.002995
1282 0.002993
1283 0.002990
1284 0.002988
1285 0.002985
1286 0.002983
1287 0.002980
1288 0.002978
1289 0.002975
1290 0.002973
1291 0.002970
1292 0.002968
1293 0.002965
1294 0.002963
1295 0.002961
1296 0.002958
1297 0.002956
1298 0.002953
1299 0.002951
1300 0.002948
1301 0.002946
1302 0.002944
1303 0.002941
1304 0.002939
1305 0.002936
1306 0.002934
1307 0.002931
1308 0.002929
1309 0.002927
1310 0.002924
1311 0.002922
1312 0.002919
1313 0.002917
1314 0.002915
1315 0.002912
1316 0.002910
1317 0.002908
1318 0.002905
1319 0.002903
1320 0.002900
1321 0.002898
1322 0.002896
1323 0.002893
1324 0.002891
1325 0.002889
1326 0.002886
1327 0.002884
1328 0.002882
1329 0.002879
1330 0.002877
1331 0.002875
1332 0.002872
1333 0.002870
1334 0.002868
1335 0.002866
1336 0.002863
1337 0.002861
1338 0.002859
1339 0.002856
1340 0.002854
1341 0.002852
1342 0.002850
1343 0.002847
1344 0.002845
1345 0.002843
1346 0.002840
1347 0.002838
1348 0.002836
1349 0.002834
1350 0.002831
1351 0.002829
1352 0.002827
1353 0.002825
1354 0.002822
1355 0.002820
1356 0.002818
1357 0.002816
1358 0.002814
1359 0.002811
1360 0.002809
1361 0.002807
1362 0.002805
1363 0.002802
1364 0.002800
1365 0.002798
1366 0.002796
1367 0.002794
1368 0.002792
1369 0.002789
1370 0.002787
1371 0.002785
1372 0.002783
1373 0.002781
1374 0.002778
1375 0.002776
1376 0.002774
1377 0.002772
1378 0.002770
1379 0.002768
1380 0.002766
1381 0.002763
1382 0.002761
1383 0.002759
1384 0.002757
1385 0.002755
1386 0.002753
1387 0.002751
1388 0.002748
1389 0.002746
1390 0.002744
1391 0.002742
1392 0.002740
1393 0.002738
1394 0.002736
1395 0.002734
1396 0.002732
1397 0.002729
1398 0.002727
1399 0.002725
1400 0.002723
1401 0.002721
1402 0.002719
1403 0.002717
1404 0.002715
1405 0.002713
1406 0.002711
1407 0.002709
1408 0.002707
1409 0.002705
1410 0.002703
1411 0.002701
1412 0.002698
1413 0.002696
1414 0.002694
1415 0.002692
1416 0.002690
1417 0.002688
1418 0.002686
1419 0.002684
1420 0.002682
1421 0.002680
1422 0.002678
1423 0.002676
1424 0.002674
1425 0.002672
1426 0.002670
1427 0.002668
1428 0.002666
1429 0.002664
1430 0.002662
1431 0.002660
1432 0.002658
1433 0.002656
1434 0.002654
1435 0.002652
1436 0.002650
1437 0.002648
1438 0.002646
1439 0.002644
1440 0.002642
1441 0.002640
1442 0.002638
1443 0.002636
1444 0.002635
1445 0.002633
1446 0.002631
1447 0.002629
1448 0.002627
1449 0.002625
1450 0.002623
1451 0.002621
1452 0.002619
1453 0.002617
1454 0.002615
1455 0.002613
1456 0.002611
1457 0.002609
1458 0.002607
1459 0.002606
1460 0.002604
1461 0.002602
1462 0.002600
1463 0.002598
1464 0.002596
1465 0.002594
1466 0.002592
1467 0.002590
1468 0.002588
1469 0.002587
1470 0.002585
1471 0.002583
1472 0.002581
1473 0.002579
1474 0.002577
1475 0.002575
1476 0.002573
1477 0.002572
1478 0.002570
1479 0.002568
1480 0.002566
1481 0.002564
1482 0.002562
1483 0.002560
1484 0.002559
1485 0.002557
1486 0.002555
1487 0.002553
1488 0.002551
1489 0.002549
1490 0.002548
1491 0.002546
1492 0.002544
1493 0.002542
1494 0.002540
1495 0.002538
1496 0.002537
1497 0.002535
1498 0.002533
1499 0.002531
1500 0.002529
1501 0.002528
1502 0.002526
1503 0.002524
1504 0.002522
1505 0.002520
1506 0.002519
1507 0.002517
1508 0.002515
1509 0.002513
1510 0.002512
1511 0.002510
1512 0.002508
1513 0.002506
1514 0.002504
1515 0.002503
1516 0.002501
1517 0.002499
1518 0.002497
1519 0.002496
1520 0.002494
1521 0.002492
1522 0.002490
1523 0.002489
1524 0.002487
1525 0.002485
1526 0.002483
1527 0.002482
1528 0.002480
1529 0.002478
1530 0.002476
1531 0.002475
1532 0.002473
1533 0.002471
1534 0.002470
1535 0.002468
1536 0.002466
1537 0.002464
1538 0.002463
1539 0.002461
1540 0.002459
1541 0.002458
1542 0.002456
1543 0.002454
1544 0.002452
1545 0.002451
1546 0.002449
1547 0.002447
1548 0.002446
1549 0.002444
1550 0.002442
1551 0.002441
1552 0.002439
1553 0.002437
1554 0.002436
1555 0.002434
1556 0.002432
1557 0.002431
1558 0.002429
1559 0.002427
1560 0.002426
1561 0.002424
1562 0.002422
1563 0.002421
1564 0.002419
1565 0.002417
1566 0.002416
1567 0.002414
1568 0.002412
1569 0.002411
1570 0.002409
1571 0.002407
1572 0.002406
1573 0.002404
1574 0.002403
1575 0.002401
1576 0.002399
1577 0.002398
1578 0.002396
1579 0.002394
1580 0.002393
1581 0.002391
1582 0.002390
1583 0.002388
1584 0.002386
1585 0.002385
1586 0.002383
1587 0.002382
1588 0.002380
1589 0.002378
1590 0.002377
1591 0.002375
1592 0.002374
1593 0.002372
1594 0.002370
1595 0.002369
1596 0.002367
1597 0.002366
1598 0.002364
1599 0.002362
1600 0.002361
1601 0.002359
1602 0.002358
1603 0.002356
1604 0.002355
1605 0.002353
1606 0.002351
1607 0.002350
1608 0.002348
1609 0.002347
1610 0.002345
1611 0.002344
1612 0.002342
1613 0.002341
1614 0.002339
1615 0.002338
1616 0.002336
1617 0.002334
1618 0.002333
1619 0.002331
1620 0.002330
1621 0.002328
1622 0.002327
1623 0.002325
1624 0.002324
1625 0.002322
1626 0.002321
1627 0.002319
1628 0.002318
1629 0.002316
1630 0.002315
1631 0.002313
1632 0.002312
1633 0.002310
1634 0.002309
1635 0.002307
1636 0.002306
1637 0.002304
1638 0.002303
1639 0.002301
1640 0.002300
1641 0.002298
1642 0.002297
1643 0.002295
1644 0.002294
1645 0.002292
1646 0.002291
1647 0.002289
1648 0.002288
1649 0.002286
1650 0.002285
1651 0.002283
1652 0.002282
1653 0.002280
1654 0.002279
1655 0.002277
1656 0.002276
1657 0.002274
1658 0.002273
1659 0.002271
1660 0.002270
1661 0.002269
1662 0.002267
1663 0.002266
1664 0.002264
1665 0.002263
1666 0.002261
1667 0.002260
1668 0.002258
1669 0.002257
1670 0.002255
1671 0.002254
1672 0.002253
1673 0.002251
1674 0.002250
1675 0.002248
1676 0.002247
1677 0.002245
1678 0.002244
1679 0.002243
1680 0.002241
1681 0.002240
1682 0.002238
1683 0.002237
1684 0.002235
1685 0.002234
1686 0.002233
1687 0.002231
1688 0.002230
1689 0.002228
1690 0.002227
1691 0.002226
1692 0.002224
1693 0.002223
1694 0.002221
1695 0.002220
1696 0.002219
1697 0.002217
1698 0.002216
1699 0.002214
1700 0.002213
1701 0.002212
1702 0.002210
1703 0.002209
1704 0.002208
1705 0.002206
1706 0.002205
1707 0.002203
1708 0.002202
1709 0.002201
1710 0.002199
1711 0.002198
1712 0.002197
1713 0.002195
1714 0.002194
1715 0.002192
1716 0.002191
1717 0.002190
1718 0.002188
1719 0.002187
1720 0.002186
1721 0.002184
1722 0.002183
1723 0.002182
1724 0.002180
1725 0.002179
1726 0.002178
1727 0.002176
1728 0.002175
1729 0.002174
1730 0.002172
1731 0.002171
1732 0.002169
1733 0.002168
1734 0.002167
1735 0.002165
1736 0.002164
1737 0.002163
1738 0.002162
1739 0.002160
1740 0.002159
1741 0.002158
1742 0.002156
1743 0.002155
1744 0.002154
1745 0.002152
1746 0.002151
1747 0.002150
1748 0.002148
1749 0.002147
1750 0.002146
1751 0.002144
1752 0.002143
1753 0.002142
1754 0.002141
1755 0.002139
1756 0.002138
1757 0.002137
1758 0.002135
1759 0.002134
1760 0.002133
1761 0.002131
1762 0.002130
1763 0.002129
1764 0.002128
1765 0.002126
1766 0.002125
1767 0.002124
1768 0.002122
1769 0.002121
1770 0.002120
1771 0.002119
1772 0.002117
1773 0.002116
1774 0.002115
1775 0.002114
1776 0.002112
1777 0.002111
1778 0.002110
1779 0.002108
1780 0.002107
1781 0.002106
1782 0.002105
1783 0.002103
1784 0.002102
1785 0.002101
1786 0.002100
1787 0.002098
1788 0.002097
1789 0.002096
1790 0.002095
1791 0.002093
1792 0.002092
1793 0.002091
1794 0.002090
1795 0.002088
1796 0.002087
1797 0.002086
1798 0.002085
1799 0.002084
1800 0.002082
1801 0.002081
1802 0.002080
1803 0.002079
1804 0.002077
1805 0.002076
1806 0.002075
1807 0.002074
1808 0.002072
1809 0.002071
1810 0.002070
1811 0.002069
1812 0.002068
1813 0.002066
1814 0.002065
1815 0.002064
1816 0.002063
1817 0.002062
1818 0.002060
1819 0.002059
1820 0.002058
1821 0.002057
1822 0.002056
1823 0.002054
1824 0.002053
1825 0.002052
1826 0.002051
1827 0.002050
1828 0.002048
1829 0.002047
1830 0.002046
1831 0.002045
1832 0.002044
1833 0.002042
1834 0.002041
1835 0.002040
1836 0.002039
1837 0.002038
1838 0.002036
1839 0.002035
1840 0.002034
1841 0.002033
1842 0.002032
1843 0.002031
1844 0.002029
1845 0.002028
1846 0.002027
1847 0.002026
1848 0.002025
1849 0.002024
1850 0.002022
1851 0.002021
1852 0.002020
1853 0.002019
1854 0.002018
1855 0.002017
1856 0.002015
1857 0.002014
1858 0.002013
1859 0.002012
1860 0.002011
1861 0.002010
1862 0.002009
1863 0.002007
1864 0.002006
1865 0.002005
1866 0.002004
1867 0.002003
1868 0.002002
1869 0.002001
1870 0.001999
1871 0.001998
1872 0.001997
1873 0.001996
1874 0.001995
1875 0.001994
1876 0.001993
1877 0.001991
1878 0.001990
1879 0.001989
1880 0.001988
1881 0.001987
1882 0.001986
1883 0.001985
1884 0.001984
1885 0.001982
1886 0.001981
1887 0.001980
1888 0.001979
1889 0.001978
1890 0.001977
1891 0.001976
1892 0.001975
1893 0.001974
1894 0.001972
1895 0.001971
1896 0.001970
1897 0.001969
1898 0.001968
1899 0.001967
1900 0.001966
1901 0.001965
1902 0.001964
1903 0.001963
1904 0.001961
1905 0.001960
1906 0.001959
1907 0.001958
1908 0.001957
1909 0.001956
1910 0.001955
1911 0.001954
1912 0.001953
1913 0.001952
1914 0.001951
1915 0.001949
1916 0.001948
1917 0.001947
1918 0.001946
1919 0.001945
1920 0.001944
1921 0.001943
1922 0.001942
1923 0.001941
1924 0.001940
1925 0.001939
1926 0.001938
1927 0.001937
1928 0.001935
1929 0.001934
1930 0.001933
1931 0.001932
1932 0.001931
1933 0.001930
1934 0.001929
1935 0.001928
1936 0.001927
1937 0.001926
1938 0.001925
1939 0.001924
1940 0.001923
1941 0.001922
1942 0.001921
1943 0.001920
1944 0.001919
1945 0.001918
1946 0.001916
1947 0.001915
1948 0.001914
1949 0.001913
1950 0.001912
1951 0.001911
1952 0.001910
1953 0.001909
1954 0.001908
1955 0.001907
1956 0.001906
1957 0.001905
1958 0.001904
1959 0.001903
1960 0.001902
1961 0.001901
1962 0.001900
1963 0.001899
1964 0.001898
1965 0.001897
1966 0.001896
1967 0.001895
1968 0.001894
1969 0.001893
1970 0.001892
1971 0.001891
1972 0.001890
1973 0.001889
1974 0.001888
1975 0.001887
1976 0.001886
1977 0.001885
1978 0.001884
1979 0.001883
1980 0.001882
1981 0.001880
1982 0.001879
1983 0.001878
1984 0.001877
1985 0.001876
1986 0.001875
1987 0.001874
1988 0.001873
1989 0.001872
1990 0.001871
1991 0.001870
1992 0.001869
1993 0.001868
1994 0.001867
1995 0.001866
1996 0.001865
1997 0.001864
1998 0.001863
1999 0.001863
2000 0.001862
2001 0.001861
2002 0.001860
2003 0.001859
2004 0.001858
2005 0.001857
2006 0.001856
2007 0.001855
2008 0.001854
2009 0.001853
2010 0.001852
2011 0.001851
2012 0.001850
2013 0.001849
2014 0.001848
2015 0.001847
2016 0.001846
2017 0.001845
2018 0.001844
2019 0.001843
2020 0.001842
2021 0.001841
2022 0.001840
2023 0.001839
2024 0.001838
2025 0.001837
2026 0.001836
2027 0.001835
2028 0.001834
2029 0.001833
2030 0.001832
2031 0.001831
2032 0.001830
2033 0.001829
2034 0.001828
2035 0.001828
2036 0.001827
2037 0.001826
2038 0.001825
2039 0.001824
2040 0.001823
2041 0.001822
2042 0.001821
2043 0.001820
2044 0.001819
2045 0.001818
2046 0.001817
2047 0.001816
2048 0.001815
2049 0.001814
2050 0.001813
2051 0.001812
2052 0.001811
2053 0.001811
2054 0.001810
2055 0.001809
2056 0.001808
2057 0.001807
2058 0.001806
2059 0.001805
2060 0.001804
2061 0.001803
2062 0.001802
2063 0.001801
2064 0.001800
2065 0.001799
2066 0.001798
2067 0.001797
2068 0.001797
2069 0.001796
2070 0.001795
2071 0.001794
2072 0.001793
2073 0.001792
2074 0.001791
2075 0.001790
2076 0.001789
2077 0.001788
2078 0.001787
2079 0.001786
2080 0.001786
2081 0.001785
2082 0.001784
2083 0.001783
2084 0.001782
2085 0.001781
2086 0.001780
2087 0.001779
2088 0.001778
2089 0.001777
2090 0.001776
2091 0.001776
2092 0.001775
2093 0.001774
2094 0.001773
2095 0.001772
2096 0.001771
2097 0.001770
2098 0.001769
2099 0.001768
2100 0.001768
2101 0.001767
2102 0.001766
2103 0.001765
2104 0.001764
2105 0.001763
2106 0.001762
2107 0.001761
2108 0.001760
2109 0.001760
2110 0.001759
2111 0.001758
2112 0.001757
2113 0.001756
2114 0.001755
2115 0.001754
2116 0.001753
2117 0.001752
2118 0.001752
2119 0.001751
2120 0.001750
2121 0.001749
2122 0.001748
2123 0.001747
2124 0.001746
2125 0.001745
2126 0.001745
2127 0.001744
2128 0.001743
2129 0.001742
2130 0.001741
2131 0.001740
2132 0.001739
2133 0.001738
2134 0.001738
2135 0.001737
2136 0.001736
2137 0.001735
2138 0.001734
2139 0.001733
2140 0.001732
2141 0.001732
2142 0.001731
2143 0.001730
2144 0.001729
2145 0.001728
2146 0.001727
2147 0.001726
2148 0.001726
2149 0.001725
2150 0.001724
2151 0.001723
2152 0.001722
2153 0.001721
2154 0.001721
2155 0.001720
2156 0.001719
2157 0.001718
2158 0.001717
2159 0.001716
2160 0.001715
2161 0.001715
2162 0.001714
2163 0.001713
2164 0.001712
2165 0.001711
2166 0.001710
2167 0.001710
2168 0.001709
2169 0.001708
2170 0.001707
2171 0.001706
2172 0.001705
2173 0.001705
2174 0.001704
2175 0.001703
2176 0.001702
2177 0.001701
2178 0.001700
2179 0.001700
2180 0.001699
2181 0.001698
2182 0.001697
2183 0.001696
2184 0.001695
2185 0.001695
2186 0.001694
2187 0.001693
2188 0.001692
2189 0.001691
2190 0.001691
2191 0.001690
2192 0.001689
2193 0.001688
2194 0.001687
2195 0.001686
2196 0.001686
2197 0.001685
2198 0.001684
2199 0.001683
2200 0.001682
2201 0.001682
2202 0.001681
2203 0.001680
2204 0.001679
2205 0.001678
2206 0.001678
2207 0.001677
2208 0.001676
2209 0.001675
2210 0.001674
2211 0.001673
2212 0.001673
2213 0.001672
2214 0.001671
2215 0.001670
2216 0.001669
2217 0.001669
2218 0.001668
2219 0.001667
2220 0.001666
2221 0.001666
2222 0.001665
2223 0.001664
2224 0.001663
2225 0.001662
2226 0.001662
2227 0.001661
2228 0.001660
2229 0.001659
2230 0.001658
2231 0.001658
2232 0.001657
2233 0.001656
2234 0.001655
2235 0.001654
2236 0.001654
2237 0.001653
2238 0.001652
2239 0.001651
2240 0.001651
2241 0.001650
2242 0.001649
2243 0.001648
2244 0.001647
2245 0.001647
2246 0.001646
2247 0.001645
2248 0.001644
2249 0.001644
2250 0.001643
2251 0.001642
2252 0.001641
2253 0.001640
2254 0.001640
2255 0.001639
2256 0.001638
2257 0.001637
2258 0.001637
2259 0.001636
2260 0.001635
2261 0.001634
2262 0.001634
2263 0.001633
2264 0.001632
2265 0.001631
2266 0.001630
2267 0.001630
2268 0.001629
2269 0.001628
2270 0.001627
2271 0.001627
2272 0.001626
2273 0.001625
2274 0.001624
2275 0.001624
2276 0.001623
2277 0.001622
2278 0.001621
2279 0.001621
2280 0.001620
2281 0.001619
2282 0.001618
2283 0.001618
2284 0.001617
2285 0.001616
2286 0.001615
2287 0.001615
2288 0.001614
2289 0.001613
2290 0.001612
2291 0.001612
2292 0.001611
2293 0.001610
2294 0.001609
2295 0.001609
2296 0.001608
2297 0.001607
2298 0.001606
2299 0.001606
2300 0.001605
2301 0.001604
2302 0.001603
2303 0.001603
2304 0.001602
2305 0.001601
2306 0.001600
2307 0.001600
2308 0.001599
2309 0.001598
2310 0.001598
2311 0.001597
2312 0.001596
2313 0.001595
2314 0.001595
2315 0.001594
2316 0.001593
2317 0.001592
2318 0.001592
2319 0.001591
2320 0.001590
2321 0.001590
2322 0.001589
2323 0.001588
2324 0.001587
2325 0.001587
2326 0.001586
2327 0.001585
2328 0.001584
2329 0.001584
2330 0.001583
2331 0.001582
2332 0.001582
2333 0.001581
2334 0.001580
2335 0.001579
2336 0.001579
2337 0.001578
2338 0.001577
2339 0.001577
2340 0.001576
2341 0.001575
2342 0.001574
2343 0.001574
2344 0.001573
2345 0.001572
2346 0.001572
2347 0.001571
2348 0.001570
2349 0.001569
2350 0.001569
2351 0.001568
2352 0.001567
2353 0.001567
2354 0.001566
2355 0.001565
2356 0.001565
2357 0.001564
2358 0.001563
2359 0.001562
2360 0.001562
2361 0.001561
2362 0.001560
2363 0.001560
2364 0.001559
2365 0.001558
2366 0.001558
2367 0.001557
2368 0.001556
2369 0.001555
2370 0.001555
2371 0.001554
2372 0.001553
2373 0.001553
2374 0.001552
2375 0.001551
2376 0.001551
2377 0.001550
2378 0.001549
2379 0.001549
2380 0.001548
2381 0.001547
2382 0.001546
2383 0.001546
2384 0.001545
2385 0.001544
2386 0.001544
2387 0.001543
2388 0.001542
2389 0.001542
2390 0.001541
2391 0.001540
2392 0.001540
2393 0.001539
2394 0.001538
2395 0.001538
2396 0.001537
2397 0.001536
2398 0.001536
2399 0.001535
2400 0.001534
2401 0.001533
2402 0.001533
2403 0.001532
2404 0.001531
2405 0.001531
2406 0.001530
2407 0.001529
2408 0.001529
2409 0.001528
2410 0.001527
2411 0.001527
2412 0.001526
2413 0.001525
2414 0.001525
2415 0.001524
2416 0.001523
2417 0.001523
2418 0.001522
2419 0.001521
2420 0.001521
2421 0.001520
2422 0.001519
2423 0.001519
2424 0.001518
2425 0.001517
2426 0.001517
2427 0.001516
2428 0.001515
2429 0.001515
2430 0.001514
2431 0.001513
2432 0.001513
2433 0.001512
2434 0.001511
2435 0.001511
2436 0.001510
2437 0.001510
2438 0.001509
2439 0.001508
2440 0.001508
2441 0.001507
2442 0.001506
2443 0.001506
2444 0.001505
2445 0.001504
2446 0.001504
2447 0.001503
2448 0.001502
2449 0.001502
2450 0.001501
2451 0.001500
2452 0.001500
2453 0.001499
2454 0.001498
2455 0.001498
2456 0.001497
2457 0.001497
2458 0.001496
2459 0.001495
2460 0.001495
2461 0.001494
2462 0.001493
2463 0.001493
2464 0.001492
2465 0.001491
2466 0.001491
2467 0.001490
2468 0.001489
2469 0.001489
2470 0.001488
2471 0.001488
2472 0.001487
2473 0.001486
2474 0.001486
2475 0.001485
2476 0.001484
2477 0.001484
2478 0.001483
2479 0.001482
2480 0.001482
2481 0.001481
2482 0.001481
2483 0.001480
2484 0.001479
2485 0.001479
2486 0.001478
2487 0.001477
2488 0.001477
2489 0.001476
2490 0.001476
2491 0.001475
2492 0.001474
2493 0.001474
2494 0.001473
2495 0.001472
2496 0.001472
2497 0.001471
2498 0.001471
2499 0.001470
2500 0.001469
2501 0.001469
2502 0.001468
2503 0.001467
2504 0.001467
2505 0.001466
2506 0.001466
2507 0.001465
2508 0.001464
2509 0.001464
2510 0.001463
2511 0.001462
2512 0.001462
2513 0.001461
2514 0.001461
2515 0.001460
2516 0.001459
2517 0.001459
2518 0.001458
2519 0.001458
2520 0.001457
2521 0.001456
2522 0.001456
2523 0.001455
2524 0.001455
2525 0.001454
2526 0.001453
2527 0.001453
2528 0.001452
2529 0.001451
2530 0.001451
2531 0.001450
2532 0.001450
2533 0.001449
2534 0.001448
2535 0.001448
2536 0.001447
2537 0.001447
2538 0.001446
2539 0.001445
2540 0.001445
2541 0.001444
2542 0.001444
2543 0.001443
2544 0.001442
2545 0.001442
2546 0.001441
2547 0.001441
2548 0.001440
2549 0.001439
2550 0.001439
2551 0.001438
2552 0.001438
2553 0.001437
2554 0.001436
2555 0.001436
2556 0.001435
2557 0.001435
2558 0.001434
2559 0.001433
2560 0.001433
2561 0.001432
2562 0.001432
2563 0.001431
2564 0.001431
2565 0.001430
2566 0.001429
2567 0.001429
2568 0.001428
2569 0.001428
2570 0.001427
2571 0.001426
2572 0.001426
2573 0.001425
2574 0.001425
2575 0.001424
2576 0.001423
2577 0.001423
2578 0.001422
2579 0.001422
2580 0.001421
2581 0.001421
2582 0.001420
2583 0.001419
2584 0.001419
2585 0.001418
2586 0.001418
2587 0.001417
2588 0.001416
2589 0.001416
2590 0.001415
2591 0.001415
2592 0.001414
2593 0.001414
2594 0.001413
2595 0.001412
2596 0.001412
2597 0.001411
2598 0.001411
2599 0.001410
2600 0.001410
2601 0.001409
2602 0.001408
2603 0.001408
2604 0.001407
2605 0.001407
2606 0.001406
2607 0.001406
2608 0.001405
2609 0.001404
2610 0.001404
2611 0.001403
2612 0.001403
2613 0.001402
2614 0.001402
2615 0.001401
2616 0.001400
2617 0.001400
2618 0.001399
2619 0.001399
2620 0.001398
2621 0.001398
2622 0.001397
2623 0.001396
2624 0.001396
2625 0.001395
2626 0.001395
2627 0.001394
2628 0.001394
2629 0.001393
2630 0.001393
2631 0.001392
2632 0.001391
2633 0.001391
2634 0.001390
2635 0.001390
2636 0.001389
2637 0.001389
2638 0.001388
2639 0.001388
2640 0.001387
2641 0.001386
2642 0.001386
2643 0.001385
2644 0.001385
2645 0.001384
2646 0.001384
2647 0.001383
2648 0.001383
2649 0.001382
2650 0.001381
2651 0.001381
2652 0.001380
2653 0.001380
2654 0.001379
2655 0.001379
2656 0.001378
2657 0.001378
2658 0.001377
2659 0.001377
2660 0.001376
2661 0.001375
2662 0.001375
2663 0.001374
2664 0.001374
2665 0.001373
2666 0.001373
2667 0.001372
2668 0.001372
2669 0.001371
2670 0.001371
2671 0.001370
2672 0.001369
2673 0.001369
2674 0.001368
2675 0.001368
2676 0.001367
2677 0.001367
2678 0.001366
2679 0.001366
2680 0.001365
2681 0.001365
2682 0.001364
2683 0.001364
2684 0.001363
2685 0.001362
2686 0.001362
2687 0.001361
2688 0.001361
2689 0.001360
2690 0.001360
2691 0.001359
2692 0.001359
2693 0.001358
2694 0.001358
2695 0.001357
2696 0.001357
2697 0.001356
2698 0.001355
2699 0.001355
2700 0.001354
2701 0.001354
2702 0.001353
2703 0.001353
2704 0.001352
2705 0.001352
2706 0.001351
2707 0.001351
2708 0.001350
2709 0.001350
2710 0.001349
2711 0.001349
2712 0.001348
2713 0.001348
2714 0.001347
2715 0.001347
2716 0.001346
2717 0.001345
2718 0.001345
2719 0.001344
2720 0.001344
2721 0.001343
2722 0.001343
2723 0.001342
2724 0.001342
2725 0.001341
2726 0.001341
2727 0.001340
2728 0.001340
2729 0.001339
2730 0.001339
2731 0.001338
2732 0.001338
2733 0.001337
2734 0.001337
2735 0.001336
2736 0.001336
2737 0.001335
2738 0.001335
2739 0.001334
2740 0.001334
2741 0.001333
2742 0.001333
2743 0.001332
2744 0.001331
2745 0.001331
2746 0.001330
2747 0.001330
2748 0.001329
2749 0.001329
2750 0.001328
2751 0.001328
2752 0.001327
2753 0.001327
2754 0.001326
2755 0.001326
2756 0.001325
2757 0.001325
2758 0.001324
2759 0.001324
2760 0.001323
2761 0.001323
2762 0.001322
2763 0.001322
2764 0.001321
2765 0.001321
2766 0.001320
2767 0.001320
2768 0.001319
2769 0.001319
2770 0.001318
2771 0.001318
2772 0.001317
2773 0.001317
2774 0.001316
2775 0.001316
2776 0.001315
2777 0.001315
2778 0.001314
2779 0.001314
2780 0.001313
2781 0.001313
2782 0.001312
2783 0.001312
2784 0.001311
2785 0.001311
2786 0.001310
2787 0.001310
2788 0.001309
2789 0.001309
2790 0.001308
2791 0.001308
2792 0.001307
2793 0.001307
2794 0.001306
2795 0.001306
2796 0.001305
2797 0.001305
2798 0.001304
2799 0.001304
2800 0.001303
2801 0.001303
2802 0.001302
2803 0.001302
2804 0.001301
2805 0.001301
2806 0.001300
2807 0.001300
2808 0.001299
2809 0.001299
2810 0.001298
2811 0.001298
2812 0.001298
2813 0.001297
2814 0.001297
2815 0.001296
2816 0.001296
2817 0.001295
2818 0.001295
2819 0.001294
2820 0.001294
2821 0.001293
2822 0.001293
2823 0.001292
2824 0.001292
2825 0.001291
2826 0.001291
2827 0.001290
2828 0.001290
2829 0.001289
2830 0.001289
2831 0.001288
2832 0.001288
2833 0.001287
2834 0.001287
2835 0.001286
2836 0.001286
2837 0.001285
2838 0.001285
2839 0.001284
2840 0.001284
2841 0.001284
2842 0.001283
2843 0.001283
2844 0.001282
2845 0.001282
2846 0.001281
2847 0.001281
2848 0.001280
2849 0.001280
2850 0.001279
2851 0.001279
2852 0.001278
2853 0.001278
2854 0.001277
2855 0.001277
2856 0.001276
2857 0.001276
2858 0.001275
2859 0.001275
2860 0.001275
2861 0.001274
2862 0.001274
2863 0.001273
2864 0.001273
2865 0.001272
2866 0.001272
2867 0.001271
2868 0.001271
2869 0.001270
2870 0.001270
2871 0.001269
2872 0.001269
2873 0.001268
2874 0.001268
2875 0.001267
2876 0.001267
2877 0.001267
2878 0.001266
2879 0.001266
2880 0.001265
2881 0.001265
2882 0.001264
2883 0.001264
2884 0.001263
2885 0.001263
2886 0.001262
2887 0.001262
2888 0.001261
2889 0.001261
2890 0.001261
2891 0.001260
2892 0.001260
2893 0.001259
2894 0.001259
2895 0.001258
2896 0.001258
2897 0.001257
2898 0.001257
2899 0.001256
2900 0.001256
2901 0.001256
2902 0.001255
2903 0.001255
2904 0.001254
2905 0.001254
2906 0.001253
2907 0.001253
2908 0.001252
2909 0.001252
2910 0.001251
2911 0.001251
2912 0.001250
2913 0.001250
2914 0.001250
2915 0.001249
2916 0.001249
2917 0.001248
2918 0.001248
2919 0.001247
2920 0.001247
2921 0.001246
2922 0.001246
2923 0.001246
2924 0.001245
2925 0.001245
2926 0.001244
2927 0.001244
2928 0.001243
2929 0.001243
2930 0.001242
2931 0.001242
2932 0.001241
2933 0.001241
2934 0.001241
2935 0.001240
2936 0.001240
2937 0.001239
2938 0.001239
2939 0.001238
2940 0.001238
2941 0.001237
2942 0.001237
2943 0.001237
2944 0.001236
2945 0.001236
2946 0.001235
2947 0.001235
2948 0.001234
2949 0.001234
2950 0.001234
2951 0.001233
2952 0.001233
2953 0.001232
2954 0.001232
2955 0.001231
2956 0.001231
2957 0.001230
2958 0.001230
2959 0.001230
2960 0.001229
2961 0.001229
2962 0.001228
2963 0.001228
2964 0.001227
2965 0.001227
2966 0.001226
2967 0.001226
2968 0.001226
2969 0.001225
2970 0.001225
2971 0.001224
2972 0.001224
2973 0.001223
2974 0.001223
2975 0.001223
2976 0.001222
2977 0.001222
2978 0.001221
2979 0.001221
2980 0.001220
2981 0.001220
2982 0.001220
2983 0.001219
2984 0.001219
2985 0.001218
2986 0.001218
2987 0.001217
2988 0.001217
2989 0.001217
2990 0.001216
2991 0.001216
2992 0.001215
2993 0.001215
2994 0.001214
2995 0.001214
2996 0.001214
2997 0.001213
2998 0.001213
2999 0.001212
3000 0.001212
3001 0.001211
3002 0.001211
3003 0.001211
3004 0.001210
3005 0.001210
3006 0.001209
3007 0.001209
3008 0.001208
3009 0.001208
3010 0.001208
3011 0.001207
3012 0.001207
3013 0.001206
3014 0.001206
3015 0.001205
3016 0.001205
3017 0.001205
3018 0.001204
3019 0.001204
3020 0.001203
3021 0.001203
3022 0.001203
3023 0.001202
3024 0.001202
3025 0.001201
3026 0.001201
3027 0.001200
3028 0.001200
3029 0.001200
3030 0.001199
3031 0.001199
3032 0.001198
3033 0.001198
3034 0.001197
3035 0.001197
3036 0.001197
3037 0.001196
3038 0.001196
3039 0.001195
3040 0.001195
3041 0.001195
3042 0.001194
3043 0.001194
3044 0.001193
3045 0.001193
3046 0.001193
3047 0.001192
3048 0.001192
3049 0.001191
3050 0.001191
3051 0.001190
3052 0.001190
3053 0.001190
3054 0.001189
3055 0.001189
3056 0.001188
3057 0.001188
3058 0.001188
3059 0.001187
3060 0.001187
3061 0.001186
3062 0.001186
3063 0.001186
3064 0.001185
3065 0.001185
3066 0.001184
3067 0.001184
3068 0.001184
3069 0.001183
3070 0.001183
3071 0.001182
3072 0.001182
3073 0.001181
3074 0.001181
3075 0.001181
3076 0.001180
3077 0.001180
3078 0.001179
3079 0.001179
3080 0.001179
3081 0.001178
3082 0.001178
3083 0.001177
3084 0.001177
3085 0.001177
3086 0.001176
3087 0.001176
3088 0.001175
3089 0.001175
3090 0.001175
3091 0.001174
3092 0.001174
3093 0.001173
3094 0.001173
3095 0.001173
3096 0.001172
3097 0.001172
3098 0.001171
3099 0.001171
3100 0.001171
3101 0.001170
3102 0.001170
3103 0.001169
3104 0.001169
3105 0.001169
3106 0.001168
3107 0.001168
3108 0.001167
3109 0.001167
3110 0.001167
3111 0.001166
3112 0.001166
3113 0.001165
3114 0.001165
3115 0.001165
3116 0.001164
3117 0.001164
3118 0.001163
3119 0.001163
3120 0.001163
3121 0.001162
3122 0.001162
3123 0.001162
3124 0.001161
3125 0.001161
3126 0.001160
3127 0.001160
3128 0.001160
3129 0.001159
3130 0.001159
3131 0.001158
3132 0.001158
3133 0.001158
3134 0.001157
3135 0.001157
3136 0.001156
3137 0.001156
3138 0.001156
3139 0.001155
3140 0.001155
3141 0.001155
3142 0.001154
3143 0.001154
3144 0.001153
3145 0.001153
3146 0.001153
3147 0.001152
3148 0.001152
3149 0.001151
3150 0.001151
3151 0.001151
3152 0.001150
3153 0.001150
3154 0.001149
3155 0.001149
3156 0.001149
3157 0.001148
3158 0.001148
3159 0.001148
3160 0.001147
3161 0.001147
3162 0.001146
3163 0.001146
3164 0.001146
3165 0.001145
3166 0.001145
3167 0.001145
3168 0.001144
3169 0.001144
3170 0.001143
3171 0.001143
3172 0.001143
3173 0.001142
3174 0.001142
3175 0.001141
3176 0.001141
3177 0.001141
3178 0.001140
3179 0.001140
3180 0.001140
3181 0.001139
3182 0.001139
3183 0.001138
3184 0.001138
3185 0.001138
3186 0.001137
3187 0.001137
3188 0.001137
3189 0.001136
3190 0.001136
3191 0.001135
3192 0.001135
3193 0.001135
3194 0.001134
3195 0.001134
3196 0.001134
3197 0.001133
3198 0.001133
3199 0.001132
3200 0.001132
3201 0.001132
3202 0.001131
3203 0.001131
3204 0.001131
3205 0.001130
3206 0.001130
3207 0.001129
3208 0.001129
3209 0.001129
3210 0.001128
3211 0.001128
3212 0.001128
3213 0.001127
3214 0.001127
3215 0.001127
3216 0.001126
3217 0.001126
3218 0.001125
3219 0.001125
3220 0.001125
3221 0.001124
3222 0.001124
3223 0.001124
3224 0.001123
3225 0.001123
3226 0.001122
3227 0.001122
3228 0.001122
3229 0.001121
3230 0.001121
3231 0.001121
3232 0.001120
3233 0.001120
3234 0.001120
3235 0.001119
3236 0.001119
3237 0.001118
3238 0.001118
3239 0.001118
3240 0.001117
3241 0.001117
3242 0.001117
3243 0.001116
3244 0.001116
3245 0.001116
3246 0.001115
3247 0.001115
3248 0.001114
3249 0.001114
3250 0.001114
3251 0.001113
3252 0.001113
3253 0.001113
3254 0.001112
3255 0.001112
3256 0.001112
3257 0.001111
3258 0.001111
3259 0.001110
3260 0.001110
3261 0.001110
3262 0.001109
3263 0.001109
3264 0.001109
3265 0.001108
3266 0.001108
3267 0.001108
3268 0.001107
3269 0.001107
3270 0.001107
3271 0.001106
3272 0.001106
3273 0.001105
3274 0.001105
3275 0.001105
3276 0.001104
3277 0.001104
3278 0.001104
3279 0.001103
3280 0.001103
3281 0.001103
3282 0.001102
3283 0.001102
3284 0.001102
3285 0.001101
3286 0.001101
3287 0.001101
3288 0.001100
3289 0.001100
3290 0.001099
3291 0.001099
3292 0.001099
3293 0.001098
3294 0.001098
3295 0.001098
3296 0.001097
3297 0.001097
3298 0.001097
3299 0.001096
3300 0.001096
3301 0.001096
3302 0.001095
3303 0.001095
3304 0.001095
3305 0.001094
3306 0.001094
3307 0.001094
3308 0.001093
3309 0.001093
3310 0.001092
3311 0.001092
3312 0.001092
3313 0.001091
3314 0.001091
3315 0.001091
3316 0.001090
3317 0.001090
3318 0.001090
3319 0.001089
3320 0.001089
3321 0.001089
3322 0.001088
3323 0.001088
3324 0.001088
3325 0.001087
3326 0.001087
3327 0.001087
3328 0.001086
3329 0.001086
3330 0.001086
3331 0.001085
3332 0.001085
3333 0.001085
3334 0.001084
3335 0.001084
3336 0.001084
3337 0.001083
3338 0.001083
3339 0.001082
3340 0.001082
3341 0.001082
3342 0.001081
3343 0.001081
3344 0.001081
3345 0.001080
3346 0.001080
3347 0.001080
3348 0.001079
3349 0.001079
3350 0.001079
3351 0.001078
3352 0.001078
3353 0.001078
3354 0.001077
3355 0.001077
3356 0.001077
3357 0.001076
3358 0.001076
3359 0.001076
3360 0.001075
3361 0.001075
3362 0.001075
3363 0.001074
3364 0.001074
3365 0.001074
3366 0.001073
3367 0.001073
3368 0.001073
3369 0.001072
3370 0.001072
3371 0.001072
3372 0.001071
3373 0.001071
3374 0.001071
3375 0.001070
3376 0.001070
3377 0.001070
3378 0.001069
3379 0.001069
3380 0.001069
3381 0.001068
3382 0.001068
3383 0.001068
3384 0.001067
3385 0.001067
3386 0.001067
3387 0.001066
3388 0.001066
3389 0.001066
3390 0.001065
3391 0.001065
3392 0.001065
3393 0.001064
3394 0.001064
3395 0.001064
3396 0.001063
3397 0.001063
3398 0.001063
3399 0.001062
3400 0.001062
3401 0.001062
3402 0.001061
3403 0.001061
3404 0.001061
3405 0.001060
3406 0.001060
3407 0.001060
3408 0.001059
3409 0.001059
3410 0.001059
3411 0.001058
3412 0.001058
3413 0.001058
3414 0.001057
3415 0.001057
3416 0.001057
3417 0.001056
3418 0.001056
3419 0.001056
3420 0.001055
3421 0.001055
3422 0.001055
3423 0.001055
3424 0.001054
3425 0.001054
3426 0.001054
3427 0.001053
3428 0.001053
3429 0.001053
3430 0.001052
3431 0.001052
3432 0.001052
3433 0.001051
3434 0.001051
3435 0.001051
3436 0.001050
3437 0.001050
3438 0.001050
3439 0.001049
3440 0.001049
3441 0.001049
3442 0.001048
3443 0.001048
3444 0.001048
3445 0.001047
3446 0.001047
3447 0.001047
3448 0.001046
3449 0.001046
3450 0.001046
3451 0.001046
3452 0.001045
3453 0.001045
3454 0.001045
3455 0.001044
3456 0.001044
3457 0.001044
3458 0.001043
3459 0.001043
3460 0.001043
3461 0.001042
3462 0.001042
3463 0.001042
3464 0.001041
3465 0.001041
3466 0.001041
3467 0.001040
3468 0.001040
3469 0.001040
3470 0.001039
3471 0.001039
3472 0.001039
3473 0.001039
3474 0.001038
3475 0.001038
3476 0.001038
3477 0.001037
3478 0.001037
3479 0.001037
3480 0.001036
3481 0.001036
3482 0.001036
3483 0.001035
3484 0.001035
3485 0.001035
3486 0.001034
3487 0.001034
3488 0.001034
3489 0.001034
3490 0.001033
3491 0.001033
3492 0.001033
3493 0.001032
3494 0.001032
3495 0.001032
3496 0.001031
3497 0.001031
3498 0.001031
3499 0.001030
3500 0.001030
3501 0.001030
3502 0.001029
3503 0.001029
3504 0.001029
3505 0.001029
3506 0.001028
3507 0.001028
3508 0.001028
3509 0.001027
3510 0.001027
3511 0.001027
3512 0.001026
3513 0.001026
3514 0.001026
3515 0.001025
3516 0.001025
3517 0.001025
3518 0.001025
3519 0.001024
3520 0.001024
3521 0.001024
3522 0.001023
3523 0.001023
3524 0.001023
3525 0.001022
3526 0.001022
3527 0.001022
3528 0.001022
3529 0.001021
3530 0.001021
3531 0.001021
3532 0.001020
3533 0.001020
3534 0.001020
3535 0.001019
3536 0.001019
3537 0.001019
3538 0.001018
3539 0.001018
3540 0.001018
3541 0.001018
3542 0.001017
3543 0.001017
3544 0.001017
3545 0.001016
3546 0.001016
3547 0.001016
3548 0.001015
3549 0.001015
3550 0.001015
3551 0.001015
3552 0.001014
3553 0.001014
3554 0.001014
3555 0.001013
3556 0.001013
3557 0.001013
3558 0.001012
3559 0.001012
3560 0.001012
3561 0.001012
3562 0.001011
3563 0.001011
3564 0.001011
3565 0.001010
3566 0.001010
3567 0.001010
3568 0.001009
3569 0.001009
3570 0.001009
3571 0.001009
3572 0.001008
3573 0.001008
3574 0.001008
3575 0.001007
3576 0.001007
3577 0.001007
3578 0.001006
3579 0.001006
3580 0.001006
3581 0.001006
3582 0.001005
3583 0.001005
3584 0.001005
3585 0.001004
3586 0.001004
3587 0.001004
3588 0.001004
3589 0.001003
3590 0.001003
3591 0.001003
3592 0.001002
3593 0.001002
3594 0.001002
3595 0.001001
3596 0.001001
3597 0.001001
3598 0.001001
3599 0.001000
3600 0.001000
3601 0.001000
3602 0.000999
3603 0.000999
3604 0.000999
3605 0.000999
3606 0.000998
3607 0.000998
3608 0.000998
3609 0.000997
3610 0.000997
3611 0.000997
3612 0.000997
3613 0.000996
3614 0.000996
3615 0.000996
3616 0.000995
3617 0.000995
3618 0.000995
3619 0.000994
3620 0.000994
3621 0.000994
3622 0.000994
3623 0.000993
3624 0.000993
3625 0.000993
3626 0.000992
3627 0.000992
3628 0.000992
3629 0.000992
3630 0.000991
3631 0.000991
3632 0.000991
3633 0.000990
3634 0.000990
3635 0.000990
3636 0.000990
3637 0.000989
3638 0.000989
3639 0.000989
3640 0.000988
3641 0.000988
3642 0.000988
3643 0.000988
3644 0.000987
3645 0.000987
3646 0.000987
3647 0.000986
3648 0.000986
3649 0.000986
3650 0.000986
3651 0.000985
3652 0.000985
3653 0.000985
3654 0.000984
3655 0.000984
3656 0.000984
3657 0.000984
3658 0.000983
3659 0.000983
3660 0.000983
3661 0.000982
3662 0.000982
3663 0.000982
3664 0.000982
3665 0.000981
3666 0.000981
3667 0.000981
3668 0.000981
3669 0.000980
3670 0.000980
3671 0.000980
3672 0.000979
3673 0.000979
3674 0.000979
3675 0.000979
3676 0.000978
3677 0.000978
3678 0.000978
3679 0.000977
3680 0.000977
3681 0.000977
3682 0.000977
3683 0.000976
3684 0.000976
3685 0.000976
3686 0.000975
3687 0.000975
3688 0.000975
3689 0.000975
3690 0.000974
3691 0.000974
3692 0.000974
3693 0.000974
3694 0.000973
3695 0.000973
3696 0.000973
3697 0.000972
3698 0.000972
3699 0.000972
3700 0.000972
3701 0.000971
3702 0.000971
3703 0.000971
3704 0.000971
3705 0.000970
3706 0.000970
3707 0.000970
3708 0.000969
3709 0.000969
3710 0.000969
3711 0.000969
3712 0.000968
3713 0.000968
3714 0.000968
3715 0.000967
3716 0.000967
3717 0.000967
3718 0.000967
3719 0.000966
3720 0.000966
3721 0.000966
3722 0.000966
3723 0.000965
3724 0.000965
3725 0.000965
3726 0.000964
3727 0.000964
3728 0.000964
3729 0.000964
3730 0.000963
3731 0.000963
3732 0.000963
3733 0.000963
3734 0.000962
3735 0.000962
3736 0.000962
3737 0.000961
3738 0.000961
3739 0.000961
3740 0.000961
3741 0.000960
3742 0.000960
3743 0.000960
3744 0.000960
3745 0.000959
3746 0.000959
3747 0.000959
3748 0.000959
3749 0.000958
3750 0.000958
3751 0.000958
3752 0.000957
3753 0.000957
3754 0.000957
3755 0.000957
3756 0.000956
3757 0.000956
3758 0.000956
3759 0.000956
3760 0.000955
3761 0.000955
3762 0.000955
3763 0.000955
3764 0.000954
3765 0.000954
3766 0.000954
3767 0.000953
3768 0.000953
3769 0.000953
3770 0.000953
3771 0.000952
3772 0.000952
3773 0.000952
3774 0.000952
3775 0.000951
3776 0.000951
3777 0.000951
3778 0.000951
3779 0.000950
3780 0.000950
3781 0.000950
3782 0.000949
3783 0.000949
3784 0.000949
3785 0.000949
3786 0.000948
3787 0.000948
3788 0.000948
3789 0.000948
3790 0.000947
3791 0.000947
3792 0.000947
3793 0.000947
3794 0.000946
3795 0.000946
3796 0.000946
3797 0.000946
3798 0.000945
3799 0.000945
3800 0.000945
3801 0.000944
3802 0.000944
3803 0.000944
3804 0.000944
3805 0.000943
3806 0.000943
3807 0.000943
3808 0.000943
3809 0.000942
3810 0.000942
3811 0.000942
3812 0.000942
3813 0.000941
3814 0.000941
3815 0.000941
3816 0.000941
3817 0.000940
3818 0.000940
3819 0.000940
3820 0.000940
3821 0.000939
3822 0.000939
3823 0.000939
3824 0.000939
3825 0.000938
3826 0.000938
3827 0.000938
3828 0.000937
3829 0.000937
3830 0.000937
3831 0.000937
3832 0.000936
3833 0.000936
3834 0.000936
3835 0.000936
3836 0.000935
3837 0.000935
3838 0.000935
3839 0.000935
3840 0.000934
3841 0.000934
3842 0.000934
3843 0.000934
3844 0.000933
3845 0.000933
3846 0.000933
3847 0.000933
3848 0.000932
3849 0.000932
3850 0.000932
3851 0.000932
3852 0.000931
3853 0.000931
3854 0.000931
3855 0.000931
3856 0.000930
3857 0.000930
3858 0.000930
3859 0.000930
3860 0.000929
3861 0.000929
3862 0.000929
3863 0.000929
3864 0.000928
3865 0.000928
3866 0.000928
3867 0.000928
3868 0.000927
3869 0.000927
3870 0.000927
3871 0.000927
3872 0.000926
3873 0.000926
3874 0.000926
3875 0.000926
3876 0.000925
3877 0.000925
3878 0.000925
3879 0.000925
3880 0.000924
3881 0.000924
3882 0.000924
3883 0.000924
3884 0.000923
3885 0.000923
3886 0.000923
3887 0.000923
3888 0.000922
3889 0.000922
3890 0.000922
3891 0.000922
3892 0.000921
3893 0.000921
3894 0.000921
3895 0.000921
3896 0.000920
3897 0.000920
3898 0.000920
3899 0.000920
3900 0.000919
3901 0.000919
3902 0.000919
3903 0.000919
3904 0.000918
3905 0.000918
3906 0.000918
3907 0.000918
3908 0.000917
3909 0.000917
3910 0.000917
3911 0.000917
3912 0.000916
3913 0.000916
3914 0.000916
3915 0.000916
3916 0.000915
3917 0.000915
3918 0.000915
3919 0.000915
3920 0.000914
3921 0.000914
3922 0.000914
3923 0.000914
3924 0.000913
3925 0.000913
3926 0.000913
3927 0.000913
3928 0.000912
3929 0.000912
3930 0.000912
3931 0.000912
3932 0.000911
3933 0.000911
3934 0.000911
3935 0.000911
3936 0.000910
3937 0.000910
3938 0.000910
3939 0.000910
3940 0.000909
3941 0.000909
3942 0.000909
3943 0.000909
3944 0.000909
3945 0.000908
3946 0.000908
3947 0.000908
3948 0.000908
3949 0.000907
3950 0.000907
3951 0.000907
3952 0.000907
3953 0.000906
3954 0.000906
3955 0.000906
3956 0.000906
3957 0.000905
3958 0.000905
3959 0.000905
3960 0.000905
3961 0.000904
3962 0.000904
3963 0.000904
3964 0.000904
3965 0.000903
3966 0.000903
3967 0.000903
3968 0.000903
3969 0.000902
3970 0.000902
3971 0.000902
3972 0.000902
3973 0.000902
3974 0.000901
3975 0.000901
3976 0.000901
3977 0.000901
3978 0.000900
3979 0.000900
3980 0.000900
3981 0.000900
3982 0.000899
3983 0.000899
3984 0.000899
3985 0.000899
3986 0.000898
3987 0.000898
3988 0.000898
3989 0.000898
3990 0.000898
3991 0.000897
3992 0.000897
3993 0.000897
3994 0.000897
3995 0.000896
3996 0.000896
3997 0.000896
3998 0.000896
3999 0.000895
4000 0.000895
4001 0.000895
4002 0.000895
4003 0.000894
4004 0.000894
4005 0.000894
4006 0.000894
4007 0.000894
4008 0.000893
4009 0.000893
4010 0.000893
4011 0.000893
4012 0.000892
4013 0.000892
4014 0.000892
4015 0.000892
4016 0.000891
4017 0.000891
4018 0.000891
4019 0.000891
4020 0.000890
4021 0.000890
4022 0.000890
4023 0.000890
4024 0.000890
4025 0.000889
4026 0.000889
4027 0.000889
4028 0.000889
4029 0.000888
4030 0.000888
4031 0.000888
4032 0.000888
4033 0.000887
4034 0.000887
4035 0.000887
4036 0.000887
4037 0.000887
4038 0.000886
4039 0.000886
4040 0.000886
4041 0.000886
4042 0.000885
4043 0.000885
4044 0.000885
4045 0.000885
4046 0.000884
4047 0.000884
4048 0.000884
4049 0.000884
4050 0.000884
4051 0.000883
4052 0.000883
4053 0.000883
4054 0.000883
4055 0.000882
4056 0.000882
4057 0.000882
4058 0.000882
4059 0.000881
4060 0.000881
4061 0.000881
4062 0.000881
4063 0.000881
4064 0.000880
4065 0.000880
4066 0.000880
4067 0.000880
4068 0.000879
4069 0.000879
4070 0.000879
4071 0.000879
4072 0.000879
4073 0.000878
4074 0.000878
4075 0.000878
4076 0.000878
4077 0.000877
4078 0.000877
4079 0.000877
4080 0.000877
4081 0.000876
4082 0.000876
4083 0.000876
4084 0.000876
4085 0.000876
4086 0.000875
4087 0.000875
4088 0.000875
4089 0.000875
4090 0.000874
4091 0.000874
4092 0.000874
4093 0.000874
4094 0.000874
4095 0.000873
4096 0.000873
4097 0.000873
4098 0.000873
4099 0.000872
4100 0.000872
4101 0.000872
4102 0.000872
4103 0.000872
4104 0.000871
4105 0.000871
4106 0.000871
4107 0.000871
4108 0.000870
4109 0.000870
4110 0.000870
4111 0.000870
4112 0.000870
4113 0.000869
4114 0.000869
4115 0.000869
4116 0.000869
4117 0.000868
4118 0.000868
4119 0.000868
4120 0.000868
4121 0.000868
4122 0.000867
4123 0.000867
4124 0.000867
4125 0.000867
4126 0.000866
4127 0.000866
4128 0.000866
4129 0.000866
4130 0.000866
4131 0.000865
4132 0.000865
4133 0.000865
4134 0.000865
4135 0.000864
4136 0.000864
4137 0.000864
4138 0.000864
4139 0.000864
4140 0.000863
4141 0.000863
4142 0.000863
4143 0.000863
4144 0.000863
4145 0.000862
4146 0.000862
4147 0.000862
4148 0.000862
4149 0.000861
4150 0.000861
4151 0.000861
4152 0.000861
4153 0.000861
4154 0.000860
4155 0.000860
4156 0.000860
4157 0.000860
4158 0.000859
4159 0.000859
4160 0.000859
4161 0.000859
4162 0.000859
4163 0.000858
4164 0.000858
4165 0.000858
4166 0.000858
4167 0.000858
4168 0.000857
4169 0.000857
4170 0.000857
4171 0.000857
4172 0.000856
4173 0.000856
4174 0.000856
4175 0.000856
4176 0.000856
4177 0.000855
4178 0.000855
4179 0.000855
4180 0.000855
4181 0.000854
4182 0.000854
4183 0.000854
4184 0.000854
4185 0.000854
4186 0.000853
4187 0.000853
4188 0.000853
4189 0.000853
4190 0.000853
4191 0.000852
4192 0.000852
4193 0.000852
4194 0.000852
4195 0.000851
4196 0.000851
4197 0.000851
4198 0.000851
4199 0.000851
4200 0.000850
4201 0.000850
4202 0.000850
4203 0.000850
4204 0.000850
4205 0.000849
4206 0.000849
4207 0.000849
4208 0.000849
4209 0.000849
4210 0.000848
4211 0.000848
4212 0.000848
4213 0.000848
4214 0.000847
4215 0.000847
4216 0.000847
4217 0.000847
4218 0.000847
4219 0.000846
4220 0.000846
4221 0.000846
4222 0.000846
4223 0.000846
4224 0.000845
4225 0.000845
4226 0.000845
4227 0.000845
4228 0.000845
4229 0.000844
4230 0.000844
4231 0.000844
4232 0.000844
4233 0.000843
4234 0.000843
4235 0.000843
4236 0.000843
4237 0.000843
4238 0.000842
4239 0.000842
4240 0.000842
4241 0.000842
4242 0.000842
4243 0.000841
4244 0.000841
4245 0.000841
4246 0.000841
4247 0.000841
4248 0.000840
4249 0.000840
4250 0.000840
4251 0.000840
4252 0.000840
4253 0.000839
4254 0.000839
4255 0.000839
4256 0.000839
4257 0.000838
4258 0.000838
4259 0.000838
4260 0.000838
4261 0.000838
4262 0.000837
4263 0.000837
4264 0.000837
4265 0.000837
4266 0.000837
4267 0.000836
4268 0.000836
4269 0.000836
4270 0.000836
4271 0.000836
4272 0.000835
4273 0.000835
4274 0.000835
4275 0.000835
4276 0.000835
4277 0.000834
4278 0.000834
4279 0.000834
4280 0.000834
4281 0.000834
4282 0.000833
4283 0.000833
4284 0.000833
4285 0.000833
4286 0.000833
4287 0.000832
4288 0.000832
4289 0.000832
4290 0.000832
4291 0.000832
4292 0.000831
4293 0.000831
4294 0.000831
4295 0.000831
4296 0.000830
4297 0.000830
4298 0.000830
4299 0.000830
4300 0.000830
4301 0.000829
4302 0.000829
4303 0.000829
4304 0.000829
4305 0.000829
4306 0.000828
4307 0.000828
4308 0.000828
4309 0.000828
4310 0.000828
4311 0.000827
4312 0.000827
4313 0.000827
4314 0.000827
4315 0.000827
4316 0.000826
4317 0.000826
4318 0.000826
4319 0.000826
4320 0.000826
4321 0.000825
4322 0.000825
4323 0.000825
4324 0.000825
4325 0.000825
4326 0.000824
4327 0.000824
4328 0.000824
4329 0.000824
4330 0.000824
4331 0.000823
4332 0.000823
4333 0.000823
4334 0.000823
4335 0.000823
4336 0.000822
4337 0.000822
4338 0.000822
4339 0.000822
4340 0.000822
4341 0.000821
4342 0.000821
4343 0.000821
4344 0.000821
4345 0.000821
4346 0.000820
4347 0.000820
4348 0.000820
4349 0.000820
4350 0.000820
4351 0.000819
4352 0.000819
4353 0.000819
4354 0.000819
4355 0.000819
4356 0.000818
4357 0.000818
4358 0.000818
4359 0.000818
4360 0.000818
4361 0.000818
4362 0.000817
4363 0.000817
4364 0.000817
4365 0.000817
4366 0.000817
4367 0.000816
4368 0.000816
4369 0.000816
4370 0.000816
4371 0.000816
4372 0.000815
4373 0.000815
4374 0.000815
4375 0.000815
4376 0.000815
4377 0.000814
4378 0.000814
4379 0.000814
4380 0.000814
4381 0.000814
4382 0.000813
4383 0.000813
4384 0.000813
4385 0.000813
4386 0.000813
4387 0.000812
4388 0.000812
4389 0.000812
4390 0.000812
4391 0.000812
4392 0.000811
4393 0.000811
4394 0.000811
4395 0.000811
4396 0.000811
4397 0.000810
4398 0.000810
4399 0.000810
4400 0.000810
4401 0.000810
4402 0.000810
4403 0.000809
4404 0.000809
4405 0.000809
4406 0.000809
4407 0.000809
4408 0.000808
4409 0.000808
4410 0.000808
4411 0.000808
4412 0.000808
4413 0.000807
4414 0.000807
4415 0.000807
4416 0.000807
4417 0.000807
4418 0.000806
4419 0.000806
4420 0.000806
4421 0.000806
4422 0.000806
4423 0.000805
4424 0.000805
4425 0.000805
4426 0.000805
4427 0.000805
4428 0.000805
4429 0.000804
4430 0.000804
4431 0.000804
4432 0.000804
4433 0.000804
4434 0.000803
4435 0.000803
4436 0.000803
4437 0.000803
4438 0.000803
4439 0.000802
4440 0.000802
4441 0.000802
4442 0.000802
4443 0.000802
4444 0.000801
4445 0.000801
4446 0.000801
4447 0.000801
4448 0.000801
4449 0.000801
4450 0.000800
4451 0.000800
4452 0.000800
4453 0.000800
4454 0.000800
4455 0.000799
4456 0.000799
4457 0.000799
4458 0.000799
4459 0.000799
4460 0.000798
4461 0.000798
4462 0.000798
4463 0.000798
4464 0.000798
4465 0.000798
4466 0.000797
4467 0.000797
4468 0.000797
4469 0.000797
4470 0.000797
4471 0.000796
4472 0.000796
4473 0.000796
4474 0.000796
4475 0.000796
4476 0.000795
4477 0.000795
4478 0.000795
4479 0.000795
4480 0.000795
4481 0.000795
4482 0.000794
4483 0.000794
4484 0.000794
4485 0.000794
4486 0.000794
4487 0.000793
4488 0.000793
4489 0.000793
4490 0.000793
4491 0.000793
4492 0.000793
4493 0.000792
4494 0.000792
4495 0.000792
4496 0.000792
4497 0.000792
4498 0.000791
4499 0.000791
4500 0.000791
4501 0.000791
4502 0.000791
4503 0.000790
4504 0.000790
4505 0.000790
4506 0.000790
4507 0.000790
4508 0.000790
4509 0.000789
4510 0.000789
4511 0.000789
4512 0.000789
4513 0.000789
4514 0.000788
4515 0.000788
4516 0.000788
4517 0.000788
4518 0.000788
4519 0.000788
4520 0.000787
4521 0.000787
4522 0.000787
4523 0.000787
4524 0.000787
4525 0.000786
4526 0.000786
4527 0.000786
4528 0.000786
4529 0.000786
4530 0.000786
4531 0.000785
4532 0.000785
4533 0.000785
4534 0.000785
4535 0.000785
4536 0.000784
4537 0.000784
4538 0.000784
4539 0.000784
4540 0.000784
4541 0.000784
4542 0.000783
4543 0.000783
4544 0.000783
4545 0.000783
4546 0.000783
4547 0.000782
4548 0.000782
4549 0.000782
4550 0.000782
4551 0.000782
4552 0.000782
4553 0.000781
4554 0.000781
4555 0.000781
4556 0.000781
4557 0.000781
4558 0.000780
4559 0.000780
4560 0.000780
4561 0.000780
4562 0.000780
4563 0.000780
4564 0.000779
4565 0.000779
4566 0.000779
4567 0.000779
4568 0.000779
4569 0.000778
4570 0.000778
4571 0.000778
4572 0.000778
4573 0.000778
4574 0.000778
4575 0.000777
4576 0.000777
4577 0.000777
4578 0.000777
4579 0.000777
4580 0.000777
4581 0.000776
4582 0.000776
4583 0.000776
4584 0.000776
4585 0.000776
4586 0.000775
4587 0.000775
4588 0.000775
4589 0.000775
4590 0.000775
4591 0.000775
4592 0.000774
4593 0.000774
4594 0.000774
4595 0.000774
4596 0.000774
4597 0.000774
4598 0.000773
4599 0.000773
4600 0.000773
4601 0.000773
4602 0.000773
4603 0.000772
4604 0.000772
4605 0.000772
4606 0.000772
4607 0.000772
4608 0.000772
4609 0.000771
4610 0.000771
4611 0.000771
4612 0.000771
4613 0.000771
4614 0.000771
4615 0.000770
4616 0.000770
4617 0.000770
4618 0.000770
4619 0.000770
4620 0.000769
4621 0.000769
4622 0.000769
4623 0.000769
4624 0.000769
4625 0.000769
4626 0.000768
4627 0.000768
4628 0.000768
4629 0.000768
4630 0.000768
4631 0.000768
4632 0.000767
4633 0.000767
4634 0.000767
4635 0.000767
4636 0.000767
4637 0.000767
4638 0.000766
4639 0.000766
4640 0.000766
4641 0.000766
4642 0.000766
4643 0.000765
4644 0.000765
4645 0.000765
4646 0.000765
4647 0.000765
4648 0.000765
4649 0.000764
4650 0.000764
4651 0.000764
4652 0.000764
4653 0.000764
4654 0.000764
4655 0.000763
4656 0.000763
4657 0.000763
4658 0.000763
4659 0.000763
4660 0.000763
4661 0.000762
4662 0.000762
4663 0.000762
4664 0.000762
4665 0.000762
4666 0.000762
4667 0.000761
4668 0.000761
4669 0.000761
4670 0.000761
4671 0.000761
4672 0.000761
4673 0.000760
4674 0.000760
4675 0.000760
4676 0.000760
4677 0.000760
4678 0.000759
4679 0.000759
4680 0.000759
4681 0.000759
4682 0.000759
4683 0.000759
4684 0.000758
4685 0.000758
4686 0.000758
4687 0.000758
4688 0.000758
4689 0.000758
4690 0.000757
4691 0.000757
4692 0.000757
4693 0.000757
4694 0.000757
4695 0.000757
4696 0.000756
4697 0.000756
4698 0.000756
4699 0.000756
4700 0.000756
4701 0.000756
4702 0.000755
4703 0.000755
4704 0.000755
4705 0.000755
4706 0.000755
4707 0.000755
4708 0.000754
4709 0.000754
4710 0.000754
4711 0.000754
4712 0.000754
4713 0.000754
4714 0.000753
4715 0.000753
4716 0.000753
4717 0.000753
4718 0.000753
4719 0.000753
4720 0.000752
4721 0.000752
4722 0.000752
4723 0.000752
4724 0.000752
4725 0.000752
4726 0.000751
4727 0.000751
4728 0.000751
4729 0.000751
4730 0.000751
4731 0.000751
4732 0.000750
4733 0.000750
4734 0.000750
4735 0.000750
4736 0.000750
4737 0.000750
4738 0.000749
4739 0.000749
4740 0.000749
4741 0.000749
4742 0.000749
4743 0.000749
4744 0.000748
4745 0.000748
4746 0.000748
4747 0.000748
4748 0.000748
4749 0.000748
4750 0.000747
4751 0.000747
4752 0.000747
4753 0.000747
4754 0.000747
4755 0.000747
4756 0.000746
4757 0.000746
4758 0.000746
4759 0.000746
4760 0.000746
4761 0.000746
4762 0.000745
4763 0.000745
4764 0.000745
4765 0.000745
4766 0.000745
4767 0.000745
4768 0.000744
4769 0.000744
4770 0.000744
4771 0.000744
4772 0.000744
4773 0.000744
4774 0.000743
4775 0.000743
4776 0.000743
4777 0.000743
4778 0.000743
4779 0.000743
4780 0.000742
4781 0.000742
4782 0.000742
4783 0.000742
4784 0.000742
4785 0.000742
4786 0.000742
4787 0.000741
4788 0.000741
4789 0.000741
4790 0.000741
4791 0.000741
4792 0.000741
4793 0.000740
4794 0.000740
4795 0.000740
4796 0.000740
4797 0.000740
4798 0.000740
4799 0.000739
4800 0.000739
4801 0.000739
4802 0.000739
4803 0.000739
4804 0.000739
4805 0.000738
4806 0.000738
4807 0.000738
4808 0.000738
4809 0.000738
4810 0.000738
4811 0.000737
4812 0.000737
4813 0.000737
4814 0.000737
4815 0.000737
4816 0.000737
4817 0.000737
4818 0.000736
4819 0.000736
4820 0.000736
4821 0.000736
4822 0.000736
4823 0.000736
4824 0.000735
4825 0.000735
4826 0.000735
4827 0.000735
4828 0.000735
4829 0.000735
4830 0.000734
4831 0.000734
4832 0.000734
4833 0.000734
4834 0.000734
4835 0.000734
4836 0.000733
4837 0.000733
4838 0.000733
4839 0.000733
4840 0.000733
4841 0.000733
4842 0.000733
4843 0.000732
4844 0.000732
4845 0.000732
4846 0.000732
4847 0.000732
4848 0.000732
4849 0.000731
4850 0.000731
4851 0.000731
4852 0.000731
4853 0.000731
4854 0.000731
4855 0.000730
4856 0.000730
4857 0.000730
4858 0.000730
4859 0.000730
4860 0.000730
4861 0.000730
4862 0.000729
4863 0.000729
4864 0.000729
4865 0.000729
4866 0.000729
4867 0.000729
4868 0.000728
4869 0.000728
4870 0.000728
4871 0.000728
4872 0.000728
4873 0.000728
4874 0.000727
4875 0.000727
4876 0.000727
4877 0.000727
4878 0.000727
4879 0.000727
4880 0.000727
4881 0.000726
4882 0.000726
4883 0.000726
4884 0.000726
4885 0.000726
4886 0.000726
4887 0.000725
4888 0.000725
4889 0.000725
4890 0.000725
4891 0.000725
4892 0.000725
4893 0.000725
4894 0.000724
4895 0.000724
4896 0.000724
4897 0.000724
4898 0.000724
4899 0.000724
4900 0.000723
4901 0.000723
4902 0.000723
4903 0.000723
4904 0.000723
4905 0.000723
4906 0.000723
4907 0.000722
4908 0.000722
4909 0.000722
4910 0.000722
4911 0.000722
4912 0.000722
4913 0.000721
4914 0.000721
4915 0.000721
4916 0.000721
4917 0.000721
4918 0.000721
4919 0.000721
4920 0.000720
4921 0.000720
4922 0.000720
4923 0.000720
4924 0.000720
4925 0.000720
4926 0.000719
4927 0.000719
4928 0.000719
4929 0.000719
4930 0.000719
4931 0.000719
4932 0.000719
4933 0.000718
4934 0.000718
4935 0.000718
4936 0.000718
4937 0.000718
4938 0.000718
4939 0.000717
4940 0.000717
4941 0.000717
4942 0.000717
4943 0.000717
4944 0.000717
4945 0.000717
4946 0.000716
4947 0.000716
4948 0.000716
4949 0.000716
4950 0.000716
4951 0.000716
4952 0.000715
4953 0.000715
4954 0.000715
4955 0.000715
4956 0.000715
4957 0.000715
4958 0.000715
4959 0.000714
4960 0.000714
4961 0.000714
4962 0.000714
4963 0.000714
4964 0.000714
4965 0.000714
4966 0.000713
4967 0.000713
4968 0.000713
4969 0.000713
4970 0.000713
4971 0.000713
4972 0.000712
4973 0.000712
4974 0.000712
4975 0.000712
4976 0.000712
4977 0.000712
4978 0.000712
4979 0.000711
4980 0.000711
4981 0.000711
4982 0.000711
4983 0.000711
4984 0.000711
4985 0.000711
4986 0.000710
4987 0.000710
4988 0.000710
4989 0.000710
4990 0.000710
4991 0.000710
4992 0.000709
4993 0.000709
4994 0.000709
4995 0.000709
4996 0.000709
4997 0.000709
4998 0.000709
4999 0.000708
5000 0.000708
5001 0.000708
5002 0.000708
5003 0.000708
5004 0.000708
5005 0.000708
5006 0.000707
5007 0.000707
5008 0.000707
5009 0.000707
5010 0.000707
5011 0.000707
5012 0.000707
5013 0.000706
5014 0.000706
5015 0.000706
5016 0.000706
5017 0.000706
5018 0.000706
5019 0.000705
5020 0.000705
5021 0.000705
5022 0.000705
5023 0.000705
5024 0.000705
5025 0.000705
5026 0.000704
5027 0.000704
5028 0.000704
5029 0.000704
5030 0.000704
5031 0.000704
5032 0.000704
5033 0.000703
5034 0.000703
5035 0.000703
5036 0.000703
5037 0.000703
5038 0.000703
5039 0.000703
5040 0.000702
5041 0.000702
5042 0.000702
5043 0.000702
5044 0.000702
5045 0.000702
5046 0.000702
5047 0.000701
5048 0.000701
5049 0.000701
5050 0.000701
5051 0.000701
5052 0.000701
5053 0.000701
5054 0.000700
5055 0.000700
5056 0.000700
5057 0.000700
5058 0.000700
5059 0.000700
5060 0.000699
5061 0.000699
5062 0.000699
5063 0.000699
5064 0.000699
5065 0.000699
5066 0.000699
5067 0.000698
5068 0.000698
5069 0.000698
5070 0.000698
5071 0.000698
5072 0.000698
5073 0.000698
5074 0.000697
5075 0.000697
5076 0.000697
5077 0.000697
5078 0.000697
5079 0.000697
5080 0.000697
5081 0.000696
5082 0.000696
5083 0.000696
5084 0.000696
5085 0.000696
5086 0.000696
5087 0.000696
5088 0.000695
5089 0.000695
5090 0.000695
5091 0.000695
5092 0.000695
5093 0.000695
5094 0.000695
5095 0.000694
5096 0.000694
5097 0.000694
5098 0.000694
5099 0.000694
5100 0.000694
5101 0.000694
5102 0.000693
5103 0.000693
5104 0.000693
5105 0.000693
5106 0.000693
5107 0.000693
5108 0.000693
5109 0.000692
5110 0.000692
5111 0.000692
5112 0.000692
5113 0.000692
5114 0.000692
5115 0.000692
5116 0.000691
5117 0.000691
5118 0.000691
5119 0.000691
5120 0.000691
5121 0.000691
5122 0.000691
5123 0.000690
5124 0.000690
5125 0.000690
5126 0.000690
5127 0.000690
5128 0.000690
5129 0.000690
5130 0.000689
5131 0.000689
5132 0.000689
5133 0.000689
5134 0.000689
5135 0.000689
5136 0.000689
5137 0.000689
5138 0.000688
5139 0.000688
5140 0.000688
5141 0.000688
5142 0.000688
5143 0.000688
5144 0.000688
5145 0.000687
5146 0.000687
5147 0.000687
5148 0.000687
5149 0.000687
5150 0.000687
5151 0.000687
5152 0.000686
5153 0.000686
5154 0.000686
5155 0.000686
5156 0.000686
5157 0.000686
5158 0.000686
5159 0.000685
5160 0.000685
5161 0.000685
5162 0.000685
5163 0.000685
5164 0.000685
5165 0.000685
5166 0.000684
5167 0.000684
5168 0.000684
5169 0.000684
5170 0.000684
5171 0.000684
5172 0.000684
5173 0.000683
5174 0.000683
5175 0.000683
5176 0.000683
5177 0.000683
5178 0.000683
5179 0.000683
5180 0.000683
5181 0.000682
5182 0.000682
5183 0.000682
5184 0.000682
5185 0.000682
5186 0.000682
5187 0.000682
5188 0.000681
5189 0.000681
5190 0.000681
5191 0.000681
5192 0.000681
5193 0.000681
5194 0.000681
5195 0.000680
5196 0.000680
5197 0.000680
5198 0.000680
5199 0.000680
5200 0.000680
5201 0.000680
5202 0.000680
5203 0.000679
5204 0.000679
5205 0.000679
5206 0.000679
5207 0.000679
5208 0.000679
5209 0.000679
5210 0.000678
5211 0.000678
5212 0.000678
5213 0.000678
5214 0.000678
5215 0.000678
5216 0.000678
5217 0.000677
5218 0.000677
5219 0.000677
5220 0.000677
5221 0.000677
5222 0.000677
5223 0.000677
5224 0.000677
5225 0.000676
5226 0.000676
5227 0.000676
5228 0.000676
5229 0.000676
5230 0.000676
5231 0.000676
5232 0.000675
5233 0.000675
5234 0.000675
5235 0.000675
5236 0.000675
5237 0.000675
5238 0.000675
5239 0.000674
5240 0.000674
5241 0.000674
5242 0.000674
5243 0.000674
5244 0.000674
5245 0.000674
5246 0.000674
5247 0.000673
5248 0.000673
5249 0.000673
5250 0.000673
5251 0.000673
5252 0.000673
5253 0.000673
5254 0.000672
5255 0.000672
5256 0.000672
5257 0.000672
5258 0.000672
5259 0.000672
5260 0.000672
5261 0.000672
5262 0.000671
5263 0.000671
5264 0.000671
5265 0.000671
5266 0.000671
5267 0.000671
5268 0.000671
5269 0.000670
5270 0.000670
5271 0.000670
5272 0.000670
5273 0.000670
5274 0.000670
5275 0.000670
5276 0.000670
5277 0.000669
5278 0.000669
5279 0.000669
5280 0.000669
5281 0.000669
5282 0.000669
5283 0.000669
5284 0.000668
5285 0.000668
5286 0.000668
5287 0.000668
5288 0.000668
5289 0.000668
5290 0.000668
5291 0.000668
5292 0.000667
5293 0.000667
5294 0.000667
5295 0.000667
5296 0.000667
5297 0.000667
5298 0.000667
5299 0.000666
5300 0.000666
5301 0.000666
5302 0.000666
5303 0.000666
5304 0.000666
5305 0.000666
5306 0.000666
5307 0.000665
5308 0.000665
5309 0.000665
5310 0.000665
5311 0.000665
5312 0.000665
5313 0.000665
5314 0.000665
5315 0.000664
5316 0.000664
5317 0.000664
5318 0.000664
5319 0.000664
5320 0.000664
5321 0.000664
5322 0.000663
5323 0.000663
5324 0.000663
5325 0.000663
5326 0.000663
5327 0.000663
5328 0.000663
5329 0.000663
5330 0.000662
5331 0.000662
5332 0.000662
5333 0.000662
5334 0.000662
5335 0.000662
5336 0.000662
5337 0.000662
5338 0.000661
5339 0.000661
5340 0.000661
5341 0.000661
5342 0.000661
5343 0.000661
5344 0.000661
5345 0.000660
5346 0.000660
5347 0.000660
5348 0.000660
5349 0.000660
5350 0.000660
5351 0.000660
5352 0.000660
5353 0.000659
5354 0.000659
5355 0.000659
5356 0.000659
5357 0.000659
5358 0.000659
5359 0.000659
5360 0.000659
5361 0.000658
5362 0.000658
5363 0.000658
5364 0.000658
5365 0.000658
5366 0.000658
5367 0.000658
5368 0.000658
5369 0.000657
5370 0.000657
5371 0.000657
5372 0.000657
5373 0.000657
5374 0.000657
5375 0.000657
5376 0.000656
5377 0.000656
5378 0.000656
5379 0.000656
5380 0.000656
5381 0.000656
5382 0.000656
5383 0.000656
5384 0.000655
5385 0.000655
5386 0.000655
5387 0.000655
5388 0.000655
5389 0.000655
5390 0.000655
5391 0.000655
5392 0.000654
5393 0.000654
5394 0.000654
5395 0.000654
5396 0.000654
5397 0.000654
5398 0.000654
5399 0.000654
5400 0.000653
5401 0.000653
5402 0.000653
5403 0.000653
5404 0.000653
5405 0.000653
5406 0.000653
5407 0.000653
5408 0.000652
5409 0.000652
5410 0.000652
5411 0.000652
5412 0.000652
5413 0.000652
5414 0.000652
5415 0.000652
5416 0.000651
5417 0.000651
5418 0.000651
5419 0.000651
5420 0.000651
5421 0.000651
5422 0.000651
5423 0.000651
5424 0.000650
5425 0.000650
5426 0.000650
5427 0.000650
5428 0.000650
5429 0.000650
5430 0.000650
5431 0.000650
5432 0.000649
5433 0.000649
5434 0.000649
5435 0.000649
5436 0.000649
5437 0.000649
5438 0.000649
5439 0.000649
5440 0.000648
5441 0.000648
5442 0.000648
5443 0.000648
5444 0.000648
5445 0.000648
5446 0.000648
5447 0.000648
5448 0.000647
5449 0.000647
5450 0.000647
5451 0.000647
5452 0.000647
5453 0.000647
5454 0.000647
5455 0.000647
5456 0.000646
5457 0.000646
5458 0.000646
5459 0.000646
5460 0.000646
5461 0.000646
5462 0.000646
5463 0.000646
5464 0.000645
5465 0.000645
5466 0.000645
5467 0.000645
5468 0.000645
5469 0.000645
5470 0.000645
5471 0.000645
5472 0.000644
5473 0.000644
5474 0.000644
5475 0.000644
5476 0.000644
5477 0.000644
5478 0.000644
5479 0.000644
5480 0.000643
5481 0.000643
5482 0.000643
5483 0.000643
5484 0.000643
5485 0.000643
5486 0.000643
5487 0.000643
5488 0.000642
5489 0.000642
5490 0.000642
5491 0.000642
5492 0.000642
5493 0.000642
5494 0.000642
5495 0.000642
5496 0.000641
5497 0.000641
5498 0.000641
5499 0.000641
5500 0.000641
5501 0.000641
5502 0.000641
5503 0.000641
5504 0.000641
5505 0.000640
5506 0.000640
5507 0.000640
5508 0.000640
5509 0.000640
5510 0.000640
5511 0.000640
5512 0.000640
5513 0.000639
5514 0.000639
5515 0.000639
5516 0.000639
5517 0.000639
5518 0.000639
5519 0.000639
5520 0.000639
5521 0.000638
5522 0.000638
5523 0.000638
5524 0.000638
5525 0.000638
5526 0.000638
5527 0.000638
5528 0.000638
5529 0.000637
5530 0.000637
5531 0.000637
5532 0.000637
5533 0.000637
5534 0.000637
5535 0.000637
5536 0.000637
5537 0.000637
5538 0.000636
5539 0.000636
5540 0.000636
5541 0.000636
5542 0.000636
5543 0.000636
5544 0.000636
5545 0.000636
5546 0.000635
5547 0.000635
5548 0.000635
5549 0.000635
5550 0.000635
5551 0.000635
5552 0.000635
5553 0.000635
5554 0.000634
5555 0.000634
5556 0.000634
5557 0.000634
5558 0.000634
5559 0.000634
5560 0.000634
5561 0.000634
5562 0.000634
5563 0.000633
5564 0.000633
5565 0.000633
5566 0.000633
5567 0.000633
5568 0.000633
5569 0.000633
5570 0.000633
5571 0.000632
5572 0.000632
5573 0.000632
5574 0.000632
5575 0.000632
5576 0.000632
5577 0.000632
5578 0.000632
5579 0.000632
5580 0.000631
5581 0.000631
5582 0.000631
5583 0.000631
5584 0.000631
5585 0.000631
5586 0.000631
5587 0.000631
5588 0.000630
5589 0.000630
5590 0.000630
5591 0.000630
5592 0.000630
5593 0.000630
5594 0.000630
5595 0.000630
5596 0.000629
5597 0.000629
5598 0.000629
5599 0.000629
5600 0.000629
5601 0.000629
5602 0.000629
5603 0.000629
5604 0.000629
5605 0.000628
5606 0.000628
5607 0.000628
5608 0.000628
5609 0.000628
5610 0.000628
5611 0.000628
5612 0.000628
5613 0.000628
5614 0.000627
5615 0.000627
5616 0.000627
5617 0.000627
5618 0.000627
5619 0.000627
5620 0.000627
5621 0.000627
5622 0.000626
5623 0.000626
5624 0.000626
5625 0.000626
5626 0.000626
5627 0.000626
5628 0.000626
5629 0.000626
5630 0.000626
5631 0.000625
5632 0.000625
5633 0.000625
5634 0.000625
5635 0.000625
5636 0.000625
5637 0.000625
5638 0.000625
5639 0.000624
5640 0.000624
5641 0.000624
5642 0.000624
5643 0.000624
5644 0.000624
5645 0.000624
5646 0.000624
5647 0.000624
5648 0.000623
5649 0.000623
5650 0.000623
5651 0.000623
5652 0.000623
5653 0.000623
5654 0.000623
5655 0.000623
5656 0.000623
5657 0.000622
5658 0.000622
5659 0.000622
5660 0.000622
5661 0.000622
5662 0.000622
5663 0.000622
5664 0.000622
5665 0.000621
5666 0.000621
5667 0.000621
5668 0.000621
5669 0.000621
5670 0.000621
5671 0.000621
5672 0.000621
5673 0.000621
5674 0.000620
5675 0.000620
5676 0.000620
5677 0.000620
5678 0.000620
5679 0.000620
5680 0.000620
5681 0.000620
5682 0.000620
5683 0.000619
5684 0.000619
5685 0.000619
5686 0.000619
5687 0.000619
5688 0.000619
5689 0.000619
5690 0.000619
5691 0.000619
5692 0.000618
5693 0.000618
5694 0.000618
5695 0.000618
5696 0.000618
5697 0.000618
5698 0.000618
5699 0.000618
5700 0.000617
5701 0.000617
5702 0.000617
5703 0.000617
5704 0.000617
5705 0.000617
5706 0.000617
5707 0.000617
5708 0.000617
5709 0.000616
5710 0.000616
5711 0.000616
5712 0.000616
5713 0.000616
5714 0.000616
5715 0.000616
5716 0.000616
5717 0.000616
5718 0.000615
5719 0.000615
5720 0.000615
5721 0.000615
5722 0.000615
5723 0.000615
5724 0.000615
5725 0.000615
5726 0.000615
5727 0.000614
5728 0.000614
5729 0.000614
5730 0.000614
5731 0.000614
5732 0.000614
5733 0.000614
5734 0.000614
5735 0.000614
5736 0.000613
5737 0.000613
5738 0.000613
5739 0.000613
5740 0.000613
5741 0.000613
5742 0.000613
5743 0.000613
5744 0.000613
5745 0.000612
5746 0.000612
5747 0.000612
5748 0.000612
5749 0.000612
5750 0.000612
5751 0.000612
5752 0.000612
5753 0.000612
5754 0.000611
5755 0.000611
5756 0.000611
5757 0.000611
5758 0.000611
5759 0.000611
5760 0.000611
5761 0.000611
5762 0.000611
5763 0.000610
5764 0.000610
5765 0.000610
5766 0.000610
5767 0.000610
5768 0.000610
5769 0.000610
5770 0.000610
5771 0.000610
5772 0.000609
5773 0.000609
5774 0.000609
5775 0.000609
5776 0.000609
5777 0.000609
5778 0.000609
5779 0.000609
5780 0.000609
5781 0.000608
5782 0.000608
5783 0.000608
5784 0.000608
5785 0.000608
5786 0.000608
5787 0.000608
5788 0.000608
5789 0.000608
5790 0.000607
5791 0.000607
5792 0.000607
5793 0.000607
5794 0.000607
5795 0.000607
5796 0.000607
5797 0.000607
5798 0.000607
5799 0.000606
5800 0.000606
5801 0.000606
5802 0.000606
5803 0.000606
5804 0.000606
5805 0.000606
5806 0.000606
5807 0.000606
5808 0.000605
5809 0.000605
5810 0.000605
5811 0.000605
5812 0.000605
5813 0.000605
5814 0.000605
5815 0.000605
5816 0.000605
5817 0.000604
5818 0.000604
5819 0.000604
5820 0.000604
5821 0.000604
5822 0.000604
5823 0.000604
5824 0.000604
5825 0.000604
5826 0.000604
5827 0.000603
5828 0.000603
5829 0.000603
5830 0.000603
5831 0.000603
5832 0.000603
5833 0.000603
5834 0.000603
5835 0.000603
5836 0.000602
5837 0.000602
5838 0.000602
5839 0.000602
5840 0.000602
5841 0.000602
5842 0.000602
5843 0.000602
5844 0.000602
5845 0.000601
5846 0.000601
5847 0.000601
5848 0.000601
5849 0.000601
5850 0.000601
5851 0.000601
5852 0.000601
5853 0.000601
5854 0.000600
5855 0.000600
5856 0.000600
5857 0.000600
5858 0.000600
5859 0.000600
5860 0.000600
5861 0.000600
5862 0.000600
5863 0.000600
5864 0.000599
5865 0.000599
5866 0.000599
5867 0.000599
5868 0.000599
5869 0.000599
5870 0.000599
5871 0.000599
5872 0.000599
5873 0.000598
5874 0.000598
5875 0.000598
5876 0.000598
5877 0.000598
5878 0.000598
5879 0.000598
5880 0.000598
5881 0.000598
5882 0.000598
5883 0.000597
5884 0.000597
5885 0.000597
5886 0.000597
5887 0.000597
5888 0.000597
5889 0.000597
5890 0.000597
5891 0.000597
5892 0.000596
5893 0.000596
5894 0.000596
5895 0.000596
5896 0.000596
5897 0.000596
5898 0.000596
5899 0.000596
5900 0.000596
5901 0.000595
5902 0.000595
5903 0.000595
5904 0.000595
5905 0.000595
5906 0.000595
5907 0.000595
5908 0.000595
5909 0.000595
5910 0.000595
5911 0.000594
5912 0.000594
5913 0.000594
5914 0.000594
5915 0.000594
5916 0.000594
5917 0.000594
5918 0.000594
5919 0.000594
5920 0.000593
5921 0.000593
5922 0.000593
5923 0.000593
5924 0.000593
5925 0.000593
5926 0.000593
5927 0.000593
5928 0.000593
5929 0.000593
5930 0.000592
5931 0.000592
5932 0.000592
5933 0.000592
5934 0.000592
5935 0.000592
5936 0.000592
5937 0.000592
5938 0.000592
5939 0.000592
5940 0.000591
5941 0.000591
5942 0.000591
5943 0.000591
5944 0.000591
5945 0.000591
5946 0.000591
5947 0.000591
5948 0.000591
5949 0.000590
5950 0.000590
5951 0.000590
5952 0.000590
5953 0.000590
5954 0.000590
5955 0.000590
5956 0.000590
5957 0.000590
5958 0.000590
5959 0.000589
5960 0.000589
5961 0.000589
5962 0.000589
5963 0.000589
5964 0.000589
5965 0.000589
5966 0.000589
5967 0.000589
5968 0.000589
5969 0.000588
5970 0.000588
5971 0.000588
5972 0.000588
5973 0.000588
5974 0.000588
5975 0.000588
5976 0.000588
5977 0.000588
5978 0.000587
5979 0.000587
5980 0.000587
5981 0.000587
5982 0.000587
5983 0.000587
5984 0.000587
5985 0.000587
5986 0.000587
5987 0.000587
5988 0.000586
5989 0.000586
5990 0.000586
5991 0.000586
5992 0.000586
5993 0.000586
5994 0.000586
5995 0.000586
5996 0.000586
5997 0.000586
5998 0.000585
5999 0.000585
6000 0.000585
6001 0.000585
6002 0.000585
6003 0.000585
6004 0.000585
6005 0.000585
6006 0.000585
6007 0.000585
6008 0.000584
6009 0.000584
6010 0.000584
6011 0.000584
6012 0.000584
6013 0.000584
6014 0.000584
6015 0.000584
6016 0.000584
6017 0.000583
6018 0.000583
6019 0.000583
6020 0.000583
6021 0.000583
6022 0.000583
6023 0.000583
6024 0.000583
6025 0.000583
6026 0.000583
6027 0.000582
6028 0.000582
6029 0.000582
6030 0.000582
6031 0.000582
6032 0.000582
6033 0.000582
6034 0.000582
6035 0.000582
6036 0.000582
6037 0.000581
6038 0.000581
6039 0.000581
6040 0.000581
6041 0.000581
6042 0.000581
6043 0.000581
6044 0.000581
6045 0.000581
6046 0.000581
6047 0.000580
6048 0.000580
6049 0.000580
6050 0.000580
6051 0.000580
6052 0.000580
6053 0.000580
6054 0.000580
6055 0.000580
6056 0.000580
6057 0.000579
6058 0.000579
6059 0.000579
6060 0.000579
6061 0.000579
6062 0.000579
6063 0.000579
6064 0.000579
6065 0.000579
6066 0.000579
6067 0.000578
6068 0.000578
6069 0.000578
6070 0.000578
6071 0.000578
6072 0.000578
6073 0.000578
6074 0.000578
6075 0.000578
6076 0.000578
6077 0.000577
6078 0.000577
6079 0.000577
6080 0.000577
6081 0.000577
6082 0.000577
6083 0.000577
6084 0.000577
6085 0.000577
6086 0.000577
6087 0.000576
6088 0.000576
6089 0.000576
6090 0.000576
6091 0.000576
6092 0.000576
6093 0.000576
6094 0.000576
6095 0.000576
6096 0.000576
6097 0.000575
6098 0.000575
6099 0.000575
6100 0.000575
6101 0.000575
6102 0.000575
6103 0.000575
6104 0.000575
6105 0.000575
6106 0.000575
6107 0.000575
6108 0.000574
6109 0.000574
6110 0.000574
6111 0.000574
6112 0.000574
6113 0.000574
6114 0.000574
6115 0.000574
6116 0.000574
6117 0.000574
6118 0.000573
6119 0.000573
6120 0.000573
6121 0.000573
6122 0.000573
6123 0.000573
6124 0.000573
6125 0.000573
6126 0.000573
6127 0.000573
6128 0.000572
6129 0.000572
6130 0.000572
6131 0.000572
6132 0.000572
6133 0.000572
6134 0.000572
6135 0.000572
6136 0.000572
6137 0.000572
6138 0.000571
6139 0.000571
6140 0.000571
6141 0.000571
6142 0.000571
6143 0.000571
6144 0.000571
6145 0.000571
6146 0.000571
6147 0.000571
6148 0.000570
6149 0.000570
6150 0.000570
6151 0.000570
6152 0.000570
6153 0.000570
6154 0.000570
6155 0.000570
6156 0.000570
6157 0.000570
6158 0.000570
6159 0.000569
6160 0.000569
6161 0.000569
6162 0.000569
6163 0.000569
6164 0.000569
6165 0.000569
6166 0.000569
6167 0.000569
6168 0.000569
6169 0.000568
6170 0.000568
6171 0.000568
6172 0.000568
6173 0.000568
6174 0.000568
6175 0.000568
6176 0.000568
6177 0.000568
6178 0.000568
6179 0.000568
6180 0.000567
6181 0.000567
6182 0.000567
6183 0.000567
6184 0.000567
6185 0.000567
6186 0.000567
6187 0.000567
6188 0.000567
6189 0.000567
6190 0.000566
6191 0.000566
6192 0.000566
6193 0.000566
6194 0.000566
6195 0.000566
6196 0.000566
6197 0.000566
6198 0.000566
6199 0.000566
6200 0.000565
6201 0.000565
6202 0.000565
6203 0.000565
6204 0.000565
6205 0.000565
6206 0.000565
6207 0.000565
6208 0.000565
6209 0.000565
6210 0.000565
6211 0.000564
6212 0.000564
6213 0.000564
6214 0.000564
6215 0.000564
6216 0.000564
6217 0.000564
6218 0.000564
6219 0.000564
6220 0.000564
6221 0.000564
6222 0.000563
6223 0.000563
6224 0.000563
6225 0.000563
6226 0.000563
6227 0.000563
6228 0.000563
6229 0.000563
6230 0.000563
6231 0.000563
6232 0.000562
6233 0.000562
6234 0.000562
6235 0.000562
6236 0.000562
6237 0.000562
6238 0.000562
6239 0.000562
6240 0.000562
6241 0.000562
6242 0.000562
6243 0.000561
6244 0.000561
6245 0.000561
6246 0.000561
6247 0.000561
6248 0.000561
6249 0.000561
6250 0.000561
6251 0.000561
6252 0.000561
6253 0.000560
6254 0.000560
6255 0.000560
6256 0.000560
6257 0.000560
6258 0.000560
6259 0.000560
6260 0.000560
6261 0.000560
6262 0.000560
6263 0.000560
6264 0.000559
6265 0.000559
6266 0.000559
6267 0.000559
6268 0.000559
6269 0.000559
6270 0.000559
6271 0.000559
6272 0.000559
6273 0.000559
6274 0.000559
6275 0.000558
6276 0.000558
6277 0.000558
6278 0.000558
6279 0.000558
6280 0.000558
6281 0.000558
6282 0.000558
6283 0.000558
6284 0.000558
6285 0.000558
6286 0.000557
6287 0.000557
6288 0.000557
6289 0.000557
6290 0.000557
6291 0.000557
6292 0.000557
6293 0.000557
6294 0.000557
6295 0.000557
6296 0.000556
6297 0.000556
6298 0.000556
6299 0.000556
6300 0.000556
6301 0.000556
6302 0.000556
6303 0.000556
6304 0.000556
6305 0.000556
6306 0.000556
6307 0.000555
6308 0.000555
6309 0.000555
6310 0.000555
6311 0.000555
6312 0.000555
6313 0.000555
6314 0.000555
6315 0.000555
6316 0.000555
6317 0.000555
6318 0.000554
6319 0.000554
6320 0.000554
6321 0.000554
6322 0.000554
6323 0.000554
6324 0.000554
6325 0.000554
6326 0.000554
6327 0.000554
6328 0.000554
6329 0.000553
6330 0.000553
6331 0.000553
6332 0.000553
6333 0.000553
6334 0.000553
6335 0.000553
6336 0.000553
6337 0.000553
6338 0.000553
6339 0.000553
6340 0.000552
6341 0.000552
6342 0.000552
6343 0.000552
6344 0.000552
6345 0.000552
6346 0.000552
6347 0.000552
6348 0.000552
6349 0.000552
6350 0.000552
6351 0.000551
6352 0.000551
6353 0.000551
6354 0.000551
6355 0.000551
6356 0.000551
6357 0.000551
6358 0.000551
6359 0.000551
6360 0.000551
6361 0.000551
6362 0.000550
6363 0.000550
6364 0.000550
6365 0.000550
6366 0.000550
6367 0.000550
6368 0.000550
6369 0.000550
6370 0.000550
6371 0.000550
6372 0.000550
6373 0.000549
6374 0.000549
6375 0.000549
6376 0.000549
6377 0.000549
6378 0.000549
6379 0.000549
6380 0.000549
6381 0.000549
6382 0.000549
6383 0.000549
6384 0.000548
6385 0.000548
6386 0.000548
6387 0.000548
6388 0.000548
6389 0.000548
6390 0.000548
6391 0.000548
6392 0.000548
6393 0.000548
6394 0.000548
6395 0.000547
6396 0.000547
6397 0.000547
6398 0.000547
6399 0.000547
6400 0.000547
6401 0.000547
6402 0.000547
6403 0.000547
6404 0.000547
6405 0.000547
6406 0.000547
6407 0.000546
6408 0.000546
6409 0.000546
6410 0.000546
6411 0.000546
6412 0.000546
6413 0.000546
6414 0.000546
6415 0.000546
6416 0.000546
6417 0.000546
6418 0.000545
6419 0.000545
6420 0.000545
6421 0.000545
6422 0.000545
6423 0.000545
6424 0.000545
6425 0.000545
6426 0.000545
6427 0.000545
6428 0.000545
6429 0.000544
6430 0.000544
6431 0.000544
6432 0.000544
6433 0.000544
6434 0.000544
6435 0.000544
6436 0.000544
6437 0.000544
6438 0.000544
6439 0.000544
6440 0.000543
6441 0.000543
6442 0.000543
6443 0.000543
6444 0.000543
6445 0.000543
6446 0.000543
6447 0.000543
6448 0.000543
6449 0.000543
6450 0.000543
6451 0.000543
6452 0.000542
6453 0.000542
6454 0.000542
6455 0.000542
6456 0.000542
6457 0.000542
6458 0.000542
6459 0.000542
6460 0.000542
6461 0.000542
6462 0.000542
6463 0.000541
6464 0.000541
6465 0.000541
6466 0.000541
6467 0.000541
6468 0.000541
6469 0.000541
6470 0.000541
6471 0.000541
6472 0.000541
6473 0.000541
6474 0.000541
6475 0.000540
6476 0.000540
6477 0.000540
6478 0.000540
6479 0.000540
6480 0.000540
6481 0.000540
6482 0.000540
6483 0.000540
6484 0.000540
6485 0.000540
6486 0.000539
6487 0.000539
6488 0.000539
6489 0.000539
6490 0.000539
6491 0.000539
6492 0.000539
6493 0.000539
6494 0.000539
6495 0.000539
6496 0.000539
6497 0.000539
6498 0.000538
6499 0.000538
6500 0.000538
6501 0.000538
6502 0.000538
6503 0.000538
6504 0.000538
6505 0.000538
6506 0.000538
6507 0.000538
6508 0.000538
6509 0.000537
6510 0.000537
6511 0.000537
6512 0.000537
6513 0.000537
6514 0.000537
6515 0.000537
6516 0.000537
6517 0.000537
6518 0.000537
6519 0.000537
6520 0.000537
6521 0.000536
6522 0.000536
6523 0.000536
6524 0.000536
6525 0.000536
6526 0.000536
6527 0.000536
6528 0.000536
6529 0.000536
6530 0.000536
6531 0.000536
6532 0.000535
6533 0.000535
6534 0.000535
6535 0.000535
6536 0.000535
6537 0.000535
6538 0.000535
6539 0.000535
6540 0.000535
6541 0.000535
6542 0.000535
6543 0.000535
6544 0.000534
6545 0.000534
6546 0.000534
6547 0.000534
6548 0.000534
6549 0.000534
6550 0.000534
6551 0.000534
6552 0.000534
6553 0.000534
6554 0.000534
6555 0.000534
6556 0.000533
6557 0.000533
6558 0.000533
6559 0.000533
6560 0.000533
6561 0.000533
6562 0.000533
6563 0.000533
6564 0.000533
6565 0.000533
6566 0.000533
6567 0.000533
6568 0.000532
6569 0.000532
6570 0.000532
6571 0.000532
6572 0.000532
6573 0.000532
6574 0.000532
6575 0.000532
6576 0.000532
6577 0.000532
6578 0.000532
6579 0.000531
6580 0.000531
6581 0.000531
6582 0.000531
6583 0.000531
6584 0.000531
6585 0.000531
6586 0.000531
6587 0.000531
6588 0.000531
6589 0.000531
6590 0.000531
6591 0.000530
6592 0.000530
6593 0.000530
6594 0.000530
6595 0.000530
6596 0.000530
6597 0.000530
6598 0.000530
6599 0.000530
6600 0.000530
6601 0.000530
6602 0.000530
6603 0.000529
6604 0.000529
6605 0.000529
6606 0.000529
6607 0.000529
6608 0.000529
6609 0.000529
6610 0.000529
6611 0.000529
6612 0.000529
6613 0.000529
6614 0.000529
6615 0.000528
6616 0.000528
6617 0.000528
6618 0.000528
6619 0.000528
6620 0.000528
6621 0.000528
6622 0.000528
6623 0.000528
6624 0.000528
6625 0.000528
6626 0.000528
6627 0.000527
6628 0.000527
6629 0.000527
6630 0.000527
6631 0.000527
6632 0.000527
6633 0.000527
6634 0.000527
6635 0.000527
6636 0.000527
6637 0.000527
6638 0.000527
6639 0.000526
6640 0.000526
6641 0.000526
6642 0.000526
6643 0.000526
6644 0.000526
6645 0.000526
6646 0.000526
6647 0.000526
6648 0.000526
6649 0.000526
6650 0.000526
6651 0.000525
6652 0.000525
6653 0.000525
6654 0.000525
6655 0.000525
6656 0.000525
6657 0.000525
6658 0.000525
6659 0.000525
6660 0.000525
6661 0.000525
6662 0.000525
6663 0.000524
6664 0.000524
6665 0.000524
6666 0.000524
6667 0.000524
6668 0.000524
6669 0.000524
6670 0.000524
6671 0.000524
6672 0.000524
6673 0.000524
6674 0.000524
6675 0.000524
6676 0.000523
6677 0.000523
6678 0.000523
6679 0.000523
6680 0.000523
6681 0.000523
6682 0.000523
6683 0.000523
6684 0.000523
6685 0.000523
6686 0.000523
6687 0.000523
6688 0.000522
6689 0.000522
6690 0.000522
6691 0.000522
6692 0.000522
6693 0.000522
6694 0.000522
6695 0.000522
6696 0.000522
6697 0.000522
6698 0.000522
6699 0.000522
6700 0.000521
6701 0.000521
6702 0.000521
6703 0.000521
6704 0.000521
6705 0.000521
6706 0.000521
6707 0.000521
6708 0.000521
6709 0.000521
6710 0.000521
6711 0.000521
6712 0.000520
6713 0.000520
6714 0.000520
6715 0.000520
6716 0.000520
6717 0.000520
6718 0.000520
6719 0.000520
6720 0.000520
6721 0.000520
6722 0.000520
6723 0.000520
6724 0.000520
6725 0.000519
6726 0.000519
6727 0.000519
6728 0.000519
6729 0.000519
6730 0.000519
6731 0.000519
6732 0.000519
6733 0.000519
6734 0.000519
6735 0.000519
6736 0.000519
6737 0.000518
6738 0.000518
6739 0.000518
6740 0.000518
6741 0.000518
6742 0.000518
6743 0.000518
6744 0.000518
6745 0.000518
6746 0.000518
6747 0.000518
6748 0.000518
6749 0.000518
6750 0.000517
6751 0.000517
6752 0.000517
6753 0.000517
6754 0.000517
6755 0.000517
6756 0.000517
6757 0.000517
6758 0.000517
6759 0.000517
6760 0.000517
6761 0.000517
6762 0.000516
6763 0.000516
6764 0.000516
6765 0.000516
6766 0.000516
6767 0.000516
6768 0.000516
6769 0.000516
6770 0.000516
6771 0.000516
6772 0.000516
6773 0.000516
6774 0.000516
6775 0.000515
6776 0.000515
6777 0.000515
6778 0.000515
6779 0.000515
6780 0.000515
6781 0.000515
6782 0.000515
6783 0.000515
6784 0.000515
6785 0.000515
6786 0.000515
6787 0.000514
6788 0.000514
6789 0.000514
6790 0.000514
6791 0.000514
6792 0.000514
6793 0.000514
6794 0.000514
6795 0.000514
6796 0.000514
6797 0.000514
6798 0.000514
6799 0.000514
6800 0.000513
6801 0.000513
6802 0.000513
6803 0.000513
6804 0.000513
6805 0.000513
6806 0.000513
6807 0.000513
6808 0.000513
6809 0.000513
6810 0.000513
6811 0.000513
6812 0.000513
6813 0.000512
6814 0.000512
6815 0.000512
6816 0.000512
6817 0.000512
6818 0.000512
6819 0.000512
6820 0.000512
6821 0.000512
6822 0.000512
6823 0.000512
6824 0.000512
6825 0.000511
6826 0.000511
6827 0.000511
6828 0.000511
6829 0.000511
6830 0.000511
6831 0.000511
6832 0.000511
6833 0.000511
6834 0.000511
6835 0.000511
6836 0.000511
6837 0.000511
6838 0.000510
6839 0.000510
6840 0.000510
6841 0.000510
6842 0.000510
6843 0.000510
6844 0.000510
6845 0.000510
6846 0.000510
6847 0.000510
6848 0.000510
6849 0.000510
6850 0.000510
6851 0.000509
6852 0.000509
6853 0.000509
6854 0.000509
6855 0.000509
6856 0.000509
6857 0.000509
6858 0.000509
6859 0.000509
6860 0.000509
6861 0.000509
6862 0.000509
6863 0.000509
6864 0.000508
6865 0.000508
6866 0.000508
6867 0.000508
6868 0.000508
6869 0.000508
6870 0.000508
6871 0.000508
6872 0.000508
6873 0.000508
6874 0.000508
6875 0.000508
6876 0.000508
6877 0.000507
6878 0.000507
6879 0.000507
6880 0.000507
6881 0.000507
6882 0.000507
6883 0.000507
6884 0.000507
6885 0.000507
6886 0.000507
6887 0.000507
6888 0.000507
6889 0.000507
6890 0.000506
6891 0.000506
6892 0.000506
6893 0.000506
6894 0.000506
6895 0.000506
6896 0.000506
6897 0.000506
6898 0.000506
6899 0.000506
6900 0.000506
6901 0.000506
6902 0.000506
6903 0.000505
6904 0.000505
6905 0.000505
6906 0.000505
6907 0.000505
6908 0.000505
6909 0.000505
6910 0.000505
6911 0.000505
6912 0.000505
6913 0.000505
6914 0.000505
6915 0.000505
6916 0.000504
6917 0.000504
6918 0.000504
6919 0.000504
6920 0.000504
6921 0.000504
6922 0.000504
6923 0.000504
6924 0.000504
6925 0.000504
6926 0.000504
6927 0.000504
6928 0.000504
6929 0.000503
6930 0.000503
6931 0.000503
6932 0.000503
6933 0.000503
6934 0.000503
6935 0.000503
6936 0.000503
6937 0.000503
6938 0.000503
6939 0.000503
6940 0.000503
6941 0.000503
6942 0.000502
6943 0.000502
6944 0.000502
6945 0.000502
6946 0.000502
6947 0.000502
6948 0.000502
6949 0.000502
6950 0.000502
6951 0.000502
6952 0.000502
6953 0.000502
6954 0.000502
6955 0.000502
6956 0.000501
6957 0.000501
6958 0.000501
6959 0.000501
6960 0.000501
6961 0.000501
6962 0.000501
6963 0.000501
6964 0.000501
6965 0.000501
6966 0.000501
6967 0.000501
6968 0.000501
6969 0.000500
6970 0.000500
6971 0.000500
6972 0.000500
6973 0.000500
6974 0.000500
6975 0.000500
