0 20.723058
1 17.570129
2 12.362286
3 8.235087
4 5.550119
5 3.901452
6 2.881777
7 2.218117
8 1.762362
9 1.436524
10 1.196390
11 1.014938
12 0.874784
13 0.764366
14 0.675808
15 0.603630
16 0.543949
17 0.493961
18 0.451607
19 0.415348
20 0.384017
21 0.356720
22 0.332756
23 0.311576
24 0.292740
25 0.275893
26 0.260748
27 0.247068
28 0.234658
29 0.223355
30 0.213022
31 0.203543
32 0.194820
33 0.186768
34 0.179315
35 0.172400
36 0.165966
37 0.159968
38 0.154363
39 0.149115
40 0.144193
41 0.139567
42 0.135212
43 0.131106
44 0.127228
45 0.123561
46 0.120088
47 0.116795
48 0.113668
49 0.110695
50 0.107866
51 0.105170
52 0.102599
53 0.100144
54 0.097798
55 0.095554
56 0.093406
57 0.091347
58 0.089372
59 0.087477
60 0.085657
61 0.083907
62 0.082224
63 0.080604
64 0.079043
65 0.077539
66 0.076088
67 0.074688
68 0.073336
69 0.072030
70 0.070768
71 0.069547
72 0.068365
73 0.067221
74 0.066113
75 0.065040
76 0.063999
77 0.062989
78 0.062009
79 0.061058
80 0.060134
81 0.059237
82 0.058365
83 0.057517
84 0.056692
85 0.055889
86 0.055108
87 0.054348
88 0.053607
89 0.052885
90 0.052182
91 0.051496
92 0.050828
93 0.050176
94 0.049539
95 0.048918
96 0.048312
97 0.047719
98 0.047141
99 0.046576
100 0.046023
101 0.045483
102 0.044955
103 0.044439
104 0.043934
105 0.043439
106 0.042956
107 0.042482
108 0.042019
109 0.041565
110 0.041120
111 0.040684
112 0.040257
113 0.039839
114 0.039429
115 0.039027
116 0.038632
117 0.038246
118 0.037866
119 0.037494
120 0.037129
121 0.036770
122 0.036418
123 0.036073
124 0.035733
125 0.035400
126 0.035073
127 0.034751
128 0.034435
129 0.034125
130 0.033820
131 0.033520
132 0.033225
133 0.032935
134 0.032650
135 0.032370
136 0.032094
137 0.031823
138 0.031556
139 0.031293
140 0.031034
141 0.030780
142 0.030530
143 0.030283
144 0.030040
145 0.029801
146 0.029566
147 0.029334
148 0.029105
149 0.028880
150 0.028659
151 0.028440
152 0.028225
153 0.028013
154 0.027804
155 0.027598
156 0.027395
157 0.027194
158 0.026997
159 0.026802
160 0.026610
161 0.026420
162 0.026234
163 0.026049
164 0.025867
165 0.025688
166 0.025511
167 0.025336
168 0.025164
169 0.024994
170 0.024826
171 0.024660
172 0.024496
173 0.024334
174 0.024175
175 0.024017
176 0.023862
177 0.023708
178 0.023556
179 0.023406
180 0.023258
181 0.023112
182 0.022967
183 0.022825
184 0.022683
185 0.022544
186 0.022406
187 0.022270
188 0.022136
189 0.022003
190 0.021871
191 0.021741
192 0.021613
193 0.021486
194 0.021360
195 0.021236
196 0.021113
197 0.020991
198 0.020871
199 0.020753
200 0.020635
201 0.020519
202 0.020404
203 0.020290
204 0.020178
205 0.020066
206 0.019956
207 0.019847
208 0.019739
209 0.019633
210 0.019527
211 0.019423
212 0.019319
213 0.019217
214 0.019116
215 0.019015
216 0.018916
217 0.018818
218 0.018720
219 0.018624
220 0.018529
221 0.018434
222 0.018341
223 0.018248
224 0.018156
225 0.018066
226 0.017976
227 0.017886
228 0.017798
229 0.017711
230 0.017624
231 0.017539
232 0.017454
233 0.017369
234 0.017286
235 0.017203
236 0.017122
237 0.017040
238 0.016960
239 0.016880
240 0.016801
241 0.016723
242 0.016646
243 0.016569
244 0.016493
245 0.016417
246 0.016343
247 0.016268
248 0.016195
249 0.016122
250 0.016050
251 0.015978
252 0.015907
253 0.015837
254 0.015767
255 0.015698
256 0.015629
257 0.015561
258 0.015494
259 0.015427
260 0.015361
261 0.015295
262 0.015230
263 0.015165
264 0.015101
265 0.015037
266 0.014974
267 0.014911
268 0.014849
269 0.014788
270 0.014726
271 0.014666
272 0.014606
273 0.014546
274 0.014487
275 0.014428
276 0.014370
277 0.014312
278 0.014254
279 0.014198
280 0.014141
281 0.014085
282 0.014029
283 0.013974
284 0.013919
285 0.013865
286 0.013811
287 0.013757
288 0.013704
289 0.013651
290 0.013599
291 0.013547
292 0.013495
293 0.013444
294 0.013393
295 0.013343
296 0.013293
297 0.013243
298 0.013194
299 0.013145
300 0.013096
301 0.013048
302 0.013000
303 0.012952
304 0.012905
305 0.012858
306 0.012811
307 0.012765
308 0.012719
309 0.012673
310 0.012628
311 0.012583
312 0.012538
313 0.012493
314 0.012449
315 0.012405
316 0.012362
317 0.012319
318 0.012276
319 0.012233
320 0.012191
321 0.012149
322 0.012107
323 0.012065
324 0.012024
325 0.011983
326 0.011942
327 0.011902
328 0.011862
329 0.011822
330 0.011782
331 0.011743
332 0.011704
333 0.011665
334 0.011626
335 0.011588
336 0.011550
337 0.011512
338 0.011474
339 0.011437
340 0.011399
341 0.011362
342 0.011326
343 0.011289
344 0.011253
345 0.011217
346 0.011181
347 0.011146
348 0.011110
349 0.011075
350 0.011040
351 0.011005
352 0.010971
353 0.010936
354 0.010902
355 0.010868
356 0.010835
357 0.010801
358 0.010768
359 0.010735
360 0.010702
361 0.010669
362 0.010637
363 0.010604
364 0.010572
365 0.010540
366 0.010509
367 0.010477
368 0.010446
369 0.010414
370 0.010383
371 0.010353
372 0.010322
373 0.010291
374 0.010261
375 0.010231
376 0.010201
377 0.010171
378 0.010142
379 0.010112
380 0.010083
381 0.010054
382 0.010025
383 0.009996
384 0.009967
385 0.009939
386 0.009910
387 0.009882
388 0.009854
389 0.009826
390 0.009799
391 0.009771
392 0.009744
393 0.009716
394 0.009689
395 0.009662
396 0.009635
397 0.009609
398 0.009582
399 0.009556
400 0.009530
401 0.009503
402 0.009477
403 0.009452
404 0.009426
405 0.009400
406 0.009375
407 0.009350
408 0.009324
409 0.009299
410 0.009274
411 0.009250
412 0.009225
413 0.009200
414 0.009176
415 0.009152
416 0.009128
417 0.009104
418 0.009080
419 0.009056
420 0.009032
421 0.009009
422 0.008985
423 0.008962
424 0.008939
425 0.008916
426 0.008893
427 0.008870
428 0.008847
429 0.008825
430 0.008802
431 0.008780
432 0.008757
433 0.008735
434 0.008713
435 0.008691
436 0.008669
437 0.008648
438 0.008626
439 0.008605
440 0.008583
441 0.008562
442 0.008541
443 0.008519
444 0.008498
445 0.008478
446 0.008457
447 0.008436
448 0.008415
449 0.008395
450 0.008374
451 0.008354
452 0.008334
453 0.008314
454 0.008294
455 0.008274
456 0.008254
457 0.008234
458 0.008214
459 0.008195
460 0.008175
461 0.008156
462 0.008137
463 0.008117
464 0.008098
465 0.008079
466 0.008060
467 0.008041
468 0.008023
469 0.008004
470 0.007985
471 0.007967
472 0.007948
473 0.007930
474 0.007912
475 0.007893
476 0.007875
477 0.007857
478 0.007839
479 0.007821
480 0.007804
481 0.007786
482 0.007768
483 0.007751
484 0.007733
485 0.007716
486 0.007698
487 0.007681
488 0.007664
489 0.007647
490 0.007630
491 0.007613
492 0.007596
493 0.007579
494 0.007562
495 0.007546
496 0.007529
497 0.007513
498 0.007496
499 0.007480
500 0.007463
501 0.007447
502 0.007431
503 0.007415
504 0.007399
505 0.007383
506 0.007367
507 0.007351
508 0.007335
509 0.007320
510 0.007304
511 0.007288
512 0.007273
513 0.007257
514 0.007242
515 0.007227
516 0.007211
517 0.007196
518 0.007181
519 0.007166
520 0.007151
521 0.007136
522 0.007121
523 0.007106
524 0.007091
525 0.007077
526 0.007062
527 0.007047
528 0.007033
529 0.007018
530 0.007004
531 0.006990
532 0.006975
533 0.006961
534 0.006947
535 0.006933
536 0.006919
537 0.006905
538 0.006891
539 0.006877
540 0.006863
541 0.006849
542 0.006835
543 0.006822
544 0.006808
545 0.006794
546 0.006781
547 0.006767
548 0.006754
549 0.006740
550 0.006727
551 0.006714
552 0.006701
553 0.006687
554 0.006674
555 0.006661
556 0.006648
557 0.006635
558 0.006622
559 0.006609
560 0.006597
561 0.006584
562 0.006571
563 0.006558
564 0.006546
565 0.006533
566 0.006521
567 0.006508
568 0.006496
569 0.006483
570 0.006471
571 0.006459
572 0.006446
573 0.006434
574 0.006422
575 0.006410
576 0.006398
577 0.006386
578 0.006374
579 0.006362
580 0.006350
581 0.006338
582 0.006326
583 0.006314
584 0.006302
585 0.006291
586 0.006279
587 0.006267
588 0.006256
589 0.006244
590 0.006233
591 0.006221
592 0.006210
593 0.006199
594 0.006187
595 0.006176
596 0.006165
597 0.006154
598 0.006142
599 0.006131
600 0.006120
601 0.006109
602 0.006098
603 0.006087
604 0.006076
605 0.006065
606 0.006054
607 0.006044
608 0.006033
609 0.006022
610 0.006011
611 0.006001
612 0.005990
613 0.005979
614 0.005969
615 0.005958
616 0.005948
617 0.005937
618 0.005927
619 0.005917
620 0.005906
621 0.005896
622 0.005886
623 0.005875
624 0.005865
625 0.005855
626 0.005845
627 0.005835
628 0.005825
629 0.005815
630 0.005805
631 0.005795
632 0.005785
633 0.005775
634 0.005765
635 0.005755
636 0.005745
637 0.005736
638 0.005726
639 0.005716
640 0.005706
641 0.005697
642 0.005687
643 0.005678
644 0.005668
645 0.005658
646 0.005649
647 0.005640
648 0.005630
649 0.005621
650 0.005611
651 0.005602
652 0.005593
653 0.005583
654 0.005574
655 0.005565
656 0.005556
657 0.005547
658 0.005537
659 0.005528
660 0.005519
661 0.005510
662 0.005501
663 0.005492
664 0.005483
665 0.005474
666 0.005466
667 0.005457
668 0.005448
669 0.005439
670 0.005430
671 0.005421
672 0.005413
673 0.005404
674 0.005395
675 0.005387
676 0.005378
677 0.005369
678 0.005361
679 0.005352
680 0.005344
681 0.005335
682 0.005327
683 0.005318
684 0.005310
685 0.005302
686 0.005293
687 0.005285
688 0.005277
689 0.005268
690 0.005260
691 0.005252
692 0.005244
693 0.005235
694 0.005227
695 0.005219
696 0.005211
697 0.005203
698 0.005195
699 0.005187
700 0.005179
701 0.005171
702 0.005163
703 0.005155
704 0.005147
705 0.005139
706 0.005131
707 0.005124
708 0.005116
709 0.005108
710 0.005100
711 0.005092
712 0.005085
713 0.005077
714 0.005069
715 0.005062
716 0.005054
717 0.005046
718 0.005039
719 0.005031
720 0.005024
721 0.005016
722 0.005009
723 0.005001
724 0.004994
725 0.004986
726 0.004979
727 0.004971
728 0.004964
729 0.004957
730 0.004949
731 0.004942
732 0.004935
733 0.004927
734 0.004920
735 0.004913
736 0.004906
737 0.004899
738 0.004891
739 0.004884
740 0.004877
741 0.004870
742 0.004863
743 0.004856
744 0.004849
745 0.004842
746 0.004835
747 0.004828
748 0.004821
749 0.004814
750 0.004807
751 0.004800
752 0.004793
753 0.004786
754 0.004779
755 0.004773
756 0.004766
757 0.004759
758 0.004752
759 0.004746
760 0.004739
761 0.004732
762 0.004725
763 0.004719
764 0.004712
765 0.004705
766 0.004699
767 0.004692
768 0.004686
769 0.004679
770 0.004672
771 0.004666
772 0.004659
773 0.004653
774 0.004646
775 0.004640
776 0.004633
777 0.004627
778 0.004621
779 0.004614
780 0.004608
781 0.004601
782 0.004595
783 0.004589
784 0.004583
785 0.004576
786 0.004570
787 0.004564
788 0.004557
789 0.004551
790 0.004545
791 0.004539
792 0.004533
793 0.004526
794 0.004520
795 0.004514
796 0.004508
797 0.004502
798 0.004496
799 0.004490
800 0.004484
801 0.004478
802 0.004472
803 0.004466
804 0.004460
805 0.004454
806 0.004448
807 0.004442
808 0.004436
809 0.004430
810 0.004424
811 0.004418
812 0.004412
813 0.004407
814 0.004401
815 0.004395
816 0.004389
817 0.004383
818 0.004378
819 0.004372
820 0.004366
821 0.004360
822 0.004355
823 0.004349
824 0.004343
825 0.004338
826 0.004332
827 0.004326
828 0.004321
829 0.004315
830 0.004309
831 0.004304
832 0.004298
833 0.004293
834 0.004287
835 0.004282
836 0.004276
837 0.004271
838 0.004265
839 0.004260
840 0.004254
841 0.004249
842 0.004243
843 0.004238
844 0.004233
845 0.004227
846 0.004222
847 0.004216
848 0.004211
849 0.004206
850 0.004200
851 0.004195
852 0.004190
853 0.004185
854 0.004179
855 0.004174
856 0.004169
857 0.004164
858 0.004158
859 0.004153
860 0.004148
861 0.004143
862 0.004138
863 0.004132
864 0.004127
865 0.004122
866 0.004117
867 0.004112
868 0.004107
869 0.004102
870 0.004097
871 0.004092
872 0.004087
873 0.004082
874 0.004077
875 0.004072
876 0.004067
877 0.004062
878 0.004057
879 0.004052
880 0.004047
881 0.004042
882 0.004037
883 0.004032
884 0.004027
885 0.004022
886 0.004017
887 0.004012
888 0.004007
889 0.004003
890 0.003998
891 0.003993
892 0.003988
893 0.003983
894 0.003979
895 0.003974
896 0.003969
897 0.003964
898 0.003960
899 0.003955
900 0.003950
901 0.003945
902 0.003941
903 0.003936
904 0.003931
905 0.003927
906 0.003922
907 0.003917
908 0.003913
909 0.003908
910 0.003903
911 0.003899
912 0.003894
913 0.003890
914 0.003885
915 0.003881
916 0.003876
917 0.003871
918 0.003867
919 0.003862
920 0.003858
921 0.003853
922 0.003849
923 0.003844
924 0.003840
925 0.003835
926 0.003831
927 0.003827
928 0.003822
929 0.003818
930 0.003813
931 0.003809
932 0.003805
933 0.003800
934 0.003796
935 0.003791
936 0.003787
937 0.003783
938 0.003778
939 0.003774
940 0.003770
941 0.003765
942 0.003761
943 0.003757
944 0.003753
945 0.003748
946 0.003744
947 0.003740
948 0.003736
949 0.003731
950 0.003727
951 0.003723
952 0.003719
953 0.003715
954 0.003710
955 0.003706
956 0.003702
957 0.003698
958 0.003694
959 0.003690
960 0.003686
961 0.003681
962 0.003677
963 0.003673
964 0.003669
965 0.003665
966 0.003661
967 0.003657
968 0.003653
969 0.003649
970 0.003645
971 0.003641
972 0.003637
973 0.003633
974 0.003629
975 0.003625
976 0.003621
977 0.003617
978 0.003613
979 0.003609
980 0.003605
981 0.003601
982 0.003597
983 0.003593
984 0.003589
985 0.003585
986 0.003581
987 0.003578
988 0.003574
989 0.003570
990 0.003566
991 0.003562
992 0.003558
993 0.003554
994 0.003551
995 0.003547
996 0.003543
997 0.003539
998 0.003535
999 0.003531
1000 0.003528
1001 0.003524
1002 0.003520
1003 0.003516
1004 0.003513
1005 0.003509
1006 0.003505
1007 0.003501
1008 0.003498
1009 0.003494
1010 0.003490
1011 0.003487
1012 0.003483
1013 0.003479
1014 0.003475
1015 0.003472
1016 0.003468
1017 0.003464
1018 0.003461
1019 0.003457
1020 0.003454
1021 0.003450
1022 0.003446
1023 0.003443
1024 0.003439
1025 0.003436
1026 0.003432
1027 0.003428
1028 0.003425
1029 0.003421
1030 0.003418
1031 0.003414
1032 0.003411
1033 0.003407
1034 0.003403
1035 0.003400
1036 0.003396
1037 0.003393
1038 0.003389
1039 0.003386
1040 0.003382
1041 0.003379
1042 0.003375
1043 0.003372
1044 0.003369
1045 0.003365
1046 0.003362
1047 0.003358
1048 0.003355
1049 0.003351
1050 0.003348
1051 0.003345
1052 0.003341
1053 0.003338
1054 0.003334
1055 0.003331
1056 0.003328
1057 0.003324
1058 0.003321
1059 0.003317
1060 0.003314
1061 0.003311
1062 0.003307
1063 0.003304
1064 0.003301
1065 0.003297
1066 0.003294
1067 0.003291
1068 0.003288
1069 0.003284
1070 0.003281
1071 0.003278
1072 0.003274
1073 0.003271
1074 0.003268
1075 0.003265
1076 0.003261
1077 0.003258
1078 0.003255
1079 0.003252
1080 0.003248
1081 0.003245
1082 0.003242
1083 0.003239
1084 0.003236
1085 0.003232
1086 0.003229
1087 0.003226
1088 0.003223
1089 0.003220
1090 0.003217
1091 0.003213
1092 0.003210
1093 0.003207
1094 0.003204
1095 0.003201
1096 0.003198
1097 0.003195
1098 0.003192
1099 0.003188
1100 0.003185
1101 0.003182
1102 0.003179
1103 0.003176
1104 0.003173
1105 0.003170
1106 0.003167
1107 0.003164
1108 0.003161
1109 0.003158
1110 0.003155
1111 0.003152
1112 0.003149
1113 0.003146
1114 0.003142
1115 0.003139
1116 0.003136
1117 0.003133
1118 0.003130
1119 0.003127
1120 0.003124
1121 0.003122
1122 0.003119
1123 0.003116
1124 0.003113
1125 0.003110
1126 0.003107
1127 0.003104
1128 0.003101
1129 0.003098
1130 0.003095
1131 0.003092
1132 0.003089
1133 0.003086
1134 0.003083
1135 0.003080
1136 0.003077
1137 0.003075
1138 0.003072
1139 0.003069
1140 0.003066
1141 0.003063
1142 0.003060
1143 0.003057
1144 0.003054
1145 0.003052
1146 0.003049
1147 0.003046
1148 0.003043
1149 0.003040
1150 0.003037
1151 0.003035
1152 0.003032
1153 0.003029
1154 0.003026
1155 0.003023
1156 0.003021
1157 0.003018
1158 0.003015
1159 0.003012
1160 0.003009
1161 0.003007
1162 0.003004
1163 0.003001
1164 0.002998
1165 0.002996
1166 0.002993
1167 0.002990
1168 0.002987
1169 0.002985
1170 0.002982
1171 0.002979
1172 0.002976
1173 0.002974
1174 0.002971
1175 0.002968
1176 0.002966
1177 0.002963
1178 0.002960
1179 0.002958
1180 0.002955
1181 0.002952
1182 0.002950
1183 0.002947
1184 0.002944
1185 0.002942
1186 0.002939
1187 0.002936
1188 0.002934
1189 0.002931
1190 0.002928
1191 0.002926
1192 0.002923
1193 0.002921
1194 0.002918
1195 0.002915
1196 0.002913
1197 0.002910
1198 0.002908
1199 0.002905
1200 0.002902
1201 0.002900
1202 0.002897
1203 0.002895
1204 0.002892
1205 0.002889
1206 0.002887
1207 0.002884
1208 0.002882
1209 0.002879
1210 0.002877
1211 0.002874
1212 0.002872
1213 0.002869
1214 0.002867
1215 0.002864
1216 0.002862
1217 0.002859
1218 0.002857
1219 0.002854
1220 0.002852
1221 0.002849
1222 0.002847
1223 0.002844
1224 0.002842
1225 0.002839
1226 0.002837
1227 0.002834
1228 0.002832
1229 0.002829
1230 0.002827
1231 0.002824
1232 0.002822
1233 0.002819
1234 0.002817
1235 0.002815
1236 0.002812
1237 0.002810
1238 0.002807
1239 0.002805
1240 0.002802
1241 0.002800
1242 0.002798
1243 0.002795
1244 0.002793
1245 0.002790
1246 0.002788
1247 0.002786
1248 0.002783
1249 0.002781
1250 0.002779
1251 0.002776
1252 0.002774
1253 0.002771
1254 0.002769
1255 0.002767
1256 0.002764
1257 0.002762
1258 0.002760
1259 0.002757
1260 0.002755
1261 0.002753
1262 0.002750
1263 0.002748
1264 0.002746
1265 0.002743
1266 0.002741
1267 0.002739
1268 0.002736
1269 0.002734
1270 0.002732
1271 0.002730
1272 0.002727
1273 0.002725
1274 0.002723
1275 0.002720
1276 0.002718
1277 0.002716
1278 0.002714
1279 0.002711
1280 0.002709
1281 0.002707
1282 0.002705
1283 0.002702
1284 0.002700
1285 0.002698
1286 0.002696
1287 0.002693
1288 0.002691
1289 0.002689
1290 0.002687
1291 0.002684
1292 0.002682
1293 0.002680
1294 0.002678
1295 0.002676
1296 0.002673
1297 0.002671
1298 0.002669
1299 0.002667
1300 0.002665
1301 0.002662
1302 0.002660
1303 0.002658
1304 0.002656
1305 0.002654
1306 0.002652
1307 0.002649
1308 0.002647
1309 0.002645
1310 0.002643
1311 0.002641
1312 0.002639
1313 0.002637
1314 0.002634
1315 0.002632
1316 0.002630
1317 0.002628
1318 0.002626
1319 0.002624
1320 0.002622
1321 0.002620
1322 0.002617
1323 0.002615
1324 0.002613
1325 0.002611
1326 0.002609
1327 0.002607
1328 0.002605
1329 0.002603
1330 0.002601
1331 0.002599
1332 0.002596
1333 0.002594
1334 0.002592
1335 0.002590
1336 0.002588
1337 0.002586
1338 0.002584
1339 0.002582
1340 0.002580
1341 0.002578
1342 0.002576
1343 0.002574
1344 0.002572
1345 0.002570
1346 0.002568
1347 0.002566
1348 0.002564
1349 0.002562
1350 0.002560
1351 0.002558
1352 0.002556
1353 0.002554
1354 0.002552
1355 0.002550
1356 0.002548
1357 0.002546
1358 0.002544
1359 0.002542
1360 0.002540
1361 0.002538
1362 0.002536
1363 0.002534
1364 0.002532
1365 0.002530
1366 0.002528
1367 0.002526
1368 0.002524
1369 0.002522
1370 0.002520
1371 0.002518
1372 0.002516
1373 0.002514
1374 0.002512
1375 0.002510
1376 0.002508
1377 0.002506
1378 0.002504
1379 0.002502
1380 0.002500
1381 0.002498
1382 0.002496
1383 0.002495
1384 0.002493
1385 0.002491
1386 0.002489
1387 0.002487
1388 0.002485
1389 0.002483
1390 0.002481
1391 0.002479
1392 0.002477
1393 0.002475
1394 0.002474
1395 0.002472
1396 0.002470
1397 0.002468
1398 0.002466
1399 0.002464
1400 0.002462
1401 0.002460
1402 0.002459
1403 0.002457
1404 0.002455
1405 0.002453
1406 0.002451
1407 0.002449
1408 0.002447
1409 0.002446
1410 0.002444
1411 0.002442
1412 0.002440
1413 0.002438
1414 0.002436
1415 0.002435
1416 0.002433
1417 0.002431
1418 0.002429
1419 0.002427
1420 0.002425
1421 0.002424
1422 0.002422
1423 0.002420
1424 0.002418
1425 0.002416
1426 0.002415
1427 0.002413
1428 0.002411
1429 0.002409
1430 0.002407
1431 0.002406
1432 0.002404
1433 0.002402
1434 0.002400
1435 0.002398
1436 0.002397
1437 0.002395
1438 0.002393
1439 0.002391
1440 0.002390
1441 0.002388
1442 0.002386
1443 0.002384
1444 0.002382
1445 0.002381
1446 0.002379
1447 0.002377
1448 0.002375
1449 0.002374
1450 0.002372
1451 0.002370
1452 0.002369
1453 0.002367
1454 0.002365
1455 0.002363
1456 0.002362
1457 0.002360
1458 0.002358
1459 0.002356
1460 0.002355
1461 0.002353
1462 0.002351
1463 0.002350
1464 0.002348
1465 0.002346
1466 0.002344
1467 0.002343
1468 0.002341
1469 0.002339
1470 0.002338
1471 0.002336
1472 0.002334
1473 0.002333
1474 0.002331
1475 0.002329
1476 0.002328
1477 0.002326
1478 0.002324
1479 0.002323
1480 0.002321
1481 0.002319
1482 0.002318
1483 0.002316
1484 0.002314
1485 0.002313
1486 0.002311
1487 0.002309
1488 0.002308
1489 0.002306
1490 0.002304
1491 0.002303
1492 0.002301
1493 0.002299
1494 0.002298
1495 0.002296
1496 0.002294
1497 0.002293
1498 0.002291
1499 0.002290
1500 0.002288
1501 0.002286
1502 0.002285
1503 0.002283
1504 0.002281
1505 0.002280
1506 0.002278
1507 0.002277
1508 0.002275
1509 0.002273
1510 0.002272
1511 0.002270
1512 0.002269
1513 0.002267
1514 0.002265
1515 0.002264
1516 0.002262
1517 0.002261
1518 0.002259
1519 0.002258
1520 0.002256
1521 0.002254
1522 0.002253
1523 0.002251
1524 0.002250
1525 0.002248
1526 0.002246
1527 0.002245
1528 0.002243
1529 0.002242
1530 0.002240
1531 0.002239
1532 0.002237
1533 0.002236
1534 0.002234
1535 0.002232
1536 0.002231
1537 0.002229
1538 0.002228
1539 0.002226
1540 0.002225
1541 0.002223
1542 0.002222
1543 0.002220
1544 0.002219
1545 0.002217
1546 0.002216
1547 0.002214
1548 0.002213
1549 0.002211
1550 0.002210
1551 0.002208
1552 0.002206
1553 0.002205
1554 0.002203
1555 0.002202
1556 0.002200
1557 0.002199
1558 0.002197
1559 0.002196
1560 0.002194
1561 0.002193
1562 0.002191
1563 0.002190
1564 0.002188
1565 0.002187
1566 0.002186
1567 0.002184
1568 0.002183
1569 0.002181
1570 0.002180
1571 0.002178
1572 0.002177
1573 0.002175
1574 0.002174
1575 0.002172
1576 0.002171
1577 0.002169
1578 0.002168
1579 0.002166
1580 0.002165
1581 0.002163
1582 0.002162
1583 0.002161
1584 0.002159
1585 0.002158
1586 0.002156
1587 0.002155
1588 0.002153
1589 0.002152
1590 0.002150
1591 0.002149
1592 0.002148
1593 0.002146
1594 0.002145
1595 0.002143
1596 0.002142
1597 0.002140
1598 0.002139
1599 0.002138
1600 0.002136
1601 0.002135
1602 0.002133
1603 0.002132
1604 0.002131
1605 0.002129
1606 0.002128
1607 0.002126
1608 0.002125
1609 0.002124
1610 0.002122
1611 0.002121
1612 0.002119
1613 0.002118
1614 0.002117
1615 0.002115
1616 0.002114
1617 0.002112
1618 0.002111
1619 0.002110
1620 0.002108
1621 0.002107
1622 0.002105
1623 0.002104
1624 0.002103
1625 0.002101
1626 0.002100
1627 0.002099
1628 0.002097
1629 0.002096
1630 0.002094
1631 0.002093
1632 0.002092
1633 0.002090
1634 0.002089
1635 0.002088
1636 0.002086
1637 0.002085
1638 0.002084
1639 0.002082
1640 0.002081
1641 0.002080
1642 0.002078
1643 0.002077
1644 0.002076
1645 0.002074
1646 0.002073
1647 0.002071
1648 0.002070
1649 0.002069
1650 0.002067
1651 0.002066
1652 0.002065
1653 0.002064
1654 0.002062
1655 0.002061
1656 0.002060
1657 0.002058
1658 0.002057
1659 0.002056
1660 0.002054
1661 0.002053
1662 0.002052
1663 0.002050
1664 0.002049
1665 0.002048
1666 0.002046
1667 0.002045
1668 0.002044
1669 0.002043
1670 0.002041
1671 0.002040
1672 0.002039
1673 0.002037
1674 0.002036
1675 0.002035
1676 0.002033
1677 0.002032
1678 0.002031
1679 0.002030
1680 0.002028
1681 0.002027
1682 0.002026
1683 0.002024
1684 0.002023
1685 0.002022
1686 0.002021
1687 0.002019
1688 0.002018
1689 0.002017
1690 0.002016
1691 0.002014
1692 0.002013
1693 0.002012
1694 0.002011
1695 0.002009
1696 0.002008
1697 0.002007
1698 0.002005
1699 0.002004
1700 0.002003
1701 0.002002
1702 0.002000
1703 0.001999
1704 0.001998
1705 0.001997
1706 0.001996
1707 0.001994
1708 0.001993
1709 0.001992
1710 0.001991
1711 0.001989
1712 0.001988
1713 0.001987
1714 0.001986
1715 0.001984
1716 0.001983
1717 0.001982
1718 0.001981
1719 0.001979
1720 0.001978
1721 0.001977
1722 0.001976
1723 0.001975
1724 0.001973
1725 0.001972
1726 0.001971
1727 0.001970
1728 0.001969
1729 0.001967
1730 0.001966
1731 0.001965
1732 0.001964
1733 0.001963
1734 0.001961
1735 0.001960
1736 0.001959
1737 0.001958
1738 0.001957
1739 0.001955
1740 0.001954
1741 0.001953
1742 0.001952
1743 0.001951
1744 0.001949
1745 0.001948
1746 0.001947
1747 0.001946
1748 0.001945
1749 0.001943
1750 0.001942
1751 0.001941
1752 0.001940
1753 0.001939
1754 0.001938
1755 0.001936
1756 0.001935
1757 0.001934
1758 0.001933
1759 0.001932
1760 0.001931
1761 0.001929
1762 0.001928
1763 0.001927
1764 0.001926
1765 0.001925
1766 0.001924
1767 0.001922
1768 0.001921
1769 0.001920
1770 0.001919
1771 0.001918
1772 0.001917
1773 0.001916
1774 0.001914
1775 0.001913
1776 0.001912
1777 0.001911
1778 0.001910
1779 0.001909
1780 0.001908
1781 0.001906
1782 0.001905
1783 0.001904
1784 0.001903
1785 0.001902
1786 0.001901
1787 0.001900
1788 0.001899
1789 0.001897
1790 0.001896
1791 0.001895
1792 0.001894
1793 0.001893
1794 0.001892
1795 0.001891
1796 0.001890
1797 0.001888
1798 0.001887
1799 0.001886
1800 0.001885
1801 0.001884
1802 0.001883
1803 0.001882
1804 0.001881
1805 0.001880
1806 0.001878
1807 0.001877
1808 0.001876
1809 0.001875
1810 0.001874
1811 0.001873
1812 0.001872
1813 0.001871
1814 0.001870
1815 0.001869
1816 0.001867
1817 0.001866
1818 0.001865
1819 0.001864
1820 0.001863
1821 0.001862
1822 0.001861
1823 0.001860
1824 0.001859
1825 0.001858
1826 0.001857
1827 0.001856
1828 0.001855
1829 0.001853
1830 0.001852
1831 0.001851
1832 0.001850
1833 0.001849
1834 0.001848
1835 0.001847
1836 0.001846
1837 0.001845
1838 0.001844
1839 0.001843
1840 0.001842
1841 0.001841
1842 0.001840
1843 0.001839
1844 0.001837
1845 0.001836
1846 0.001835
1847 0.001834
1848 0.001833
1849 0.001832
1850 0.001831
1851 0.001830
1852 0.001829
1853 0.001828
1854 0.001827
1855 0.001826
1856 0.001825
1857 0.001824
1858 0.001823
1859 0.001822
1860 0.001821
1861 0.001820
1862 0.001819
1863 0.001818
1864 0.001817
1865 0.001816
1866 0.001814
1867 0.001813
1868 0.001812
1869 0.001811
1870 0.001810
1871 0.001809
1872 0.001808
1873 0.001807
1874 0.001806
1875 0.001805
1876 0.001804
1877 0.001803
1878 0.001802
1879 0.001801
1880 0.001800
1881 0.001799
1882 0.001798
1883 0.001797
1884 0.001796
1885 0.001795
1886 0.001794
1887 0.001793
1888 0.001792
1889 0.001791
1890 0.001790
1891 0.001789
1892 0.001788
1893 0.001787
1894 0.001786
1895 0.001785
1896 0.001784
1897 0.001783
1898 0.001782
1899 0.001781
1900 0.001780
1901 0.001779
1902 0.001778
1903 0.001777
1904 0.001776
1905 0.001775
1906 0.001774
1907 0.001773
1908 0.001772
1909 0.001771
1910 0.001770
1911 0.001769
1912 0.001768
1913 0.001767
1914 0.001766
1915 0.001765
1916 0.001764
1917 0.001763
1918 0.001762
1919 0.001761
1920 0.001760
1921 0.001759
1922 0.001759
1923 0.001758
1924 0.001757
1925 0.001756
1926 0.001755
1927 0.001754
1928 0.001753
1929 0.001752
1930 0.001751
1931 0.001750
1932 0.001749
1933 0.001748
1934 0.001747
1935 0.001746
1936 0.001745
1937 0.001744
1938 0.001743
1939 0.001742
1940 0.001741
1941 0.001740
1942 0.001739
1943 0.001738
1944 0.001737
1945 0.001736
1946 0.001736
1947 0.001735
1948 0.001734
1949 0.001733
1950 0.001732
1951 0.001731
1952 0.001730
1953 0.001729
1954 0.001728
1955 0.001727
1956 0.001726
1957 0.001725
1958 0.001724
1959 0.001723
1960 0.001722
1961 0.001721
1962 0.001721
1963 0.001720
1964 0.001719
1965 0.001718
1966 0.001717
1967 0.001716
1968 0.001715
1969 0.001714
1970 0.001713
1971 0.001712
1972 0.001711
1973 0.001710
1974 0.001709
1975 0.001709
1976 0.001708
1977 0.001707
1978 0.001706
1979 0.001705
1980 0.001704
1981 0.001703
1982 0.001702
1983 0.001701
1984 0.001700
1985 0.001699
1986 0.001699
1987 0.001698
1988 0.001697
1989 0.001696
1990 0.001695
1991 0.001694
1992 0.001693
1993 0.001692
1994 0.001691
1995 0.001690
1996 0.001690
1997 0.001689
1998 0.001688
1999 0.001687
2000 0.001686
2001 0.001685
2002 0.001684
2003 0.001683
2004 0.001682
2005 0.001682
2006 0.001681
2007 0.001680
2008 0.001679
2009 0.001678
2010 0.001677
2011 0.001676
2012 0.001675
2013 0.001674
2014 0.001674
2015 0.001673
2016 0.001672
2017 0.001671
2018 0.001670
2019 0.001669
2020 0.001668
2021 0.001667
2022 0.001667
2023 0.001666
2024 0.001665
2025 0.001664
2026 0.001663
2027 0.001662
2028 0.001661
2029 0.001660
2030 0.001660
2031 0.001659
2032 0.001658
2033 0.001657
2034 0.001656
2035 0.001655
2036 0.001654
2037 0.001654
2038 0.001653
2039 0.001652
2040 0.001651
2041 0.001650
2042 0.001649
2043 0.001648
2044 0.001648
2045 0.001647
2046 0.001646
2047 0.001645
2048 0.001644
2049 0.001643
2050 0.001642
2051 0.001642
2052 0.001641
2053 0.001640
2054 0.001639
2055 0.001638
2056 0.001637
2057 0.001637
2058 0.001636
2059 0.001635
2060 0.001634
2061 0.001633
2062 0.001632
2063 0.001631
2064 0.001631
2065 0.001630
2066 0.001629
2067 0.001628
2068 0.001627
2069 0.001626
2070 0.001626
2071 0.001625
2072 0.001624
2073 0.001623
2074 0.001622
2075 0.001622
2076 0.001621
2077 0.001620
2078 0.001619
2079 0.001618
2080 0.001617
2081 0.001617
2082 0.001616
2083 0.001615
2084 0.001614
2085 0.001613
2086 0.001612
2087 0.001612
2088 0.001611
2089 0.001610
2090 0.001609
2091 0.001608
2092 0.001608
2093 0.001607
2094 0.001606
2095 0.001605
2096 0.001604
2097 0.001604
2098 0.001603
2099 0.001602
2100 0.001601
2101 0.001600
2102 0.001599
2103 0.001599
2104 0.001598
2105 0.001597
2106 0.001596
2107 0.001595
2108 0.001595
2109 0.001594
2110 0.001593
2111 0.001592
2112 0.001591
2113 0.001591
2114 0.001590
2115 0.001589
2116 0.001588
2117 0.001587
2118 0.001587
2119 0.001586
2120 0.001585
2121 0.001584
2122 0.001584
2123 0.001583
2124 0.001582
2125 0.001581
2126 0.001580
2127 0.001580
2128 0.001579
2129 0.001578
2130 0.001577
2131 0.001576
2132 0.001576
2133 0.001575
2134 0.001574
2135 0.001573
2136 0.001573
2137 0.001572
2138 0.001571
2139 0.001570
2140 0.001569
2141 0.001569
2142 0.001568
2143 0.001567
2144 0.001566
2145 0.001566
2146 0.001565
2147 0.001564
2148 0.001563
2149 0.001563
2150 0.001562
2151 0.001561
2152 0.001560
2153 0.001559
2154 0.001559
2155 0.001558
2156 0.001557
2157 0.001556
2158 0.001556
2159 0.001555
2160 0.001554
2161 0.001553
2162 0.001553
2163 0.001552
2164 0.001551
2165 0.001550
2166 0.001550
2167 0.001549
2168 0.001548
2169 0.001547
2170 0.001547
2171 0.001546
2172 0.001545
2173 0.001544
2174 0.001544
2175 0.001543
2176 0.001542
2177 0.001541
2178 0.001541
2179 0.001540
2180 0.001539
2181 0.001538
2182 0.001538
2183 0.001537
2184 0.001536
2185 0.001535
2186 0.001535
2187 0.001534
2188 0.001533
2189 0.001532
2190 0.001532
2191 0.001531
2192 0.001530
2193 0.001529
2194 0.001529
2195 0.001528
2196 0.001527
2197 0.001526
2198 0.001526
2199 0.001525
2200 0.001524
2201 0.001523
2202 0.001523
2203 0.001522
2204 0.001521
2205 0.001521
2206 0.001520
2207 0.001519
2208 0.001518
2209 0.001518
2210 0.001517
2211 0.001516
2212 0.001515
2213 0.001515
2214 0.001514
2215 0.001513
2216 0.001513
2217 0.001512
2218 0.001511
2219 0.001510
2220 0.001510
2221 0.001509
2222 0.001508
2223 0.001508
2224 0.001507
2225 0.001506
2226 0.001505
2227 0.001505
2228 0.001504
2229 0.001503
2230 0.001503
2231 0.001502
2232 0.001501
2233 0.001500
2234 0.001500
2235 0.001499
2236 0.001498
2237 0.001498
2238 0.001497
2239 0.001496
2240 0.001495
2241 0.001495
2242 0.001494
2243 0.001493
2244 0.001493
2245 0.001492
2246 0.001491
2247 0.001491
2248 0.001490
2249 0.001489
2250 0.001488
2251 0.001488
2252 0.001487
2253 0.001486
2254 0.001486
2255 0.001485
2256 0.001484
2257 0.001484
2258 0.001483
2259 0.001482
2260 0.001481
2261 0.001481
2262 0.001480
2263 0.001479
2264 0.001479
2265 0.001478
2266 0.001477
2267 0.001477
2268 0.001476
2269 0.001475
2270 0.001475
2271 0.001474
2272 0.001473
2273 0.001473
2274 0.001472
2275 0.001471
2276 0.001470
2277 0.001470
2278 0.001469
2279 0.001468
2280 0.001468
2281 0.001467
2282 0.001466
2283 0.001466
2284 0.001465
2285 0.001464
2286 0.001464
2287 0.001463
2288 0.001462
2289 0.001462
2290 0.001461
2291 0.001460
2292 0.001460
2293 0.001459
2294 0.001458
2295 0.001458
2296 0.001457
2297 0.001456
2298 0.001456
2299 0.001455
2300 0.001454
2301 0.001454
2302 0.001453
2303 0.001452
2304 0.001452
2305 0.001451
2306 0.001450
2307 0.001450
2308 0.001449
2309 0.001448
2310 0.001448
2311 0.001447
2312 0.001446
2313 0.001446
2314 0.001445
2315 0.001444
2316 0.001444
2317 0.001443
2318 0.001442
2319 0.001442
2320 0.001441
2321 0.001440
2322 0.001440
2323 0.001439
2324 0.001438
2325 0.001438
2326 0.001437
2327 0.001436
2328 0.001436
2329 0.001435
2330 0.001434
2331 0.001434
2332 0.001433
2333 0.001433
2334 0.001432
2335 0.001431
2336 0.001431
2337 0.001430
2338 0.001429
2339 0.001429
2340 0.001428
2341 0.001427
2342 0.001427
2343 0.001426
2344 0.001425
2345 0.001425
2346 0.001424
2347 0.001424
2348 0.001423
2349 0.001422
2350 0.001422
2351 0.001421
2352 0.001420
2353 0.001420
2354 0.001419
2355 0.001418
2356 0.001418
2357 0.001417
2358 0.001416
2359 0.001416
2360 0.001415
2361 0.001415
2362 0.001414
2363 0.001413
2364 0.001413
2365 0.001412
2366 0.001411
2367 0.001411
2368 0.001410
2369 0.001410
2370 0.001409
2371 0.001408
2372 0.001408
2373 0.001407
2374 0.001406
2375 0.001406
2376 0.001405
2377 0.001405
2378 0.001404
2379 0.001403
2380 0.001403
2381 0.001402
2382 0.001401
2383 0.001401
2384 0.001400
2385 0.001400
2386 0.001399
2387 0.001398
2388 0.001398
2389 0.001397
2390 0.001396
2391 0.001396
2392 0.001395
2393 0.001395
2394 0.001394
2395 0.001393
2396 0.001393
2397 0.001392
2398 0.001392
2399 0.001391
2400 0.001390
2401 0.001390
2402 0.001389
2403 0.001388
2404 0.001388
2405 0.001387
2406 0.001387
2407 0.001386
2408 0.001385
2409 0.001385
2410 0.001384
2411 0.001384
2412 0.001383
2413 0.001382
2414 0.001382
2415 0.001381
2416 0.001381
2417 0.001380
2418 0.001379
2419 0.001379
2420 0.001378
2421 0.001378
2422 0.001377
2423 0.001376
2424 0.001376
2425 0.001375
2426 0.001375
2427 0.001374
2428 0.001373
2429 0.001373
2430 0.001372
2431 0.001372
2432 0.001371
2433 0.001370
2434 0.001370
2435 0.001369
2436 0.001369
2437 0.001368
2438 0.001367
2439 0.001367
2440 0.001366
2441 0.001366
2442 0.001365
2443 0.001365
2444 0.001364
2445 0.001363
2446 0.001363
2447 0.001362
2448 0.001362
2449 0.001361
2450 0.001360
2451 0.001360
2452 0.001359
2453 0.001359
2454 0.001358
2455 0.001357
2456 0.001357
2457 0.001356
2458 0.001356
2459 0.001355
2460 0.001355
2461 0.001354
2462 0.001353
2463 0.001353
2464 0.001352
2465 0.001352
2466 0.001351
2467 0.001350
2468 0.001350
2469 0.001349
2470 0.001349
2471 0.001348
2472 0.001348
2473 0.001347
2474 0.001346
2475 0.001346
2476 0.001345
2477 0.001345
2478 0.001344
2479 0.001344
2480 0.001343
2481 0.001342
2482 0.001342
2483 0.001341
2484 0.001341
2485 0.001340
2486 0.001340
2487 0.001339
2488 0.001338
2489 0.001338
2490 0.001337
2491 0.001337
2492 0.001336
2493 0.001336
2494 0.001335
2495 0.001334
2496 0.001334
2497 0.001333
2498 0.001333
2499 0.001332
2500 0.001332
2501 0.001331
2502 0.001331
2503 0.001330
2504 0.001329
2505 0.001329
2506 0.001328
2507 0.001328
2508 0.001327
2509 0.001327
2510 0.001326
2511 0.001326
2512 0.001325
2513 0.001324
2514 0.001324
2515 0.001323
2516 0.001323
2517 0.001322
2518 0.001322
2519 0.001321
2520 0.001321
2521 0.001320
2522 0.001319
2523 0.001319
2524 0.001318
2525 0.001318
2526 0.001317
2527 0.001317
2528 0.001316
2529 0.001316
2530 0.001315
2531 0.001314
2532 0.001314
2533 0.001313
2534 0.001313
2535 0.001312
2536 0.001312
2537 0.001311
2538 0.001311
2539 0.001310
2540 0.001310
2541 0.001309
2542 0.001308
2543 0.001308
2544 0.001307
2545 0.001307
2546 0.001306
2547 0.001306
2548 0.001305
2549 0.001305
2550 0.001304
2551 0.001304
2552 0.001303
2553 0.001303
2554 0.001302
2555 0.001301
2556 0.001301
2557 0.001300
2558 0.001300
2559 0.001299
2560 0.001299
2561 0.001298
2562 0.001298
2563 0.001297
2564 0.001297
2565 0.001296
2566 0.001296
2567 0.001295
2568 0.001294
2569 0.001294
2570 0.001293
2571 0.001293
2572 0.001292
2573 0.001292
2574 0.001291
2575 0.001291
2576 0.001290
2577 0.001290
2578 0.001289
2579 0.001289
2580 0.001288
2581 0.001288
2582 0.001287
2583 0.001287
2584 0.001286
2585 0.001286
2586 0.001285
2587 0.001284
2588 0.001284
2589 0.001283
2590 0.001283
2591 0.001282
2592 0.001282
2593 0.001281
2594 0.001281
2595 0.001280
2596 0.001280
2597 0.001279
2598 0.001279
2599 0.001278
2600 0.001278
2601 0.001277
2602 0.001277
2603 0.001276
2604 0.001276
2605 0.001275
2606 0.001275
2607 0.001274
2608 0.001274
2609 0.001273
2610 0.001273
2611 0.001272
2612 0.001272
2613 0.001271
2614 0.001270
2615 0.001270
2616 0.001269
2617 0.001269
2618 0.001268
2619 0.001268
2620 0.001267
2621 0.001267
2622 0.001266
2623 0.001266
2624 0.001265
2625 0.001265
2626 0.001264
2627 0.001264
2628 0.001263
2629 0.001263
2630 0.001262
2631 0.001262
2632 0.001261
2633 0.001261
2634 0.001260
2635 0.001260
2636 0.001259
2637 0.001259
2638 0.001258
2639 0.001258
2640 0.001257
2641 0.001257
2642 0.001256
2643 0.001256
2644 0.001255
2645 0.001255
2646 0.001254
2647 0.001254
2648 0.001253
2649 0.001253
2650 0.001252
2651 0.001252
2652 0.001251
2653 0.001251
2654 0.001250
2655 0.001250
2656 0.001249
2657 0.001249
2658 0.001248
2659 0.001248
2660 0.001247
2661 0.001247
2662 0.001246
2663 0.001246
2664 0.001245
2665 0.001245
2666 0.001244
2667 0.001244
2668 0.001243
2669 0.001243
2670 0.001242
2671 0.001242
2672 0.001241
2673 0.001241
2674 0.001240
2675 0.001240
2676 0.001239
2677 0.001239
2678 0.001238
2679 0.001238
2680 0.001238
2681 0.001237
2682 0.001237
2683 0.001236
2684 0.001236
2685 0.001235
2686 0.001235
2687 0.001234
2688 0.001234
2689 0.001233
2690 0.001233
2691 0.001232
2692 0.001232
2693 0.001231
2694 0.001231
2695 0.001230
2696 0.001230
2697 0.001229
2698 0.001229
2699 0.001228
2700 0.001228
2701 0.001227
2702 0.001227
2703 0.001226
2704 0.001226
2705 0.001225
2706 0.001225
2707 0.001224
2708 0.001224
2709 0.001224
2710 0.001223
2711 0.001223
2712 0.001222
2713 0.001222
2714 0.001221
2715 0.001221
2716 0.001220
2717 0.001220
2718 0.001219
2719 0.001219
2720 0.001218
2721 0.001218
2722 0.001217
2723 0.001217
2724 0.001216
2725 0.001216
2726 0.001215
2727 0.001215
2728 0.001215
2729 0.001214
2730 0.001214
2731 0.001213
2732 0.001213
2733 0.001212
2734 0.001212
2735 0.001211
2736 0.001211
2737 0.001210
2738 0.001210
2739 0.001209
2740 0.001209
2741 0.001208
2742 0.001208
2743 0.001208
2744 0.001207
2745 0.001207
2746 0.001206
2747 0.001206
2748 0.001205
2749 0.001205
2750 0.001204
2751 0.001204
2752 0.001203
2753 0.001203
2754 0.001202
2755 0.001202
2756 0.001202
2757 0.001201
2758 0.001201
2759 0.001200
2760 0.001200
2761 0.001199
2762 0.001199
2763 0.001198
2764 0.001198
2765 0.001197
2766 0.001197
2767 0.001197
2768 0.001196
2769 0.001196
2770 0.001195
2771 0.001195
2772 0.001194
2773 0.001194
2774 0.001193
2775 0.001193
2776 0.001192
2777 0.001192
2778 0.001192
2779 0.001191
2780 0.001191
2781 0.001190
2782 0.001190
2783 0.001189
2784 0.001189
2785 0.001188
2786 0.001188
2787 0.001187
2788 0.001187
2789 0.001187
2790 0.001186
2791 0.001186
2792 0.001185
2793 0.001185
2794 0.001184
2795 0.001184
2796 0.001183
2797 0.001183
2798 0.001183
2799 0.001182
2800 0.001182
2801 0.001181
2802 0.001181
2803 0.001180
2804 0.001180
2805 0.001179
2806 0.001179
2807 0.001179
2808 0.001178
2809 0.001178
2810 0.001177
2811 0.001177
2812 0.001176
2813 0.001176
2814 0.001175
2815 0.001175
2816 0.001175
2817 0.001174
2818 0.001174
2819 0.001173
2820 0.001173
2821 0.001172
2822 0.001172
2823 0.001172
2824 0.001171
2825 0.001171
2826 0.001170
2827 0.001170
2828 0.001169
2829 0.001169
2830 0.001168
2831 0.001168
2832 0.001168
2833 0.001167
2834 0.001167
2835 0.001166
2836 0.001166
2837 0.001165
2838 0.001165
2839 0.001165
2840 0.001164
2841 0.001164
2842 0.001163
2843 0.001163
2844 0.001162
2845 0.001162
2846 0.001162
2847 0.001161
2848 0.001161
2849 0.001160
2850 0.001160
2851 0.001159
2852 0.001159
2853 0.001159
2854 0.001158
2855 0.001158
2856 0.001157
2857 0.001157
2858 0.001156
2859 0.001156
2860 0.001156
2861 0.001155
2862 0.001155
2863 0.001154
2864 0.001154
2865 0.001153
2866 0.001153
2867 0.001153
2868 0.001152
2869 0.001152
2870 0.001151
2871 0.001151
2872 0.001150
2873 0.001150
2874 0.001150
2875 0.001149
2876 0.001149
2877 0.001148
2878 0.001148
2879 0.001148
2880 0.001147
2881 0.001147
2882 0.001146
2883 0.001146
2884 0.001145
2885 0.001145
2886 0.001145
2887 0.001144
2888 0.001144
2889 0.001143
2890 0.001143
2891 0.001143
2892 0.001142
2893 0.001142
2894 0.001141
2895 0.001141
2896 0.001140
2897 0.001140
2898 0.001140
2899 0.001139
2900 0.001139
2901 0.001138
2902 0.001138
2903 0.001138
2904 0.001137
2905 0.001137
2906 0.001136
2907 0.001136
2908 0.001135
2909 0.001135
2910 0.001135
2911 0.001134
2912 0.001134
2913 0.001133
2914 0.001133
2915 0.001133
2916 0.001132
2917 0.001132
2918 0.001131
2919 0.001131
2920 0.001131
2921 0.001130
2922 0.001130
2923 0.001129
2924 0.001129
2925 0.001129
2926 0.001128
2927 0.001128
2928 0.001127
2929 0.001127
2930 0.001126
2931 0.001126
2932 0.001126
2933 0.001125
2934 0.001125
2935 0.001124
2936 0.001124
2937 0.001124
2938 0.001123
2939 0.001123
2940 0.001122
2941 0.001122
2942 0.001122
2943 0.001121
2944 0.001121
2945 0.001120
2946 0.001120
2947 0.001120
2948 0.001119
2949 0.001119
2950 0.001118
2951 0.001118
2952 0.001118
2953 0.001117
2954 0.001117
2955 0.001116
2956 0.001116
2957 0.001116
2958 0.001115
2959 0.001115
2960 0.001114
2961 0.001114
2962 0.001114
2963 0.001113
2964 0.001113
2965 0.001112
2966 0.001112
2967 0.001112
2968 0.001111
2969 0.001111
2970 0.001111
2971 0.001110
2972 0.001110
2973 0.001109
2974 0.001109
2975 0.001109
2976 0.001108
2977 0.001108
2978 0.001107
2979 0.001107
2980 0.001107
2981 0.001106
2982 0.001106
2983 0.001105
2984 0.001105
2985 0.001105
2986 0.001104
2987 0.001104
2988 0.001103
2989 0.001103
2990 0.001103
2991 0.001102
2992 0.001102
2993 0.001102
2994 0.001101
2995 0.001101
2996 0.001100
2997 0.001100
2998 0.001100
2999 0.001099
3000 0.001099
3001 0.001098
3002 0.001098
3003 0.001098
3004 0.001097
3005 0.001097
3006 0.001097
3007 0.001096
3008 0.001096
3009 0.001095
3010 0.001095
3011 0.001095
3012 0.001094
3013 0.001094
3014 0.001093
3015 0.001093
3016 0.001093
3017 0.001092
3018 0.001092
3019 0.001092
3020 0.001091
3021 0.001091
3022 0.001090
3023 0.001090
3024 0.001090
3025 0.001089
3026 0.001089
3027 0.001089
3028 0.001088
3029 0.001088
3030 0.001087
3031 0.001087
3032 0.001087
3033 0.001086
3034 0.001086
3035 0.001086
3036 0.001085
3037 0.001085
3038 0.001084
3039 0.001084
3040 0.001084
3041 0.001083
3042 0.001083
3043 0.001082
3044 0.001082
3045 0.001082
3046 0.001081
3047 0.001081
3048 0.001081
3049 0.001080
3050 0.001080
3051 0.001080
3052 0.001079
3053 0.001079
3054 0.001078
3055 0.001078
3056 0.001078
3057 0.001077
3058 0.001077
3059 0.001077
3060 0.001076
3061 0.001076
3062 0.001075
3063 0.001075
3064 0.001075
3065 0.001074
3066 0.001074
3067 0.001074
3068 0.001073
3069 0.001073
3070 0.001072
3071 0.001072
3072 0.001072
3073 0.001071
3074 0.001071
3075 0.001071
3076 0.001070
3077 0.001070
3078 0.001070
3079 0.001069
3080 0.001069
3081 0.001068
3082 0.001068
3083 0.001068
3084 0.001067
3085 0.001067
3086 0.001067
3087 0.001066
3088 0.001066
3089 0.001066
3090 0.001065
3091 0.001065
3092 0.001064
3093 0.001064
3094 0.001064
3095 0.001063
3096 0.001063
3097 0.001063
3098 0.001062
3099 0.001062
3100 0.001062
3101 0.001061
3102 0.001061
3103 0.001060
3104 0.001060
3105 0.001060
3106 0.001059
3107 0.001059
3108 0.001059
3109 0.001058
3110 0.001058
3111 0.001058
3112 0.001057
3113 0.001057
3114 0.001057
3115 0.001056
3116 0.001056
3117 0.001055
3118 0.001055
3119 0.001055
3120 0.001054
3121 0.001054
3122 0.001054
3123 0.001053
3124 0.001053
3125 0.001053
3126 0.001052
3127 0.001052
3128 0.001052
3129 0.001051
3130 0.001051
3131 0.001050
3132 0.001050
3133 0.001050
3134 0.001049
3135 0.001049
3136 0.001049
3137 0.001048
3138 0.001048
3139 0.001048
3140 0.001047
3141 0.001047
3142 0.001047
3143 0.001046
3144 0.001046
3145 0.001046
3146 0.001045
3147 0.001045
3148 0.001045
3149 0.001044
3150 0.001044
3151 0.001043
3152 0.001043
3153 0.001043
3154 0.001042
3155 0.001042
3156 0.001042
3157 0.001041
3158 0.001041
3159 0.001041
3160 0.001040
3161 0.001040
3162 0.001040
3163 0.001039
3164 0.001039
3165 0.001039
3166 0.001038
3167 0.001038
3168 0.001038
3169 0.001037
3170 0.001037
3171 0.001037
3172 0.001036
3173 0.001036
3174 0.001036
3175 0.001035
3176 0.001035
3177 0.001035
3178 0.001034
3179 0.001034
3180 0.001033
3181 0.001033
3182 0.001033
3183 0.001032
3184 0.001032
3185 0.001032
3186 0.001031
3187 0.001031
3188 0.001031
3189 0.001030
3190 0.001030
3191 0.001030
3192 0.001029
3193 0.001029
3194 0.001029
3195 0.001028
3196 0.001028
3197 0.001028
3198 0.001027
3199 0.001027
3200 0.001027
3201 0.001026
3202 0.001026
3203 0.001026
3204 0.001025
3205 0.001025
3206 0.001025
3207 0.001024
3208 0.001024
3209 0.001024
3210 0.001023
3211 0.001023
3212 0.001023
3213 0.001022
3214 0.001022
3215 0.001022
3216 0.001021
3217 0.001021
3218 0.001021
3219 0.001020
3220 0.001020
3221 0.001020
3222 0.001019
3223 0.001019
3224 0.001019
3225 0.001018
3226 0.001018
3227 0.001018
3228 0.001017
3229 0.001017
3230 0.001017
3231 0.001016
3232 0.001016
3233 0.001016
3234 0.001015
3235 0.001015
3236 0.001015
3237 0.001014
3238 0.001014
3239 0.001014
3240 0.001013
3241 0.001013
3242 0.001013
3243 0.001012
3244 0.001012
3245 0.001012
3246 0.001011
3247 0.001011
3248 0.001011
3249 0.001010
3250 0.001010
3251 0.001010
3252 0.001009
3253 0.001009
3254 0.001009
3255 0.001008
3256 0.001008
3257 0.001008
3258 0.001007
3259 0.001007
3260 0.001007
3261 0.001006
3262 0.001006
3263 0.001006
3264 0.001006
3265 0.001005
3266 0.001005
3267 0.001005
3268 0.001004
3269 0.001004
3270 0.001004
3271 0.001003
3272 0.001003
3273 0.001003
3274 0.001002
3275 0.001002
3276 0.001002
3277 0.001001
3278 0.001001
3279 0.001001
3280 0.001000
3281 0.001000
3282 0.001000
3283 0.000999
3284 0.000999
3285 0.000999
3286 0.000998
3287 0.000998
3288 0.000998
3289 0.000997
3290 0.000997
3291 0.000997
3292 0.000997
3293 0.000996
3294 0.000996
3295 0.000996
3296 0.000995
3297 0.000995
3298 0.000995
3299 0.000994
3300 0.000994
3301 0.000994
3302 0.000993
3303 0.000993
3304 0.000993
3305 0.000992
3306 0.000992
3307 0.000992
3308 0.000991
3309 0.000991
3310 0.000991
3311 0.000991
3312 0.000990
3313 0.000990
3314 0.000990
3315 0.000989
3316 0.000989
3317 0.000989
3318 0.000988
3319 0.000988
3320 0.000988
3321 0.000987
3322 0.000987
3323 0.000987
3324 0.000986
3325 0.000986
3326 0.000986
3327 0.000986
3328 0.000985
3329 0.000985
3330 0.000985
3331 0.000984
3332 0.000984
3333 0.000984
3334 0.000983
3335 0.000983
3336 0.000983
3337 0.000982
3338 0.000982
3339 0.000982
3340 0.000981
3341 0.000981
3342 0.000981
3343 0.000981
3344 0.000980
3345 0.000980
3346 0.000980
3347 0.000979
3348 0.000979
3349 0.000979
3350 0.000978
3351 0.000978
3352 0.000978
3353 0.000977
3354 0.000977
3355 0.000977
3356 0.000977
3357 0.000976
3358 0.000976
3359 0.000976
3360 0.000975
3361 0.000975
3362 0.000975
3363 0.000974
3364 0.000974
3365 0.000974
3366 0.000974
3367 0.000973
3368 0.000973
3369 0.000973
3370 0.000972
3371 0.000972
3372 0.000972
3373 0.000971
3374 0.000971
3375 0.000971
3376 0.000970
3377 0.000970
3378 0.000970
3379 0.000970
3380 0.000969
3381 0.000969
3382 0.000969
3383 0.000968
3384 0.000968
3385 0.000968
3386 0.000967
3387 0.000967
3388 0.000967
3389 0.000967
3390 0.000966
3391 0.000966
3392 0.000966
3393 0.000965
3394 0.000965
3395 0.000965
3396 0.000964
3397 0.000964
3398 0.000964
3399 0.000964
3400 0.000963
3401 0.000963
3402 0.000963
3403 0.000962
3404 0.000962
3405 0.000962
3406 0.000961
3407 0.000961
3408 0.000961
3409 0.000961
3410 0.000960
3411 0.000960
3412 0.000960
3413 0.000959
3414 0.000959
3415 0.000959
3416 0.000959
3417 0.000958
3418 0.000958
3419 0.000958
3420 0.000957
3421 0.000957
3422 0.000957
3423 0.000956
3424 0.000956
3425 0.000956
3426 0.000956
3427 0.000955
3428 0.000955
3429 0.000955
3430 0.000954
3431 0.000954
3432 0.000954
3433 0.000954
3434 0.000953
3435 0.000953
3436 0.000953
3437 0.000952
3438 0.000952
3439 0.000952
3440 0.000951
3441 0.000951
3442 0.000951
3443 0.000951
3444 0.000950
3445 0.000950
3446 0.000950
3447 0.000949
3448 0.000949
3449 0.000949
3450 0.000949
3451 0.000948
3452 0.000948
3453 0.000948
3454 0.000947
3455 0.000947
3456 0.000947
3457 0.000947
3458 0.000946
3459 0.000946
3460 0.000946
3461 0.000945
3462 0.000945
3463 0.000945
3464 0.000945
3465 0.000944
3466 0.000944
3467 0.000944
3468 0.000943
3469 0.000943
3470 0.000943
3471 0.000943
3472 0.000942
3473 0.000942
3474 0.000942
3475 0.000941
3476 0.000941
3477 0.000941
3478 0.000941
3479 0.000940
3480 0.000940
3481 0.000940
3482 0.000939
3483 0.000939
3484 0.000939
3485 0.000939
3486 0.000938
3487 0.000938
3488 0.000938
3489 0.000937
3490 0.000937
3491 0.000937
3492 0.000937
3493 0.000936
3494 0.000936
3495 0.000936
3496 0.000935
3497 0.000935
3498 0.000935
3499 0.000935
3500 0.000934
3501 0.000934
3502 0.000934
3503 0.000934
3504 0.000933
3505 0.000933
3506 0.000933
3507 0.000932
3508 0.000932
3509 0.000932
3510 0.000932
3511 0.000931
3512 0.000931
3513 0.000931
3514 0.000930
3515 0.000930
3516 0.000930
3517 0.000930
3518 0.000929
3519 0.000929
3520 0.000929
3521 0.000929
3522 0.000928
3523 0.000928
3524 0.000928
3525 0.000927
3526 0.000927
3527 0.000927
3528 0.000927
3529 0.000926
3530 0.000926
3531 0.000926
3532 0.000925
3533 0.000925
3534 0.000925
3535 0.000925
3536 0.000924
3537 0.000924
3538 0.000924
3539 0.000924
3540 0.000923
3541 0.000923
3542 0.000923
3543 0.000922
3544 0.000922
3545 0.000922
3546 0.000922
3547 0.000921
3548 0.000921
3549 0.000921
3550 0.000921
3551 0.000920
3552 0.000920
3553 0.000920
3554 0.000919
3555 0.000919
3556 0.000919
3557 0.000919
3558 0.000918
3559 0.000918
3560 0.000918
3561 0.000918
3562 0.000917
3563 0.000917
3564 0.000917
3565 0.000916
3566 0.000916
3567 0.000916
3568 0.000916
3569 0.000915
3570 0.000915
3571 0.000915
3572 0.000915
3573 0.000914
3574 0.000914
3575 0.000914
3576 0.000914
3577 0.000913
3578 0.000913
3579 0.000913
3580 0.000912
3581 0.000912
3582 0.000912
3583 0.000912
3584 0.000911
3585 0.000911
3586 0.000911
3587 0.000911
3588 0.000910
3589 0.000910
3590 0.000910
3591 0.000910
3592 0.000909
3593 0.000909
3594 0.000909
3595 0.000908
3596 0.000908
3597 0.000908
3598 0.000908
3599 0.000907
3600 0.000907
3601 0.000907
3602 0.000907
3603 0.000906
3604 0.000906
3605 0.000906
3606 0.000906
3607 0.000905
3608 0.000905
3609 0.000905
3610 0.000904
3611 0.000904
3612 0.000904
3613 0.000904
3614 0.000903
3615 0.000903
3616 0.000903
3617 0.000903
3618 0.000902
3619 0.000902
3620 0.000902
3621 0.000902
3622 0.000901
3623 0.000901
3624 0.000901
3625 0.000901
3626 0.000900
3627 0.000900
3628 0.000900
3629 0.000900
3630 0.000899
3631 0.000899
3632 0.000899
3633 0.000898
3634 0.000898
3635 0.000898
3636 0.000898
3637 0.000897
3638 0.000897
3639 0.000897
3640 0.000897
3641 0.000896
3642 0.000896
3643 0.000896
3644 0.000896
3645 0.000895
3646 0.000895
3647 0.000895
3648 0.000895
3649 0.000894
3650 0.000894
3651 0.000894
3652 0.000894
3653 0.000893
3654 0.000893
3655 0.000893
3656 0.000893
3657 0.000892
3658 0.000892
3659 0.000892
3660 0.000892
3661 0.000891
3662 0.000891
3663 0.000891
3664 0.000890
3665 0.000890
3666 0.000890
3667 0.000890
3668 0.000889
3669 0.000889
3670 0.000889
3671 0.000889
3672 0.000888
3673 0.000888
3674 0.000888
3675 0.000888
3676 0.000887
3677 0.000887
3678 0.000887
3679 0.000887
3680 0.000886
3681 0.000886
3682 0.000886
3683 0.000886
3684 0.000885
3685 0.000885
3686 0.000885
3687 0.000885
3688 0.000884
3689 0.000884
3690 0.000884
3691 0.000884
3692 0.000883
3693 0.000883
3694 0.000883
3695 0.000883
3696 0.000882
3697 0.000882
3698 0.000882
3699 0.000882
3700 0.000881
3701 0.000881
3702 0.000881
3703 0.000881
3704 0.000880
3705 0.000880
3706 0.000880
3707 0.000880
3708 0.000879
3709 0.000879
3710 0.000879
3711 0.000879
3712 0.000878
3713 0.000878
3714 0.000878
3715 0.000878
3716 0.000877
3717 0.000877
3718 0.000877
3719 0.000877
3720 0.000876
3721 0.000876
3722 0.000876
3723 0.000876
3724 0.000875
3725 0.000875
3726 0.000875
3727 0.000875
3728 0.000874
3729 0.000874
3730 0.000874
3731 0.000874
3732 0.000873
3733 0.000873
3734 0.000873
3735 0.000873
3736 0.000872
3737 0.000872
3738 0.000872
3739 0.000872
3740 0.000871
3741 0.000871
3742 0.000871
3743 0.000871
3744 0.000871
3745 0.000870
3746 0.000870
3747 0.000870
3748 0.000870
3749 0.000869
3750 0.000869
3751 0.000869
3752 0.000869
3753 0.000868
3754 0.000868
3755 0.000868
3756 0.000868
3757 0.000867
3758 0.000867
3759 0.000867
3760 0.000867
3761 0.000866
3762 0.000866
3763 0.000866
3764 0.000866
3765 0.000865
3766 0.000865
3767 0.000865
3768 0.000865
3769 0.000864
3770 0.000864
3771 0.000864
3772 0.000864
3773 0.000863
3774 0.000863
3775 0.000863
3776 0.000863
3777 0.000863
3778 0.000862
3779 0.000862
3780 0.000862
3781 0.000862
3782 0.000861
3783 0.000861
3784 0.000861
3785 0.000861
3786 0.000860
3787 0.000860
3788 0.000860
3789 0.000860
3790 0.000859
3791 0.000859
3792 0.000859
3793 0.000859
3794 0.000858
3795 0.000858
3796 0.000858
3797 0.000858
3798 0.000858
3799 0.000857
3800 0.000857
3801 0.000857
3802 0.000857
3803 0.000856
3804 0.000856
3805 0.000856
3806 0.000856
3807 0.000855
3808 0.000855
3809 0.000855
3810 0.000855
3811 0.000854
3812 0.000854
3813 0.000854
3814 0.000854
3815 0.000854
3816 0.000853
3817 0.000853
3818 0.000853
3819 0.000853
3820 0.000852
3821 0.000852
3822 0.000852
3823 0.000852
3824 0.000851
3825 0.000851
3826 0.000851
3827 0.000851
3828 0.000850
3829 0.000850
3830 0.000850
3831 0.000850
3832 0.000850
3833 0.000849
3834 0.000849
3835 0.000849
3836 0.000849
3837 0.000848
3838 0.000848
3839 0.000848
3840 0.000848
3841 0.000847
3842 0.000847
3843 0.000847
3844 0.000847
3845 0.000847
3846 0.000846
3847 0.000846
3848 0.000846
3849 0.000846
3850 0.000845
3851 0.000845
3852 0.000845
3853 0.000845
3854 0.000844
3855 0.000844
3856 0.000844
3857 0.000844
3858 0.000844
3859 0.000843
3860 0.000843
3861 0.000843
3862 0.000843
3863 0.000842
3864 0.000842
3865 0.000842
3866 0.000842
3867 0.000841
3868 0.000841
3869 0.000841
3870 0.000841
3871 0.000841
3872 0.000840
3873 0.000840
3874 0.000840
3875 0.000840
3876 0.000839
3877 0.000839
3878 0.000839
3879 0.000839
3880 0.000839
3881 0.000838
3882 0.000838
3883 0.000838
3884 0.000838
3885 0.000837
3886 0.000837
3887 0.000837
3888 0.000837
3889 0.000836
3890 0.000836
3891 0.000836
3892 0.000836
3893 0.000836
3894 0.000835
3895 0.000835
3896 0.000835
3897 0.000835
3898 0.000834
3899 0.000834
3900 0.000834
3901 0.000834
3902 0.000834
3903 0.000833
3904 0.000833
3905 0.000833
3906 0.000833
3907 0.000832
3908 0.000832
3909 0.000832
3910 0.000832
3911 0.000832
3912 0.000831
3913 0.000831
3914 0.000831
3915 0.000831
3916 0.000830
3917 0.000830
3918 0.000830
3919 0.000830
3920 0.000830
3921 0.000829
3922 0.000829
3923 0.000829
3924 0.000829
3925 0.000828
3926 0.000828
3927 0.000828
3928 0.000828
3929 0.000828
3930 0.000827
3931 0.000827
3932 0.000827
3933 0.000827
3934 0.000826
3935 0.000826
3936 0.000826
3937 0.000826
3938 0.000826
3939 0.000825
3940 0.000825
3941 0.000825
3942 0.000825
3943 0.000824
3944 0.000824
3945 0.000824
3946 0.000824
3947 0.000824
3948 0.000823
3949 0.000823
3950 0.000823
3951 0.000823
3952 0.000822
3953 0.000822
3954 0.000822
3955 0.000822
3956 0.000822
3957 0.000821
3958 0.000821
3959 0.000821
3960 0.000821
3961 0.000821
3962 0.000820
3963 0.000820
3964 0.000820
3965 0.000820
3966 0.000819
3967 0.000819
3968 0.000819
3969 0.000819
3970 0.000819
3971 0.000818
3972 0.000818
3973 0.000818
3974 0.000818
3975 0.000817
3976 0.000817
3977 0.000817
3978 0.000817
3979 0.000817
3980 0.000816
3981 0.000816
3982 0.000816
3983 0.000816
3984 0.000816
3985 0.000815
3986 0.000815
3987 0.000815
3988 0.000815
3989 0.000814
3990 0.000814
3991 0.000814
3992 0.000814
3993 0.000814
3994 0.000813
3995 0.000813
3996 0.000813
3997 0.000813
3998 0.000813
3999 0.000812
4000 0.000812
4001 0.000812
4002 0.000812
4003 0.000811
4004 0.000811
4005 0.000811
4006 0.000811
4007 0.000811
4008 0.000810
4009 0.000810
4010 0.000810
4011 0.000810
4012 0.000810
4013 0.000809
4014 0.000809
4015 0.000809
4016 0.000809
4017 0.000809
4018 0.000808
4019 0.000808
4020 0.000808
4021 0.000808
4022 0.000807
4023 0.000807
4024 0.000807
4025 0.000807
4026 0.000807
4027 0.000806
4028 0.000806
4029 0.000806
4030 0.000806
4031 0.000806
4032 0.000805
4033 0.000805
4034 0.000805
4035 0.000805
4036 0.000805
4037 0.000804
4038 0.000804
4039 0.000804
4040 0.000804
4041 0.000803
4042 0.000803
4043 0.000803
4044 0.000803
4045 0.000803
4046 0.000802
4047 0.000802
4048 0.000802
4049 0.000802
4050 0.000802
4051 0.000801
4052 0.000801
4053 0.000801
4054 0.000801
4055 0.000801
4056 0.000800
4057 0.000800
4058 0.000800
4059 0.000800
4060 0.000800
4061 0.000799
4062 0.000799
4063 0.000799
4064 0.000799
4065 0.000799
4066 0.000798
4067 0.000798
4068 0.000798
4069 0.000798
4070 0.000797
4071 0.000797
4072 0.000797
4073 0.000797
4074 0.000797
4075 0.000796
4076 0.000796
4077 0.000796
4078 0.000796
4079 0.000796
4080 0.000795
4081 0.000795
4082 0.000795
4083 0.000795
4084 0.000795
4085 0.000794
4086 0.000794
4087 0.000794
4088 0.000794
4089 0.000794
4090 0.000793
4091 0.000793
4092 0.000793
4093 0.000793
4094 0.000793
4095 0.000792
4096 0.000792
4097 0.000792
4098 0.000792
4099 0.000792
4100 0.000791
4101 0.000791
4102 0.000791
4103 0.000791
4104 0.000791
4105 0.000790
4106 0.000790
4107 0.000790
4108 0.000790
4109 0.000790
4110 0.000789
4111 0.000789
4112 0.000789
4113 0.000789
4114 0.000789
4115 0.000788
4116 0.000788
4117 0.000788
4118 0.000788
4119 0.000788
4120 0.000787
4121 0.000787
4122 0.000787
4123 0.000787
4124 0.000787
4125 0.000786
4126 0.000786
4127 0.000786
4128 0.000786
4129 0.000786
4130 0.000785
4131 0.000785
4132 0.000785
4133 0.000785
4134 0.000785
4135 0.000784
4136 0.000784
4137 0.000784
4138 0.000784
4139 0.000784
4140 0.000783
4141 0.000783
4142 0.000783
4143 0.000783
4144 0.000783
4145 0.000782
4146 0.000782
4147 0.000782
4148 0.000782
4149 0.000782
4150 0.000781
4151 0.000781
4152 0.000781
4153 0.000781
4154 0.000781
4155 0.000780
4156 0.000780
4157 0.000780
4158 0.000780
4159 0.000780
4160 0.000779
4161 0.000779
4162 0.000779
4163 0.000779
4164 0.000779
4165 0.000778
4166 0.000778
4167 0.000778
4168 0.000778
4169 0.000778
4170 0.000777
4171 0.000777
4172 0.000777
4173 0.000777
4174 0.000777
4175 0.000776
4176 0.000776
4177 0.000776
4178 0.000776
4179 0.000776
4180 0.000775
4181 0.000775
4182 0.000775
4183 0.000775
4184 0.000775
4185 0.000775
4186 0.000774
4187 0.000774
4188 0.000774
4189 0.000774
4190 0.000774
4191 0.000773
4192 0.000773
4193 0.000773
4194 0.000773
4195 0.000773
4196 0.000772
4197 0.000772
4198 0.000772
4199 0.000772
4200 0.000772
4201 0.000771
4202 0.000771
4203 0.000771
4204 0.000771
4205 0.000771
4206 0.000770
4207 0.000770
4208 0.000770
4209 0.000770
4210 0.000770
4211 0.000769
4212 0.000769
4213 0.000769
4214 0.000769
4215 0.000769
4216 0.000769
4217 0.000768
4218 0.000768
4219 0.000768
4220 0.000768
4221 0.000768
4222 0.000767
4223 0.000767
4224 0.000767
4225 0.000767
4226 0.000767
4227 0.000766
4228 0.000766
4229 0.000766
4230 0.000766
4231 0.000766
4232 0.000765
4233 0.000765
4234 0.000765
4235 0.000765
4236 0.000765
4237 0.000765
4238 0.000764
4239 0.000764
4240 0.000764
4241 0.000764
4242 0.000764
4243 0.000763
4244 0.000763
4245 0.000763
4246 0.000763
4247 0.000763
4248 0.000762
4249 0.000762
4250 0.000762
4251 0.000762
4252 0.000762
4253 0.000762
4254 0.000761
4255 0.000761
4256 0.000761
4257 0.000761
4258 0.000761
4259 0.000760
4260 0.000760
4261 0.000760
4262 0.000760
4263 0.000760
4264 0.000759
4265 0.000759
4266 0.000759
4267 0.000759
4268 0.000759
4269 0.000759
4270 0.000758
4271 0.000758
4272 0.000758
4273 0.000758
4274 0.000758
4275 0.000757
4276 0.000757
4277 0.000757
4278 0.000757
4279 0.000757
4280 0.000756
4281 0.000756
4282 0.000756
4283 0.000756
4284 0.000756
4285 0.000756
4286 0.000755
4287 0.000755
4288 0.000755
4289 0.000755
4290 0.000755
4291 0.000754
4292 0.000754
4293 0.000754
4294 0.000754
4295 0.000754
4296 0.000754
4297 0.000753
4298 0.000753
4299 0.000753
4300 0.000753
4301 0.000753
4302 0.000752
4303 0.000752
4304 0.000752
4305 0.000752
4306 0.000752
4307 0.000752
4308 0.000751
4309 0.000751
4310 0.000751
4311 0.000751
4312 0.000751
4313 0.000750
4314 0.000750
4315 0.000750
4316 0.000750
4317 0.000750
4318 0.000750
4319 0.000749
4320 0.000749
4321 0.000749
4322 0.000749
4323 0.000749
4324 0.000748
4325 0.000748
4326 0.000748
4327 0.000748
4328 0.000748
4329 0.000748
4330 0.000747
4331 0.000747
4332 0.000747
4333 0.000747
4334 0.000747
4335 0.000746
4336 0.000746
4337 0.000746
4338 0.000746
4339 0.000746
4340 0.000746
4341 0.000745
4342 0.000745
4343 0.000745
4344 0.000745
4345 0.000745
4346 0.000744
4347 0.000744
4348 0.000744
4349 0.000744
4350 0.000744
4351 0.000744
4352 0.000743
4353 0.000743
4354 0.000743
4355 0.000743
4356 0.000743
4357 0.000742
4358 0.000742
4359 0.000742
4360 0.000742
4361 0.000742
4362 0.000742
4363 0.000741
4364 0.000741
4365 0.000741
4366 0.000741
4367 0.000741
4368 0.000741
4369 0.000740
4370 0.000740
4371 0.000740
4372 0.000740
4373 0.000740
4374 0.000739
4375 0.000739
4376 0.000739
4377 0.000739
4378 0.000739
4379 0.000739
4380 0.000738
4381 0.000738
4382 0.000738
4383 0.000738
4384 0.000738
4385 0.000738
4386 0.000737
4387 0.000737
4388 0.000737
4389 0.000737
4390 0.000737
4391 0.000736
4392 0.000736
4393 0.000736
4394 0.000736
4395 0.000736
4396 0.000736
4397 0.000735
4398 0.000735
4399 0.000735
4400 0.000735
4401 0.000735
4402 0.000735
4403 0.000734
4404 0.000734
4405 0.000734
4406 0.000734
4407 0.000734
4408 0.000733
4409 0.000733
4410 0.000733
4411 0.000733
4412 0.000733
4413 0.000733
4414 0.000732
4415 0.000732
4416 0.000732
4417 0.000732
4418 0.000732
4419 0.000732
4420 0.000731
4421 0.000731
4422 0.000731
4423 0.000731
4424 0.000731
4425 0.000731
4426 0.000730
4427 0.000730
4428 0.000730
4429 0.000730
4430 0.000730
4431 0.000729
4432 0.000729
4433 0.000729
4434 0.000729
4435 0.000729
4436 0.000729
4437 0.000728
4438 0.000728
4439 0.000728
4440 0.000728
4441 0.000728
4442 0.000728
4443 0.000727
4444 0.000727
4445 0.000727
4446 0.000727
4447 0.000727
4448 0.000727
4449 0.000726
4450 0.000726
4451 0.000726
4452 0.000726
4453 0.000726
4454 0.000726
4455 0.000725
4456 0.000725
4457 0.000725
4458 0.000725
4459 0.000725
4460 0.000725
4461 0.000724
4462 0.000724
4463 0.000724
4464 0.000724
4465 0.000724
4466 0.000724
4467 0.000723
4468 0.000723
4469 0.000723
4470 0.000723
4471 0.000723
4472 0.000722
4473 0.000722
4474 0.000722
4475 0.000722
4476 0.000722
4477 0.000722
4478 0.000721
4479 0.000721
4480 0.000721
4481 0.000721
4482 0.000721
4483 0.000721
4484 0.000720
4485 0.000720
4486 0.000720
4487 0.000720
4488 0.000720
4489 0.000720
4490 0.000719
4491 0.000719
4492 0.000719
4493 0.000719
4494 0.000719
4495 0.000719
4496 0.000718
4497 0.000718
4498 0.000718
4499 0.000718
4500 0.000718
4501 0.000718
4502 0.000717
4503 0.000717
4504 0.000717
4505 0.000717
4506 0.000717
4507 0.000717
4508 0.000716
4509 0.000716
4510 0.000716
4511 0.000716
4512 0.000716
4513 0.000716
4514 0.000715
4515 0.000715
4516 0.000715
4517 0.000715
4518 0.000715
4519 0.000715
4520 0.000714
4521 0.000714
4522 0.000714
4523 0.000714
4524 0.000714
4525 0.000714
4526 0.000713
4527 0.000713
4528 0.000713
4529 0.000713
4530 0.000713
4531 0.000713
4532 0.000712
4533 0.000712
4534 0.000712
4535 0.000712
4536 0.000712
4537 0.000712
4538 0.000711
4539 0.000711
4540 0.000711
4541 0.000711
4542 0.000711
4543 0.000711
4544 0.000710
4545 0.000710
4546 0.000710
4547 0.000710
4548 0.000710
4549 0.000710
4550 0.000710
4551 0.000709
4552 0.000709
4553 0.000709
4554 0.000709
4555 0.000709
4556 0.000709
4557 0.000708
4558 0.000708
4559 0.000708
4560 0.000708
4561 0.000708
4562 0.000708
4563 0.000707
4564 0.000707
4565 0.000707
4566 0.000707
4567 0.000707
4568 0.000707
4569 0.000706
4570 0.000706
4571 0.000706
4572 0.000706
4573 0.000706
4574 0.000706
4575 0.000705
4576 0.000705
4577 0.000705
4578 0.000705
4579 0.000705
4580 0.000705
4581 0.000704
4582 0.000704
4583 0.000704
4584 0.000704
4585 0.000704
4586 0.000704
4587 0.000704
4588 0.000703
4589 0.000703
4590 0.000703
4591 0.000703
4592 0.000703
4593 0.000703
4594 0.000702
4595 0.000702
4596 0.000702
4597 0.000702
4598 0.000702
4599 0.000702
4600 0.000701
4601 0.000701
4602 0.000701
4603 0.000701
4604 0.000701
4605 0.000701
4606 0.000700
4607 0.000700
4608 0.000700
4609 0.000700
4610 0.000700
4611 0.000700
4612 0.000700
4613 0.000699
4614 0.000699
4615 0.000699
4616 0.000699
4617 0.000699
4618 0.000699
4619 0.000698
4620 0.000698
4621 0.000698
4622 0.000698
4623 0.000698
4624 0.000698
4625 0.000697
4626 0.000697
4627 0.000697
4628 0.000697
4629 0.000697
4630 0.000697
4631 0.000697
4632 0.000696
4633 0.000696
4634 0.000696
4635 0.000696
4636 0.000696
4637 0.000696
4638 0.000695
4639 0.000695
4640 0.000695
4641 0.000695
4642 0.000695
4643 0.000695
4644 0.000694
4645 0.000694
4646 0.000694
4647 0.000694
4648 0.000694
4649 0.000694
4650 0.000694
4651 0.000693
4652 0.000693
4653 0.000693
4654 0.000693
4655 0.000693
4656 0.000693
4657 0.000692
4658 0.000692
4659 0.000692
4660 0.000692
4661 0.000692
4662 0.000692
4663 0.000692
4664 0.000691
4665 0.000691
4666 0.000691
4667 0.000691
4668 0.000691
4669 0.000691
4670 0.000690
4671 0.000690
4672 0.000690
4673 0.000690
4674 0.000690
4675 0.000690
4676 0.000690
4677 0.000689
4678 0.000689
4679 0.000689
4680 0.000689
4681 0.000689
4682 0.000689
4683 0.000688
4684 0.000688
4685 0.000688
4686 0.000688
4687 0.000688
4688 0.000688
4689 0.000688
4690 0.000687
4691 0.000687
4692 0.000687
4693 0.000687
4694 0.000687
4695 0.000687
4696 0.000686
4697 0.000686
4698 0.000686
4699 0.000686
4700 0.000686
4701 0.000686
4702 0.000686
4703 0.000685
4704 0.000685
4705 0.000685
4706 0.000685
4707 0.000685
4708 0.000685
4709 0.000684
4710 0.000684
4711 0.000684
4712 0.000684
4713 0.000684
4714 0.000684
4715 0.000684
4716 0.000683
4717 0.000683
4718 0.000683
4719 0.000683
4720 0.000683
4721 0.000683
4722 0.000682
4723 0.000682
4724 0.000682
4725 0.000682
4726 0.000682
4727 0.000682
4728 0.000682
4729 0.000681
4730 0.000681
4731 0.000681
4732 0.000681
4733 0.000681
4734 0.000681
4735 0.000681
4736 0.000680
4737 0.000680
4738 0.000680
4739 0.000680
4740 0.000680
4741 0.000680
4742 0.000679
4743 0.000679
4744 0.000679
4745 0.000679
4746 0.000679
4747 0.000679
4748 0.000679
4749 0.000678
4750 0.000678
4751 0.000678
4752 0.000678
4753 0.000678
4754 0.000678
4755 0.000678
4756 0.000677
4757 0.000677
4758 0.000677
4759 0.000677
4760 0.000677
4761 0.000677
4762 0.000676
4763 0.000676
4764 0.000676
4765 0.000676
4766 0.000676
4767 0.000676
4768 0.000676
4769 0.000675
4770 0.000675
4771 0.000675
4772 0.000675
4773 0.000675
4774 0.000675
4775 0.000675
4776 0.000674
4777 0.000674
4778 0.000674
4779 0.000674
4780 0.000674
4781 0.000674
4782 0.000674
4783 0.000673
4784 0.000673
4785 0.000673
4786 0.000673
4787 0.000673
4788 0.000673
4789 0.000672
4790 0.000672
4791 0.000672
4792 0.000672
4793 0.000672
4794 0.000672
4795 0.000672
4796 0.000671
4797 0.000671
4798 0.000671
4799 0.000671
4800 0.000671
4801 0.000671
4802 0.000671
4803 0.000670
4804 0.000670
4805 0.000670
4806 0.000670
4807 0.000670
4808 0.000670
4809 0.000670
4810 0.000669
4811 0.000669
4812 0.000669
4813 0.000669
4814 0.000669
4815 0.000669
4816 0.000669
4817 0.000668
4818 0.000668
4819 0.000668
4820 0.000668
4821 0.000668
4822 0.000668
4823 0.000668
4824 0.000667
4825 0.000667
4826 0.000667
4827 0.000667
4828 0.000667
4829 0.000667
4830 0.000666
4831 0.000666
4832 0.000666
4833 0.000666
4834 0.000666
4835 0.000666
4836 0.000666
4837 0.000665
4838 0.000665
4839 0.000665
4840 0.000665
4841 0.000665
4842 0.000665
4843 0.000665
4844 0.000664
4845 0.000664
4846 0.000664
4847 0.000664
4848 0.000664
4849 0.000664
4850 0.000664
4851 0.000663
4852 0.000663
4853 0.000663
4854 0.000663
4855 0.000663
4856 0.000663
4857 0.000663
4858 0.000662
4859 0.000662
4860 0.000662
4861 0.000662
4862 0.000662
4863 0.000662
4864 0.000662
4865 0.000661
4866 0.000661
4867 0.000661
4868 0.000661
4869 0.000661
4870 0.000661
4871 0.000661
4872 0.000660
4873 0.000660
4874 0.000660
4875 0.000660
4876 0.000660
4877 0.000660
4878 0.000660
4879 0.000659
4880 0.000659
4881 0.000659
4882 0.000659
4883 0.000659
4884 0.000659
4885 0.000659
4886 0.000659
4887 0.000658
4888 0.000658
4889 0.000658
4890 0.000658
4891 0.000658
4892 0.000658
4893 0.000658
4894 0.000657
4895 0.000657
4896 0.000657
4897 0.000657
4898 0.000657
4899 0.000657
4900 0.000657
4901 0.000656
4902 0.000656
4903 0.000656
4904 0.000656
4905 0.000656
4906 0.000656
4907 0.000656
4908 0.000655
4909 0.000655
4910 0.000655
4911 0.000655
4912 0.000655
4913 0.000655
4914 0.000655
4915 0.000654
4916 0.000654
4917 0.000654
4918 0.000654
4919 0.000654
4920 0.000654
4921 0.000654
4922 0.000653
4923 0.000653
4924 0.000653
4925 0.000653
4926 0.000653
4927 0.000653
4928 0.000653
4929 0.000652
4930 0.000652
4931 0.000652
4932 0.000652
4933 0.000652
4934 0.000652
4935 0.000652
4936 0.000652
4937 0.000651
4938 0.000651
4939 0.000651
4940 0.000651
4941 0.000651
4942 0.000651
4943 0.000651
4944 0.000650
4945 0.000650
4946 0.000650
4947 0.000650
4948 0.000650
4949 0.000650
4950 0.000650
4951 0.000649
4952 0.000649
4953 0.000649
4954 0.000649
4955 0.000649
4956 0.000649
4957 0.000649
4958 0.000648
4959 0.000648
4960 0.000648
4961 0.000648
4962 0.000648
4963 0.000648
4964 0.000648
4965 0.000648
4966 0.000647
4967 0.000647
4968 0.000647
4969 0.000647
4970 0.000647
4971 0.000647
4972 0.000647
4973 0.000646
4974 0.000646
4975 0.000646
4976 0.000646
4977 0.000646
4978 0.000646
4979 0.000646
4980 0.000645
4981 0.000645
4982 0.000645
4983 0.000645
4984 0.000645
4985 0.000645
4986 0.000645
4987 0.000645
4988 0.000644
4989 0.000644
4990 0.000644
4991 0.000644
4992 0.000644
4993 0.000644
4994 0.000644
4995 0.000643
4996 0.000643
4997 0.000643
4998 0.000643
4999 0.000643
5000 0.000643
5001 0.000643
5002 0.000643
5003 0.000642
5004 0.000642
5005 0.000642
5006 0.000642
5007 0.000642
5008 0.000642
5009 0.000642
5010 0.000641
5011 0.000641
5012 0.000641
5013 0.000641
5014 0.000641
5015 0.000641
5016 0.000641
5017 0.000641
5018 0.000640
5019 0.000640
5020 0.000640
5021 0.000640
5022 0.000640
5023 0.000640
5024 0.000640
5025 0.000639
5026 0.000639
5027 0.000639
5028 0.000639
5029 0.000639
5030 0.000639
5031 0.000639
5032 0.000639
5033 0.000638
5034 0.000638
5035 0.000638
5036 0.000638
5037 0.000638
5038 0.000638
5039 0.000638
5040 0.000637
5041 0.000637
5042 0.000637
5043 0.000637
5044 0.000637
5045 0.000637
5046 0.000637
5047 0.000637
5048 0.000636
5049 0.000636
5050 0.000636
5051 0.000636
5052 0.000636
5053 0.000636
5054 0.000636
5055 0.000635
5056 0.000635
5057 0.000635
5058 0.000635
5059 0.000635
5060 0.000635
5061 0.000635
5062 0.000635
5063 0.000634
5064 0.000634
5065 0.000634
5066 0.000634
5067 0.000634
5068 0.000634
5069 0.000634
5070 0.000634
5071 0.000633
5072 0.000633
5073 0.000633
5074 0.000633
5075 0.000633
5076 0.000633
5077 0.000633
5078 0.000632
5079 0.000632
5080 0.000632
5081 0.000632
5082 0.000632
5083 0.000632
5084 0.000632
5085 0.000632
5086 0.000631
5087 0.000631
5088 0.000631
5089 0.000631
5090 0.000631
5091 0.000631
5092 0.000631
5093 0.000631
5094 0.000630
5095 0.000630
5096 0.000630
5097 0.000630
5098 0.000630
5099 0.000630
5100 0.000630
5101 0.000629
5102 0.000629
5103 0.000629
5104 0.000629
5105 0.000629
5106 0.000629
5107 0.000629
5108 0.000629
5109 0.000628
5110 0.000628
5111 0.000628
5112 0.000628
5113 0.000628
5114 0.000628
5115 0.000628
5116 0.000628
5117 0.000627
5118 0.000627
5119 0.000627
5120 0.000627
5121 0.000627
5122 0.000627
5123 0.000627
5124 0.000627
5125 0.000626
5126 0.000626
5127 0.000626
5128 0.000626
5129 0.000626
5130 0.000626
5131 0.000626
5132 0.000626
5133 0.000625
5134 0.000625
5135 0.000625
5136 0.000625
5137 0.000625
5138 0.000625
5139 0.000625
5140 0.000624
5141 0.000624
5142 0.000624
5143 0.000624
5144 0.000624
5145 0.000624
5146 0.000624
5147 0.000624
5148 0.000623
5149 0.000623
5150 0.000623
5151 0.000623
5152 0.000623
5153 0.000623
5154 0.000623
5155 0.000623
5156 0.000622
5157 0.000622
5158 0.000622
5159 0.000622
5160 0.000622
5161 0.000622
5162 0.000622
5163 0.000622
5164 0.000621
5165 0.000621
5166 0.000621
5167 0.000621
5168 0.000621
5169 0.000621
5170 0.000621
5171 0.000621
5172 0.000620
5173 0.000620
5174 0.000620
5175 0.000620
5176 0.000620
5177 0.000620
5178 0.000620
5179 0.000620
5180 0.000619
5181 0.000619
5182 0.000619
5183 0.000619
5184 0.000619
5185 0.000619
5186 0.000619
5187 0.000619
5188 0.000618
5189 0.000618
5190 0.000618
5191 0.000618
5192 0.000618
5193 0.000618
5194 0.000618
5195 0.000618
5196 0.000617
5197 0.000617
5198 0.000617
5199 0.000617
5200 0.000617
5201 0.000617
5202 0.000617
5203 0.000617
5204 0.000616
5205 0.000616
5206 0.000616
5207 0.000616
5208 0.000616
5209 0.000616
5210 0.000616
5211 0.000616
5212 0.000615
5213 0.000615
5214 0.000615
5215 0.000615
5216 0.000615
5217 0.000615
5218 0.000615
5219 0.000615
5220 0.000614
5221 0.000614
5222 0.000614
5223 0.000614
5224 0.000614
5225 0.000614
5226 0.000614
5227 0.000614
5228 0.000613
5229 0.000613
5230 0.000613
5231 0.000613
5232 0.000613
5233 0.000613
5234 0.000613
5235 0.000613
5236 0.000613
5237 0.000612
5238 0.000612
5239 0.000612
5240 0.000612
5241 0.000612
5242 0.000612
5243 0.000612
5244 0.000612
5245 0.000611
5246 0.000611
5247 0.000611
5248 0.000611
5249 0.000611
5250 0.000611
5251 0.000611
5252 0.000611
5253 0.000610
5254 0.000610
5255 0.000610
5256 0.000610
5257 0.000610
5258 0.000610
5259 0.000610
5260 0.000610
5261 0.000609
5262 0.000609
5263 0.000609
5264 0.000609
5265 0.000609
5266 0.000609
5267 0.000609
5268 0.000609
5269 0.000608
5270 0.000608
5271 0.000608
5272 0.000608
5273 0.000608
5274 0.000608
5275 0.000608
5276 0.000608
5277 0.000608
5278 0.000607
5279 0.000607
5280 0.000607
5281 0.000607
5282 0.000607
5283 0.000607
5284 0.000607
5285 0.000607
5286 0.000606
5287 0.000606
5288 0.000606
5289 0.000606
5290 0.000606
5291 0.000606
5292 0.000606
5293 0.000606
5294 0.000605
5295 0.000605
5296 0.000605
5297 0.000605
5298 0.000605
5299 0.000605
5300 0.000605
5301 0.000605
5302 0.000605
5303 0.000604
5304 0.000604
5305 0.000604
5306 0.000604
5307 0.000604
5308 0.000604
5309 0.000604
5310 0.000604
5311 0.000603
5312 0.000603
5313 0.000603
5314 0.000603
5315 0.000603
5316 0.000603
5317 0.000603
5318 0.000603
5319 0.000603
5320 0.000602
5321 0.000602
5322 0.000602
5323 0.000602
5324 0.000602
5325 0.000602
5326 0.000602
5327 0.000602
5328 0.000601
5329 0.000601
5330 0.000601
5331 0.000601
5332 0.000601
5333 0.000601
5334 0.000601
5335 0.000601
5336 0.000601
5337 0.000600
5338 0.000600
5339 0.000600
5340 0.000600
5341 0.000600
5342 0.000600
5343 0.000600
5344 0.000600
5345 0.000599
5346 0.000599
5347 0.000599
5348 0.000599
5349 0.000599
5350 0.000599
5351 0.000599
5352 0.000599
5353 0.000599
5354 0.000598
5355 0.000598
5356 0.000598
5357 0.000598
5358 0.000598
5359 0.000598
5360 0.000598
5361 0.000598
5362 0.000597
5363 0.000597
5364 0.000597
5365 0.000597
5366 0.000597
5367 0.000597
5368 0.000597
5369 0.000597
5370 0.000597
5371 0.000596
5372 0.000596
5373 0.000596
5374 0.000596
5375 0.000596
5376 0.000596
5377 0.000596
5378 0.000596
5379 0.000595
5380 0.000595
5381 0.000595
5382 0.000595
5383 0.000595
5384 0.000595
5385 0.000595
5386 0.000595
5387 0.000595
5388 0.000594
5389 0.000594
5390 0.000594
5391 0.000594
5392 0.000594
5393 0.000594
5394 0.000594
5395 0.000594
5396 0.000594
5397 0.000593
5398 0.000593
5399 0.000593
5400 0.000593
5401 0.000593
5402 0.000593
5403 0.000593
5404 0.000593
5405 0.000592
5406 0.000592
5407 0.000592
5408 0.000592
5409 0.000592
5410 0.000592
5411 0.000592
5412 0.000592
5413 0.000592
5414 0.000591
5415 0.000591
5416 0.000591
5417 0.000591
5418 0.000591
5419 0.000591
5420 0.000591
5421 0.000591
5422 0.000591
5423 0.000590
5424 0.000590
5425 0.000590
5426 0.000590
5427 0.000590
5428 0.000590
5429 0.000590
5430 0.000590
5431 0.000590
5432 0.000589
5433 0.000589
5434 0.000589
5435 0.000589
5436 0.000589
5437 0.000589
5438 0.000589
5439 0.000589
5440 0.000589
5441 0.000588
5442 0.000588
5443 0.000588
5444 0.000588
5445 0.000588
5446 0.000588
5447 0.000588
5448 0.000588
5449 0.000587
5450 0.000587
5451 0.000587
5452 0.000587
5453 0.000587
5454 0.000587
5455 0.000587
5456 0.000587
5457 0.000587
5458 0.000586
5459 0.000586
5460 0.000586
5461 0.000586
5462 0.000586
5463 0.000586
5464 0.000586
5465 0.000586
5466 0.000586
5467 0.000585
5468 0.000585
5469 0.000585
5470 0.000585
5471 0.000585
5472 0.000585
5473 0.000585
5474 0.000585
5475 0.000585
5476 0.000584
5477 0.000584
5478 0.000584
5479 0.000584
5480 0.000584
5481 0.000584
5482 0.000584
5483 0.000584
5484 0.000584
5485 0.000583
5486 0.000583
5487 0.000583
5488 0.000583
5489 0.000583
5490 0.000583
5491 0.000583
5492 0.000583
5493 0.000583
5494 0.000582
5495 0.000582
5496 0.000582
5497 0.000582
5498 0.000582
5499 0.000582
5500 0.000582
5501 0.000582
5502 0.000582
5503 0.000581
5504 0.000581
5505 0.000581
5506 0.000581
5507 0.000581
5508 0.000581
5509 0.000581
5510 0.000581
5511 0.000581
5512 0.000580
5513 0.000580
5514 0.000580
5515 0.000580
5516 0.000580
5517 0.000580
5518 0.000580
5519 0.000580
5520 0.000580
5521 0.000579
5522 0.000579
5523 0.000579
5524 0.000579
5525 0.000579
5526 0.000579
5527 0.000579
5528 0.000579
5529 0.000579
5530 0.000578
5531 0.000578
5532 0.000578
5533 0.000578
5534 0.000578
5535 0.000578
5536 0.000578
5537 0.000578
5538 0.000578
5539 0.000578
5540 0.000577
5541 0.000577
5542 0.000577
5543 0.000577
5544 0.000577
5545 0.000577
5546 0.000577
5547 0.000577
5548 0.000577
5549 0.000576
5550 0.000576
5551 0.000576
5552 0.000576
5553 0.000576
5554 0.000576
5555 0.000576
5556 0.000576
5557 0.000576
5558 0.000575
5559 0.000575
5560 0.000575
5561 0.000575
5562 0.000575
5563 0.000575
5564 0.000575
5565 0.000575
5566 0.000575
5567 0.000574
5568 0.000574
5569 0.000574
5570 0.000574
5571 0.000574
5572 0.000574
5573 0.000574
5574 0.000574
5575 0.000574
5576 0.000574
5577 0.000573
5578 0.000573
5579 0.000573
5580 0.000573
5581 0.000573
5582 0.000573
5583 0.000573
5584 0.000573
5585 0.000573
5586 0.000572
5587 0.000572
5588 0.000572
5589 0.000572
5590 0.000572
5591 0.000572
5592 0.000572
5593 0.000572
5594 0.000572
5595 0.000571
5596 0.000571
5597 0.000571
5598 0.000571
5599 0.000571
5600 0.000571
5601 0.000571
5602 0.000571
5603 0.000571
5604 0.000571
5605 0.000570
5606 0.000570
5607 0.000570
5608 0.000570
5609 0.000570
5610 0.000570
5611 0.000570
5612 0.000570
5613 0.000570
5614 0.000569
5615 0.000569
5616 0.000569
5617 0.000569
5618 0.000569
5619 0.000569
5620 0.000569
5621 0.000569
5622 0.000569
5623 0.000568
5624 0.000568
5625 0.000568
5626 0.000568
5627 0.000568
5628 0.000568
5629 0.000568
5630 0.000568
5631 0.000568
5632 0.000568
5633 0.000567
5634 0.000567
5635 0.000567
5636 0.000567
5637 0.000567
5638 0.000567
5639 0.000567
5640 0.000567
5641 0.000567
5642 0.000566
5643 0.000566
5644 0.000566
5645 0.000566
5646 0.000566
5647 0.000566
5648 0.000566
5649 0.000566
5650 0.000566
5651 0.000566
5652 0.000565
5653 0.000565
5654 0.000565
5655 0.000565
5656 0.000565
5657 0.000565
5658 0.000565
5659 0.000565
5660 0.000565
5661 0.000565
5662 0.000564
5663 0.000564
5664 0.000564
5665 0.000564
5666 0.000564
5667 0.000564
5668 0.000564
5669 0.000564
5670 0.000564
5671 0.000563
5672 0.000563
5673 0.000563
5674 0.000563
5675 0.000563
5676 0.000563
5677 0.000563
5678 0.000563
5679 0.000563
5680 0.000563
5681 0.000562
5682 0.000562
5683 0.000562
5684 0.000562
5685 0.000562
5686 0.000562
5687 0.000562
5688 0.000562
5689 0.000562
5690 0.000562
5691 0.000561
5692 0.000561
5693 0.000561
5694 0.000561
5695 0.000561
5696 0.000561
5697 0.000561
5698 0.000561
5699 0.000561
5700 0.000560
5701 0.000560
5702 0.000560
5703 0.000560
5704 0.000560
5705 0.000560
5706 0.000560
5707 0.000560
5708 0.000560
5709 0.000560
5710 0.000559
5711 0.000559
5712 0.000559
5713 0.000559
5714 0.000559
5715 0.000559
5716 0.000559
5717 0.000559
5718 0.000559
5719 0.000559
5720 0.000558
5721 0.000558
5722 0.000558
5723 0.000558
5724 0.000558
5725 0.000558
5726 0.000558
5727 0.000558
5728 0.000558
5729 0.000558
5730 0.000557
5731 0.000557
5732 0.000557
5733 0.000557
5734 0.000557
5735 0.000557
5736 0.000557
5737 0.000557
5738 0.000557
5739 0.000556
5740 0.000556
5741 0.000556
5742 0.000556
5743 0.000556
5744 0.000556
5745 0.000556
5746 0.000556
5747 0.000556
5748 0.000556
5749 0.000555
5750 0.000555
5751 0.000555
5752 0.000555
5753 0.000555
5754 0.000555
5755 0.000555
5756 0.000555
5757 0.000555
5758 0.000555
5759 0.000554
5760 0.000554
5761 0.000554
5762 0.000554
5763 0.000554
5764 0.000554
5765 0.000554
5766 0.000554
5767 0.000554
5768 0.000554
5769 0.000553
5770 0.000553
5771 0.000553
5772 0.000553
5773 0.000553
5774 0.000553
5775 0.000553
5776 0.000553
5777 0.000553
5778 0.000553
5779 0.000552
5780 0.000552
5781 0.000552
5782 0.000552
5783 0.000552
5784 0.000552
5785 0.000552
5786 0.000552
5787 0.000552
5788 0.000552
5789 0.000551
5790 0.000551
5791 0.000551
5792 0.000551
5793 0.000551
5794 0.000551
5795 0.000551
5796 0.000551
5797 0.000551
5798 0.000551
5799 0.000550
5800 0.000550
5801 0.000550
5802 0.000550
5803 0.000550
5804 0.000550
5805 0.000550
5806 0.000550
5807 0.000550
5808 0.000550
5809 0.000549
5810 0.000549
5811 0.000549
5812 0.000549
5813 0.000549
5814 0.000549
5815 0.000549
5816 0.000549
5817 0.000549
5818 0.000549
5819 0.000548
5820 0.000548
5821 0.000548
5822 0.000548
5823 0.000548
5824 0.000548
5825 0.000548
5826 0.000548
5827 0.000548
5828 0.000548
5829 0.000548
5830 0.000547
5831 0.000547
5832 0.000547
5833 0.000547
5834 0.000547
5835 0.000547
5836 0.000547
5837 0.000547
5838 0.000547
5839 0.000547
5840 0.000546
5841 0.000546
5842 0.000546
5843 0.000546
5844 0.000546
5845 0.000546
5846 0.000546
5847 0.000546
5848 0.000546
5849 0.000546
5850 0.000545
5851 0.000545
5852 0.000545
5853 0.000545
5854 0.000545
5855 0.000545
5856 0.000545
5857 0.000545
5858 0.000545
5859 0.000545
5860 0.000544
5861 0.000544
5862 0.000544
5863 0.000544
5864 0.000544
5865 0.000544
5866 0.000544
5867 0.000544
5868 0.000544
5869 0.000544
5870 0.000544
5871 0.000543
5872 0.000543
5873 0.000543
5874 0.000543
5875 0.000543
5876 0.000543
5877 0.000543
5878 0.000543
5879 0.000543
5880 0.000543
5881 0.000542
5882 0.000542
5883 0.000542
5884 0.000542
5885 0.000542
5886 0.000542
5887 0.000542
5888 0.000542
5889 0.000542
5890 0.000542
5891 0.000541
5892 0.000541
5893 0.000541
5894 0.000541
5895 0.000541
5896 0.000541
5897 0.000541
5898 0.000541
5899 0.000541
5900 0.000541
5901 0.000541
5902 0.000540
5903 0.000540
5904 0.000540
5905 0.000540
5906 0.000540
5907 0.000540
5908 0.000540
5909 0.000540
5910 0.000540
5911 0.000540
5912 0.000539
5913 0.000539
5914 0.000539
5915 0.000539
5916 0.000539
5917 0.000539
5918 0.000539
5919 0.000539
5920 0.000539
5921 0.000539
5922 0.000539
5923 0.000538
5924 0.000538
5925 0.000538
5926 0.000538
5927 0.000538
5928 0.000538
5929 0.000538
5930 0.000538
5931 0.000538
5932 0.000538
5933 0.000537
5934 0.000537
5935 0.000537
5936 0.000537
5937 0.000537
5938 0.000537
5939 0.000537
5940 0.000537
5941 0.000537
5942 0.000537
5943 0.000537
5944 0.000536
5945 0.000536
5946 0.000536
5947 0.000536
5948 0.000536
5949 0.000536
5950 0.000536
5951 0.000536
5952 0.000536
5953 0.000536
5954 0.000536
5955 0.000535
5956 0.000535
5957 0.000535
5958 0.000535
5959 0.000535
5960 0.000535
5961 0.000535
5962 0.000535
5963 0.000535
5964 0.000535
5965 0.000534
5966 0.000534
5967 0.000534
5968 0.000534
5969 0.000534
5970 0.000534
5971 0.000534
5972 0.000534
5973 0.000534
5974 0.000534
5975 0.000534
5976 0.000533
5977 0.000533
5978 0.000533
5979 0.000533
5980 0.000533
5981 0.000533
5982 0.000533
5983 0.000533
5984 0.000533
5985 0.000533
5986 0.000533
5987 0.000532
5988 0.000532
5989 0.000532
5990 0.000532
5991 0.000532
5992 0.000532
5993 0.000532
5994 0.000532
5995 0.000532
5996 0.000532
5997 0.000531
5998 0.000531
5999 0.000531
6000 0.000531
6001 0.000531
6002 0.000531
6003 0.000531
6004 0.000531
6005 0.000531
6006 0.000531
6007 0.000531
6008 0.000530
6009 0.000530
6010 0.000530
6011 0.000530
6012 0.000530
6013 0.000530
6014 0.000530
6015 0.000530
6016 0.000530
6017 0.000530
6018 0.000530
6019 0.000529
6020 0.000529
6021 0.000529
6022 0.000529
6023 0.000529
6024 0.000529
6025 0.000529
6026 0.000529
6027 0.000529
6028 0.000529
6029 0.000529
6030 0.000528
6031 0.000528
6032 0.000528
6033 0.000528
6034 0.000528
6035 0.000528
6036 0.000528
6037 0.000528
6038 0.000528
6039 0.000528
6040 0.000528
6041 0.000527
6042 0.000527
6043 0.000527
6044 0.000527
6045 0.000527
6046 0.000527
6047 0.000527
6048 0.000527
6049 0.000527
6050 0.000527
6051 0.000527
6052 0.000526
6053 0.000526
6054 0.000526
6055 0.000526
6056 0.000526
6057 0.000526
6058 0.000526
6059 0.000526
6060 0.000526
6061 0.000526
6062 0.000526
6063 0.000525
6064 0.000525
6065 0.000525
6066 0.000525
6067 0.000525
6068 0.000525
6069 0.000525
6070 0.000525
6071 0.000525
6072 0.000525
6073 0.000525
6074 0.000524
6075 0.000524
6076 0.000524
6077 0.000524
6078 0.000524
6079 0.000524
6080 0.000524
6081 0.000524
6082 0.000524
6083 0.000524
6084 0.000524
6085 0.000523
6086 0.000523
6087 0.000523
6088 0.000523
6089 0.000523
6090 0.000523
6091 0.000523
6092 0.000523
6093 0.000523
6094 0.000523
6095 0.000523
6096 0.000522
6097 0.000522
6098 0.000522
6099 0.000522
6100 0.000522
6101 0.000522
6102 0.000522
6103 0.000522
6104 0.000522
6105 0.000522
6106 0.000522
6107 0.000522
6108 0.000521
6109 0.000521
6110 0.000521
6111 0.000521
6112 0.000521
6113 0.000521
6114 0.000521
6115 0.000521
6116 0.000521
6117 0.000521
6118 0.000521
6119 0.000520
6120 0.000520
6121 0.000520
6122 0.000520
6123 0.000520
6124 0.000520
6125 0.000520
6126 0.000520
6127 0.000520
6128 0.000520
6129 0.000520
6130 0.000519
6131 0.000519
6132 0.000519
6133 0.000519
6134 0.000519
6135 0.000519
6136 0.000519
6137 0.000519
6138 0.000519
6139 0.000519
6140 0.000519
6141 0.000518
6142 0.000518
6143 0.000518
6144 0.000518
6145 0.000518
6146 0.000518
6147 0.000518
6148 0.000518
6149 0.000518
6150 0.000518
6151 0.000518
6152 0.000518
6153 0.000517
6154 0.000517
6155 0.000517
6156 0.000517
6157 0.000517
6158 0.000517
6159 0.000517
6160 0.000517
6161 0.000517
6162 0.000517
6163 0.000517
6164 0.000516
6165 0.000516
6166 0.000516
6167 0.000516
6168 0.000516
6169 0.000516
6170 0.000516
6171 0.000516
6172 0.000516
6173 0.000516
6174 0.000516
6175 0.000516
6176 0.000515
6177 0.000515
6178 0.000515
6179 0.000515
6180 0.000515
6181 0.000515
6182 0.000515
6183 0.000515
6184 0.000515
6185 0.000515
6186 0.000515
6187 0.000514
6188 0.000514
6189 0.000514
6190 0.000514
6191 0.000514
6192 0.000514
6193 0.000514
6194 0.000514
6195 0.000514
6196 0.000514
6197 0.000514
6198 0.000514
6199 0.000513
6200 0.000513
6201 0.000513
6202 0.000513
6203 0.000513
6204 0.000513
6205 0.000513
6206 0.000513
6207 0.000513
6208 0.000513
6209 0.000513
6210 0.000512
6211 0.000512
6212 0.000512
6213 0.000512
6214 0.000512
6215 0.000512
6216 0.000512
6217 0.000512
6218 0.000512
6219 0.000512
6220 0.000512
6221 0.000512
6222 0.000511
6223 0.000511
6224 0.000511
6225 0.000511
6226 0.000511
6227 0.000511
6228 0.000511
6229 0.000511
6230 0.000511
6231 0.000511
6232 0.000511
6233 0.000510
6234 0.000510
6235 0.000510
6236 0.000510
6237 0.000510
6238 0.000510
6239 0.000510
6240 0.000510
6241 0.000510
6242 0.000510
6243 0.000510
6244 0.000510
6245 0.000509
6246 0.000509
6247 0.000509
6248 0.000509
6249 0.000509
6250 0.000509
6251 0.000509
6252 0.000509
6253 0.000509
6254 0.000509
6255 0.000509
6256 0.000509
6257 0.000508
6258 0.000508
6259 0.000508
6260 0.000508
6261 0.000508
6262 0.000508
6263 0.000508
6264 0.000508
6265 0.000508
6266 0.000508
6267 0.000508
6268 0.000508
6269 0.000507
6270 0.000507
6271 0.000507
6272 0.000507
6273 0.000507
6274 0.000507
6275 0.000507
6276 0.000507
6277 0.000507
6278 0.000507
6279 0.000507
6280 0.000507
6281 0.000506
6282 0.000506
6283 0.000506
6284 0.000506
6285 0.000506
6286 0.000506
6287 0.000506
6288 0.000506
6289 0.000506
6290 0.000506
6291 0.000506
6292 0.000505
6293 0.000505
6294 0.000505
6295 0.000505
6296 0.000505
6297 0.000505
6298 0.000505
6299 0.000505
6300 0.000505
6301 0.000505
6302 0.000505
6303 0.000505
6304 0.000504
6305 0.000504
6306 0.000504
6307 0.000504
6308 0.000504
6309 0.000504
6310 0.000504
6311 0.000504
6312 0.000504
6313 0.000504
6314 0.000504
6315 0.000504
6316 0.000503
6317 0.000503
6318 0.000503
6319 0.000503
6320 0.000503
6321 0.000503
6322 0.000503
6323 0.000503
6324 0.000503
6325 0.000503
6326 0.000503
6327 0.000503
6328 0.000502
6329 0.000502
6330 0.000502
6331 0.000502
6332 0.000502
6333 0.000502
6334 0.000502
6335 0.000502
6336 0.000502
6337 0.000502
6338 0.000502
6339 0.000502
6340 0.000502
6341 0.000501
6342 0.000501
6343 0.000501
6344 0.000501
6345 0.000501
6346 0.000501
6347 0.000501
6348 0.000501
6349 0.000501
6350 0.000501
6351 0.000501
6352 0.000501
6353 0.000500
6354 0.000500
6355 0.000500
6356 0.000500
6357 0.000500
6358 0.000500
