0 0.507547
1 0.490563
2 0.481465
3 0.477635
4 0.476026
5 0.475258
6 0.474823
7 0.474532
8 0.474309
9 0.474125
10 0.473964
11 0.473822
12 0.473696
13 0.473583
14 0.473482
15 0.473392
16 0.473312
17 0.473241
18 0.473178
19 0.473121
20 0.473071
21 0.473026
22 0.472986
23 0.472950
24 0.472918
25 0.472889
26 0.472863
27 0.472839
28 0.472818
29 0.472798
30 0.472781
31 0.472764
32 0.472750
33 0.472736
34 0.472724
35 0.472712
36 0.472701
37 0.472691
38 0.472682
39 0.472673
40 0.472665
41 0.472658
42 0.472650
43 0.472644
44 0.472637
45 0.472631
46 0.472625
47 0.472619
48 0.472614
49 0.472609
50 0.472604
51 0.472599
52 0.472594
53 0.472589
54 0.472585
55 0.472580
56 0.472576
57 0.472572
58 0.472567
59 0.472563
60 0.472559
61 0.472554
62 0.472550
63 0.472546
64 0.472542
65 0.472537
66 0.472533
67 0.472528
68 0.472524
69 0.472519
70 0.472514
71 0.472510
72 0.472505
73 0.472500
74 0.472494
75 0.472489
76 0.472483
77 0.472478
78 0.472472
79 0.472465
80 0.472459
81 0.472452
82 0.472445
83 0.472438
84 0.472430
85 0.472422
86 0.472414
87 0.472405
88 0.472396
89 0.472386
90 0.472376
91 0.472365
92 0.472353
93 0.472341
94 0.472327
95 0.472313
96 0.472299
97 0.472283
98 0.472266
99 0.472247
100 0.472228
101 0.472207
102 0.472184
103 0.472160
104 0.472133
105 0.472104
106 0.472073
107 0.472039
108 0.472002
109 0.471961
110 0.471917
111 0.471868
112 0.471814
113 0.471754
114 0.471687
115 0.471612
116 0.471529
117 0.471435
118 0.471330
119 0.471210
120 0.471075
121 0.470921
122 0.470746
123 0.470547
124 0.470322
125 0.470067
126 0.469782
127 0.469464
128 0.469112
129 0.468728
130 0.468311
131 0.467864
132 0.467389
133 0.466891
134 0.466372
135 0.465837
136 0.465291
137 0.464736
138 0.464178
139 0.463618
140 0.463058
141 0.462501
142 0.461948
143 0.461400
144 0.460858
145 0.460321
146 0.459792
147 0.459269
148 0.458753
149 0.458243
150 0.457740
151 0.457243
152 0.456751
153 0.456264
154 0.455781
155 0.455303
156 0.454828
157 0.454356
158 0.453887
159 0.453421
160 0.452958
161 0.452497
162 0.452039
163 0.451584
164 0.451133
165 0.450685
166 0.450241
167 0.449801
168 0.449366
169 0.448936
170 0.448512
171 0.448093
172 0.447680
173 0.447272
174 0.446871
175 0.446477
176 0.446088
177 0.445706
178 0.445331
179 0.444962
180 0.444599
181 0.444242
182 0.443892
183 0.443548
184 0.443210
185 0.442878
186 0.442552
187 0.442232
188 0.441918
189 0.441610
190 0.441307
191 0.441009
192 0.440717
193 0.440430
194 0.440149
195 0.439872
196 0.439601
197 0.439334
198 0.439072
199 0.438815
200 0.438562
201 0.438313
202 0.438069
203 0.437828
204 0.437591
205 0.437357
206 0.437127
207 0.436899
208 0.436674
209 0.436452
210 0.436232
211 0.436013
212 0.435797
213 0.435583
214 0.435371
215 0.435161
216 0.434954
217 0.434749
218 0.434548
219 0.434351
220 0.434157
221 0.433968
222 0.433781
223 0.433599
224 0.433419
225 0.433242
226 0.433067
227 0.432894
228 0.432722
229 0.432552
230 0.432382
231 0.432211
232 0.432040
233 0.431867
234 0.431692
235 0.431512
236 0.431327
237 0.431134
238 0.430931
239 0.430715
240 0.430482
241 0.430230
242 0.429954
243 0.429655
244 0.429332
245 0.428987
246 0.428624
247 0.428245
248 0.427854
249 0.427451
250 0.427037
251 0.426612
252 0.426175
253 0.425726
254 0.425264
255 0.424789
256 0.424302
257 0.423800
258 0.423284
259 0.422754
260 0.422210
261 0.421652
262 0.421079
263 0.420492
264 0.419891
265 0.419276
266 0.418648
267 0.418008
268 0.417356
269 0.416693
270 0.416019
271 0.415335
272 0.414643
273 0.413942
274 0.413235
275 0.412522
276 0.411804
277 0.411082
278 0.410357
279 0.409631
280 0.408903
281 0.408175
282 0.407449
283 0.406724
284 0.406002
285 0.405283
286 0.404569
287 0.403859
288 0.403155
289 0.402457
290 0.401766
291 0.401083
292 0.400406
293 0.399739
294 0.399079
295 0.398428
296 0.397787
297 0.397154
298 0.396531
299 0.395918
300 0.395315
301 0.394721
302 0.394137
303 0.393564
304 0.393000
305 0.392446
306 0.391902
307 0.391368
308 0.390844
309 0.390330
310 0.389825
311 0.389330
312 0.388844
313 0.388368
314 0.387901
315 0.387442
316 0.386993
317 0.386553
318 0.386121
319 0.385697
320 0.385282
321 0.384875
322 0.384476
323 0.3